88153
90613
91516
92742
92912
97708
98945
103608
103819
105131
105406
107380
108672
109101
245100
245466
245943
246050
247048
247157
247234
247692
248047
248282
248544
248898
248954
249004
249491
249556
250000
250020
250652
251687
252127
252829
252861
253176
253184
253647
254732
255535
256074
256293
256648
258139
258670
259014
259896
261101
261104
261585
261863
262042
262073
263038
263132
263542
263723
264148
264478
264659
264791
265168
265410
265755
265764
266455
266870
283590
283608
284270
284414
284473
284784
285317
286761
286943
287082
287168
287512
287539
287766
287932
288011
288113
288181
288406
288633
289150
289202
289903
290028
290159
290652
290984
291060
291641
291959
292319
292479
292939
293106
293139
293438
293500
293700
293900
294143
294806
294957
294973
295528
295698
296201
296372
296643
297362
297376
297565
297687
297984
298634
298854
299355
299711
299972
300016
300462
300541
300581
300691
300885
301853
302128
302723
302871
302978
303030
303340
303471
303638
303679
303852
304075
304348
304397
304609
304730
304975
305135
305364
305473
305612
357782
358216
358872
358972
359004
359056
359752
359838
359984
360104
360697
360871
361044
361068
361373
361581
361936
362168
362548
362669
362927
363396
364413
364857
364969
364992
365125
365264
365542
365747
365817
366266
366361
366515
367292
367516
368534
368723
368829
369059
369384
369408
369436
369550
369583
369595
404650
406091
407004
407409
408417
408995
410016
410152
410353
411351
413875
415170
416761
417718
418204
418455
420750
421004
421457
422260
426177
427265
427441
427518
427569
496143
496241
496314
496584
496759
496883
497724
497918
498027
498081
498781
499680
499819
500108
500112
500609
501417
501906
502585
503557
503834
504187
504409
504421
504665
505133
505224
505448
505794
506551
506628
506877
506964
506969
507332
507469
507635
507709
507852
508467
508664
509552
509858
510063
510162
510344
511238
511351
511626
511767
511975
511995
512300
512702
513398
513433
513597
513777
529357
530161
530223
532030
532203
532633
532993
533302
533387
533689
535647
535751
539569
540828
543020
543546
543735
543872
545169
547116
547408
547459
547956
549568
549951
550248
550407
550444
594671
685963
686172
686772
686952
686981
687117
687469
687549
687771
688535
688561
688623
688742
688864
689370
689840
689917
690462
690627
691274
692284
692592
692962
693303
693354
693605
694136
694605
694974
695431
696232
697025
697481
697632
697866
698423
699217
699297
699522
699528
699706
700300
700620
700745
701568
701931
702298
702307
702347
702521
702899
703675
703853
703892
703953
704822
704886
705363
705378
705453
869617
869729
869853
871191
872918
873250
873350
875090
875443
877058
879449
881029
881407
1014957
1015051
1015129
1015559
1015612
1015707
1015924
1016181
1016259
1016370
1016433
1016524
1017152
1017498
1017688
1018009
1018168
1019515
1019734
1020227
1020335
1020464
1021561
1021682
1021759
1022235
1022275
1022481
1023094
1023152
1023221
1023546
1023566
1024325
1024466
1024841
1024929
1025149
1025421
1025684
1026714
1026906
1027202
1027541
1027891
1027893
1028929
1029432
1029686
1029807
1030127
1030239
1030436
1030656
1030755
1030878
1030911
1031035
1031245
1031557
1031680
1031845
1032388
1032520
1032637
1033544
1033587
1034187
1035791
1044163
1044817
1046032
1047330
1048205
1050569
1050995
1051045
1134694
1147916
1154347
1157192
1157721
1159847
1162269
1209265
1209489
1209497
1209513
1210270
1210501
1210736
1211503
1211518
1211699
1211989
1211995
1212573
1213188
1213279
1213349
1213428
1214025
1214212
1214529
1215086
1215169
1215331
1216192
1216297
1216737
1216885
1217114
1217323
1217361
1217454
1217539
1217742
1217921
1217938
1218081
1218162
1218241
1218908
1219535
1219718
1220036
1220209
1220712
1221062
1221262
1221348
1221572
1221679
1222113
1223406
1223566
1223665
1223805
1224078
1224343
1224385
1224434
1224495
1224533
1225102
1225125
1225179
1225191
1269738
1269976
1270309
1270472
1270981
1271001
1271265
1271311
1271514
1271868
1272548
1273209
1273739
1273887
1274313
1274529
1274714
1274851
1274926
1274989
1275295
1275299
1275350
1276607
1276795
1276963
1277108
1277505
1277878
1277907
1277925
1277955
1277960
1277970
1278098
1278152
1278207
1278487
1278571
1278639
1279162
1279187
1279766
1279770
1279921
1280227
1280305
1280467
1280505
1280604
1280755
1280903
1281345
1281475
1281608
1282666
1283116
1283308
1283405
1283474
1283505
1283621
1283813
1284015
1284136
1284381
1284445
1284783
1284914
1284942
1285124
1285196
1285500
1286023
1286074
1286358
1286381
1286530
1286724
1287313
1288061
1288135
1288245
1288253
1288862
1289111
1289942
1290628
1290703
1290965
1290972
1291868
1292037
1292230
1292287
1292330
1292476
1292532
1292669
1381348
1382286
1382679
1383004
1383541
1383574
1383706
1384152
1384531
1385114
1385338
1385525
1385552
1386655
1386960
1387157
1387468
1387656
1387749
1388124
1388954
1389455
1389597
1389892
1390145
1390203
1390318
1390456
1390926
1390972
1390993
1391287
1391658
1391851
1392082
1392483
1393048
1393139
1393313
1393373
1526562
1526633
1527091
1527790
1528205
1529036
1529064
1529187
1529360
1529564
1529685
1529992
1530891
1530943
1531071
1531882
1531977
1532300
1532590
1532769
1533212
1536050
1536156
1537819
1538540
1539312
1539342
1540436
1542596
1542741
1642223
1642675
1642716
1643166
1643576
1644202
1645579
1645832
1646118
1648805
1649727
1649736
1656610
1656619
1658511
1664309
1664529
1758947
1759640
1760078
1760312
1760411
1760561
1760673
1760859
1761183
1761195
1761302
1761325
1762224
1762491
1762815
1762917
1763623
1765508
1765648
1766181
1766435
1766871
1767213
1767872
1767939
1769080
1769164
1769185
1769494
1770370
1770787
1771184
1771449
1771872
1771908
1772001
1772170
1772528
1773169
1773252
1773936
1774061
1774073
1774458
1775198
1775309
1775315
1775905
1776103
1776354
1843987
1844237
1844929
1845061
1845180
1845553
1845860
1848657
1848677
1848808
1849293
1849512
1849868
1849980
1850394
1850494
1850557
1850742
1850811
1850958
1851167
1851352
1851617
1851780
1852236
1852686
1853329
1853340
1853369
1853390
1853576
1853646
1853689
1853854
1854105
1855080
1855388
1855391
1856644
1856899
1856913
1857374
1857487
1857662
1857803
1858070
1858386
1858700
1858708
1859075
1859219
1859320
1859432
1859592
1859627
1860406
1860836
1862057
1862206
1863042
1863216
1863893
1863933
1864257
1864286
1864589
1864689
1865235
1865936
1866115
2057805
2058006
2060156
2060254
2060698
2061377
2061715
2061974
2062062
2062221
2062461
2063577
2064302
2064411
2064454
2065593
2065616
2065844
2066859
2066933
2067605
2067938
2069842
2070576
2070760
2071873
2072058
2072433
2072887
2073373
2074120
2074607
2074996
2075379
2075768
2076120
2076132
2076204
2077645
2078018
2078854
2078906
2080366
2080929
2080970
2198771
2198924
2199563
2200007
2200119
2200409
2200713
2200924
2201362
2201703
2201822
2202406
2202438
2203376
2203616
2203620
2203733
2204016
2204838
2204883
2204953
2205795
2207274
2209604
2210545
2210694
2211971
2212123
2212194
2212378
2213255
2269680
2270138
2270349
2270550
2271467
2271484
2272626
2273626
2273987
2274009
2274597
2274819
2274833
2275874
2276226
2276323
2276648
2276657
2277909
2278800
2279075
2279118
2279253
2279273
2279325
2279964
2280166
2280306
2280525
2280566
2280728
2281112
2281361
2281399
2281843
2281923
2284176
2284578
2285175
2286173
2286835
2286876
2287274
2287295
2287376
2287752
2287860
2288180
2288348
2288359
2288995
2289462
2289742
2289819
2290915
2291606
2358913
2365819
2370614
2435525
2439759
2440104
2443021
2445280
2449840
2450232
2451139
2455606
2479471
2483887
2485159
2500953
2504054
2513522
2541814
2542086
2542181
2542220
2542629
2542649
2542946
2543179
2543185
2543245
2543552
2543714
2544148
2544256
2544411
2544781
2544789
2545478
2545682
2546102
2546678
2547054
2548663
2548778
2548984
2549255
2549596
2549624
2550038
2550389
2551312
2551367
2551824
2552028
2552276
2553666
2554069
2554354
2554688
2554868
2555002
2555128
2555175
2555506
2555529
2555551
2555678
2556996
2557465
2557652
2557733
2557739
2557781
2557860
2558262
2558414
2558630
2558864
2558993
2559605
2559952
2560114
2560367
2560835
2560905
2561221
2561710
2561798
2561973
2562141
2617877
2618937
2619645
2620350
2620387
2620640
2622578
2622601
2623366
2623513
2623552
2624855
2626737
2627322
2627352
2627997
2628685
2629526
2629791
2629802
2664576
2692231
2692249
2692933
2692971
2693178
2693265
2693536
2693624
2694712
2695445
2695489
2695799
2696117
2696147
2696208
2696283
2696395
2696499
2696636
2697002
2697056
2697764
2698009
2698584
2698855
2699051
2699259
2699328
2699592
2699626
2699987
2700077
2700174
2700327
2700340
2700403
2700502
2700684
2700855
2701047
2701309
2701678
2701855
2702363
2702625
2702765
2703005
2703685
2704037
2704101
2704365
2704551
2704630
2704689
2704856
2704966
2705177
2705213
2705225
2705460
2705937
2706060
2706167
2706224
2706417
2706811
2706818
2707069
2707096
2707356
2707760
2707790
2707835
2708064
2708418
2708428
2708645
2708704
2709153
2709210
2709265
2709476
2709555
2709654
2709672
2710166
2710364
2710454
2710667
2711183
2733907
2738206
2739893
2744617
2753599
2841608
2841860
2842068
2842537
2842705
2842850
2842997
2843044
2844055
2844337
2844370
2844870
2844992
2845006
2845197
2845967
2846172
2846798
2846863
2847099
2847259
2847752
2848298
2849625
2849755
2849940
2850055
2850384
2850945
2851974
2852428
2853136
2853232
2853853
2853950
2854116
2854250
2854523
2854826
2855961
2856039
2856398
2856721
2856931
2858046
2858926
2938413
2938545
2938623
2938825
2938866
2939355
2940303
2940402
2940466
2940679
2940853
2941276
2941358
2941404
2941854
2941964
2942092
2942342
2942407
2942527
2942656
2942748
2943065
2943091
2944485
2944608
2944679
2944731
2945634
2945695
2945776
2945788
2945919
2945938
2946127
2946223
2946223
2946310
2946315
2946730
2947065
2947778
2948928
2949110
2949540
2949569
2949751
2949865
2949946
2950029
2950122
2950490
2950570
2951249
3137097
3137109
3137198
3137257
3137476
3137547
3137599
3137763
3137813
3137986
3138269
3138270
3138275
3138333
3138494
3138938
3139118
3139316
3139672
3139799
3140032
3140102
3140370
3140372
3140477
3140562
3140623
3140902
3141337
3141591
3141608
3141640
3141866
3142291
3142380
3142743
3144071
3144447
3144542
3144851
3145404
3145619
3145833
3146165
3146207
3146591
3146896
3146974
3147138
3147165
3147781
3147789
3147820
3147885
3148195
3148330
3148357
3148875
3150170
3150220
3150556
3150627
3150696
3150853
3150887
3151219
3151222
3151338
3151457
3151461
3151758
3152541
3152585
3152788
3152878
3153308
3153364
3153398
3153540
3153589
3153935
3154574
3155011
3155253
3155640
3155962
3156111
3156488
3156597
3301840
3304132
3311333
3417483
3417965
3419567
3420116
3421521
3422843
3423289
3427469
3427773
3461181
3461214
3461670
3462816
3464420
3464467
3464474
3464835
3465180
3465520
3465633
3465658
3465757
3466593
3467278
3467499
3467605
3468348
3468459
3469271
3469362
3469420
3469554
3470451
3471295
3471345
3471568
3471689
3471942
3472931
3473475
3473939
3474372
3474373
3474573
3474591
3474835
3475169
3475565
3475691
3475750
3476246
3476760
3477248
3478139
3478173
3478308
3478541
3479167
3479179
3479238
3479559
3479974
3480014
3480072
3480273
3480491
3480801
3481060
3481811
3482402
3482530
3483815
3483828
3484199
3484320
3484353
3506034
3506164
3506209
3506768
3508459
3508631
3508761
3508873
3508972
3509279
3509474
3509480
3509752
3510401
3510588
3510807
3511039
3511831
3512356
3512555
3512556
3512740
3513019
3513190
3513345
3514567
3516173
3516608
3517131
3517325
3517476
3517691
3517816
3518971
3519679
3519722
3520374
3520709
3520847
3521372
3521615
3521651
3521988
3522437
3522572
3523652
3690835
3690864
3690960
3691109
3691469
3692147
3692294
3692953
3693087
3693122
3693387
3693844
3694221
3694391
3694868
3695066
3695149
3695600
3696018
3696591
3696828
3696843
3696944
3697431
3697434
3697571
3697891
3697928
3698306
3698312
3698475
3698724
3698838
3699504
3699535
3699571
3699983
3700032
3701000
3701305
3701314
3702333
3703076
3703287
3704303
3704943
3705476
3706170
3706305
3706815
3706892
3706916
3707913
3707924
3708622
3709445
3709653
3709893
3710018
3710271
3710510
3711009
3711362
3711373
3711541
3711821
3711943
3711954
3712055
3712069
3712111
3712382
3712778
3712858
3886667
3886882
3887287
3887317
3887588
3888395
3888458
3888874
3889173
3889174
3889617
3890032
3890420
3890467
3890786
3891286
3891409
3892492
3892713
3892846
3893204
3893388
3893399
3893435
3893466
3893748
3894141
3895007
3895863
3895932
3896554
3896721
3897510
3897757
3898117
3898363
3898443
3898490
3898535
3898858
3899339
3899456
3899477
3899582
3899696
3899734
3899925
3900080
3900219
3900397
3900425
3900439
3900659
3901462
3901468
3901571
3901747
3901828
3902352
3902615
3902708
3903079
3903321
3903331
3903954
3904224
3904274
4015346
4019891
4021114
4021260
4022301
4028566
4029321
4030421
4031625
4032093
4135760
4221564
4222639
4222685
4222880
4222936
4223267
4223300
4223706
4224802
4224904
4225531
4225835
4226245
4226957
4227122
4227817
4228175
4228213
4228254
4228446
4228970
4229649
4229769
4230312
4230462
4230587
4230672
4231104
4231621
4231652
4232153
4233019
4233090
4233943
4234963
4235092
4235324
4235325
4235685
4236590
4236816
4237669
4237807
4238196
4238412
4287637
4288101
4289125
4289866
4289893
4290089
4291302
4291373
4291391
4291562
4291842
4292013
4292125
4292374
4292445
4292778
4294405
4295476
4296391
4297087
4297272
4298243
4298359
4298404
4298421
4299609
4301013
4412541
4424920
4428512
4428725
4473318
4473331
4473403
4473521
4473690
4473764
4473815
4474094
4474194
4474448
4474526
4474528
4474552
4474565
4475498
4475501
4475906
4475914
4476046
4476235
4476565
4476689
4476790
4477327
4477380
4477474
4477674
4478208
4478241
4478265
4478302
4478637
4478871
4478914
4479301
4479364
4479773
4479824
4480596
4480657
4480750
4481237
4481559
4482158
4482177
4482232
4482354
4482541
4482562
4482683
4483167
4483242
4483651
4484143
4484656
4484696
4484745
4485022
4485521
4485698
4485767
4486662
4487330
4487462
4487708
4487893
4488498
4488584
4488614
4489010
4489085
4489186
4489548
4490160
4490177
4490243
4490412
4490463
4490533
4491282
4491407
4491454
4491484
4491570
4491634
4491972
4492013
4492082
4492107
4492754
4493444
4493815
4494589
4498195
4501888
4501892
4503445
4506940
4511243
4513539
4513763
4514730
4515533
4521653
4522691
4524775
4586641
4589140
4592808
4649158
4650130
4650493
4650904
4653082
4653513
4654880
4655722
4657198
4657366
4657575
4661331
4661817
4662985
4663077
4664940
4691968
4697149
4697773
4698891
4699939
4701732
4702166
4704872
4714708
4727359
4727619
4728567
4734547
4826972
4832331
4832550
4832969
4833369
4836487
4838501
4839051
4839064
4842569
4843149
4845296
4848641
5012823
5012956
5013346
5013880
5014509
5015215
5015572
5015904
5018747
5018833
5020399
5021392
5022460
5022921
5023065
5023475
5024064
5024535
5025832
5026084
5026322
5026923
5027165
5028481
5029292
5032084
5033502
5069110
5154344
5154407
5154832
5155453
5156064
5156138
5156454
5156680
5157120
5157280
5157511
5158085
5158269
5158305
5159378
5159462
5159950
5160139
5160313
5160716
5160980
5161071
5161120
5161250
5161298
5161407
5161607
5161752
5162272
5162391
5162561
5163002
5163086
5163535
5163986
5164233
5164353
5164890
5165363
5165463
5165480
5165690
5166623
5166758
5167013
5167216
5167220
5167397
5167459
5167499
5167545
5167748
5168155
5168362
5168411
5168419
5168507
5168514
5168907
5169128
5169622
5169729
5169869
5170186
5170294
5170557
5170882
5171205
5171551
5171600
5172337
5172470
5172784
5172860
5172883
5173159
5173189
5410816
5418894
5479129
5483409
5486258
5492213
5505769
5509389
5510656
5511089
5516583
5530871
5583149
5583470
5583976
5584970
5585286
5585791
5586263
5586614
5586953
5587293
5587798
5588265
5588558
5589363
5589611
5589694
5590451
5590475
5590502
5590522
5590992
5591108
5591203
5591311
5591546
5591684
5593259
5593712
5595108
5595150
5595422
5595480
5595619
5595647
5595826
5596207
5596299
5599067
5675443
5676313
5677276
5680490
5688546
5689982
5691082
5738748
5739406
5739948
5741725
5742400
5742629
5742817
5742938
5742957
5744102
5744692
5744854
5745266
5745429
5745885
5749109
5749152
5749583
5749703
5749858
5750817
5751303
5751713
5752120
5786169
5787654
5789921
5797481
5803262
5805978
5806051
5806895
5807818
5807996
5808118
5808386
5809124
5809265
5811075
5813520
5813626
5813840
5814248
5814375
5815563
5815852
5816031
5817403
5818035
5818976
5818997
5819000
5820634
5822353
5934089
5934626
5934825
5934966
5935813
5935846
5936033
5936243
5937027
5937364
5937687
5937888
5938157
5938222
5938837
5940792
5941314
5941319
5941383
5941569
5941614
5941669
5942163
5942207
5942467
5943065
5943077
5943106
5943198
5943569
5943664
5943840
5944161
5944360
5944425
5945532
5945775
5945867
5946054
5946898
5946929
5946949
5946954
5947200
5947221
5947304
5947389
5947414
5947698
5948165
5948178
5948541
5948645
5948657
5949147
5949655
5949830
5950216
5950277
5950443
5951206
5951530
5951548
6081096
6082688
6083068
6083349
6084655
6086735
6087581
6088777
6090233
6091008
6093361
6096825
6098623
6104468
6106273
6110688
6112618
6114418
6118973
6121213
6125146
6126063
6128107
6128720
6134911
6319263
6320604
6320767
6321216
6321391
6321518
6321534
6321604
6321695
6322123
6322153
6322678
6323059
6323124
6323196
6323361
6323392
6323565
6324284
6324375
6324567
6324860
6325774
6326412
6326476
6326537
6326783
6326793
6327023
6327363
6327487
6327666
6327729
6328517
6328892
6329017
6329311
6329351
6329531
6329627
6330135
6330614
6330984
6331124
6331293
6332043
6333376
6333626
6333947
6334557
6335184
6336090
6336223
6368407
6368727
6371636
6371769
6371943
6372005
6372129
6372947
6374772
6376353
6376469
6376779
6377157
6377932
6378255
6378339
6378740
6378957
6379472
6379581
6379746
6379884
6380982
6381081
6381700
6382414
6382729
6382787
6382913
6383425
6383989
6385033
6385800
6386527
6386571
6386703
6386879
6387214
6387441
6387607
6388559
6453849
6454356
6455694
6456716
6456727
6456837
6456989
6457016
6457918
6457947
6458393
6458729
6458776
6459930
6459984
6460092
6460226
6460310
6460596
6460899
6461618
6461941
6462053
6462116
6462119
6462174
6462310
6462633
6463949
6464479
6464865
6465267
6466186
6467003
6467096
6467843
6469448
6469613
6470272
6470282
6470301
6470352
6470845
6471731
6473179
6474446
6474824
6475727
6476248
6477153
6479453
6482018
6482416
6484117
6484734
6484764
6484837
6486006
6486652
6488197
6578098
6578130
6578355
6578486
6579408
6579681
6582095
6583538
6585356
6586269
6586699
6588324
6588921
6589715
6589794
6590055
6590102
6979123
6979293
6979365
6979585
6979677
6979704
6979726
6980143
6980165
6980391
6980824
6980937
6981014
6981318
6981498
6982005
6982435
6983296
6983319
6983995
6984075
6986085
6986217
6986403
6987244
6987369
6987789
6987862
6987983
6988484
6989156
6989708
6989903
6989989
6990000
6990485
6990733
6990979
6991016
6991066
6991141
6991578
6991672
6991709
6991795
6991861
6992568
6992866
6993046
6993494
6993601
6993890
6993944
6994723
6994764
6994832
6995393
6995931
6995945
6996068
6996395
6996454
6996505
6996797
6996997
6997154
6997460
6997465
6997617
6997772
6997935
6998053
6998479
6998998
6999081
6999086
6999204
6999336
6999520
6999749
7000137
7000242
7000552
7000651
7000812
7000907
7001077
7001224
7002023
7002130
7002343
7046210
7047652
7051630
7055770
7057201
7058271
7058761
7059664
7062431
7198268
7198398
7198421
7198542
7199929
7200238
7200723
7201775
7202599
7202616
7202978
7203350
7203396
7203490
7204987
7205581
7206081
7206178
7206430
7206989
7207241
7209036
7209568
7209890
7210264
7210275
7210675
7212064
7212303
7212672
7302757
7303162
7303475
7303682
7303827
7303886
7303963
7303996
7304022
7304286
7304928
7305243
7305304
7305323
7305459
7305496
7305929
7306243
7306585
7307636
7307671
7308268
7308303
7308561
7308943
7308989
7309092
7309198
7309430
7309583
7310228
7310434
7310646
7311241
7311254
7311568
7311614
7311845
7312593
7312688
7312945
7314318
7314611
7315269
7315283
7315890
7316192
7316251
7316335
7316428
7316507
7316822
7316936
7317063
7404522
7407850
7408113
7410081
7413257
7414229
7528450
7530739
7538398
7588170
7701361
7702479
7702937
7702960
7703003
7703007
7703497
7703552
7703584
7703703
7704005
7704047
7704239
7704771
7704891
7705490
7705494
7705621
7705666
7705677
7705707
7706010
7706198
7706225
7706368
7706645
7706674
7706772
7706899
7707039
7707418
7708298
7708341
7708412
7708535
7708582
7708651
7708917
7709221
7709955
7710152
7710686
7710803
7710813
7711142
7711320
7711370
7711902
7711979
7712287
7712516
7712621
7712692
7712745
7712822
7712853
7712880
7713119
7713267
7713271
7713962
7714079
7714530
7714714
7714961
7789935
7790834
7790978
7791409
7791632
7792285
7792522
7793762
7795796
7796242
7796559
7796617
7798091
7798253
7798567
7799598
7800323
7801414
7803208
7803561
7804366
7806057
7807260
7807346
7807360
7807481
7809136
7809209
7809326
7810814
7868060
7868485
7868828
7869281
7870194
7872073
7873253
7873465
7873478
7873973
7874983
7876837
7877151
7877586
7878840
7879100
7879464
7880564
7880682
8019655
8020617
8020916
8021292
8021882
8022750
8023122
8023758
8023874
8024668
8025396
8027562
8029640
8030989
8031405
8031954
8033661
8034164
8051147
8052960
8053190
8053519
8054613
8055279
8055301
8055749
8056303
8058748
8059173
8061476
8135662
8135778
8135797
8136413
8136828
8137259
8137287
8137301
8137555
8138075
8138634
8138659
8139386
8139828
8140096
8140763
8141349
8141626
8142123
8142375
8142541
8142803
8142842
8142973
8145380
8145531
8146198
8147406
8147463
8147760
8148409
8148695
8148948
8262639
8262989
8263112
8263271
8263306
8263600
8263916
8264341
8264557
8264673
8264935
8265100
8265189
8265236
8265301
8265669
8266197
8266632
8267318
8267390
8267666
8267733
8267736
8267922
8267935
8268149
8268377
8268515
8268760
8268975
8269625
8270322
8270716
8270949
8271190
8271548
8271620
8271799
8272573
8272930
8273758
8274273
8274366
8274468
8274632
8274893
8275777
8275967
8276044
8276311
8276483
8276662
8276793
8277036
8277161
8278004
8278106
8278473
8279216
8279471
8279602
8280487
8280497
8281246
8281591
8281650
8282170
8282253
8532917
8533043
8533736
8533944
8534179
8535092
8535153
8535957
8536720
8537126
8537330
8537558
8537652
8537942
8538309
8539218
8539331
8539662
8541354
8541519
8541740
8542984
8543376
8543449
8543948
8544396
8544545
8545676
8545715
8546443
8546480
8546994
8548522
8550356
8550680
8550725
8620798
8621187
8623387
8624071
8624195
8625105
8625812
8627674
8629174
8629905
8630644
8634226
8635499
8637738
8638247
8638443
8639697
8736484
8736840
8737093
8737444
8737477
8737999
8738205
8738254
8738966
8739188
8739326
8739987
8740187
8740611
8740736
8740826
8741056
8741069
8741379
8741457
8741878
8741978
8742326
8742870
8742920
8742971
8744453
8744600
8744719
8744902
8744903
8746612
8746718
8746857
8747905
8748058
8748626
8748858
8748879
8749418
8749849
8749986
8750111
8750241
8750286
8750567
8750951
8750958
8751104
8751214
8751313
8751360
8751367
8751388
8751756
8751829
8751833
8751910
8752549
8752739
8752943
8753025
8753133
8753196
8753706
8753854
8754036
8754134
8754185
8754392
8754535
8754827
8754900
8754916
8755278
8755374
8755727
8755835
8756107
8756369
8758281
8760973
8765081
8903204
8903981
8904172
8904870
8904950
8905073
8905211
8905969
8906296
8906610
8906738
8906884
8907591
8908562
8908710
8908867
8908965
8909049
8909541
8910160
8910694
8910763
8910774
8911026
8911149
8911557
8911608
8911752
8912297
8912383
8912939
8912973
8913057
8913487
8914123
8914405
8914542
8914649
8915238
8915281
8915294
8915298
8915542
8916147
8916561
8916581
8916659
8917017
8917876
8918537
8918584
8919284
8919796
8920294
8920513
8920584
8920753
8920803
8920848
8921460
8921702
8921935
8921994
8922216
8922340
8922426
8922799
8923036
8924021
9000028
9000122
9000249
9000382
9000627
9000861
9002349
9002658
9002833
9002856
9002948
9003270
9003905
9004352
9004625
9004667
9005426
9005707
9007361
9007606
9007692
9008794
9008822
9008864
9008932
9009066
9009182
9009642
9009903
9010294
9010645
9010661
9011115
9011189
9011885
9011970
9012149
9012216
9012433
9012526
9012703
9013183
9013490
9013655
9013837
9014129
9014248
9014301
9014432
9014900
9014940
9014967
9015154
9015731
9016929
9017262
9017265
9017445
9017927
9021692
9039742
9040548
9040753
9040934
9041002
9041569
9041583
9041897
9042083
9042291
9042746
9042945
9042995
9043071
9043295
9043553
9043780
9044048
9044211
9044229
9044272
9044661
9045226
9045352
9045477
9045530
9045593
9046124
9046200
9046250
9046578
9046855
9046873
9046882
9047831
9048431
9049424
9049433
9049609
9049623
9049695
9050139
9050432
9050574
9050816
9051311
9051526
9051789
9051811
9051849
9052030
9052092
9052291
9052430
9052655
9052683
9052814
9053665
9053805
9054258
9054380
9054624
9054814
9054978
9055007
9055023
9055171
9055213
9055462
9055504
9055589
9055872
9056055
9056154
9056218
9056284
9231867
9233414
9233488
9233499
9234324
9234487
9234747
9234864
9235037
9235723
9236122
9236218
9236321
9237708
9238300
9238336
9238453
9239131
9239229
9239323
9240219
9240921
9240945
9241128
9241614
9242857
9243864
9244247
9244802
9244983
9245120
9245409
9245453
9245901
9246599
9349597
9350681
9351873
9351920
9353017
9353860
9354489
9354824
9355073
9355141
9355404
9355631
9355711
9355942
9356519
9356563
9358315
9358457
9358576
9359023
9359170
9359894
9360160
9360184
9360453
9361014
9361032
9361317
9361342
9361583
9361909
9362131
9362204
9362224
9362391
9362446
9362785
9363855
9364189
9364243
9365054
9365270
9365291
9365322
9365462
9365648
9365946
9366730
9366763
9366816
9366901
9366917
9367627
9367739
9405264
9407466
9410997
9411590
9413633
9414324
9414455
9415098
9416956
9418749
9419770
9420449
9421227
9421478
9423113
9455417
9457140
9458152
9458903
9460917
9461674
9461995
9462262
9463364
9463835
9463949
9464488
9466384
9467626
9469780
9472823
9473944
9489996
9491442
9726329
9726415
9726702
9726726
9726964
9727221
9727631
9728064
9728688
9728891
9729305
9729327
9729751
9729814
9730014
9730456
9731034
9731157
9731550
9732462
9732631
9732674
9732746
9732901
9733096
9733110
9733127
9733452
9733656
9734101
9734235
9734617
9735416
9735671
9735900
9735925
9735933
9735966
9736132
9736133
9736161
9736228
9736437
9736460
9737057
9737151
9737306
9737484
9737567
9737751
9737870
9738885
9739313
9739341
9739696
9740248
9740313
9740648
9741120
9742079
9742269
9742306
9818616
9822951
9823108
9883276
10032724
10032893
10033407
10034147
10034960
10035156
10035211
10035534
10035558
10035819
10036041
10036213
10036325
10036674
10037096
10037694
10038082
10038199
10038397
10039720
10039860
10040053
10040235
10040435
10040543
10040732
10040899
10041615
10041883
10041966
10042152
10042506
10042777
10043285
10043402
10043422
10043900
10043987
10044751
10045169
10045845
10045852
10046182
10046186
10046472
10046928
10047408
10047578
10047837
10048215
10048785
10049194
10049433
10049466
10049806
10049871
10049944
10050392
10050570
10050573
10050781
10051451
10196795
10196877
10196910
10197279
10197312
10197879
10200163
10200327
10200425
10200696
10200738
10200954
10201098
10201260
10203482
10204324
10204596
10204945
10205465
10205765
10205835
10206521
10206884
10207505
10207970
10208033
10208766
10209992
10210396
10210407
10210727
10211183
10211214
10211792
10212157
10212620
10212812
10213080
10213480
10213704
10213818
10214055
10214102
10214144
10215243
10216153
10216268
10216513
10216684
10217060
10341345
10341535
10342165
10342511
10342972
10343197
10343581
10344313
10344316
10344482
10344572
10344663
10345274
10345712
10346399
10347395
10348748
10348994
10349090
10349106
10349407
10349478
10350846
10351182
10351254
10351674
10352122
10352213
10352457
10352681
10353110
10353240
10353826
10354141
10511753
10512500
10512510
10512623
10512859
10513036
10513306
10513308
10513346
10516936
10517035
10518037
10518081
10518149
10518278
10518506
10518709
10518919
10518962
10520142
10520306
10520475
10520835
10520983
10521958
10522176
10522193
10523465
10523508
10523830
10524022
10524519
10524691
10525528
10525930
10526277
10526828
10527492
10696036
10754447
10755880
10757174
10757486
10758654
10759549
10759668
10762513
10762582
10763482
10763918
10764200
10764304
10764562
10764641
10765144
10765474
10766181
10766360
10766687
10766867
10767559
10767945
10767979
10769235
10769526
10769965
10770468
10772851
10774079
10774774
10774806
11018134
11019900
11083672
11088778
11088813
11090570
11114381
11114558
11115702
11116724
11119159
11119390
11120525
11120987
11122125
11123824
11124116
11124682
11127636
11216950
11217781
11217988
11218278
11218578
11218826
11219109
11220017
11220151
11220161
11220326
11220364
11220390
11220540
11220854
11221456
11221792
11222102
11222445
11222845
11223441
11223697
11223841
11223867
11223926
11223970
11224419
11224832
11224885
11224949
11225193
11225520
11225601
11225755
11225900
11225927
11226016
11226112
11226441
11226494
11226768
11226778
11226978
11227229
11228367
11228416
11228722
11228747
11228816
11228927
11229007
11229313
11229530
11229585
11229768
11230083
11230174
11230284
11230695
11230778
11230845
11230884
11230934
11231418
11231928
11260663
11262217
11262355
11263452
11264320
11265825
11266618
11267732
11267798
11267835
11268312
11269329
11269701
11270121
11270359
11273340
11324291
11325622
11325754
11325802
11326486
11327006
11327555
11327669
11328561
11328657
11329324
11330419
11330495
11330614
11330846
11331410
11331636
11331808
11331878
11331988
11332141
11332246
11332636
11332640
11333185
11333329
11333696
11333936
11334723
11334748
11335111
11335130
11335539
11335840
11336147
11336359
11336906
11336925
11337146
11337181
11338254
11338270
11338275
11338608
11338724
11339193
11339236
11339237
11339355
11339423
11339918
11340310
11340481
11341030
11341321
11341341
11341419
11341984
11341985
11342321
11342577
11342624
11342792
11343181
11343768
11344037
11344110
11344557
11344822
11344995
11344998
11345018
11345192
11345255
11345384
11345502
11346152
11363914
11364570
11366558
11366604
11369221
11369506
11369693
11370299
11370372
11371137
11371744
11376775
11545386
11545610
11546192
11546517
11546521
11546790
11546953
11547168
11547320
11547564
11547992
11548073
11548351
11548360
11548628
11548984
11550157
11550803
11550815
11550831
11551048
11551096
11551572
11551684
11551804
11552063
11552517
11553486
11554735
11554742
11555252
11555296
11555449
11555456
11555575
11555894
11557003
11557065
11557562
11557925
11558111
11558644
11558677
11558806
11558883
11559068
11559411
11559682
11683782
11684097
11684429
11685306
11685487
11685883
11685955
11686092
11686303
11686886
11686954
11687015
11687398
11687933
11687940
11688188
11689670
11689795
11690548
11690909
11691123
11691733
11691778
11692234
11692773
11692852
11693227
11693938
11693972
11694141
11694309
11695361
11695905
11696028
11696075
11696508
11696688
11696895
11697067
11697132
11697420
11697720
11697783
11698507
11698629
11698770
11698801
11699000
11699362
11699487
11699525
11699948
11700151
11700225
11700245
11700986
11701306
11701598
11701870
11702115
11702900
11702952
11703030
11703554
11704623
11704758
11704804
11704823
11704826
11705065
11705643
11705680
11777878
11778166
11779672
11780130
11780950
11782189
11782909
11784121
11785646
11785660
11786785
11787672
11788748
11789095
11791075
11791362
11794871
11795497
11795578
11795927
12111981
12113103
12113349
12113926
12114060
12114522
12118182
12118954
12120830
12124921
12440249
12441625
12442494
12442592
12442836
12443164
12444197
12444255
12444524
12446003
12446480
12447193
12448174
12450902
12450988
12451283
12454059
12455273
12634093
12634957
12635251
12637506
12638140
12638725
12640265
12640438
12642681
12645620
12693995
12694569
12694596
12694847
12694872
12695407
12695807
12695944
12696202
12696319
12696784
12696942
12697030
12697053
12697267
12697863
12697983
12698462
12698822
12698963
12699215
12699647
12699693
12699817
12699902
12700124
12700196
12700209
12700726
12701865
12702589
12702823
12703004
12703369
12703419
12703781
12703904
12704374
12704406
12704717
12704891
12704958
12705017
12705068
12705169
12705436
12705608
12705648
12706184
12707200
12707556
12708580
12708585
12709113
12709363
12709718
12710464
12712725
12713333
12713525
12715786
12718458
12718783
12722165
12722434
12722909
12723673
12724549
12728191
12728478
12729083
12733389
12735855
12736981
12737474
12738167
12740446
12885720
12885730
12886205
12886227
12886853
12887123
12887219
12887959
12888383
12888703
12888830
12888910
12889049
12889561
12890145
12890182
12890538
12890685
12890810
12891300
12891390
12891439
12891509
12891624
12891745
12891944
12891960
12892451
12892796
12892864
12892870
12892889
12893009
12893047
12893105
12893636
12894033
12894044
12894156
12894440
12894670
12894811
12894896
12894994
12895042
12895169
12895555
12896415
12896461
12896503
12897884
12898321
12898559
12898673
12898685
12898830
12899032
12899109
12899204
12899456
12899588
12900343
12900406
12900417
12900598
12900906
12901373
12901610
12901848
12902156
12902351
12902402
12902519
12902611
12903694
12903866
12904082
12904129
12957135
12959258
12960698
12961248
12964136
12964811
12968147
12969788
12970110
12970160
12970402
12977978
13178757
13179167
13179427
13179535
13180530
13180571
13180648
13180850
13182326
13182472
13182662
13182978
13183034
13183265
13183698
13184000
13184294
13184343
13184490
13184883
13184903
13185092
13185148
13185433
13185715
13185843
13186277
13186786
13187011
13187263
13187422
13187913
13189000
13189545
13189932
13189937
13190105
13190128
13190164
13190170
13190239
13191012
13191088
13191216
13191746
13192561
13192613
13192987
13193185
13193354
13193703
13242780
13242828
13242911
13243067
13243341
13243454
13243803
13244081
13244116
13244381
13244548
13244650
13244816
13245291
13245311
13245846
13246189
13246402
13247143
13247154
13247168
13247419
13247551
13247983
13248096
13248177
13248262
13248617
13248862
13248881
13249161
13249285
13249695
13249705
13249769
13250015
13250231
13250277
13250796
13250832
13251075
13251405
13251409
13251472
13251563
13251568
13251850
13252169
13252401
13252666
13252853
13252967
13253231
13253264
13254269
13254355
13254556
13254692
13254712
13254781
13255080
13255322
13255540
13255627
13255673
13256089
13256103
13256175
13256429
13256661
13257133
13257827
13258050
13258559
13259014
13259028
13259061
13259080
13259119
13259351
13259354
13259512
13259592
13259638
13259673
13259852
13260362
13260534
13260676
13260854
13260971
13261072
13261156
13261281
13261285
13261665
13262123
13262914
13263005
13263057
13263124
13263298
13263550
13264254
13264837
13265132
13265802
13265865
13266524
13266596
13266646
13267074
13267409
13267739
13267960
13268101
13268168
13268981
13269055
13270140
13270286
13270479
13270876
13271274
13271540
13271918
13271995
13272154
13272477
13272677
13273026
13273939
13274354
13275144
13275317
13275546
13275548
13275834
13276288
13277078
13618040
13618483
13619468
13621864
13625243
13625703
13626675
13627167
13628266
13629262
13630661
13630755
13631561
13631973
13632168
13632505
13632672
13632943
13633146
13633425
13633546
13633579
13633975
13634526
13634609
13635153
13635162
13635313
13635831
13635891
13636224
13636506
13636588
13636864
13637094
13637329
13637618
13637814
13637992
13638464
13638582
13638802
13638962
13639153
13639208
13639227
13639252
13639290
13639307
13639748
13639767
13640001
13640226
13640238
13641573
13641651
13641787
13642135
13642426
13642576
13642622
13642823
13643303
13647109
13653691
13656828
13687843
13688788
13693147
13695559
13697064
13697085
13697408
13697688
13697860
13698317
13698889
13699601
13699874
13700219
13700417
13700427
13700907
13701857
13701869
13702050
13702187
13702469
13702513
13702753
13703060
13703478
13704628
13705273
13705420
13705514
13706149
13707484
13707638
13707841
13707930
13708150
13708716
13727941
13728244
13728276
13728780
13729027
13729093
13729102
13729557
13729621
13729698
13729981
13730062
13730651
13730660
13730978
13731109
13731798
13732071
13732523
13732665
13732753
13732816
13734480
13734507
13734669
13734700
13734876
13735853
13736127
13736247
13737287
13737323
13737354
13738205
13738497
13738542
13738603
13739010
13739117
13739986
13741994
13742051
13742576
13743019
13743101
13743103
13743213
13743921
13743950
13743952
13744286
13744806
13745504
13746087
13746134
13746267
13746656
13746781
13748207
13748351
13748465
13748646
13748650
13748678
13749433
13749494
13749622
13749629
13749921
13750002
13750111
13750143
13750636
13750797
13750841
13750910
13750926
13751423
13751555
13751700
13752424
13752465
13752564
13752705
13752961
13753112
13753183
13753521
13753588
13753674
13753859
13754211
13754318
13754658
13755184
13755320
13755677
13756176
13756205
13757273
13758030
13758201
13758576
13758850
13759040
13759464
13759476
13760662
13761165
13762487
13762985
13763580
13763832
13764051
13764924
13765026
13765208
13765231
13765755
13765776
13767419
13769262
13770118
13770587
13772816
13773397
13773412
13774433
13774495
13774759
13775172
13775400
13775765
13775823
13776298
13776342
13776392
13776709
13776963
13920604
13921341
13922752
13922870
13923162
13923245
13923338
13923408
13923436
13923491
13923618
13923721
13923814
13923839
13924305
13924595
13924822
13925492
13925672
13925738
13925818
13926078
13926374
13926484
13926703
13926805
13927623
13927707
13927857
13928155
13928874
13929056
13929583
13930032
13930456
13930600
13931127
13931272
13931401
13931637
13932266
13932404
13932680
13932839
13933192
13933945
13934053
13934238
13934477
13934872
13935097
13935447
13935707
13936485
13936543
13936694
13936751
13937023
13937038
13937118
13937136
13937872
13938118
13938821
13938897
13939161
13939482
13967566
13968108
13968576
13969104
13969335
13969813
13970042
13970288
13970690
13971597
13971958
13972462
13972991
13973218
13973464
13973717
13974313
13974343
13974986
13975362
13975380
13975956
13976070
13976316
13976540
13976718
13977604
13977620
13977772
13977844
13977854
13978047
13979139
13979611
13979627
13979927
13980614
13980844
13981038
13981636
13981670
13982007
13982242
13982877
13982891
13983074
13983295
13985333
13985448
13985466
13986467
13986788
13987528
13987584
14046609
14046691
14047088
14047912
14047918
14048640
14048645
14048758
14048832
14049072
14049141
14049325
14049760
14050154
14050549
14050924
14050943
14051012
14051133
14051199
14051889
14052796
14052913
14052957
14053667
14053701
14053827
14054401
14054460
14054566
14054961
14055170
14056562
14056634
14056855
14057272
14057603
14058051
14058132
14058622
14058855
14059085
14059172
14059207
14059360
14060003
14060809
14060946
14061941
14062014
14062452
14062986
14063344
14063361
14063809
14063987
14064017
14065244
14065355
14065690
14065841
14066014
14066232
14066322
14067031
14067467
14067541
14067992
14068114
14068268
14068375
14068548
14068636
14069363
14069409
14132458
14133157
14133429
14134013
14134220
14135736
14135786
14136037
14137951
14138012
14138480
14138623
14139368
14139700
14141917
14142777
14144486
14164854
14164914
14165033
14165479
14165768
14165945
14166370
14166443
14166607
14166803
14166824
14166900
14167210
14167493
14167550
14167909
14168011
14168425
14168515
14169361
14169551
14169703
14169715
14169851
14170275
14170356
14170458
14170649
14171449
14171513
14171710
14172068
14172122
14172196
14172268
14172426
14172668
14172714
14172792
14172808
14173144
14173745
14173926
14173985
14174025
14175050
14175118
14175174
14175225
14176093
14176224
14176300
14176397
14176588
14176753
14177785
14178322
14178605
14178860
14178871
14179370
14180000
14180006
14180202
14181233
14181730
14182163
14182416
14182640
14182688
14182978
14183485
14183945
14184362
14184364
14184412
14184502
14184588
14184675
14184829
14184900
14204876
14205703
14208489
14213770
14214834
14218061
14220181
14220518
14220950
14224975
14228533
14271601
14271632
14271714
14272080
14272156
14272312
14273071
14273153
14274430
14275527
14275646
14276250
14277075
14277430
14277601
14277639
14277659
14277746
14277930
14278277
14278490
14278950
14278973
14279145
14279928
14280086
14280611
14282388
14282457
14282924
14283446
14283796
14284540
14284683
14319283
14325555
14325633
14326186
14421308
14421370
14421462
14421648
14422423
14422855
14422985
14423257
14424840
14425079
14426623
14426833
14426928
14427335
14427463
14427679
14427735
14427915
14427953
14428294
14429124
14429187
14429486
14429767
14430980
14431390
14431739
14432134
14432636
14433318
14434326
14434785
14435940
14474332
14474535
14474903
14474911
14474970
14475089
14476138
14476155
14476501
14476655
14476658
14476895
14476929
14477097
14477179
14477309
14477351
14477519
14477529
14477829
14477850
14477883
14478780
14478891
14479192
14479264
14479313
14479472
14479714
14479817
14480030
14480067
14480405
14480678
14481409
14481559
14481635
14482142
14482293
14482377
14482679
14482780
14482931
14483036
14483134
14483282
14483483
14483526
14483598
14483619
14483720
14483943
14484004
14484441
14484779
14485325
14485760
14485762
14485883
14486150
14486199
14486773
14486812
14486914
14487344
14487807
14487895
14488189
14488590
14489130
14489374
14489431
14489496
14490208
14490304
14490372
14490378
14490587
14490720
14491200
14491316
14491668
14493131
14493239
14493255
14493381
14493525
14493594
14493641
14494227
14494588
14494642
14494910
14495152
14495231
14495389
14495606
14496036
14496080
14496211
14496731
14496740
14497022
14497133
14497189
14497295
14497313
14497319
14497415
14559398
14559558
14559805
14559851
14559942
14560154
14560624
14561104
14561636
14561770
14561862
14561873
14561890
14562766
14562793
14562827
14563079
14563222
14563487
14564179
14564299
14564328
14564482
14564716
14564850
14565111
14565225
14565697
14566172
14566282
14566478
14566870
14567956
14568115
14568449
14568729
14568965
14569179
14569210
14569505
14569542
14569823
14570556
14570699
14570868
14570919
14570978
14571093
14571450
14571524
14571621
14571823
14572407
14572581
14572638
14572897
14573250
14573268
14573270
14573702
14573843
14613985
14614315
14614451
14614622
14615600
14615822
14615884
14616446
14616943
14617591
14617874
14618370
14618416
14619092
14619177
14619210
14619819
14620205
14620913
14621243
14622013
14622744
14622912
14623980
14624286
14624516
14625341
14625816
14625849
14626026
14626045
14626259
14626479
14626866
14627172
14627480
14627510
14627812
14628601
14629096
14629170
14629450
14629564
14630079
14631412
14631652
14631655
14631694
14631856
14632091
14632156
14632304
14632561
14633319
14633470
14633647
14633679
14633785
14633814
14634097
14634632
14635566
14635895
14636531
14636598
14636788
14636811
14636987
14637138
14637156
14637222
14637242
14637386
14637431
14637744
14638264
14638385
14638495
14639044
14639354
14639642
14639899
14640248
14640302
14640809
14640872
14641002
14641597
14642225
14643272
14643681
14644124
14644345
14644525
14644799
14645794
14645858
14645864
14646243
14647128
14647298
14647629
14647640
14647704
14647754
14647921
14647994
14648082
14648158
14648243
14648272
14648438
14649257
14649347
14649481
14649663
14649826
14649950
14649957
14650166
14650191
14650378
14650470
14650696
14651080
14651109
14651151
14651610
14651894
14652583
14653228
14653322
14654077
14654211
14654684
14655017
14655126
14655143
14655236
14655445
14655508
14655842
14656147
14656152
14656477
14657006
14658205
14658288
14658338
14658707
14659153
14659907
14660383
14660757
14661000
14661190
14661876
14661890
14661986
14662093
14662174
14662801
14663056
14664258
14666273
14667327
14669309
14669678
14677651
14680153
14680906
14683373
14683490
14684431
14686935
14687316
14688952
14688996
14689098
14689639
14691375
14691534
14691992
14693686
14694488
14695503
14695567
14695579
14695701
14696094
14697527
14701876
14702057
14702140
14702557
14703150
14707627
14707879
14993063
14993390
14993578
14995152
14995438
14995615
14995682
14995687
14995825
14996381
14996439
14996562
14996620
14997951
14998169
14999428
14999585
14999911
15000014
15000034
15000356
15000863
15001602
15001765
15001862
15002964
15003309
15003912
15003972
15004064
15004297
15004868
15005024
15005055
15005072
15005078
15005936
15006835
15008350
15009287
15010125
15010259
15010379
15010396
15010443
15010828
15011385
15016618
15017092
15019208
15020876
15020897
15022987
15023198
15023378
15023488
15023764
15023866
15024172
15024358
15024405
15024479
15024501
15024561
15024643
15024684
15025090
15025473
15025656
15025871
15026539
15026585
15026801
15027010
15027145
15027497
15027630
15029013
15029804
15030308
15030501
15031351
15031853
15033081
15033251
15033272
15033523
15033533
15034910
15034916
15034936
15035035
15035059
15035166
15035309
15035664
15035755
15036063
15036084
15036191
15036273
15036662
15036859
15036951
15036964
15037466
15037992
15038665
15039057
15039272
15039931
15040517
15040796
15040920
15041118
15041261
15041283
15041460
15041537
15112072
15116564
15130286
15146450
15148776
15153294
15153406
15153907
15157275
15159171
15160765
15163464
15163837
15164276
15164802
15165440
15165762
15166018
15167037
15167112
15167688
15167700
15168058
15168405
15168749
15168836
15168884
15168973
15169161
15169317
15169326
15169592
15169759
15169792
15170130
15170270
15170622
15171165
15171227
15171297
15171308
15171325
15171480
15171561
15171598
15172148
15172334
15172348
15172563
15173271
15173283
15173296
15173418
15173745
15173896
15174449
15174925
15175061
15175170
15175325
15175496
15175501
15175649
15176040
15176078
15176323
15176939
15177107
15177120
15177284
15178044
15178440
15179281
15183383
15183664
15183957
15184284
15184815
15187799
15188277
15188407
15189861
15191380
15193375
15195208
15197738
15198931
15226835
15227399
15227560
15228487
15228666
15228977
15229319
15229606
15229753
15232449
15232980
15233418
15233695
15234918
15235425
15235426
15235436
15235693
15236316
15236633
15236637
15237737
15239033
15239261
15239450
15240359
15240480
15240856
15241484
15242003
15242077
15242793
15243112
15243329
15243373
15243544
15244657
15244844
15244848
15245057
15245471
15245568
15245837
15246198
15246559
15246920
15247009
15247374
15248184
15248532
15248656
15249085
15250005
15250472
15291271
15291435
15291510
15292630
15292807
15292884
15293082
15293312
15293696
15293732
15293934
15294051
15294163
15294271
15294456
15295021
15295167
15295602
15295616
15295821
15296036
15296056
15296218
15296532
15296681
15296952
15297004
15297129
15297391
15297430
15297460
15297683
15297952
15298234
15298597
15298646
15298675
15298770
15299135
15299727
15299843
15300104
15300883
15301297
15301370
15301595
15301730
15301810
15303088
15303131
15303187
15303297
15303307
15303436
15303463
15303652
15303680
15303728
15303911
15303923
15304134
15304906
15304931
15305344
15305842
15306351
15306969
15307036
15307270
15401614
15401726
15402569
15402668
15403319
15404256
15404722
15405500
15406148
15406274
15406415
15406559
15407028
15407354
15407822
15408807
15409188
15409357
15409409
15409504
15409748
15410128
15410218
15410365
15410379
15410791
15411644
15411787
15412022
15412645
15413007
15413466
15413582
15413611
15413663
15413976
15414203
15414651
15414917
15415319
15415385
15415435
15415802
15416146
15416453
15416488
15416604
15416740
15416911
15417148
15417201
15417477
15418020
15418354
15437089
15437522
15437943
15438598
15438713
15438779
15439294
15439792
15440029
15440036
15440101
15440743
15440759
15440783
15440849
15440991
15441212
15441762
15441985
15442052
15442151
15442769
15443128
15443546
15443781
15443875
15444025
15444384
15444646
15444722
15445403
15445718
15445733
15446764
15446951
15447019
15447648
15447699
15447736
15447970
15447984
15448315
15448853
15449910
15449918
15450451
15450990
15451002
15452609
15452733
15452885
15453011
15453106
15453339
15454063
15455590
15455604
15456246
15456256
15456347
15456654
15456819
15457461
15511201
15512248
15514001
15514163
15515476
15518741
15521348
15522169
15523522
15564458
15564609
15564812
15564865
15565260
15565328
15565458
15565556
15566039
15566358
15566663
15566702
15567033
15568218
15569336
15569522
15569589
15569742
15569747
15571191
15571255
15571432
15571896
15572040
15572997
15573185
15573190
15573510
15573852
15574102
15574192
15574475
15575069
15575127
15575880
15575981
15576124
15576515
15576832
15576860
15576956
15577403
15577555
15577568
15577888
15578024
15578068
15578339
15578398
15578916
15579349
15579493
15580198
15580714
15580739
15580827
15580933
15581779
15582011
15582129
15664785
15665098
15665168
15665411
15666091
15666189
15666507
15666649
15666896
15667446
15667651
15668180
15668230
15668442
15668502
15668738
15669217
15670578
15671542
15671981
15672003
15672147
15672482
15672584
15673402
15673632
15673746
15673782
15674533
15675565
15676307
15676322
15677522
15678480
15678963
15679118
15679129
15679269
15679727
15680315
15681322
15681961
15682369
15683142
15698667
15703827
15706693
15708002
15711630
15712921
15840363
15852138
15852595
15852623
15853207
15854020
15855122
15855544
15856144
15857338
15858004
15858022
15858037
15858251
15858639
15859398
15859658
15859928
15860006
15860303
15860719
15860814
15860961
15861351
15861367
15861398
15861994
15862128
15862270
15862360
15862461
15862535
15862946
15863048
15863732
15864517
15907678
15908712
15909635
15910144
15910234
15911299
15912589
15913419
15917663
15919971
15921918
15922279
15922806
15925058
15996171
15996180
15996186
15996236
15996366
15996449
15996617
15996715
15997210
15997426
15999879
16000716
16002514
16002706
16003024
16003186
16003276
16003306
16003323
16004060
16004255
16004504
16004621
16004807
16005141
16006273
16006645
16007295
16007311
16007554
16007852
16008119
16008492
16008547
16008777
16009906
16010005
16010080
16011600
16011807
16015164
16018990
16019621
16019674
16020001
16020320
16020520
16020697
16020966
16021340
16024834
16024973
16026050
16026749
16027611
16030799
16031141
16033454
16035560
16036771
16037134
16037135
16037739
16038923
16039042
16039402
16040889
16043179
16043670
16102374
16103288
16103843
16103931
16104801
16104811
16106139
16107253
16108033
16108164
16108365
16108504
16108557
16108589
16109437
16109652
16110137
16110687
16110724
16110967
16112029
16112195
16112298
16112455
16112902
16112973
16113264
16113488
16114152
16114234
16114317
16114788
16115143
16115437
16115508
16115637
16117108
16117137
16117207
16117486
16117658
16117998
16118366
16118421
16120146
16121290
16121386
16121556
16121614
16122286
16122357
16122817
16122868
16122924
16123292
16123748
16124005
16124507
16125008
16140631
16163459
16261626
16261899
16269047
16270547
16272860
16272915
16276219
16276282
16278038
16373618
16374697
16375199
16375570
16375719
16376661
16376673
16376975
16377525
16378313
16378552
16379228
16379417
16379940
16380625
16380625
16380681
16381106
16381518
16382108
16382182
16382227
16382660
16383229
16383558
16383774
16383854
16384070
16384184
16384572
16384572
16384728
16384837
16385133
16385746
16386119
16386572
16386715
16386718
16387026
16387436
16387504
16387574
16387783
16388206
16388525
16388841
16389218
16389449
16389983
16390205
16390624
16390780
16390821
16390837
16390871
16391357
16391422
16391474
16392219
16392832
16393072
16393187
16393268
16393308
16393402
16394000
16394567
16394759
16446061
16446907
16448539
16449947
16451983
16453258
16454227
16455232
16456232
16456316
16457352
16458065
16459522
16459536
16460260
16461235
16462252
16462421
16462554
16463165
16463169
16463208
16463739
16463758
16463820
16464098
16464140
16464391
16464760
16465248
16465274
16465429
16465434
16465799
16465994
16466028
16466031
16466198
16466364
16466401
16466548
16466816
16466912
16467063
16467100
16467199
16467229
16467518
16467678
16468079
16468126
16468256
16468661
16469063
16469252
16469254
16469517
16469701
16470211
16470218
16470297
16470326
16470359
16470395
16470930
16471161
16471226
16471527
16471661
16471775
16472700
16473455
16473568
16473573
16473727
16474186
16474204
16474303
16474335
16474405
16474955
16475093
16475159
16475417
16475729
16475888
16475912
16476036
16476113
16476115
16476137
16476695
16476825
16476892
16477014
16477079
16477098
16477195
16477273
16477472
16477798
16478206
16478549
16478560
16478773
16479455
16479643
16480086
16480176
16480405
16480437
16480914
16481195
16481270
16481376
16481629
16481771
16482209
16482600
16482809
16483415
16483549
16483975
16484054
16484204
16484251
16484348
16484457
16485349
16485460
16485904
16486326
16589055
16589216
16589545
16589605
16590724
16591456
16591473
16591950
16592828
16592842
16593505
16593568
16594772
16594802
16596759
16597476
16597690
16598236
16598484
16598496
16598502
16599035
16600604
16600842
16603029
16605023
16605606
16605926
16607128
16629536
16630104
16630231
16630680
16630884
16630896
16631243
16632521
16632568
16632698
16633304
16634140
16635862
16635873
16637007
16637072
16637137
16637634
16637803
16638168
16638449
16638624
16638967
16639190
16639500
16639672
16639976
16640707
16641775
16642754
16643354
16643992
16645077
16646396
16646502
16646573
16646742
16647372
16648341
16649013
16649111
16650111
16650331
16650730
16652097
16679550
16682159
16682941
16801356
16802925
16802946
16803414
16803689
16804414
16804977
16806260
16806378
16806447
16808271
16808307
16808497
16809457
16809865
16810240
16810891
16811086
16811509
16813391
16813517
16817680
16818901
16819743
16820722
16823590
16824691
16825172
16825826
16826816
16830828
16894561
16899470
16899727
16902551
16902741
16903210
16905347
16906918
16908517
16908554
16908774
16909718
16910360
16912644
16912856
16913268
16916829
16919998
17067377
17079464
17150829
17150848
17150935
17151050
17151731
17151900
17151990
17152240
17152376
17152868
17153058
17153058
17153155
17153238
17154263
17154558
17154931
17155458
17155470
17156038
17156045
17156304
17156414
17157207
17157565
17157579
17157730
17157826
17157887
17158038
17158240
17158400
17158506
17158509
17158561
17158682
17159224
17159387
17159618
17159632
17160238
17160358
17160394
17161065
17161426
17161466
17161502
17161572
17161710
17162630
17162866
17163201
17163519
17163622
17163839
17163937
17163986
17164064
17164118
17164444
17164464
17164880
17165307
17165460
17165573
17165690
17166113
17166434
17166615
17166684
17166728
17166901
17167091
17167232
17167440
17167448
17167453
17168009
17168097
17204227
17204982
17205063
17205115
17205153
17206499
17206803
17206807
17207169
17207231
17207336
17207343
17207617
17208134
17208152
17208307
17209236
17209358
17209597
17209905
17210264
17210535
17211055
17211666
17211898
17211980
17212011
17212318
17212620
17212963
17212998
17213165
17213494
17214016
17214143
17214252
17214560
17215226
17215375
17215466
17215602
17216043
17216151
17235141
17237016
17240997
17242855
17243649
17253141
17471364
17472402
17472977
17473015
17473024
17473100
17473426
17474248
17475357
17476128
17476141
17476961
17478159
17479261
17479264
17479403
17480914
17481047
17481293
17482298
17482450
17482598
17483550
17483873
17485814
17485956
17486249
17487474
17487766
17487993
17488111
17488161
17488401
17488976
17489073
17489859
17490850
17491458
17491861
17492178
17492217
17492369
17492495
17493016
17516750
17516764
17516820
17517125
17517181
17517385
17517771
17517934
17518485
17518522
17518591
17518722
17518729
17518801
17519013
17519077
17519159
17519460
17519468
17520509
17520759
17521073
17521201
17521722
17521809
17521935
17521995
17522111
17522194
17522219
17522255
17522414
17522892
17523222
17523848
17523876
17524034
17524048
17524750
17524807
17525093
17525313
17525433
17525748
17526045
17526793
17526985
17527338
17527398
17527645
17527710
17527713
17528313
17528402
17528452
17528606
17528911
17529101
17529762
17529794
17529880
17530328
17931506
17931793
17931947
17932193
17932215
17932535
17932548
17932618
17932654
17933240
17933337
17933682
17933830
17933887
17934522
17934985
17935298
17935343
17935832
17936037
17936157
17936316
17936340
17936343
17936819
17936847
17937225
17937262
17937454
17937577
17937934
17937986
17938899
17938999
17939314
17939896
17940149
17940538
17941006
17941414
17941533
17941595
17942016
17942292
17942491
17942849
17943065
17943515
17943535
17943562
17943626
17944470
17944670
17946481
17946498
17946654
17946830
17947363
17947369
17947442
17947486
17947778
17947942
17947952
17948326
17948579
17948620
17948625
17949003
17949415
17949466
17949658
17950373
17950667
17950817
17950930
17950949
17951146
17951255
17951404
17951540
17951801
17952194
17952505
17952896
17953088
17953554
17954015
17954079
17954300
18037772
18038352
18042050
18042391
18043840
18044206
18053903
18054407
18055547
18056198
18057588
18059657
18068982
18116290
18116546
18116801
18117565
18117578
18117930
18119203
18119371
18119503
18119761
18119885
18120226
18120707
18120761
18121207
18121376
18121437
18121553
18123019
18123306
18123553
18123694
18124372
18124536
18124734
18125137
18125262
18125638
18125783
18126261
18126440
18126451
18127095
18127559
18128084
18128712
18128875
18128994
18129026
18129125
18130041
18130416
18130658
18130892
18131366
18131478
18131510
18131762
18132146
18132633
18260078
18260610
18425365
18428782
18431163
18473923
18480746
18624578
18625226
18625711
18625882
18625937
18626067
18626232
18626394
18627339
18628000
18628124
18628704
18628729
18628813
18629507
18629596
18630145
18630537
18630762
18630864
18631251
18631980
18632233
18632439
18632470
18632561
18632936
18632956
18634387
18634646
18634886
18634917
18634996
18635546
18635558
18636097
18636639
18636688
18737258
18738694
18740663
18740749
18742711
18743021
18745372
18747386
18748975
18751253
18752043
18753621
18757778
18802498
18802625
18802766
18802767
18803206
18803390
18804152
18804384
18804724
18805458
18805503
18806158
18807000
18807053
18807121
18807287
18807350
18807658
18807815
18808232
18808484
18809182
18809453
18809578
18809750
18810031
18810645
18810739
18810990
18811145
18811454
18811570
18812103
18812143
18813102
18813117
18813155
18813673
18813676
18813835
18814491
18814777
18815657
18816065
18816433
18816488
18817239
18817642
18817918
18818354
18818682
18819699
18820043
18820278
18820897
18845245
18845457
18846299
18943364
18944550
18944906
18945506
18945840
18945889
18946814
18947426
18947523
18947524
18948102
18948835
18948837
18949258
18949896
18950579
18951089
18951953
18952109
18952145
18952954
18952961
18953054
18953121
18954812
18955077
18973536
18974266
18974358
18974635
18974657
18974855
18975129
18975608
18975804
18975861
18975926
18976433
18976894
18977058
18977060
18977360
18977732
18978592
18979644
18979705
18980707
18980835
18981012
18981891
18982008
18982222
18982275
18982884
18983196
18983569
18983678
18984010
18984240
18984550
18984733
18985247
18985889
18986143
18986489
18986894
18986899
18987242
18987384
18987612
18987667
18987926
18988428
18988653
18989196
18989216
18989296
18989336
18989777
18989906
18990030
18990360
18990388
18990650
18990830
18990930
18991832
18992016
18992646
18993485
18993574
18993987
18994126
18994192
18994306
18994817
18995640
18995944
19061994
19063176
19063534
19064459
19064528
19065614
19065717
19065944
19066906
19067411
19067720
19068446
19068608
19070438
19071126
19071503
19071578
19071579
19071712
19072523
19072802
19072850
19073474
19074052
19074470
19074769
19074919
19075008
19075231
19075629
19077148
19077274
19077675
19077719
19078059
19079759
19081266
19223759
19223972
19224189
19224336
19225163
19225529
19225821
19225994
19226256
19226547
19226653
19227726
19228366
19229819
19229939
19229976
19230669
19231800
19232566
19232695
19234184
19234752
19235664
19236120
19236511
19236643
19238475
19238502
19238633
19238804
19239094
19239411
19239640
19309004
19309043
19309393
19309852
19309884
19309978
19310094
19310112
19310297
19310587
19311239
19311285
19311540
19311672
19311676
19311994
19312259
19312515
19313057
19313320
19313786
19314270
19315182
19315508
19316444
19316449
19316486
19316857
19317428
19317658
19317850
19318288
19318371
19318901
19319317
19319415
19319425
19319684
19319906
19319988
19320085
19530871
19530893
19530943
19531091
19531658
19532220
19532468
19532473
19532708
19532727
19532946
19533560
19533598
19533869
19533881
19534054
19534117
19534265
19534428
19535331
19535931
19536001
19536056
19536221
19536265
19536299
19536848
19537531
19538340
19539732
19539763
19540656
19541297
19541501
19541757
19541850
19541926
19541970
19541995
19542005
19542038
19542075
19542151
19542191
19542197
19542242
19542345
19542754
19542991
19543131
19543260
19543723
19544397
19544482
19544529
19544593
19544920
19545501
19545813
19545865
19545873
19546260
19546516
19546541
19546870
19547099
19628542
19628585
19628864
19629237
19629974
19630473
19630570
19630583
19630963
19631046
19631591
19631979
19632098
19632645
19633263
19633496
19634072
19634172
19634314
19634893
19635281
19636325
19637071
19637134
19637430
19638158
19638704
19639061
19640412
19640856
19641132
19641738
19642210
19642683
19666554
19673367
19675465
19742877
19949009
19951409
19966106
19967027
19967191
19967856
19969591
19969989
19970459
19972475
19972830
19973190
19973763
19975727
19976129
19976894
19977032
19977487
19977600
19979005
19980110
19981503
19983450
19983915
19984280
20057651
20057758
20057759
20057777
20057824
20058182
20058408
20060371
20060392
20061359
20061544
20061662
20061671
20061737
20061825
20061953
20062017
20062297
20062378
20062590
20062990
20063186
20063457
20063766
20063776
20063801
20063917
20064129
20064572
20065808
20065901
20065914
20065996
20066473
20066641
20066763
20066953
20067658
20068066
20068214
20068347
20068419
20068425
20068751
20069032
20069227
20069774
20069855
20070417
20070477
20070792
20071233
20071257
20071403
20072107
20072123
20072382
20072407
20073089
20073099
20111955
20112003
20112283
20112435
20112742
20113599
20115189
20115195
20115657
20118225
20119309
20120217
20120453
20120544
20120736
20121036
20121397
20123246
20123913
20125342
20126080
20221032
20221451
20222553
20223581
20223699
20223980
20224190
20225277
20225403
20225474
20225541
20225651
20225756
20226178
20226178
20226301
20226396
20226669
20226870
20227348
20227504
20227561
20228014
20228274
20228494
20228772
20228958
20229411
20229710
20230432
20230879
20232369
20232623
20233126
20233378
20233793
20234368
20234434
20234656
20234960
20235311
20235362
20235554
20235664
20236184
20236476
20236648
20236993
20237638
20238194
20238403
20239505
20239698
20240059
20240277
20240540
20240597
20240619
20240987
20241334
20276504
20279774
20280283
20344384
20345372
20345481
20345483
20347170
20348306
20348796
20349277
20349836
20351733
20353305
20353789
20354224
20355810
20356044
20356373
20356965
20357036
20357184
20357210
20357362
20358849
20359243
20359410
20360612
20361097
20361207
20361652
20362885
20363534
20380704
20381218
20381940
20382245
20382361
20382544
20383342
20383444
20384071
20384280
20385401
20385815
20386497
20386736
20388334
20388847
20389238
20389361
20390579
20391239
20391485
20392962
20393471
20393591
20394176
20394273
20395977
20397269
20397291
20397318
20397829
20398126
20398178
20399287
20399465
20400366
20400660
20401233
20401313
20401323
20401642
20402197
20402477
20402580
20402604
20430627
20511775
20511779
20512578
20512878
20513112
20513122
20513125
20513671
20513866
20514170
20514181
20514189
20514791
20515057
20516068
20516418
20518500
20518547
20518590
20518750
20518970
20519323
20519895
20520163
20520540
20520804
20520853
20520960
20521304
20521383
20522182
20522183
20522364
20522616
20522717
20523282
20523766
20524025
20524979
20525363
20525505
20526336
20526353
20526587
20526695
20526828
20526903
20527092
20527230
20527680
20528019
20528390
20528548
20528664
20528693
20529444
20529630
20530003
20530014
20530378
20530976
20531547
20659296
20659976
20662400
20667690
20691458
20693191
20693562
20694665
20699394
20701962
20705578
20938550
20939189
20939415
20940381
20942953
20943324
20943868
20947188
20948177
20948495
20948787
20948988
20949648
20950051
20951388
20951752
20954134
20954636
20954639
20954661
20955727
20956591
20956617
20957107
20958497
20958508
21129469
21130062
21131298
21131911
21131976
21132022
21133507
21133705
21133896
21134001
21134030
21134114
21134697
21134835
21135440
21135567
21136524
21136793
21137419
21138051
21138225
21138401
21139266
21140279
21140284
21141568
21262460
21265478
21267459
21275712
21276412
21277207
21281384
21283004
21283153
21523956
21524136
21524196
21524388
21524456
21525860
21525975
21526035
21526150
21526653
21526971
21527256
21527373
21527430
21527475
21528115
21528286
21528539
21528769
21528877
21529074
21529232
21529559
21529668
21530033
21530707
21530762
21530769
21530891
21531492
21531549
21531653
21531701
21531817
21532263
21532347
21532877
21532894
21533976
21534017
21534242
21534792
21535276
21535838
21535928
21536218
21536595
21537165
21537745
21537857
21537942
21537980
21538091
21538271
21538913
21539036
21539079
21539560
21539628
21540035
21540480
21540975
21541416
21541461
21541730
21542224
21542291
21543087
21543480
21543605
21543622
21543643
21544243
21544295
21544932
21545830
21563829
21564250
21564911
21564947
21565312
21565351
21566177
21566242
21566804
21566965
21567144
21567702
21568181
21568687
21569872
21570702
21572709
21572743
21573283
21573565
21574226
21574294
21574531
21575705
21575913
21576415
21576442
21576638
21576649
21576888
21577616
21577841
21578435
21578914
21704331
21705549
21714120
21715956
21718999
21722543
21723814
21798243
21798743
21798819
21798835
21798849
21799636
21799817
21800266
21800317
21800474
21800549
21800910
21801043
21801455
21801574
21801627
21801691
21801714
21801761
21801785
21801955
21802186
21802319
21803203
21803263
21803284
21804706
21805269
21805970
21806153
21806325
21806366
21806582
21806852
21806915
21807097
21807456
21807792
21808034
21808064
21808454
21808677
21808681
21809265
21809773
21809904
21810160
21810514
21810534
21810590
21810629
21810877
21810964
21810977
21811031
21811054
21811216
21811598
21811609
21811641
21811709
21811722
21811790
21811942
21812303
21812327
21812438
21813058
21813137
21813237
21813258
21813406
21813535
21813891
21814488
21814559
21814779
21814830
21814909
21844481
22086059
22086724
22086832
22088674
22089271
22089338
22089494
22089840
22089946
22090964
22091061
22091558
22091835
22092495
22093183
22093569
22094341
22094729
22094794
22095021
22095196
22095409
22095466
22095877
22096094
22096108
22096334
22096389
22097015
22097264
22097703
22097711
22097844
22098136
22098254
22098596
22098840
22099267
22099966
22100053
22100341
22100366
22100437
22100438
22100439
22101327
22101634
22101677
22101834
22102592
22102830
22134164
22136544
22146390
22147707
22148243
22149747
22159616
22160585
22164589
22169783
22244021
22244905
22245063
22246490
22247817
22248178
22248636
22248843
22249022
22249235
22249436
22249609
22249632
22250107
22250193
22251177
22251764
22252345
22253157
22254536
22255380
22255959
22256448
22257449
22258879
22258944
22259626
22260176
22260180
22280386
22280412
22280444
22280598
22281287
22281445
22281629
22282217
22282218
22282274
22282475
22282625
22283073
22283081
22283361
22283709
22283823
22284184
22284275
22284396
22284974
22285345
22285971
22286559
22287065
22287203
22287304
22287424
22287945
22288203
22288440
22289143
22289185
22289338
22289434
22290584
22291778
22291976
22292029
22292343
22293883
22294167
22294180
22294201
22294266
22294681
22294744
22295696
22295698
22295837
22295921
22295974
22296310
22296640
22340544
22365623
22365948
22366276
22366495
22367013
22367369
22367788
22367930
22367950
22368376
22369493
22369506
22370077
22370178
22370298
22370815
22372173
22373227
22373245
22373635
22373907
22374013
22374245
22374798
22374855
22375031
22375345
22375396
22375662
22375765
22375892
22376472
22376654
22376703
22377092
22377483
22378260
22541124
22769601
22770237
22776528
22779402
22801468
22802519
22802993
22803350
22803879
22803965
22804551
22804746
22804780
22804817
22804823
22804895
22805490
22805897
22806166
22806306
22806704
22806819
22806877
22807908
22808544
22808631
22808942
22809209
22809288
22809380
22810506
22810661
22810723
22811066
22811126
22811206
22811385
22811458
22811593
22811913
22811978
22812485
22812549
22813362
22813416
22813592
22813646
22813713
22814220
22814682
22814997
22815359
22815643
22815768
22815911
22815988
22816074
22816231
22816268
22816732
22816786
22816819
22860396
22860801
22877377
22877786
22877878
22878188
22878424
22878882
22879920
22880028
22880271
22880518
22880979
22881049
22881217
22881805
22882351
22882605
22882843
22883085
22883245
22883438
22883609
22883704
22883863
22884319
22884663
22884783
22884920
22884943
22885227
22885648
22885942
22886110
22886200
22886219
22886264
22886282
22886320
22886742
22887285
22887331
22887503
22887824
22888127
22888261
22888700
22888750
22889195
22889234
22889362
22889993
22890053
22890254
22890301
22890309
22890601
22890761
22890818
22891135
22891643
22891731
22891793
22892970
22969579
22970357
22975956
22979733
22991716
22991842
22992187
22993206
22993926
22995041
22999241
23000506
23000939
23001471
23001477
23001640
23001702
23002207
23002458
23002555
23003069
23003141
23003658
23003944
23004302
23004754
23004775
23004858
23004859
23004881
23004983
23005009
23005959
23006096
23006221
23007087
23007120
23007318
23007508
23007923
23008441
23008533
23008743
23009102
23009483
23010069
23010180
23010200
23010267
23010776
23011296
23011375
23012138
23012231
23012475
23013009
23013295
23013471
23013514
23013757
23014395
23014450
23014672
23014710
23015006
23015251
23015283
23054039
23066375
23074234
23078045
23202667
23203094
23203549
23203554
23204388
23205941
23208413
23211339
23212910
23213056
23215072
23216372
23370184
23370191
23370987
23371091
23371148
23373086
23373185
23373251
23373631
23373682
23374472
23375087
23375153
23375416
23375961
23376048
23376451
23377116
23378401
23378839
23380108
23380342
23380431
23380626
23380700
23380844
23381635
23381825
23382490
23382857
23383127
23383222
23384092
23384245
23384499
23384983
23385782
23385803
23385912
23386628
23386837
23386898
23386990
23388325
23388749
23389904
23390679
23390808
23391648
23391729
23392192
23392324
23586515
23597610
23600967
23623495
23633069
23634415
23635589
23698978
23700929
23701737
23701789
23702186
23703797
23704188
23704820
23706980
23707062
23707429
23709589
23709924
23710084
23710592
23710870
23710927
23711806
23711831
23712441
23713692
23714067
23715414
23780094
23780186
23781202
23781446
23781922
23782473
23782655
23782917
23783513
23784445
23784790
23785027
23785783
23786133
23786764
23787015
23789713
23791992
23818264
23870349
23870401
23870404
23870465
23871649
23872778
23873053
23873150
23873186
23874144
23874568
23875179
23876796
23877456
23877699
23877785
23878007
23879124
23879378
23879725
23879950
23883573
23883793
23883886
23885955
23886328
23886436
23886756
23886912
23887789
23888327
23888418
23888759
23888804
23889051
23889910
23890518
23890942
23891458
23891739
23892171
23892224
23892577
23892752
23892804
23893469
23893481
23893614
23893634
23893700
23894314
23894384
23894870
23895110
23895646
23895854
23895977
23896319
23896352
23896715
23896897
23896934
23897324
23897483
23898815
23899075
23900129
23900273
23900438
23900800
23900862
23901207
23901612
23902233
23902325
23902627
23902642
23903311
23903863
23904390
23904642
23904661
23904700
23904974
23905879
23906090
23906090
23906746
23907397
23908082
23908225
23908432
23908437
23908558
23909004
23909134
23909527
23910055
23910485
23911263
23929978
23932787
23933962
23933980
23938102
23941827
23942816
23944570
23946085
23947003
23952255
23952271
23952917
23953104
23953136
23953422
23953609
23953939
23954186
23954231
23954540
23954808
23954832
23955263
23955503
23955855
23955866
23956058
23956141
23956455
23956851
23957032
23957377
23958073
23958334
23958673
23958989
23959320
23959563
23959590
23960159
23960345
23961537
23962032
23962066
23962341
23962768
23962936
23963043
23963691
23963735
23964131
23964345
23964409
23964806
23966118
23966291
23966556
23967482
23968101
23968886
23968963
23969066
23969471
23969751
23969769
23969770
23969897
23970553
23971619
23972062
23972226
23972509
23972652
23972816
23972848
23972899
23973231
23973335
23973792
23973825
23974225
23974354
23974422
23974491
24177533
24177563
24177887
24178177
24178492
24178636
24179124
24179190
24179265
24179837
24180139
24180269
24180536
24180618
24180895
24180931
24181018
24181154
24181508
24181597
24182060
24182535
24183095
24183157
24183604
24184117
24184760
24184989
24186348
24186859
24186972
24187166
24187374
24187606
24187955
24188010
24188500
24188521
24188909
24189532
24190687
24190847
24191157
24191193
24191254
24191593
24191854
24191935
24192128
24192456
24192983
24193059
24193317
24193531
24194064
24194424
24194484
24194624
24194636
24195075
24195204
24195281
24195438
24195475
24195750
24196620
24196753
24197073
24197429
24197578
24197607
24197693
24198094
24198699
24198925
24198989
24199433
24199523
24367155
24367619
24370963
24373454
24376563
24378570
24404349
24470707
24471247
24471553
24471655
24471894
24472093
24472103
24472497
24474278
24474679
24474939
24475143
24475180
24475516
24476127
24476200
24476349
24477474
24477558
24477688
24477715
24477903
24477984
24478081
24478485
24479640
24479673
24480039
24480464
24480509
24481045
24481169
24481802
24481977
24482048
24482168
24482393
24482433
24482699
24482761
24483161
24483411
24483617
24484076
24484576
24484954
24485206
24485237
24485464
24485606
24486394
24486788
24487165
24487436
24487654
24488259
24488550
24489541
24489831
24490057
24490509
24507535
24507958
24508237
24509155
24510812
24511047
24512131
24512313
24512565
24512634
24512990
24513437
24513480
24513944
24513975
24514113
24514214
24515543
24515776
24516092
24517709
24518132
24518423
24519331
24520376
24520961
24521543
24522588
24523438
24523993
24524231
24525479
24583414
24672822
24676870
24678884
24678929
24681883
24683974
24684148
24687011
24690059
24693137
24718050
24718809
24719698
24720686
24721397
24721922
24723287
24726564
24728673
24729563
24730179
24730628
24730801
24731903
24733189
24734007
24734420
24735141
24735206
24736879
24737525
24737535
24915818
24988153
24991113
24991143
24991562
24991915
24992163
24992271
24992739
24992966
24994667
24994827
24994944
24995621
24996793
25000894
25000915
25002428
25003173
25003420
25055654
25059465
25064731
25099958
25099966
25100051
25101128
25101154
25101524
25101651
25101863
25101896
25102095
25102275
25102320
25102403
25102599
25102751
25102952
25103274
25103459
25104399
25105667
25105893
25106506
25107221
25107297
25107479
25108264
25108727
25108729
25108900
25109139
25109292
25109420
25109636
25110135
25110651
25110957
25110974
25111179
25111479
25111651
25111670
25111713
25111927
25111980
25112134
25112774
25113059
25113359
25113400
25113831
25113985
25115215
25115238
25116218
25116367
25116526
25116842
25117038
25117540
25117974
25118495
25118594
25118628
25118645
25118807
25119028
25119236
25119342
25119589
25119658
25119949
25120112
25120146
25120170
25120242
25120766
25120779
25120899
25121636
25121858
25121953
25122654
25154351
25154593
25155793
25160556
25163455
25163597
25164241
25201631
25205212
25205255
25205356
25206317
25207449
25253874
25254056
25258184
25258492
25258738
25259389
25259493
25260880
25261228
25261493
25261996
25262464
25263322
25263471
25263612
25264225
25264341
25266902
25267130
25267326
25267660
25267991
25268314
25269451
25270505
25270569
25270682
25271374
25271919
25272390
25273044
25273326
25273704
25273830
25275448
25276307
25276700
25276846
25314817
25316385
25318889
25319772
25320753
25322429
25323312
25325180
25328952
25329985
25330633
25330863
25331848
25333898
25334272
25334993
25335687
25524261
25526102
25527602
25533927
25535869
25539231
25539461
25543187
25700985
25701017
25701025
25701207
25701595
25702758
25702813
25703168
25703365
25703727
25703765
25703803
25703901
25703928
25704249
25704407
25704465
25704528
25704810
25705009
25705027
25705207
25705251
25705554
25705721
25706536
25707490
25708279
25708602
25708713
25708896
25708927
25708985
25709036
25709285
25709614
25709627
25710031
25710167
25710611
25710716
25711303
25711580
25712000
25712331
25712759
25713050
25713135
25713154
25713398
25713948
25714556
25714669
25714964
25715321
25715373
25715439
25715636
25715787
25716018
25716332
25716403
25716440
25716681
25716828
25717019
25717129
25717178
25717239
25717378
25717555
25718161
25718606
25718736
25718797
25719218
25719382
25719397
25719454
25719581
25719582
25719955
25720137
25720491
25721433
25721452
25721583
25721990
25722023
25722601
25722641
25722651
25723079
25723306
25723483
25723577
25723836
25724131
25795803
25797903
25798615
26055885
26056432
26056597
26057158
26057977
26059377
26060343
26061006
26062094
26062322
26063273
26063610
26063778
26063785
26064214
26064241
26065499
26065786
26065926
26065943
26066919
26067015
26067126
26067352
26069521
26209783
26220653
26275593
26276195
26276594
26276874
26277601
26277737
26277991
26278303
26278357
26279014
26279325
26279675
26280148
26280995
26281419
26281645
26281994
26282314
26282322
26283033
26283322
26283354
26283905
26284001
26284259
26284624
26284747
26284977
26285253
26285480
26285494
26286024
26286169
26286837
26286857
26286873
26288376
26288661
26288914
26289445
26289484
26289577
26289752
26289944
26290056
26290440
26290591
26290722
26292070
26292883
26292976
26293159
26293901
26294127
26294214
26295301
26295428
26295465
26295863
26296274
26296391
26296959
26388100
26388127
26388607
26388881
26390024
26390702
26390868
26392181
26392305
26392489
26392533
26392917
26393262
26393800
26394087
26394196
26394432
26394494
26394951
26395355
26395471
26395539
26396055
26396138
26396504
26397713
26397996
26398113
26398372
26398494
26399295
26399316
26399408
26399736
26400002
26400050
26400181
26400288
26400448
26400864
26401051
26401217
26401294
26401837
26402021
26402323
26402472
26630240
26630360
26630820
26631309
26631336
26631491
26631909
26632101
26632162
26632453
26632461
26632987
26633041
26633156
26633305
26633308
26633324
26633695
26633908
26634698
26635530
26635568
26635654
26635907
26635934
26636144
26636296
26636484
26636858
26638102
26638446
26638848
26638897
26639180
26639394
26639459
26639496
26639581
26639823
26640472
26640575
26640705
26640767
26641556
26641928
26642353
26642467
26642516
26642577
26642883
26643125
26643145
26643527
26643556
26643655
26643670
26643838
26643861
26644110
26644138
26644511
26644946
26644967
26644968
26645148
26645528
26645596
26645694
26645921
26646327
26646368
26646666
26647344
26647833
26647924
26647961
26648314
26649173
26649315
26649597
26649617
26649931
26650008
26650075
26650645
26650954
26651846
26686330
26686638
26687196
26688418
26691077
26691710
26691885
26692149
26692986
26693604
26694569
26695964
26699176
26699214
26699623
26714804
26716975
26718560
26722156
26722729
26724717
26725071
26725093
26727140
26728586
26728713
26729727
26730251
26731199
26733039
26735991
26736341
26736574
26737286
27062045
27067868
27118503
27289280
27291145
27292017
27294401
27294740
27295501
27296597
27296782
27301017
27303294
27303563
27303673
27327609
27328903
27329637
27333226
27342307
27345903
27345904
27346331
27346697
27346949
27347255
27347429
27347971
27348199
27348436
27348529
27348596
27349684
27349960
27350271
27350919
27350971
27351015
27351319
27351452
27351911
27353120
27353272
27353310
27353622
27354524
27354724
27354882
27355121
27355508
27355630
27356232
27356685
27357282
27357370
27357647
27357784
27357905
27358251
27358279
27359067
27359100
27359246
27359439
27359626
27359849
27519769
27519819
27519869
27520757
27520936
27521003
27521096
27521567
27522225
27522229
27522495
27522516
27522651
27522898
27523847
27524358
27524365
27524518
27524725
27524797
27524823
27525450
27525462
27525596
27525848
27526647
27526769
27528339
27528458
27528554
27529377
27529726
27529924
27529958
27530168
27530420
27531118
27531199
27531241
27531336
27531584
27532460
27532530
27532871
27533392
27533527
27534237
27534339
27534641
27535137
27535386
27535779
27535831
27535839
27536581
27537241
27537334
27537370
27538298
27538523
27538701
27538746
27539073
27539184
27539214
27539485
27539783
27539859
27540091
27540105
27540853
27540900
27541050
27541533
27542117
27542378
27542601
27542619
27628695
27629151
27629579
27630238
27632780
27633593
27635915
27635951
27636081
27637710
27639110
27639907
27640031
27640537
27894387
27897152
27898159
27898700
27900409
27901740
27903552
27903887
27904222
27905112
27908830
27956885
27957009
27957106
27957344
27957638
27959483
27960009
27960969
27961038
27961287
27961600
27961911
27962302
27962317
27962872
27963036
27963654
27964044
27964147
27964271
27964295
27964417
27964425
27964610
27964862
27965718
27966182
27966516
27966706
27967094
27967128
27967147
27967475
27967797
27968288
27968510
27968759
27968956
27969007
27970749
27971127
27971182
27971353
27971712
27971742
27971816
27972505
27972834
27972902
27972937
27972982
27972989
27973118
27973350
27973589
27973864
27974253
27974294
27975250
27975914
27976062
27976332
27976917
27977413
27978335
27978852
27983227
27983460
27983492
27985446
27986025
27986244
27986752
27989305
27992282
27992630
27993429
27993935
27994715
27995047
27995088
27995170
27995301
27995473
27995607
27996039
27996450
27996489
27996776
27996836
27996863
27997503
27997536
27997721
27998994
27999987
28000324
28000438
28000523
28000647
28000684
28000848
28000948
28002364
28002376
28003187
28004806
28004844
28005285
28005396
28006132
28008633
28148829
28481277
28481884
28482249
28482577
28483292
28483367
28483380
28483685
28483915
28484181
28484457
28484814
28484919
28484967
28485411
28485761
28486821
28487352
28487519
28487671
28487736
28487772
28487812
28487917
28487986
28488026
28488144
28488181
28488520
28488577
28489229
28489456
28489695
28489732
28489838
28490319
28490337
28490364
28490396
28490744
28490793
28491376
28491387
28491432
28491473
28491835
28491940
28491955
28492529
28492728
28492949
28493172
28493231
28493233
28493537
28493637
28493681
28493856
28494121
28494306
28494517
28494759
28494891
28494942
28495202
28495239
28495287
28495315
28495431
28495441
28495447
28495928
28651999
28652405
28652711
28652791
28652939
28653124
28653171
28653930
28654296
28654491
28654511
28654838
28655571
28656626
28657315
28657411
28657459
28657461
28658398
28658504
28658837
28659834
28659854
28661025
28661033
28661328
28661461
28662330
28662373
28663465
28663672
28664021
28664180
28664803
28664857
28664967
28665688
28666142
28666244
28666756
28667373
28668216
28668437
28668575
28669285
28669448
28670013
28670397
28670557
28777416
28777604
28778529
28778774
28779299
28780929
28781286
28783491
28783692
28783920
28784700
28786552
28788677
28789221
28789405
28791925
28791965
28794157
28795248
28795299
28796933
29015890
29016329
29019900
29020400
29033331
29107083
29107362
29107915
29109355
29111233
29111280
29113595
29116702
29116717
29117403
29118240
29138827
29139673
29140316
29140699
29141527
29141650
29141684
29142014
29142637
29143024
29143516
29143535
29144455
29144531
29144577
29144841
29144859
29146024
29146069
29146417
29146621
29147530
29148122
29148280
29148289
29148732
29149204
29151625
29151935
29153366
29153601
29153609
29154482
29154621
29155590
29155728
29370043
29370371
29370707
29370731
29370870
29371659
29371682
29372381
29372513
29372554
29372556
29372920
29373000
29373192
29373232
29373238
29373621
29373680
29374127
29374211
29374303
29374425
29374581
29374595
29374695
29374920
29375147
29375335
29375481
29376068
29376758
29377049
29377121
29377382
29377766
29378046
29378565
29378723
29379133
29379333
29379792
29380111
29380629
29380824
29381155
29381182
29381203
29381210
29381559
29381922
29382912
29382934
29383433
29383652
29383764
29383982
29384031
29384256
29384685
29384777
29384930
29385241
29386122
29386596
29386732
29387401
29387905
29389357
29389503
29389508
29389619
29390307
29390666
29390724
29390985
29391037
29391065
29391544
29392185
29392348
29392624
29392674
29417223
29444655
29444928
29448770
29449912
29450948
29453421
29453946
29454464
29551179
29551983
29569607
29570246
29571306
29571810
29571957
29573833
29581580
29582943
29583552
29583833
29652876
29655725
29655843
29664436
29673233
29673902
29730437
29731304
29731692
29732715
29732769
29732879
29733184
29733682
29733777
29734073
29734099
29734188
29734209
29735055
29736927
29736953
29737184
29737385
29737688
29738146
29738329
29738553
29738694
29738736
29738749
29738758
29739379
29739436
29740377
29741045
29741370
29741905
29741963
29742001
29742253
29743458
29743666
29744171
29744230
29744619
29744717
29744822
29744961
29744975
29744980
29782372
29804375
29804869
29804995
29805068
29809128
29809531
29810639
29810790
29816819
29818115
29818261
29820161
29821761
29824382
29960687
29962894
29963257
29963508
29963998
29964114
29964169
29964991
29965213
29965262
29966200
29966259
29966363
29966768
29967052
29967304
29968384
29968395
29968787
29969024
29969548
29969609
29969995
29971198
29971210
29971357
29971540
29971668
29972458
29972468
29973139
29973154
29973277
29973331
29973645
29973772
29974496
29974637
29974833
29974919
29975020
29976377
29976589
29977143
29977324
29978464
29978515
29979498
29979566
30035785
30037011
30037072
30037886
30042218
30042241
30042290
30044399
30045002
30045215
30045419
30046265
30046639
30047642
30050410
30052350
30054228
30054673
30090084
30090749
30090759
30090794
30091306
30091657
30093851
30094458
30094693
30096674
30096881
30098194
30098441
30100015
30101022
30101343
30101398
30101584
30101686
30102104
30103159
30104256
30105343
30105481
30106863
30108043
30108101
30109709
30109836
30110315
30111607
30167754
30167948
30168089
30168107
30168879
30169644
30169714
30170064
30170560
30170736
30170944
30171049
30171432
30171509
30171780
30172022
30172180
30172491
30172599
30172894
30172976
30173036
30173037
30173092
30174293
30174303
30174507
30174785
30175401
30176686
30176704
30177810
30177879
30178272
30178353
30178621
30178987
30179458
30179605
30179724
30179760
30180402
30181323
30181766
30181991
30342640
30342761
30342958
30342959
30343039
30343233
30343303
30343488
30343527
30343755
30343800
30344016
30344202
30344449
30344805
30344983
30345088
30345149
30345490
30345724
30345981
30346003
30346550
30346955
30347075
30347817
30347917
30348061
30348074
30349121
30349214
30349754
30349954
30350185
30350378
30350491
30350579
30350611
30350662
30351161
30351162
30351704
30352153
30352345
30352577
30352972
30353143
30353197
30353258
30353281
30353283
30353406
30354487
30354641
30354765
30354898
30355432
30355703
30355747
30356300
30356903
30370464
30376934
