187
188
193
201
203
213
541
542
544
3543
3564
3565
3575
3577
4089
5374
5388
5400
5407
5613
6949
6960
6961
6963
6967
6970
6973
7150
7522
8106
8113
8123
8451
8464
8474
8508
8515
8536
8747
8773
9131
9136
9145
9147
9640
9648
9669
9759
9768
9780
9781
9791
10454
10457
10461
10462
10479
10480
10483
10484
10487
10641
10645
10647
10656
10658
10666
10669
10675
10678
10680
10684
10689
11946
11957
11966
11968
11970
11973
11978
11979
11987
12099
12959
14914
14915
14918
14921
14930
17531
19568
19578
19582
19592
19593
