229
315
423
515
538
698
743
966
1155
1193
1231
1442
1691
1703
1991
2095
2263
2509
2539
2565
2852
3268
3315
3327
3539
4082
4103
4317
4380
4407
4533
4795
4865
5157
5337
5617
6162
6240
6358
6443
6491
6552
7266
7370
7489
7543
7734
7859
7894
7921
8242
8306
8657
8671
8975
9140
9160
9674
10425
10590
10954
11372
11712
11950
12662
12747
13266
13377
13438
13672
14023
14502
14506
14513
14550
14587
14748
15078
15281
15361
15714
15983
15994
16148
16419
16678
16764
16925
17083
17492
18070
18296
18325
18349
18472
19079
19503
19556
19654
19932
