783
4222
6438
8546
10973
12519
23811
24853
29276
30695
31859
32710
34367
36344
45620
48389
52992
69008
69744
74867
75636
84131
86564
96570
98428
98926
99646
99953
100217
100865
104796
107102
114070
124670
124792
129980
134938
139812
140647
142505
144209
145244
145975
147001
150621
154733
155182
156045
156229
157782
164440
171647
183266
183901
184573
188829
192204
194877
195910
196105
196860
196956
197789
201988
204596
204817
207320
208022
210514
210713
215218
215563
215737
220098
220374
221117
221558
223097
223470
223913
224255
246786
246806
248387
251368
252106
256439
257984
261347
261512
262300
264113
277215
284033
287989
288130
288523
288807
291810
291971
294928
296764
298350
305481
312742
314425
315088
316225
319177
321945
326075
326942
327114
332276
333772
334029
337051
346341
349022
349760
351443
351656
356529
357021
357140
363909
373706
375961
384173
384202
388301
389858
393895
395068
397119
398947
399859
402601
404359
410482
412927
416206
418077
424287
427421
430553
436955
449241
449904
452876
453389
454374
454924
455433
456000
457976
458483
464734
469137
469578
470437
477331
482511
492066
498327
514883
516031
516248
519212
519536
520193
527080
535303
537370
541814
542646
543518
548072
550091
558276
558874
574896
576498
578576
588793
589931
591486
592216
594505
607513
610202
612835
613244
615755
616197
616634
617240
627423
628496
633017
638974
644189
650502
653024
654661
657318
657459
659837
659841
660624
661407
666019
669528
671543
672397
672628
674292
678813
680498
681864
685659
692166
692722
693079
696579
697060
699076
700950
704601
707235
715445
719610
720775
721816
732962
736884
744478
745232
749263
749577
753735
763226
768754
771207
772131
775840
776082
783661
784743
787541
788889
789891
791409
791917
795662
797372
800012
801101
801918
802602
808336
808354
810709
814990
815610
815680
823335
826941
832220
836702
838204
838429
841948
842393
844509
845045
848010
848216
851002
854526
856711
858517
863385
864540
864826
865647
866382
870980
874592
876132
879818
880558
890078
890244
895443
901339
903176
903543
905227
907168
910001
911154
913295
919630
922949
926578
928690
930155
934570
935681
935811
936502
938446
939197
939666
941809
946306
946610
947335
947404
948733
952626
953931
958950
960138
968211
971838
972779
975549
981589
983438
987163
987948
989200
989551
994315
994537
994800
1005795
1011063
1011914
1016730
1024663
1030987
1031406
1035564
1040877
1045576
1047725
1052542
1053030
1054256
1057391
1060443
1062453
1063797
1063952
1067268
1067937
1069232
1070775
1078132
1080877
1082239
1091844
1092328
1101002
1106438
1107681
1111175
1114840
1116675
1117426
1122091
1122952
1123333
1124327
1126182
1127335
1127352
1127551
1128503
1140754
1141757
1144426
1151033
1153378
1153534
1154645
1156647
1158608
1162226
1168182
1170815
1173048
1173532
1174234
1177917
1182493
1184074
1185942
1186729
1187037
1192640
1201479
1202025
1205399
1206674
1218382
1218401
1221789
1225941
1237735
1241457
1242335
1249867
1250608
1253904
1254512
1255038
1255945
1259459
1262453
1264129
1266463
1266560
1267464
1275836
1276403
1285243
1287976
1288299
1289037
1290364
1296567
1297628
1299809
1301178
1304179
1304676
1306122
1306758
1319650
1320769
1320872
1326809
1328302
1334940
1337011
1339099
1339261
1345625
1348798
1357189
1357842
1359419
1360586
1368679
1375055
1375057
1375976
1382539
1386139
1389150
1390820
1391771
1393414
1393912
1394483
1395465
1397296
1399635
1400414
1404117
1409700
1410018
1414378
1417484
1419436
1421534
1422695
1427340
1430394
1432767
1436858
1439962
1442268
1442587
1443192
1446067
1446409
1447452
1449352
1450173
1453249
1454726
1459690
1461564
1463288
1469051
1476594
1478390
1481412
1495799
1500852
1504139
1505054
1505215
1505303
1506359
1507083
1507482
1511475
1511570
1513957
1516916
1517186
1521056
1521322
1523285
1524364
1524808
1529605
1530114
1531209
1532821
1534714
1537526
1542445
1544871
1551917
1563386
1565421
1568865
1576718
1580623
1584501
1586214
1589457
1589503
1590148
1592657
1597086
1603769
1605229
1612654
1612816
1614579
1615334
1615415
1616075
1618238
1619973
1625220
1626758
1627098
1628672
1629066
1635509
1636143
1636200
1640823
1642437
1644779
1649913
1653458
1659250
1659466
1661362
1661586
1679689
1686210
1688395
1704611
1704926
1709087
1711464
1713705
1715631
1716430
1716484
1717370
1720063
1722239
1724040
1728792
1729672
1740821
1741889
1745893
1746138
1748263
1751856
1754652
1754784
1757056
1767037
1767975
1770672
1773436
1776502
1781567
1782890
1784044
1800967
1804405
1810280
1811077
1815137
1818764
1821516
1827095
1827663
1827970
1828819
1828919
1831948
1833130
1834580
1835077
1848623
1850609
1852978
1854227
1855142
1856276
1857869
1866646
1871630
1872246
1873190
1873658
1874910
1878069
1890630
1893105
1894527
1896092
1898088
1900791
1902901
1905981
1908514
1910766
1920211
1925293
1925753
1930004
1930494
1934156
1934929
1935658
1939073
1942047
1945061
1956385
1956953
1957035
1980818
1981503
1983466
1985370
1988216
1991065
1995734
1997699
1998258
2004828
2007582
2011305
2014816
2015044
2017335
2018181
2034594
2037325
2037445
2037694
2037822
2040151
2042804
2046216
2051497
2052333
2052415
2054750
2056820
2058749
2064528
2072141
2073282
2077024
2081457
2086138
2086775
2088862
2088946
2091714
2101778
2102182
2107026
2111818
2111883
2113720
2117358
2120591
2123856
2124868
2128621
2131435
2134015
2138119
2139574
2140134
2140272
2143875
2152630
2152940
2159007
2159407
2160789
2162494
2165132
2165487
2169213
2170257
2171237
2176265
2185730
2186594
2188267
2189578
2194108
2203808
2222031
2223250
2226026
2232172
2236183
2242961
2244672
2247900
2257621
2259325
2264966
2265361
2266489
2267239
2268551
2273790
2286508
2288750
2292755
2295148
2295288
2295637
2296055
2296244
2296552
2296918
2298234
2305049
2307281
2309517
2316743
2321874
2323530
2324099
2325131
2334694
2334945
2336303
2336445
2337584
2339251
2339363
2342194
2346021
2355406
2355517
2356515
2359338
2361641
2362879
2365918
2366088
2371386
2372480
2379596
2380874
2381298
2392530
2395002
2395230
2399120
2407712
2409750
2411623
2413373
2419479
2420972
2421889
2424792
2433867
2437042
2437123
2437242
2437681
2438695
2439326
2454944
2455325
2456886
2460777
2461447
2464397
2467345
2467525
2469667
2469858
2474074
2479877
2484584
2484610
2485408
2496399
2497680
2502868
2507055
2508922
2509803
2511924
2515206
2515744
2515966
2522202
2525608
2530151
2539569
2541026
2544699
2548449
2550237
2552418
2553824
2554990
2560781
2570819
2574553
2574784
2575854
2581043
2588809
2590712
2592068
2592099
2592142
2595084
2595467
2598708
2599820
2603997
2604109
2611139
2611499
2613687
2613871
2618772
2618837
2624615
2629348
2630649
2630902
2636024
2636715
2639077
2639337
2643688
2648526
2656523
2656701
2657225
2665005
2668789
2670147
2678790
2681188
2687391
2688706
2689549
2696887
2698260
2702066
2703254
2706948
2709758
2712461
2715611
2716471
2716955
2722308
2725993
2729741
2730285
2730905
2731479
2733799
2737183
2738652
2739666
2741288
2741445
2743468
2745217
2745349
2746019
2754123
2757543
2758628
2766936
2767399
2774371
2778985
2786248
2788487
2790392
2794036
2796061
2797413
2799657
2800921
2801881
2805343
2812079
2819038
2824850
2826138
2828543
2830593
2840733
2841208
2841372
2841789
2842481
2845102
2845872
2846879
2849384
2851479
2852355
2852521
2854074
2862297
2866312
2872435
2876089
2886882
2896403
2900493
2902129
2907136
2907634
2910006
2913360
2914502
2925459
2926161
2930815
2933053
2942359
2942391
2942393
2943242
2948212
2949285
2949572
2949929
2959089
2959253
2967492
2968853
2969916
2971898
2973965
2974997
2977356
2982276
2984401
2988206
2989755
2994418
3002752
3004624
3009745
3011560
3018844
3024470
3034005
3038829
3040003
3056982
3057601
3060117
3062622
3063594
3069326
3069381
3073834
3074717
3078508
3078728
3080541
3082786
3086098
3087978
3094838
3098467
3099417
3099774
3104899
3106316
3106500
3115689
3116310
3117110
3118736
3120032
3121731
3128173
3133958
3138440
3138552
3139582
3148446
3152439
3155150
3155832
3156407
3164404
3165049
3173705
3174054
3174731
3184647
3187985
3190619
3192073
3195275
3195626
3196133
3200509
3200838
3201354
3203296
3206606
3208037
3211915
3218167
3218185
3220741
3221460
3230684
3231351
3232409
3232598
3233170
3235131
3236870
3237363
3238422
3238527
3238951
3245944
3246175
3250311
3253838
3260482
3266865
3268093
3272655
3273196
3275272
3275522
3278995
3278997
3284748
3292484
3299692
3300252
3300265
3302229
3304782
3310599
3311652
3315752
3315823
3317107
3317718
3321815
3322077
3322518
3324314
3326337
3327338
3327375
3331901
3335564
3341225
3346275
3350383
3353683
3355086
3355723
3355753
3361775
3363175
3364513
3364666
3364705
3369645
3374237
3374428
3374833
3374944
3375984
3378436
3380124
3381274
3386471
3390691
3395241
3396245
3396674
3398931
3403335
3403453
3404404
3410614
3412418
3418263
3422255
3423441
3425070
3430598
3432776
3432859
3435376
3437397
3440397
3441223
3446560
3446594
3448315
3453964
3457258
3461098
3462004
3464272
3468830
3469807
3470612
3471886
3480094
3482387
3482665
3483405
3486206
3487603
3489164
3489751
3493045
3498648
3502761
3504048
3504287
3504588
3506357
3507121
3512100
3514276
3517949
3520290
3520668
3521542
3523300
3524994
3528942
3528979
3530142
3532080
3532434
3533831
3534418
3535286
3535923
3543894
3547896
3552763
3563003
3565151
3567201
3578400
3579300
3580002
3589291
3597217
3598361
3599016
3609115
3610615
3611460
3612572
3614077
3616200
3616922
3622014
3624133
3629978
3635900
3638655
3640159
3646580
3652590
3653757
3655921
3657495
3661052
3662869
3663014
3664774
3673204
3674435
3674646
3686903
3688257
3690575
3691096
3695797
3699910
3700101
3700663
3709367
3710321
3710729
3713773
3714613
3718709
3720825
3722234
3723013
3727597
3733211
3733494
3735060
3736373
3736508
3738259
3738988
3739863
3741540
3742161
3746261
3749658
3751207
3751282
3756656
3761278
3764137
3764311
3766092
3766667
3766852
3769139
3779734
3788381
3789064
3790402
3791818
3793299
3799807
3802151
3813705
3819311
3822971
3825090
3828106
3830610
3834411
3836737
3841003
3842954
3843110
3844841
3846699
3847972
3849459
3852001
3854518
3854807
3860243
3861978
3863223
3864208
3866858
3867477
3869396
3870534
3872431
3878231
3884075
3887145
3888386
3889660
3892476
3900026
3905521
3906756
3907179
3910575
3913058
3914760
3914889
3916689
3921154
3923122
3925671
3926866
3928255
3928298
3929024
3929103
3930160
3933945
3936415
3936920
3938969
3940438
3941591
3951545
3952635
3954359
3956228
3959116
3961429
3961959
3965507
3967362
3968077
3968179
3970687
3970846
3989523
3991589
4006317
4006950
4008252
4009180
4013877
4015744
4017448
4017932
4026154
4028044
4028648
4035001
4038820
4040642
4054589
4058447
4063415
4066876
4070448
4075550
4076762
4083079
4091735
4097505
4099576
4101032
4105985
4107038
4109679
4115106
4119309
4119613
4124273
4126393
4127523
4132409
4137432
4137598
4141544
4147400
4149246
4152835
4160625
4160784
4163512
4166934
4169278
4170962
4174383
4174564
4175857
4179492
4182211
4182341
4182839
4193052
4196200
4203075
4206351
4213266
4214640
4226769
4227620
4232339
4239380
4243976
4245746
4250383
4252747
4254943
4255101
4256651
4263018
4266970
4271957
4273065
4278135
4281648
4284178
4290140
4291294
4291576
4292285
4297297
4308785
4311106
4313090
4313398
4313619
4315088
4321040
4321625
4321884
4322997
4323077
4324497
4326087
4332022
4336708
4336884
4339427
4340428
4352896
4353526
4354328
4357263
4360015
4362711
4362904
4363902
4367445
4368510
4372070
4373272
4375063
4378736
4383398
4383877
4384930
4385303
4385933
4392404
4394421
4396513
4398816
4399691
4401332
4402127
4404618
4405036
4408078
4409312
4413957
4421929
4424287
4427956
4442427
4442481
4450833
4458110
4458211
4458756
4463850
4464885
4467877
4468645
4469967
4470262
4470649
4470927
4472380
4473437
4474047
4480701
4482312
4482398
4483334
4487748
4490905
4491288
4494437
4495052
4497044
4504156
4507987
4508281
4508579
4509258
4515003
4520416
4534675
4536548
4537300
4538720
4539374
4541399
4543835
4548559
4550359
4551041
4551922
4554700
4557139
4557255
4557640
4560119
4574990
4576591
4583834
4588745
4594800
4597844
4601477
4605664
4608295
4608540
4610558
4615275
4616113
4617164
4620259
4620950
4630646
4634282
4635021
4636452
4642293
4643625
4644543
4645430
4648551
4649368
4653236
4655997
4658047
4660973
4662388
4666538
4668400
4672377
4674239
4676289
4676412
4677782
4683195
4683270
4685513
4692673
4695600
4701856
4703796
4717782
4719776
4721495
4724964
4726979
4731068
4734107
4737232
4740131
4745292
4759465
4763579
4768679
4769231
4769772
4780266
4781496
4781617
4782248
4785208
4786174
4795694
4796593
4797783
4798140
4802540
4802689
4803208
4804557
4812553
4813645
4819328
4820755
4826205
4826493
4830242
4833993
4834271
4835829
4840111
4841778
4841874
4843134
4844131
4851919
4858237
4859095
4863991
4864615
4866410
4866526
4867890
4870484
4870735
4870975
4872573
4873361
4883926
4886121
4886901
4887225
4890267
4904753
4905613
4906230
4908378
4910400
4910636
4912465
4912510
4916215
4918273
4919840
4920062
4921078
4924491
4926469
4933325
4933822
4934841
4935096
4941178
4942035
4947274
4947904
4949736
4952337
4953041
4962456
4966178
4971603
4976725
4976946
4979593
4980249
4982201
4987432
4991996
4992691
4997505
4997854
5006117
5010865
5014684
5016298
5019111
5030239
5035230
5035972
5040881
5041522
5044507
5045214
5048686
5050414
5065650
5068133
5068360
5068630
5074669
5077840
5084678
5089015
5093997
5094539
5096860
5104031
5106482
5109660
5112879
5114357
5114594
5116312
5116376
5121230
5123160
5124853
5125054
5126796
5136599
5140768
5144221
5149156
5152111
5153695
5158095
5160278
5160609
5165741
5167001
5167657
5168539
5172396
5172720
5172853
5172904
5179325
5180862
5185123
5189418
5193329
5200276
5200924
5201878
5203060
5203998
5210531
5210552
5210696
5213589
5216059
5218464
5219412
5222380
5224491
5227183
5232546
5237035
5242186
5246144
5248147
5253019
5254885
5258477
5260579
5264955
5268208
5271978
5274337
5275798
5276514
5280401
5288816
5300826
5302131
5303244
5303981
5304858
5305142
5308274
5310933
5314615
5314750
5315196
5316382
5316976
5320487
5323295
5324020
5325575
5326051
5327966
5330532
5334425
5334453
5334834
5338913
5343616
5345552
5357598
5361997
5364815
5367236
5368811
5370775
5371124
5373318
5375578
5383085
5383090
5385794
5389734
5395285
5396096
5399982
5401049
5401864
5410528
5411825
5412816
5416898
5417273
5417372
5422191
5428823
5431967
5434050
5436585
5440469
5442027
5446544
5448362
5450731
5451693
5456850
5457891
5461528
5462669
5467619
5468505
5473262
5473973
5476804
5477073
5481564
5486014
5496819
5513350
5514249
5515278
5517439
5518137
5519414
5520372
5524015
5528384
5529857
5531110
5536535
5539490
5540782
5547427
5548901
5550207
5550574
5556009
5562283
5564247
5565393
5566764
5566949
5568989
5574357
5574434
5577064
5578993
5582706
5586718
5587995
5589533
5590753
5595497
5595792
5598431
5600781
5601399
5603530
5605656
5606152
5608451
5610129
5615661
5618033
5619540
5621989
5622587
5622926
5625466
5627169
5627177
5628487
5629667
5630276
5632196
5633059
5639713
5641658
5643409
5644039
5644774
5645072
5649856
5652099
5656929
5658360
5660312
5661061
5662017
5662813
5669051
5674379
5685243
5685996
5686442
5689369
5694552
5695650
5695857
5698460
5702160
5703628
5704100
5704919
5708128
5709130
5709296
5709699
5713514
5715203
5716818
5717487
5719277
5720091
5721978
5725581
5735019
5736493
5736576
5736965
5739289
5742427
5742687
5743437
5748378
5752093
5752272
5753668
5753753
5758256
5759056
5763230
5764887
5769758
5770329
5770631
5772765
5783434
5785235
5791190
5794641
5799016
5802810
5803680
5815199
5817270
5821147
5823189
5824145
5825563
5825666
5826362
5826496
5826593
5831223
5839934
5840506
5844160
5848844
5854791
5860837
5862203
5868534
5868800
5874707
5888148
5889659
5893174
5896612
5897461
5900797
5901663
5906978
5907642
5909323
5910381
5913049
5913269
5922171
5928813
5929857
5930921
5933726
5942744
5947745
5948325
5949225
5952226
5955000
5956924
5957076
5958085
5961441
5962607
5962833
5974987
5976774
5977446
5977655
5978494
5982385
5983508
5985018
5989011
5992121
5992527
5994167
6007628
6012128
6019078
6024065
6026825
6038961
6040420
6045040
6050079
6058052
6058320
6061487
6064640
6064690
6065422
6066952
6067419
6072459
6080810
6087807
6088927
6095355
6096148
6096381
6097044
6097205
6099670
6101091
6101925
6102731
6104809
6111650
6113918
6114436
6126411
6126764
6130867
6131343
6132428
6132638
6133901
6138376
6138946
6139023
6139557
6139570
6143753
6164330
6166229
6171722
6172654
6175349
6176652
6177810
6179339
6179376
6181637
6182244
6183969
6187633
6187941
6195261
6202072
6202582
6203138
6203141
6204965
6205122
6209150
6210721
6215877
6222082
6222402
6224486
6229976
6230378
6237022
6239355
6239967
6242143
6242483
6245119
6251555
6253179
6256290
6257982
6260639
6262871
6265271
6266404
6266818
6267477
6270151
6270487
6274894
6275082
6277249
6280598
6282869
6289625
6290557
6290612
6296682
6297300
6309904
6309989
6311467
6311994
6318143
6321400
6323305
6328021
6329464
6332342
6337664
6337686
6342298
6342610
6343207
6345733
6346214
6347252
6348367
6350957
6351735
6359208
6360966
6362012
6363159
6367128
6369675
6371416
6372415
6375773
6376716
6379121
6383139
6384015
6384466
6384605
6393613
6393846
6396927
6397293
6398318
6407295
6408585
6408700
6413159
6415501
6417928
6418173
6421345
6422678
6424398
6428079
6428882
6430112
6431564
6431721
6433697
6434495
6437437
6438115
6439838
6440154
6442419
6443224
6445424
6445439
6449969
6452063
6452123
6452787
6457126
6464138
6464482
6465127
6472297
6472486
6475270
6476833
6477900
6478264
6478471
6481651
6481775
6484629
6484953
6490825
6495918
6499449
6504473
6504707
6509233
6512487
6517912
6519363
6519770
6521295
6527377
6528511
6530450
6532823
6533737
6533968
6543132
6543755
6553243
6553465
6553929
6554726
6559895
6562113
6563922
6566981
6571472
6574326
6575969
6579253
6582331
6588349
6597267
6610257
6614684
6617890
6627674
6629628
6637451
6638342
6644944
6657522
6667227
6669171
6676241
6683748
6686770
6689120
6697558
6699048
6703644
6705017
6707650
6709349
6710336
6712016
6715040
6722227
6722895
6723765
6725953
6728982
6729288
6730076
6734019
6741251
6742379
6743754
6746480
6750070
6764008
6764128
6766728
6766795
6770344
6770824
6773463
6778265
6783011
6785167
6787366
6790769
6792300
6792329
6795672
6799093
6800654
6811192
6815624
6815764
6825440
6826915
6828546
6828866
6829379
6832510
6832860
6833936
6834207
6836349
6839150
6841639
6843754
6844141
6845043
6848183
6848612
6850353
6854057
6854554
6855255
6855699
6857427
6859174
6860607
6868136
6873962
6878492
6885373
6888937
6889326
6892356
6892973
6893611
6898017
6901548
6903166
6905987
6907323
6907815
6910038
6911322
6912940
6915199
6915996
6921067
6938758
6940396
6945214
6946896
6950513
6952536
6963924
6965849
6967917
6971405
6973171
6977649
6979298
6984912
6987663
6992811
7004946
7008080
7009227
7009543
7011630
7013612
7014104
7020282
7021274
7032797
7045860
7051375
7055575
7058884
7061805
7065298
7065748
7066239
7079183
7079273
7085444
7088718
7092807
7093703
7099483
7113254
7119008
7123502
7128055
7130606
7133922
7145133
7148605
7156820
7165711
7166212
7166876
7167038
7170513
7175957
7182780
7187876
7189197
7192028
7195385
7197105
7204129
7208374
7209427
7212159
7213474
7214691
7216676
7216721
7222043
7228140
7232512
7236818
7236856
7238871
7244023
7252362
7252608
7256975
7259124
7260057
7262390
7266517
7266682
7270200
7273631
7273682
7274830
7275056
7279475
7280124
7281015
7281080
7281164
7281642
7282866
7288460
7291414
7292530
7293481
7296687
7298556
7300942
7305017
7310542
7312463
7313482
7323919
7327831
7329317
7331641
7332475
7333229
7335992
7337930
7338373
7338826
7339451
7342892
7343649
7345524
7346732
7355334
7357212
7363955
7364681
7371492
7376432
7379204
7382617
7385429
7386747
7388699
7388798
7389758
7396486
7404538
7404788
7405774
7408069
7408472
7410573
7411420
7411627
7414550
7415270
7416512
7418187
7422946
7424429
7429225
7431888
7432765
7440399
7440678
7443183
7444538
7444593
7445404
7448968
7450399
7450545
7451473
7455952
7462020
7462749
7468135
7474369
7481818
7487348
7490962
7492884
7494038
7507269
7509529
7513929
7516631
7520077
7528173
7532991
7541234
7541262
7541767
7547807
7549705
7552925
7553202
7553451
7555847
7556348
7560604
7561393
7566235
7568209
7573959
7575061
7576899
7582012
7584700
7584719
7585739
7592452
7595093
7595502
7601520
7602476
7603543
7606610
7610187
7614388
7615411
7631074
7632439
7632577
7638830
7640068
7645632
7648646
7653588
7653957
7653976
7654211
7662173
7662410
7669107
7673834
7674384
7677173
7681305
7683288
7683585
7686371
7687117
7687622
7690725
7704889
7709137
7709481
7710463
7716680
7718960
7722098
7722737
7725736
7725977
7727285
7728254
7728844
7729346
7729499
7732125
7732593
7734342
7735446
7741311
7746315
7755163
7755479
7756092
7756350
7757522
7757553
7760240
7761349
7762127
7762308
7768594
7773482
7780631
7786230
7787440
7788688
7791339
7794925
7795808
7808487
7808828
7821328
7821813
7822746
7823725
7825501
7829303
7829703
7832317
7836066
7838152
7841291
7849695
7853170
7854569
7854920
7855511
7856402
7859577
7862615
7863892
7866964
7870908
7871363
7880303
7883066
7888836
7899790
7900078
7901549
7903254
7907904
7909106
7910044
7910925
7919455
7922636
7934430
7938487
7939559
7945896
7948148
7950616
7955450
7957985
7960306
7962500
7963271
7973662
7974503
7983031
7990019
7993475
8005076
8008553
8008613
8016273
8019165
8019623
8024998
8026346
8028798
8030364
8039711
8053801
8056828
8064705
8069982
8070311
8073535
8073779
8083970
8089081
8089183
8097413
8097494
8100051
8100246
8104984
8109473
8112190
8113402
8113433
8117251
8123288
8124236
8125262
8130238
8132350
8132973
8134834
8138699
8157614
8157782
8159264
8159681
8163421
8172345
8175207
8177256
8187916
8191649
8193126
8204693
8204899
8207902
8210451
8211416
8221713
8221910
8222028
8225399
8229102
8229246
8231617
8232864
8236257
8245997
8247591
8265807
8274152
8276701
8279755
8282265
8282552
8286102
8288541
8288667
8289048
8289202
8294293
8294892
8301069
8304229
8304615
8306951
8309105
8323003
8328324
8331604
8334067
8335716
8342809
8345395
8346456
8348067
8348491
8353576
8354034
8354099
8356684
8358737
8363226
8363791
8367916
8372848
8374284
8374412
8377681
8381495
8383588
8387879
8390175
8395059
8397200
8399257
8401204
8408723
8409882
8409901
8413323
8422738
8422791
8424020
8426711
8429049
8430547
8431628
8452808
8454199
8455830
8457076
8465927
8466919
8476765
8478877
8484065
8492903
8493496
8493803
8493864
8495537
8496436
8497412
8498866
8504803
8506708
8509424
8510566
8514216
8514542
8520632
8523354
8523487
8525433
8526043
8527029
8527862
8528870
8529978
8533067
8533939
8534188
8535414
8539544
8551440
8552581
8554077
8555707
8557629
8558498
8559468
8560657
8564352
8571270
8572689
8576125
8578515
8579154
8580986
8581085
8581971
8584759
8585543
8586284
8587008
8590949
8591255
8594328
8597619
8599562
8602881
8606335
8606720
8610313
8610893
8614396
8618622
8619354
8622653
8623929
8624440
8624798
8625805
8631769
8635370
8635909
8636766
8637749
8642774
8643279
8645992
8646926
8655355
8659087
8662816
8666009
8671237
8673353
8676024
8678743
8681906
8682889
8701714
8701765
8704393
8705513
8708547
8712496
8712710
8729050
8733813
8741696
8741839
8744275
8751417
8751713
8755755
8759405
8760003
8760856
8765044
8768905
8777180
8778161
8783159
8792870
8797177
8807984
8809963
8810240
8811093
8818536
8822079
8827987
8828314
8832036
8833468
8845426
8847380
8849903
8851964
8854697
8855116
8862044
8865957
8867748
8870896
8871980
8876829
8877911
8879181
8883388
8890276
8892376
8896956
8897613
8899673
8900412
8900989
8901133
8903881
8903889
8906379
8911482
8912221
8917131
8920545
8920874
8921016
8921099
8922875
8923340
8924977
8925354
8928547
8929968
8933186
8934053
8936126
8936178
8937202
8939220
8942643
8944103
8947139
8950947
8951510
8959873
8961921
8962437
8977699
8979653
8981793
8985037
8985144
8990363
8993165
8994080
8994680
8997261
8997488
8997529
9004188
9004691
9006193
9010841
9012463
9013258
9013485
9014468
9028385
9030552
9032798
9035979
9036239
9037755
9041775
9042976
9043259
9046151
9048135
9050205
9050965
9059106
9062075
9062458
9063358
9067487
9067617
9071161
9072844
9082279
9084747
9089018
9090337
9096952
9097579
9101362
9101656
9106162
9108961
9109517
9111714
9114242
9121620
9134781
9136816
9136926
9142009
9145927
9151685
9157656
9162371
9162461
9163821
9166546
9170367
9170397
9173127
9177451
9183725
9188530
9190489
9195370
9196547
9198643
9198834
9203166
9203662
9204813
9209160
9211580
9212579
9214995
9215510
9228978
9229767
9234168
9235031
9235706
9235783
9236145
9236589
9243286
9245221
9245375
9246711
9249523
9252161
9253813
9259934
9260839
9262283
9263017
9266384
9283477
9286820
9298050
9302766
9308438
9309255
9318907
9320174
9322765
9323016
9326537
9329861
9332970
9338511
9344782
9347926
9353198
9356328
9357866
9362513
9362688
9367007
9368737
9371514
9371818
9372827
9379463
9389580
9389811
9391925
9398033
9400015
9402911
9404027
9407584
9412949
9413907
9416312
9421102
9425109
9426594
9430676
9430816
9433578
9433971
9434423
9438863
9441411
9444154
9446482
9456500
9457056
9457815
9459525
9462396
9462828
9468068
9486673
9493966
9500522
9501056
9501757
9502725
9503751
9506772
9507269
9508262
9509285
9512679
9513050
9515286
9516081
9520214
9528399
9528910
9530042
9531291
9531532
9550406
9553824
9555598
9555845
9556134
9557522
9560112
9561819
9561964
9564134
9565254
9565441
9566210
9577109
9579095
9579364
9581190
9588827
9590726
9593344
9595837
9600507
9601845
9603505
9608039
9608373
9616074
9617334
9618832
9620370
9622331
9622679
9623344
9625961
9628552
9628677
9634205
9635829
9636466
9637002
9638105
9639818
9642594
9648970
9650780
9659341
9661149
9663748
9664509
9668222
9672314
9676642
9679501
9679755
9684472
9685306
9686515
9686518
9689992
9695154
9704653
9709418
9712203
9712260
9712531
9713639
9713670
9720822
9722106
9722670
9723045
9729026
9731033
9733095
9740028
9740228
9746551
9746739
9754343
9754603
9760254
9761204
9764549
9766089
9768917
9772068
9774159
9774899
9780113
9781070
9785539
9793901
9803679
9805529
9815218
9815964
9817551
9823687
9824050
9829960
9839301
9839447
9839992
9841447
9842435
9849661
9853717
9859234
9860056
9860880
9869357
9870350
9870713
9872313
9874982
9875040
9875453
9880186
9883754
9884071
9901283
9901539
9902964
9907355
9919295
9921693
9922094
9923043
9924314
9925433
9926414
9929929
9932731
9937794
9941189
9944538
9946878
9951392
9955291
9957150
9958418
9970320
9975993
9976387
9981979
9982669
9987279
10008091
10008975
10010510
10011990
10012716
10014592
10014923
10016360
10019483
10021399
10022174
10023882
10024923
10026111
10028338
10030055
10037246
10037698
10052442
10053827
10058108
10062240
10066355
10069332
10069918
10078009
10079570
10084169
10087361
10094372
10098201
10100540
10102837
10103766
10108587
10109951
10111788
10111855
10115927
10116588
10119440
10125592
10128560
10131480
10138378
10145027
10145330
10147320
10150338
10150467
10157361
10160064
10160600
10161439
10166259
10180629
10180874
10181210
10188007
10188024
10188629
10188880
10192010
10194498
10197144
10198976
10210648
10211763
10212797
10214184
10215468
10216189
10217845
10222203
10224831
10231502
10233577
10233611
10234231
10235589
10241792
10242448
10244411
10247088
10250705
10255510
10259030
10263641
10263742
10266199
10279776
10280080
10281992
10283183
10284240
10286619
10287119
10287135
10288519
10292636
10299654
10302207
10303591
10304546
10307550
10315207
10319673
10323761
10324879
10328134
10338192
10338498
10341526
10341678
10343590
10346141
10347721
10350387
10356940
10359694
10361510
10365014
10367006
10376199
10376960
10386575
10386628
10387229
10391505
10393400
10394117
10399528
10399900
10403006
10406549
10415284
10415466
10416279
10416420
10426297
10427745
10428637
10434504
10438820
10444291
10447385
10449205
10450857
10452298
10452307
10453582
10453973
10455869
10458807
10465441
10469930
10473432
10475396
10475627
10477388
10493789
10493947
10495246
10495442
10499177
10502282
10503040
10505967
10507433
10509261
10510090
10510245
10512280
10513363
10520291
10522839
10524061
10525273
10528681
10530983
10534256
10539945
10541101
10544365
10549349
10551206
10551844
10562856
10563890
10564313
10564943
10565018
10568848
10570340
10572139
10572172
10579874
10585104
10589154
10590573
10603435
10604578
10604894
10607634
10609908
10613615
10614177
10615078
10617969
10621043
10623906
10624585
10624698
10627693
10628036
10628289
10632812
10634032
10638614
10638745
10640471
10640537
10645020
10654030
10655793
10657805
10663495
10671197
10673049
10673544
10677266
10678431
10679092
10679795
10689083
10690108
10693291
10693406
10694337
10697865
10704499
10706877
10711715
10714769
10714836
10716264
10718140
10719243
10719987
10725362
10726625
10728656
10729450
10733082
10735075
10736179
10737171
10740942
10741785
10746488
10746717
10750674
10751039
10752235
10755560
10761996
10776161
10776543
10780721
10784719
10785562
10790149
10790242
10791203
10794783
10800281
10811806
10816648
10817539
10822449
10822477
10822795
10825864
10830824
10833729
10836348
10836954
10841597
10843843
10847319
10848568
10849838
10850302
10850997
10855782
10857151
10862495
10863463
10864696
10866427
10868960
10873834
10876643
10881031
10881608
10884272
10884473
10884526
10885428
10894212
10907454
10910935
10919990
10922123
10923566
10925732
10926338
10929186
10930585
10935150
10938023
10940918
10942395
10946272
10946560
10946905
10947418
10948428
10951553
10955547
10962368
10965183
10966886
10967124
10967567
10967580
10967829
10969252
10970360
10980994
10981101
10982701
10984244
10987530
10990695
10991031
10993515
10996214
10997246
10998197
10998204
11001934
11021921
11022460
11029232
11029328
11035965
11037133
11042841
11043696
11046028
11053449
11059424
11064033
11066112
11069736
11070386
11071126
11073579
11075666
11076223
11076650
11081441
11083246
11088434
11089252
11089350
11092639
11093206
11096956
11097857
11098226
11099185
11101180
11103293
11106445
11110817
11110821
11119451
11125513
11125776
11129048
11130884
11131078
11132328
11133506
11133646
11136849
11137447
11142383
11144695
11148039
11148115
11148297
11149665
11153068
11157112
11157736
11159120
11161192
11165133
11165343
11166304
11166414
11167757
11168651
11169401
11169797
11170851
11172275
11174360
11176995
11183616
11185979
11186328
11193819
11195758
11195800
11197713
11198259
11198837
11201266
11206836
11218174
11218266
11219590
11226472
11231830
11236085
11238026
11239274
11250711
11252884
11256499
11260113
11262775
11264913
11268238
11272466
11275308
11281658
11299739
11308011
11309591
11313766
11321869
11328984
11329033
11329250
11331156
11332636
11340574
11340731
11341403
11348049
11348561
11349893
11352273
11354995
11355138
11355807
11360922
11361623
11368316
11374207
11374756
11377907
11378156
11383991
11386692
11387360
11389380
11389432
11394069
11396667
11397164
11401858
11402551
11406556
11407223
11408511
11411840
11416757
11417988
11424484
11425129
11431811
11433438
11441457
11442614
11443726
11445298
11448310
11448383
11449663
11451727
11458156
11460912
11462437
11462512
11468054
11468085
11475199
11478198
11485186
11491405
11496366
11496627
11497792
11499110
11500543
11504499
11506373
11508682
11514099
11516818
11523271
11535617
11547320
11556299
11556681
11558598
11563333
11570711
11572849
11573692
11582248
11584433
11586102
11588204
11593910
11599656
11600381
11601183
11603582
11607319
11620186
11622038
11623514
11623539
11624624
11625197
11625570
11628483
11637412
11637824
11645239
11646980
11650192
11651378
11656216
11657809
11658216
11659954
11666140
11673186
11675367
11677693
11678130
11678301
11679854
11680690
11684031
11686486
11686891
11690284
11690546
11693508
11705253
11710320
11714410
11717942
11720709
11725300
11726682
11728672
11730435
11736422
11743025
11747943
11751501
11753872
11754898
11760054
11762168
11762210
11766623
11768655
11769919
11772325
11776844
11777439
11779334
11779523
11780399
11781906
11783955
11785221
11788358
11799018
11800369
11804837
11814991
11815108
11817904
11823846
11824131
11830907
11839564
11841031
11848951
11850939
11857658
11860704
11864613
11867440
11877902
11878557
11883551
11885272
11886214
11886314
11887645
11892377
11893017
11894884
11895790
11904620
11912030
11912875
11918119
11921447
11921661
11922240
11923324
11924354
11925572
11932059
11932707
11935671
11942204
11943125
11944034
11952466
11955268
11956729
11959204
11960686
11962080
11964187
11971339
11971677
11973771
11977037
11983447
11984365
11986296
11992986
11995704
12003934
12004426
12004614
12010195
12010607
12010666
12010695
12010920
12011984
12012858
12012921
12013440
12015802
12016287
12018469
12019717
12021145
12024559
12028449
12033282
12033315
12037045
12039781
12043830
12044557
12046832
12052710
12052738
12054566
12057118
12061238
12065448
12072311
12073683
12080357
12080574
12085690
12086158
12086259
12086541
12086729
12089873
12093112
12095178
12097054
12100118
12100551
12102876
12105351
12107730
12108862
12112945
12113746
12115408
12117018
12117393
12118476
12118895
12123728
12128667
12132556
12132943
12134247
12136722
12137393
12137621
12140478
12144198
12148582
12148866
12156729
12156816
12162897
12163365
12174159
12176863
12177298
12179577
12180313
12181625
12183846
12186075
12187837
12192271
12201852
12202035
12209666
12211539
12216559
12217842
12221114
12223908
12224740
12227264
12228480
12231579
12232240
12233260
12233816
12236859
12237031
12237191
12239519
12244903
12246286
12248712
12251011
12254371
12258950
12259635
12262470
12265895
12277237
12277853
12278203
12278213
12278800
12279225
12287082
12289490
12293780
12295335
12295513
12296314
12300102
12301006
12302227
12303114
12306252
12310475
12312187
12326984
12327866
12328386
12329461
12333768
12338024
12339020
12342341
12347977
12348755
12352011
12355111
12355175
12360552
12363888
12364673
12366679
12369824
12371370
12371414
12372839
12374357
12377132
12378966
12382999
12383503
12389209
12391797
12397272
12397872
12398006
12400361
12400427
12402762
12403854
12415409
12417149
12418661
12426295
12428709
12430642
12432471
12432868
12434646
12437112
12437553
12437864
12438126
12440015
12440141
12442730
12443121
12443499
12450068
12464063
12468572
12469335
12472585
12473544
12475899
12480229
12481033
12482852
12485928
12486896
12488157
12488235
12488830
12489943
12495772
12497145
12500458
12515033
12530359
12534268
12535215
12536859
12540324
12541040
12541484
12549118
12549208
12550853
12554597
12561416
12562901
12563922
12565949
12566931
12567599
12571845
12573037
12573825
12575146
12579228
12582730
12583886
12586521
12588892
12599658
12601371
12602346
12605783
12616299
12616809
12618049
12627131
12627637
12631185
12632839
12637941
12640081
12641943
12642868
12645241
12650192
12650642
12650725
12653535
12654269
12654816
12660144
12661350
12663786
12668739
12677650
12681341
12683081
12690739
12692404
12695792
12697612
12703352
12703465
12705692
12709838
12710137
12711938
12714532
12714927
12718793
12721959
12725394
12736755
12741186
12748921
12752440
12752781
12753762
12753998
12754397
12756029
12756720
12757486
12761197
12764175
12764963
12765373
12768077
12773017
12775620
12777692
12780898
12784839
12785416
12786003
12787460
12790519
12790551
12791564
12793127
12794148
12798839
12801857
12802892
12804311
12811099
12812721
12813346
12814785
12816263
12817725
12821089
12823147
12824731
12828685
12832454
12832993
12835701
12842744
12845078
12846538
12848221
12852018
12852471
12852520
12853294
12853751
12854597
12855441
12856139
12863625
12868121
12870244
12872910
12878246
12878610
12883771
12886903
12887457
12889886
12897980
12899216
12901511
12902293
12905384
12906839
12910490
12910587
12920195
12924240
12936074
12936358
12939531
12945265
12948332
12953060
12954940
12956116
12956428
12956974
12957637
12965445
12981343
12981821
12984618
12985878
12986759
12988070
12989560
12990665
12993735
12998210
12998310
13002202
13006452
13006493
13010622
13010713
13020602
13021670
13023518
13024802
13030421
13031249
13032910
13033399
13036579
13038381
13040634
13054008
13059538
13061762
13062494
13064829
13075451
13076401
13082768
13085176
13090877
13100229
13106438
13111416
13111956
13117482
13123635
13123675
13125136
13126755
13129390
13135159
13138169
13138843
13141420
13141670
13141863
13142409
13144820
13146852
13150546
13157379
13159888
13162042
13162122
13166055
13166970
13168328
13171821
13176656
13176926
13184466
13187487
13189283
13191016
13191380
13193135
13193884
13195754
13197798
13201763
13203047
13208102
13209744
13213021
13217891
13220510
13221854
13225360
13226182
13227582
13228183
13236542
13238889
13244317
13248939
13250864
13253358
13264996
13268881
13278015
13278411
13282162
13283957
13288671
13290411
13290532
13291345
13292249
13293107
13297484
13298725
13299910
13300713
13301279
13302055
13305869
13305888
13308498
13319236
13320390
13321312
13321991
13323156
13323365
13323746
13324289
13334805
13338857
13339447
13341804
13342518
13342895
13343090
13343267
13344088
13344778
13346973
13347393
13348472
13349798
13357229
13357811
13357984
13360887
13362745
13367005
13368377
13376929
13380698
13382286
13384208
13388576
13393074
13396648
13400753
13401671
13404173
13414374
13417209
13420807
13426286
13435791
13436009
13442647
13443679
13444441
13444781
13445746
13452410
13453499
13455199
13455321
13463728
13467021
13468333
13469299
13469487
13470712
13472909
13473361
13474042
13475496
13482229
13492778
13492865
13496755
13502418
13505088
13507346
13510526
13511164
13515779
13517860
13518614
13519616
13521323
13521713
13526946
13531431
13534895
13536427
13537359
13539382
13539673
13543323
13544831
13552530
13555713
13558114
13558694
13561139
13565054
13568657
13571036
13571243
13571343
13574386
13578789
13578910
13580319
13581909
13587352
13591212
13592096
13592352
13594661
13598145
13599370
13600247
13602557
13609910
13611484
13613539
13616270
13616699
13617529
13621348
13623335
13624684
13629319
13630860
13634231
13638870
13639382
13647327
13648198
13649906
13651537
13652347
13655271
13659704
13660302
13664781
13666020
13670597
13673216
13680003
13682581
13685128
13686490
13693053
13694385
13695525
13696180
13700594
13702325
13703256
13704953
13705997
13706059
13706088
13707128
13707443
13708344
13708488
13718126
13722729
13724922
13728923
13730943
13732851
13741520
13743036
13743187
13747395
13749789
13750105
13753443
13757998
13761686
13762273
13768670
13769504
13769856
13770320
13772906
13779252
13787894
13789031
13791145
13797428
13797555
13799179
13799239
13799931
13800465
13802166
13805701
13809109
13809637
13810550
13813876
13814511
13815211
13815343
13819705
13822064
13823291
13825270
13825527
13832920
13838787
13852297
13854778
13856492
13858221
13859077
13859234
13859240
13872680
13875134
13880881
13884774
13898650
13898873
13899326
13901738
13907257
13908713
13913528
13917041
13929738
13935180
13942227
13943670
13944978
13946726
13955508
13956299
13956448
13958884
13972116
13982363
13985106
13992883
13996497
13998228
13998948
14008385
14017491
14020247
14023977
14031596
14031911
14032147
14035750
14041925
14043569
14045121
14046499
14047501
14050085
14052111
14056396
14062209
14064744
14066533
14067749
14069816
14070370
14074742
14080294
14090126
14090709
14090754
14092962
14095699
14097319
14106526
14118180
14122026
14124000
14124652
14126886
14127360
14128705
14129941
14129985
14134268
14141916
14144003
14144088
14144167
14146289
14147781
14147927
14149339
14150889
14150980
14155354
14165477
14167032
14167306
14172602
14175984
14176072
14179226
14190746
14191101
14194728
14194730
14201238
14204162
14206842
14211534
14214669
14215422
14224401
14227727
14236677
14238566
14238648
14241264
14247482
14250332
14256520
14258222
14261812
14263891
14264409
14264756
14271356
14275323
14276037
14278014
14280131
14283030
14287477
14288088
14290013
14292260
14297227
14298635
14303122
14303444
14306090
14306459
14308468
14309067
14314068
14322428
14327149
14332406
14333521
14353950
14354822
14370626
14371146
14373092
14380005
14391286
14391690
14395414
14399793
14401458
14402346
14402681
14406692
14407403
14413304
14415442
14419438
14419763
14423355
14424749
14429006
14429060
14429075
14429376
14435604
14444749
14457780
14459230
14459464
14462287
14467786
14471658
14475340
14475765
14478156
14479265
14479420
14479622
14480944
14482193
14484803
14496435
14497515
14502698
14503034
14504115
14507608
14507923
14511488
14516050
14520971
14523014
14523870
14528222
14531833
14536321
14537934
14538967
14540573
14540827
14549546
14554039
14566065
14567531
14575453
14579883
14585167
14597433
14607257
14615753
14618729
14621090
14624305
14629621
14634206
14643933
14645323
14646355
14653078
14656991
14657398
14659896
14662728
14662776
14672184
14673087
14674055
14674182
14683213
14683351
14685266
14690141
14690738
14694331
14694855
14703029
14703488
14709582
14710585
14714662
14719673
14723493
14727005
14738122
14738758
14744199
14748306
14751771
14755367
14756609
14756986
14758495
14760436
14761094
14765003
14766830
14767241
14769967
14771005
14771919
14772966
14782393
14789591
14791835
14792638
14793952
14798735
14806706
14810176
14811272
14814035
14814971
14815458
14817232
14820575
14822306
14829100
14830451
14830793
14832110
14832554
14833074
14838662
14838914
14846266
14846959
14853477
14857574
14858267
14860015
14864121
14864764
14873864
14884637
14886454
14888594
14889049
14893987
14896110
14898263
14899203
14900461
14902934
14904625
14913736
14919540
14924400
14927667
14931419
14934129
14935608
14941342
14945204
14946702
14952953
14954023
14962251
14964642
14969889
14972775
14976345
14976747
14977991
14982940
14988187
14989860
14997937
14998161
14999633
15001756
15004061
15004765
15004787
15005799
15014558
15015542
15017999
15020866
15025896
15030400
15030413
15030538
15032276
15032553
15033254
15036682
15039577
15043874
15044280
15045125
15054260
15071818
15076966
15083693
15083897
15085516
15099380
15104288
15104975
15105652
15116048
15118476
15118798
15119037
15129342
15135598
15138829
15143766
15152023
15155512
15157609
15160916
15162682
15164052
15165839
15169836
15171902
15172234
15184116
15185143
15188799
15190130
15191753
15196886
15204725
15207522
15208847
15216224
15216792
15241270
15248515
15253639
15259744
15260078
15266464
15268498
15272677
15279125
15290738
15294791
15295923
15296489
15297995
15309797
15315287
15315454
15318528
15319581
15321178
15322094
15324555
15329492
15330786
15332590
15336335
15338216
15342502
15351343
15351425
15351591
15358770
15365918
15371339
15378396
15384644
15388150
15395421
15396217
15397589
15397950
15402461
15410473
15418051
15427297
15436743
15437679
15453767
15454588
15466910
15467525
15467818
15481318
15482630
15484482
15489191
15490885
15491884
15499489
15503535
15507109
15507492
15508060
15510825
15515760
15519863
15524390
15525616
15528537
15531133
15532679
15533004
15533051
15535141
15535709
15535739
15538574
15545030
15545862
15555020
15555451
15555661
15559033
15559492
15562894
15572502
15575794
15576246
15580841
15582412
15584685
15586315
15588375
15592815
15601838
15601919
15609480
15613624
15614196
15619899
15635500
15638364
15639667
15645574
15649727
15650872
15652477
15654068
15654224
15658123
15660513
15665594
15678179
15691304
15691315
15691621
15695077
15698463
15698551
15701244
15704149
15707062
15721275
15723072
15725191
15737050
15743889
15745619
15746906
15754419
15755926
15758338
15765346
15767493
15767989
15769637
15772575
15776120
15777201
15778306
15779121
15783801
15795945
15811826
15812790
15813643
15821069
15822563
15823233
15825167
15825624
15833281
15833451
15834031
15835089
15837214
15842258
15847895
15849305
15851466
15860458
15864733
15871964
15873977
15881811
15884368
15885568
15894734
15898096
15900315
15900833
15906596
15910124
15915162
15925503
15937221
15937758
15938161
15939017
15942023
15945913
15948374
15949270
15952026
15959375
15963521
15965486
15972278
15972823
15973975
15978212
15978622
15979058
15986116
15990985
15992915
15995551
15995868
15996283
15996912
15998960
15999263
16001633
16002322
16006298
16007003
16008126
16012185
16014091
16037651
16041162
16043995
16047787
16057829
16068026
16071486
16072290
16073452
16080559
16082048
16087455
16092822
16099189
16099417
16112366
16128977
16131214
16145072
16147180
16147781
16151143
16155008
16155095
16155306
16160326
16163683
16164738
16166881
16167625
16169142
16172834
16174346
16187125
16187145
16193413
16196040
16201137
16201277
16203348
16205984
16219757
16225689
16228100
16229766
16235308
16237656
16238926
16240968
16241432
16241669
16243058
16245975
16249975
16250207
16250687
16250882
16277318
16280302
16285992
16287433
16290921
16293818
16305053
16318697
16322445
16325977
16326300
16327603
16329079
16336733
16339871
16339944
16342828
16342895
16345209
16347214
16352991
16359214
16359721
16360903
16362122
16363409
16365030
16369861
16378162
16380127
16382181
16386559
16387205
16387820
16391634
16404938
16406588
16406944
16408149
16410681
16418974
16419692
16419721
16420206
16420325
16423819
16432429
16432456
16432617
16434806
16436958
16438657
16445467
16447612
16448578
16449169
16449217
16450639
16452526
16464667
16466659
16469785
16478112
16480078
16481949
16485987
16488450
16489179
16490174
16490961
16495480
16495564
16513902
16514004
16515334
16515614
16517891
16520065
16521012
16529879
16530713
16543470
16544951
16550262
16552389
16554449
16558454
16560061
16560812
16560915
16565369
16568619
16569440
16583036
16587728
16591648
16597116
16611243
16613963
16614596
16618087
16622833
16630400
16632280
16632801
16633285
16634407
16636664
16640988
16640996
16644171
16644900
16654210
16656608
16662085
16662650
16677603
16681543
16681556
16682153
16684554
16685055
16687810
16689777
16692675
16692789
16695132
16703027
16713907
16717212
16719209
16721921
16724598
16724628
16727711
16729201
16729501
16733346
16733475
16736131
16740587
16744979
16745695
16746964
16749362
16751551
16751647
16768676
16774033
16774251
16777002
16784166
16786572
16786920
16789432
16791510
16791880
16793166
16799742
16800811
16801217
16803499
16812522
16813891
16814873
16818690
16829230
16832712
16833044
16838763
16839349
16839443
16840808
16843791
16846046
16848971
16861529
16877933
16886927
16889930
16894641
16894760
16897046
16897324
16902153
16907079
16914449
16917860
16920239
16927117
16931996
16941673
16943251
16946731
16952609
16953786
16957826
16960155
16963062
16964096
16967007
16967159
16969223
16970437
16970460
16976646
16977311
16979874
16985221
16988975
16989217
16994297
16995245
16995944
16997020
16997566
16997788
16999349
17002526
17004154
17005204
17005634
17006492
17008719
17009312
17018557
17019716
17020484
17021927
17028234
17033375
17034884
17040979
17042797
17043575
17045104
17046109
17048043
17050366
17054805
17055416
17057578
17058107
17058760
17059978
17061944
17064408
17065275
17068643
17073174
17080046
17085447
17087031
17091927
17095956
17096167
17096324
17102619
17103746
17105006
17108469
17115003
17119236
17119250
17123661
17124911
17125474
17127092
17137085
17139297
17143122
17148389
17149793
17150119
17151230
17152035
17153310
17155967
17156612
17157747
17157873
17159218
17171629
17172482
17174606
17174897
17175694
17178518
17180380
17181688
17184386
17187433
17193425
17195283
17201220
17206809
17206944
17213295
17213326
17213935
17219091
17219475
17219740
17219995
17220366
17225149
17232949
17233594
17235881
17237644
17239637
17241564
17243432
17248558
17251536
17258123
17269398
17269663
17270681
17277434
17281300
17281425
17289105
17289601
17292911
17293021
17294718
17298848
17303086
17303982
17304419
17306388
17309121
17309893
17311450
17311905
17312482
17316183
17318780
17320898
17327673
17330574
17335607
17348353
17348572
17349473
17350650
17352617
17353311
17353406
17360750
17362693
17363902
17368006
17375291
17384345
17394646
17398219
17405286
17405309
17413520
17414260
17417220
17418362
17424795
17425781
17427657
17439292
17441029
17442552
17443950
17449627
17452147
17456717
17458537
17463270
17465928
17473443
17475346
17476076
17478186
17481962
17482138
17484266
17484289
17485136
17486700
17487872
17488199
17489903
17492875
17493640
17493955
17496602
17497899
17499732
17499834
17506065
17510489
17511311
17511680
17513138
17514422
17518987
17520910
17525251
17528836
17532740
17536157
17537191
17540298
17545439
17551082
17551843
17557808
17559209
17562201
17563528
17569105
17569901
17570247
17573850
17574632
17576512
17579628
17579734
17580536
17581930
17581997
17585556
17587684
17589880
17591964
17597210
17600410
17600874
17603609
17604278
17605490
17608493
17608862
17609556
17610838
17612243
17613297
17620093
17620880
17621341
17621831
17629759
17631967
17632606
17633297
17635071
17635536
17638659
17639971
17643050
17644718
17648517
17649059
17649242
17649633
17653676
17658235
17659635
17661104
17662538
17669700
17674891
17678341
17679350
17680849
17681692
17682981
17684797
17686030
17689421
17689485
17694117
17694873
17697721
17699422
17704782
17713533
17715878
17720605
17720861
17722794
17730129
17730523
17732313
17739574
17740991
17747943
17748943
17749478
17753404
17754016
17757061
17758268
17759382
17760952
17762595
17765743
17769989
17779541
17780703
17786298
17786323
17795572
17816011
17817684
17818076
17818792
17820605
17821663
17824500
17826712
17827175
17828084
17829573
17831316
17836108
17837433
17840849
17842086
17844823
17845609
17853557
17858398
17861344
17861749
17862587
17864008
17865808
17866060
17868744
17868906
17869469
17870623
17873413
17875934
17877178
17877559
17881600
17882150
17886037
17887620
17888399
17894642
17895040
17898011
17898954
17899886
17902555
17902838
17903137
17905800
17921774
17926566
17931749
17934307
17937404
17937688
17937736
17942261
17954666
17954841
17955977
17956666
17959312
17959842
17961490
17967342
17979362
17979788
17992220
17993539
17995080
17997311
17997523
18003872
18007322
18009453
18011175
18011678
18017981
18018489
18018539
18033587
18038704
18041506
18041880
18044114
18044333
18045604
18047927
18049440
18053922
18054412
18056094
18057821
18062533
18064573
18067023
18069420
18074337
18074383
18077511
18083449
18091571
18095949
18097490
18102378
18104700
18106163
18107627
18115375
18123051
18125515
18136600
18143664
18144005
18145537
18153785
18154930
18155760
18157475
18162328
18163368
18164561
18165189
18166565
18167964
18169440
18169485
18179773
18185647
18187497
18187992
18189465
18190460
18198340
18200013
18207041
18207371
18214488
18221031
18222969
18223574
18225533
18227197
18229746
18230937
18230992
18232220
18232236
18237947
18238385
18246674
18252830
18256750
18269878
18271669
18274936
18281075
18288369
18291289
18292279
18294427
18297914
18300747
18302345
18303423
18307061
18309426
18311150
18313980
18325040
18325810
18329248
18330316
18330612
18340376
18340998
18341234
18343897
18345893
18350676
18355770
18356379
18358646
18361821
18362472
18364681
18370033
18372962
18373200
18375215
18379887
18380569
18380749
18384717
18393531
18393796
18403654
18407492
18409930
18410142
18415278
18418195
18419056
18423042
18430154
18432564
18434390
18435952
18439023
18439481
18445384
18450361
18450972
18451797
18459516
18462441
18468659
18473887
18474512
18476143
18477597
18478231
18483834
18487197
18495963
18505420
18510355
18517410
18517768
18528647
18530986
18534259
18536649
18538942
18539219
18539847
18541664
18550106
18552478
18556645
18557368
18559337
18565304
18565932
18566005
18566576
18571946
18574172
18575350
18575580
18575927
18576881
18577732
18578831
18579266
18579846
18580464
18580712
18582142
18593669
18594296
18599809
18601010
18603154
18605639
18612412
18614975
18615254
18616390
18617210
18620679
18622943
18628081
18628323
18640725
18641629
18643762
18646850
18647192
18647795
18651454
18654823
18656955
18672224
18677691
18678052
18685143
18686150
18688750
18694472
18696570
18698571
18698860
18699569
18701647
18703748
18705157
18709578
18710180
18714459
18715991
18720055
18721352
18723839
18725172
18728690
18730701
18730968
18731914
18735492
18736988
18738165
18738716
18739915
18746942
18748788
18749009
18749471
18749527
18751617
18752335
18752699
18754916
18755417
18761684
18764813
18769286
18772401
18777561
18781323
18788233
18789257
18792684
18793383
18794992
18799490
18807335
18810110
18811390
18811611
18812901
18816079
18819050
18820269
18825733
18827468
18830353
18833979
18837155
18837657
18838882
18839520
18841287
18841400
18846877
18849729
18850023
18850125
18850873
18857583
18859495
18859742
18860864
18861133
18861762
18862051
18863043
18863581
18864570
18865031
18866312
18867053
18870891
18874629
18878297
18885507
18886008
18889889
18890874
18892798
18896033
18906317
18911120
18911920
18912149
18913562
18914160
18915442
18925152
18926190
18930917
18936494
18937330
18941496
18943735
18943861
18950205
18953401
18968809
18972102
18980851
18981215
18982305
18982871
18983228
18983245
18987971
18989254
18989353
18991236
18993458
18997230
18997572
18999691
19000971
19004470
19007105
19007238
19007933
19008321
19017027
19027598
19027799
19028968
19032990
19034316
19039285
19047389
19049752
19050485
19052380
19052792
19052833
19053757
19056249
19058713
19059623
19063395
19065918
19066345
19076696
19082789
19086674
19089003
19093152
19094462
19100842
19109306
19113856
19114253
19115538
19122688
19126049
19127192
19133455
19135789
19136077
19137204
19141525
19147361
19148098
19151500
19152414
19154043
19154342
19156658
19160769
19162687
19164322
19166741
19167175
19170584
19171056
19173261
19173775
19175389
19189555
19201285
19204551
19220200
19224329
19228331
19230321
19231654
19232521
19232667
19237461
19243367
19243911
19255629
19256299
19257897
19264517
19270164
19271432
19284507
19285729
19286255
19287350
19287778
19294483
19294844
19298069
19298898
19302368
19304531
19305682
19307430
19310164
19311609
19323262
19324509
19325663
19329921
19339582
19340690
19342182
19345437
19350760
19351597
19351742
19354201
19356383
19357347
19360643
19365124
19365383
19368728
19369198
19374683
19383799
19388835
19393073
19394449
19395537
19396604
19401093
19401506
19404192
19410487
19414008
19414432
19414799
19417104
19417376
19417976
19422415
19427333
19431777
19432635
19440627
19448434
19448595
19449143
19449738
19452392
19456847
19457199
19457327
19465282
19469588
19471711
19472833
19474940
19475010
19476450
19479195
19482988
19484683
19492007
19495017
19496725
19497092
19497127
19497876
19503865
19503941
19505985
19506358
19506669
19507570
19518249
19518506
19520259
19522641
19524264
19532005
19535382
19536879
19540314
19543741
19547881
19550557
19552866
19554665
19560547
19563566
19564007
19572065
19572663
19576509
19583244
19586310
19587492
19589954
19591275
19591887
19596707
19597775
19601935
19602583
19602702
19610078
19614550
19620536
19621720
19623713
19624000
19627787
19628106
19635503
19642058
19647030
19650177
19650680
19652107
19653036
19654385
19655435
19658163
19661594
19663094
19667303
19667345
19668921
19669824
19669954
19681241
19682939
19683342
19685519
19686888
19696212
19701489
19702442
19709119
19712397
19713077
19719221
19724319
19725808
19727403
19728340
19729067
19734945
19737263
19738773
19740021
19743521
19745392
19748655
19748862
19753352
19754879
19760077
19762811
19764927
19773000
19778323
19781175
19787217
19791871
19795471
19799544
19802593
19812397
19815094
19815569
19817991
19821696
19822516
19830122
19837667
19838692
19843185
19844367
19845070
19850242
19853304
19853967
19863514
19866137
19868346
19872850
19873506
19876115
19881227
19882108
19890462
19894708
19896454
19904573
19908882
19911637
19912954
19913029
19913522
19924911
19926863
19928748
19930880
19933638
19934062
19935464
19939328
19940361
19943394
19950426
19951904
19953865
19957309
19967784
19972383
19974865
19975193
19981133
19983578
19985882
19994933
19999684
20002046
20002964
20010298
20013102
20014312
20018687
20019763
20021970
20022457
20023288
20023869
20023984
20025388
20026585
20036486
20036519
20038306
20040502
20045824
20049308
20049509
20052549
20066063
20066893
20067879
20068429
20070262
20072693
20079142
20079990
20080234
20081304
20081978
20082794
20087830
20090249
20090884
20095144
20097447
20099843
20101877
20102600
20105867
20106197
20108330
20110852
20111112
20113144
20114058
20118783
20121128
20125256
20129507
20129968
20137465
20140127
20143182
20146065
20147030
20148775
20149509
20158989
20163616
20164119
20164895
20171808
20175815
20177904
20178391
20178719
20179684
20185211
20186441
20189184
20190721
20196408
20201786
20203108
20204800
20205511
20206674
20209714
20210574
20214177
20218974
20220056
20220298
20221231
20223450
20225526
20225638
20227988
20230453
20230869
20239524
20240673
20243272
20243438
20248432
20249848
20251198
20255142
20258116
20260282
20262694
20263547
20267783
20268955
20272185
20274716
20277090
20280808
20281052
20284082
20285330
20292718
20293833
20294019
20310132
20314375
20320614
20322925
20323669
20332885
20336220
20336531
20338235
20340489
20342553
20345177
20350082
20352207
20354882
20354896
20360527
20366569
20375172
20375523
20381037
20383762
20386559
20387539
20389093
20390115
20390256
20395395
20396425
20401998
20402240
20413154
20413760
20414411
20415103
20422320
20426874
20427132
20428727
20429388
20433549
20437664
20441982
20442959
20444158
20453288
20454621
20454837
20462377
20464046
20472257
20475517
20475526
20476005
20478940
20479775
20479910
20481736
20487557
20488975
20497078
20498112
20504569
20508742
20511771
20512542
20513228
20513882
20513906
20518568
20519389
20522885
20524170
20525476
20527534
20534156
20534830
20542713
20544254
20545230
20545477
20546929
20548207
20550719
20568819
20572328
20575504
20579349
20579559
20579955
20580295
20581298
20581305
20586752
20590260
20600649
20602858
20603523
20604835
20606284
20606721
20614006
20621218
20622192
20624862
20629369
20632983
20633606
20633655
20634025
20648016
20650553
20651122
20653520
20654285
20654499
20654795
20655057
20656711
20658164
20661141
20662675
20663136
20666153
20666807
20666875
20669145
20671640
20678371
20678835
20679148
20681958
20684899
20686068
20686790
20690877
20695206
20696395
20696686
20698563
20703985
20711068
20712076
20712563
20714861
20716986
20717053
20726605
20728559
20729722
20735409
20740643
20741134
20747751
20747771
20751497
20755986
20757468
20759938
20765830
20775388
20779891
20780590
20782748
20783490
20786464
20790167
20791827
20795606
20800613
20802099
20805639
20808778
20809875
20812158
20813957
20830179
20832326
20835595
20839952
20848915
20849190
20850346
20851962
20851992
20858499
20858963
20862295
20863091
20863209
20868011
20869596
20882704
20886660
20887004
20893214
20895834
20903126
20907835
20911233
20916928
20917256
20917674
20918448
20919013
20919847
20921796
20922093
20922231
20922489
20923901
20928426
20929656
20929929
20935397
20936812
20943973
20944900
20954390
20959383
20961757
20965442
20966387
20967166
20971101
20974715
20977058
20978163
20984602
20989585
20996180
20996751
20999786
21001812
21002678
21008366
21008401
21009036
21014572
21018644
21023189
21024740
21033266
21038715
21038945
21041907
21048388
21051825
21052600
21054166
21056024
21062194
21069909
21073125
21073742
21074606
21076468
21077999
21081976
21086110
21087576
21087755
21091274
21093319
21097958
21104341
21108072
21109084
21112248
21115735
21124170
21128460
21130290
21132572
21132998
21136375
21145037
21150639
21156939
21157754
21157839
21159448
21162539
21170949
21171526
21171630
21172041
21172418
21173768
21176418
21187393
21189592
21189647
21196024
21198161
21201311
21204012
21216763
21221959
21223222
21223517
21224273
21226899
21233690
21233928
21237723
21239183
21242017
21242748
21244332
21251131
21256547
21261394
21262092
21262159
21263603
21265589
21269313
21269921
21277054
21279347
21280868
21282225
21290930
21292300
21304395
21304552
21309591
21314530
21315805
21315882
21317775
21318625
21318913
21322544
21331382
21333488
21333551
21339714
21339894
21340501
21343835
21351264
21352134
21362404
21364571
21365465
21366261
21367808
21370639
21371281
21373938
21374575
21375051
21375536
21378402
21380651
21383546
21386586
21387242
21387911
21389820
21390709
21391552
21393069
21397756
21398069
21399971
21401472
21401818
21402990
21403489
21403542
21404289
21407043
21411941
21413756
21424583
21424793
21425139
21434682
21435204
21436440
21438463
21441501
21443502
21447256
21450348
21450371
21451980
21453121
21457501
21457651
21458064
21460101
21460857
21461105
21462736
21464591
21469030
21469510
21475905
21480423
21484200
21484596
21486295
21488377
21489379
21490405
21495443
21500121
21508339
21515533
21518282
21520358
21521003
21521164
21530713
21534798
21535836
21539435
21542158
21542199
21543503
21545476
21545902
21558138
21560090
21565845
21566059
21566110
21566961
21572738
21582750
21586813
21596006
21598759
21599614
21601634
21605619
21606251
21610667
21610762
21612818
21621196
21624453
21628670
21631574
21631796
21632989
21635179
21639130
21648412
21648438
21649905
21649929
21658878
21659985
21662517
21663039
21667700
21667922
21668690
21674367
21676644
21677325
21678541
21680776
21681777
21681816
21682583
21683984
21690189
21691880
21692705
21693471
21698257
21699482
21704960
21708735
21710340
21710454
21721941
21726599
21728199
21733294
21736213
21743222
21748506
21750657
21751266
21753610
21753816
21761730
21768813
21775496
21775716
21778292
21780228
21781482
21789740
21796602
21803908
21807324
21810157
21812726
21812992
21815788
21824819
21830972
21831774
21832891
21841160
21843040
21848357
21862520
21865127
21866513
21866546
21868124
21868313
21870495
21871102
21876175
21877053
21881763
21884840
21885010
21889488
21889812
21891643
21893292
21894528
21899171
21901608
21903468
21903625
21904982
21910531
21914082
21915422
21916881
21917361
21918349
21919932
21920672
21924977
21934021
21934272
21945776
21949311
21953317
21966287
21968761
21970576
21974803
21976734
21984902
21986216
21986246
21987243
21989604
21994018
21996817
21998272
21999873
22001146
22004608
22009597
22016936
22026381
22027196
22032982
22038234
22043567
22043699
22044414
22044439
22049419
22052638
22055671
22057984
22059352
22061466
22062380
22063890
22067044
22069527
22077914
22080021
22080248
22081046
22081307
22083485
22083661
22087810
22093088
22094356
22097153
22097548
22097795
22098017
22098323
22100477
22100686
22108452
22116361
22119187
22121747
22130293
22139845
22141786
22142343
22148054
22149702
22152735
22154483
22157308
22158800
22160642
22166088
22170254
22171268
22171457
22172016
22174216
22174784
22176481
22178090
22178496
22179420
22179516
22179705
22181793
22187810
22191660
22195486
22209604
22209763
22214713
22215235
22218859
22220551
22222558
22230399
22235091
22235378
22235661
22239893
22242348
22242938
22249115
22252126
22253251
22253616
22253873
22255729
22256085
22260387
22261957
22264621
22266258
22266833
22268090
22273751
22274764
22277848
22282924
22285174
22285476
22287014
22290120
22292794
22300661
22301460
22302699
22303684
22306645
22313374
22315219
22315656
22316878
22317014
22318425
22318714
22320522
22322068
22330198
22332769
22333133
22334983
22336174
22336963
22342777
22343543
22343992
22344308
22344684
22350860
22351736
22354742
22356431
22364804
22364896
22366800
22368100
22374202
22374904
22376153
22378637
22382922
22384583
22384884
22385787
22386879
22390732
22395992
22397423
22402500
22403626
22409121
22413944
22416124
22419443
22422927
22428558
22429588
22429667
22434236
22434804
22439909
22448319
22453969
22459200
22463461
22469671
22471402
22473181
22474581
22475312
22480037
22481783
22486918
22495148
22503448
22504205
22504389
22505360
22505566
22507190
22513131
22516782
22520194
22521528
22522241
22522975
22524573
22525286
22525377
22525797
22528049
22529078
22529342
22530640
22537690
22543827
22544414
22544781
22546140
22551734
22556512
22556640
22558135
22565473
22571822
22583453
22586812
22591179
22591291
22592768
22603204
22603705
22604031
22604163
22610483
22610764
22610881
22612593
22614194
22614681
22616088
22619670
22621527
22626311
22632136
22641302
22641364
22642701
22650875
22651610
22652451
22653896
22656445
22657030
22661524
22662763
22668431
22668468
22675991
22679460
22679492
22681021
22681463
22688136
22690051
22690772
22692088
22712152
22715700
22719226
22728253
22733411
22744489
22749310
22752446
22755013
22756066
22758007
22759679
22764302
22765600
22772281
22784437
22794185
22796680
22800733
22800851
22806977
22807466
22808245
22809173
22809828
22813537
22818017
22820094
22820809
22821077
22821666
22829428
22830075
22831078
22832071
22834467
22835564
22836552
22838637
22839995
22841765
22842193
22845531
22848467
22852160
22853952
22854573
22858103
22858565
22861671
22862331
22862895
22864155
22865572
22883571
22885868
22887439
22895565
22902067
22907151
22914549
22914620
22915991
22917886
22920675
22922517
22923616
22932306
22941168
22941810
22942446
22942761
22945394
22947630
22951246
22962948
22967709
22972116
22981532
22984391
22992840
23000618
23003783
23014023
23016003
23016041
23025621
23028210
23032447
23036307
23046420
23048381
23052807
23054742
23056987
23058032
23061402
23066436
23068042
23068450
23069231
23069317
23079608
23081345
23084384
23086049
23087419
23089797
23091115
23092537
23094272
23099075
23099153
23106683
23106827
23106857
23121231
23123091
23124478
23124856
23134529
23138554
23138933
23151051
23151556
23153728
23159313
23159590
23160160
23161645
23171137
23171735
23172776
23174021
23175686
23177487
23177845
23179814
23181890
23184114
23185995
23187370
23190023
23192258
23199293
23206507
23208969
23210742
23225706
23225884
23226072
23228321
23230908
23236918
23237851
23256465
23259527
23261549
23271703
23284294
23286793
23290239
23291513
23291766
23292059
23296589
23300504
23306808
23309934
23310586
23310730
23313454
23314602
23315732
23318314
23318566
23321103
23328172
23329581
23330253
23330819
23330907
23340038
23347333
23353310
23355456
23357546
23359656
23361536
23364416
23364594
23377212
23380039
23380704
23382046
23384446
23386956
23387025
23388082
23390716
23391840
23399122
23401322
23405391
23405887
23406176
23406857
23411632
23412403
23412548
23412734
23415082
23415150
23419433
23426832
23428893
23436522
23438765
23440228
23443596
23444978
23448394
23448625
23450323
23450876
23452688
23453658
23460123
23474644
23477371
23481865
23486164
23486482
23494281
23494287
23496352
23507291
23509187
23516563
23517276
23519859
23520028
23524290
23530066
23533956
23544744
23545443
23546459
23548241
23553471
23554282
23558003
23559900
23563625
23568998
23569310
23569720
23570657
23572165
23575846
23578476
23579245
23579564
23580202
23580402
23585010
23585053
23587277
23589444
23593851
23594058
23598666
23599471
23600081
23615569
23616065
23621011
23622615
23626396
23628879
23631604
23635937
23642332
23643330
23645770
23647391
23655284
23658618
23666420
23666482
23667371
23670123
23677937
23682165
23684688
23685719
23687106
23693119
23693869
23695598
23696122
23700871
23702076
23706523
23708161
23713450
23714792
23715229
23716496
23723621
23726582
23727017
23727182
23729553
23729746
23736483
23743580
23743746
23745968
23746732
23749625
23752278
23759513
23764254
23776932
23777840
23779328
23790805
23793585
23795011
23797489
23804295
23815987
23817265
23820566
23820646
23824070
23838130
23839100
23841653
23843557
23846855
23849267
23850805
23852262
23854179
23854631
23858769
23860675
23861014
23870581
23873552
23874972
23875683
23876237
23888137
23889781
23894808
23901014
23910561
23911995
23913329
23919369
23919998
23922914
23923940
23924114
23928796
23932200
23932472
23934799
23935552
23942525
23943375
23945439
23945483
23946059
23949970
23951549
23955148
23963252
23963818
23963836
23965976
23966916
23973883
23980761
23988167
23990597
23991112
23991175
23992482
23999314
24010399
24015703
24017355
24020424
24024023
24024951
24025722
24030249
24030736
24036280
24038780
24044475
24045187
24050767
24052539
24058540
24063751
24064396
24064660
24065278
24065666
24077640
24083819
24084377
24091606
24094468
24095697
24103224
24108192
24109207
24109419
24113406
24114256
24116785
24132659
24137325
24137767
24145799
24146694
24147922
24151107
24151375
24154096
24154334
24156609
24156819
24161601
24161969
24165257
24168410
24177697
24180459
24185188
24189435
24191873
24191982
24201987
24205060
24206175
24211410
24214886
24231325
24237527
24238868
24240373
24248358
24251861
24253720
24261816
24262109
24262412
24264096
24268190
24268250
24269638
24269645
24270622
24272995
24282016
24283091
24285252
24292340
24293376
24296977
24298493
24301692
24305763
24310805
24311041
24312154
24314062
24314370
24316677
24319583
24322865
24325007
24325478
24328064
24331192
24338936
24342174
24343451
24343493
24349206
24351219
24352126
24355301
24356045
24358022
24360439
24370625
24372288
24378205
24378486
24396340
24396958
24401381
24401738
24402567
24402811
24404270
24405126
24407933
24413450
24416705
24418198
24419845
24421657
24423688
24426625
24426881
24428376
24432305
24439213
24442343
24443739
24445990
24446318
24446883
24448296
24452352
24452784
24459934
24462540
24463862
24464204
24464369
24469677
24470422
24472775
24475330
24475672
24481396
24483094
24488198
24497003
24497112
24500145
24502146
24506299
24506990
24509229
24511182
24512164
24515865
24521486
24521782
24523268
24526818
24534732
24534851
24539498
24547559
24550464
24550851
24550886
24553605
24558398
24560300
24562832
24565937
24567469
24572483
24573940
24574442
24581330
24582095
24582819
24584214
24588281
24592257
24599838
24601854
24615662
24616540
24619408
24621552
24622671
24623542
24623879
24624978
24625507
24629013
24632997
24635769
24641697
24644003
24648969
24660020
24660048
24660861
24662753
24663240
24665205
24667440
24670150
24671848
24681046
24682748
24691242
24693286
24695655
24699556
24700598
24700746
24701909
24703722
24704491
24707920
24709628
24711548
24718404
24724366
24734274
24735989
24736649
24738596
24744177
24745422
24747580
24748297
24751104
24751700
24751864
24759025
24759088
24760904
24770170
24770200
24775031
24786674
24792025
24792885
24797546
24805498
24808118
24808651
24810330
24812317
24812590
24812951
24813375
24814485
24816979
24827494
24831455
24833387
24835767
24839082
24841927
24847396
24850740
24856156
24856986
24859965
24861916
24868611
24869992
24872126
24872371
24876446
24883850
24884640
24886952
24887409
24891470
24897132
24898238
24907632
24909905
24910093
24911884
24917116
24922917
24932222
24935535
24938987
24939336
24939422
24942691
24946076
24947852
24948362
24950980
24951212
24959706
24960588
24963916
24966139
24972338
24972555
24984672
24984682
24984885
24985235
24988971
25001328
25001716
25001782
25004799
25005264
25007933
25008754
25010628
25010772
25012954
25014495
25014796
25016247
25021120
25024162
25025264
25027225
25029953
25031094
25031911
25033682
25034307
25041618
25053032
25059395
25061245
25067048
25068436
25069691
25080409
25081586
25083084
25083173
25085286
25089003
25093583
25096061
25096377
25098809
25107609
25108877
25110038
25110264
25111765
25114737
25122239
25124921
25125776
25136049
25138543
25139640
25140274
25143089
25145631
25147190
25152896
25155558
25158616
25158966
25165193
25166998
25171216
25175215
25175873
25177272
25177529
25181938
25184814
25191649
25191975
25193140
25194397
25197534
25198106
25201818
25205458
25206547
25215756
25218688
25224260
25225317
25228774
25231281
25233849
25237310
25243069
25249191
25249332
25249936
25259807
25260566
25262015
25270816
25275231
25285178
25287268
25288696
25289539
25289755
25305631
25306946
25307459
25319345
25319630
25329845
25339450
25341698
25342349
25343677
25345646
25346106
25346149
25348926
25367659
25367681
25368717
25369594
25375645
25376303
25378490
25386334
25392091
25392774
25394797
25408212
25409532
25428359
25429234
25429427
25432115
25433526
25434448
25436240
25436726
25437696
25444412
25444560
25450920
25456869
25457520
25459174
25462887
25465326
25468522
25482123
25482126
25483543
25484400
25485360
25487339
25488333
25491228
25498669
25501959
25502555
25510772
25517033
25520630
25522367
25523445
25528374
25534023
25537438
25537637
25542685
25543566
25544364
25550180
25550232
25555792
25556180
25558376
25568256
25573401
25580311
25580408
25581779
25584440
25586494
25595537
25600150
25604285
25607611
25608026
25612473
25614934
25617198
25619739
25623605
25626632
25628083
25631415
25635089
25639921
25650009
25652201
25655422
25657010
25658567
25661960
25662582
25665256
25668755
25668907
25676452
25683435
25684380
25687885
25690721
25694115
25696257
25697083
25699377
25706420
25706640
25708332
25713071
25714628
25716319
25720535
25723503
25725657
25728025
25731023
25732175
25734088
25739942
25746643
25748566
25749580
25750561
25752968
25756230
25762278
25764237
25765613
25777936
25778916
25784890
25790167
25792456
25792798
25793588
25798573
25799491
25800474
25801286
25804484
25807079
25810583
25811177
25817615
25819061
25819715
25820196
25832520
25835378
25836017
25838327
25842415
25845718
25848229
25860435
25861894
25866987
25871907
25874430
25876746
25877205
25883704
25883731
25886189
25886687
25886794
25887900
25892531
25892852
25896674
25904720
25906257
25911162
25912828
25924101
25929483
25929889
25933454
25939873
25939971
25940874
25943872
25945916
25946878
25948191
25948825
25949992
25953832
25955918
25958626
25959820
25970037
25975351
25983164
25985687
25988698
25994584
25995011
25997301
26002014
26003492
26003705
26004568
26014914
26018005
26019454
26026707
26037887
26039334
26041051
26044179
26045843
26060219
26060516
26062793
26063409
26065129
26069508
26071945
26072084
26072144
26074130
26077773
26080470
26084690
26089594
26099564
26100701
26102137
26110093
26110903
26115482
26115979
26117637
26118053
26119194
26122079
26125247
26128455
26128582
26129101
26134155
26134323
26134699
26135658
26138338
26143911
26148028
26150984
26158924
26162019
26162077
26165405
26166085
26168226
26168821
26170993
26180369
26181185
26186253
26187697
26192316
26194006
26194598
26198811
26202795
26215783
26217030
26218054
26219203
26219327
26219763
26224949
26228010
26231545
26231922
26233887
26240182
26241129
26241430
26243621
26252886
26253040
26253735
26256617
26258945
26260995
26272519
26273946
26278808
26279507
26280629
26286785
26287746
26295714
26298405
26304657
26305355
26307755
26310950
26320051
26324749
26325672
26326590
26332757
26335512
26335807
26336152
26339231
26349605
26350259
26351195
26357277
26358350
26358602
26359085
26386944
26403187
26406438
26412576
26413068
26413126
26414581
26414964
26417177
26419844
26420430
26422468
26423286
26424037
26425735
26427918
26429808
26432563
26434576
26435778
26437476
26439027
26439469
26439899
26441218
26443309
26445103
26446878
26448253
26451727
26455354
26459440
26466596
26469378
26473558
26480929
26485472
26488127
26488345
26488413
26491756
26493586
26496712
26498545
26500751
26501433
26501611
26503099
26505194
26508314
26508666
26508839
26509129
26509253
26510536
26519148
26520871
26523638
26525265
26526497
26529076
26530825
26532849
26543617
26545078
26548317
26549158
26557467
26568817
26569669
26570923
26580017
26592397
26594661
26597922
26598264
26602235
26603241
26605182
26605813
26605956
26607277
26607451
26608530
26610470
26611254
26619444
26628941
26629288
26630883
26631737
26632263
26633968
26637030
26649964
26652197
26654514
26656765
26657776
26662297
26662708
26665002
26667205
26669339
26679716
26683783
26689919
26689931
26690304
26693801
26695650
26695900
26696825
26697873
26702179
26707920
26708382
26708623
26709217
26717347
26720539
26721387
26725412
26726136
26726139
26729538
26732797
26733340
26733934
26734451
26735981
26739742
26739778
26743582
26744835
26745200
26746731
26749480
26749672
26750374
26751139
26753034
26754542
26755784
26756457
26758756
26759590
26769842
26778316
26779729
26785224
26786402
26787088
26790525
26793140
26794769
26799171
26801763
26804206
26805420
26807670
26810399
26811132
26812770
26819201
26819206
26826733
26842167
26844835
26855602
26858913
26864110
26875291
26880405
26881807
26884823
26885302
26887163
26887496
26887606
26889776
26895728
26899299
26902037
26902394
26902775
26907581
26911223
26915549
26915729
26917547
26922278
26927197
26931463
26942158
26942868
26947065
26949462
26961074
26971098
26974804
26975900
26977837
26981783
26982974
26986207
26988745
26989586
26992355
26995145
26995276
26999960
27011089
27013307
27015341
27020601
27023038
27025506
27034176
27035053
27035439
27036060
27036273
27039717
27041440
27042638
27043703
27046424
27049201
27057216
27060011
27067972
27069192
27071940
27073604
27075270
27076943
27077136
27078272
27079687
27080883
27087563
27090847
27091210
27093412
27093756
27095508
27099967
27101478
27104846
27109227
27121447
27124575
27126178
27126548
27128008
27130845
27138634
27141547
27141585
27145254
27145689
27148271
27153544
27153804
27155168
27158149
27163638
27166753
27169707
27175429
27179094
27180798
27182324
27185670
27187109
27187822
27189311
27192002
27193231
27195808
27202532
27202945
27204351
27205077
27207699
27213463
27221857
27223158
27227353
27227675
27227856
27229183
27232406
27232552
27233687
27236762
27240391
27240553
27241907
27243919
27249593
27250305
27250787
27251864
27255164
27257708
27261213
27261615
27263084
27264299
27269554
27270149
27271828
27272582
27276771
27277903
27280597
27285751
27286626
27288332
27297557
27311230
27311633
27313262
27314941
27317725
27326928
27339487
27342814
27348283
27349124
27350531
27352458
27354883
27360574
27361157
27366234
27368341
27369093
27369486
27378579
27381515
27385069
27393257
27393318
27394950
27395354
27396837
27400574
27401504
27402468
27403054
27406653
27407417
27409076
27410583
27413049
27417396
27418514
27425148
27425555
27427865
27434318
27435376
27436362
27436440
27439213
27442303
27446074
27448487
27451123
27456476
27460181
27461025
27465386
27473436
27474633
27483078
27485813
27490636
27491841
27493886
27494443
27498314
27499408
27499730
27502435
27506416
27508839
27509525
27511809
27517827
27518943
27521893
27522558
27527031
27528029
27531859
27532869
27533539
27534641
27537601
27544339
27545658
27546479
27547916
27551178
27551861
27552801
27552811
27553162
27554346
27563277
27571771
27582652
27583842
27589285
27594371
27595484
27611387
27613736
27618201
27627546
27628116
27631545
27635807
27638392
27640099
27640468
27641975
27645857
27646914
27648065
27652294
27653577
27654356
27654605
27656962
27657086
27659646
27662671
27664602
27668767
27670025
27671280
27672770
27677313
27681572
27681972
27695141
27695953
27699816
27701590
27705471
27707192
27707936
27718730
27723109
27724216
27726976
27727178
27729630
27733140
27735641
27745489
27748630
27750910
27752482
27754649
27754739
27763988
27764233
27765733
27769194
27772965
27775972
27779253
27783354
27784082
27789472
27790412
27795767
27798034
27807553
27810625
27814927
27815628
27821689
27824023
27827638
27829117
27836474
27838218
27839714
27840716
27845646
27847255
27848505
27849149
27852361
27862117
27864056
27864880
27866179
27871735
27872570
27877989
27881494
27885942
27890092
27897335
27914493
27916302
27917448
27917865
27918514
27918618
27922538
27925821
27925925
27929134
27930754
27930988
27933691
27933860
27943278
27947876
27950342
27953425
27954203
27967601
27971140
27971417
27978348
27981061
27982030
27999472
28001639
28004401
28004939
28019935
28030782
28040072
28042739
28043869
28045963
28054849
28062785
28063213
28067311
28069625
28071050
28073845
28074565
28076804
28081740
28085904
28097056
28097608
28099003
28105718
28110235
28117929
28127642
28127772
28129099
28135364
28136011
28142262
28143366
28148998
28154418
28154527
28160311
28163825
28164290
28165081
28169496
28172842
28175422
28175635
28179131
28179667
28189839
28193779
28194242
28199482
28203760
28206212
28206426
28209795
28220289
28223579
28223829
28224662
28229788
28237466
28238709
28248549
28250028
28254194
28256211
28256430
28259850
28265869
28268980
28272561
28277262
28277407
28279357
28279622
28280988
28281774
28285092
28297644
28300487
28308091
28309067
28313720
28315105
28323621
28325448
28334879
28334985
28336517
28343438
28345092
28345537
28354915
28355559
28358715
28359688
28362184
28365171
28366446
28366860
28374511
28378024
28384660
28384830
28391265
28392352
28392808
28401845
28406023
28412054
28414355
28417814
28420136
28422014
28422956
28423073
28423246
28423818
28425085
28430141
28430883
28430943
28436723
28436738
28443272
28446986
28451053
28454248
28456189
28457096
28458505
28461513
28461548
28463452
28464751
28465509
28465702
28470693
28472817
28473025
28473078
28474238
28475463
28477599
28480883
28483708
28484187
28489195
28497977
28506138
28507282
28509541
28518521
28520478
28522223
28522786
28523334
28526043
28526350
28528492
28541478
28541779
28548419
28550067
28552690
28555250
28555599
28557979
28558735
28560512
28562113
28563231
28566740
28568568
28571611
28577559
28580113
28580645
28582242
28582305
28585667
28585727
28586655
28589781
28592423
28595001
28596888
28601978
28605805
28608780
28609523
28613660
28619562
28621144
28623537
28634016
28636054
28638753
28639173
28641481
28642962
28645816
28648888
28656895
28661979
28670059
28670154
28673294
28673791
28675384
28679367
28680828
28682631
28686997
28688976
28689201
28691440
28694519
28698088
28698186
28702335
28704305
28705911
28708901
28711571
28717497
28720985
28725844
28728415
28728594
28733313
28738095
28740646
28741360
28745721
28747994
28752103
28756728
28760502
28760723
28760797
28773858
28780671
28782585
28783560
28784739
28786013
28787362
28797495
28798848
28812932
28814094
28816132
28817525
28817836
28824550
28832176
28833317
28838551
28843311
28847564
28853524
28853617
28854170
28858292
28859356
28862616
28864161
28866356
28868573
28868617
28878467
28880698
28883327
28894639
28896650
28905795
28907383
28914338
28920362
28932033
28933502
28934118
28940409
28942480
28943158
28943863
28951057
28952730
28956623
28962396
28962470
28962824
28965297
28967058
28970325
28970639
28972050
28976117
28977937
28978547
28982188
28985799
28988109
28988612
28990232
28990249
28993772
28996205
29015540
29016190
29016920
29022020
29023581
29023775
29024417
29025114
29026111
29027433
29032868
29036030
29038492
29040520
29040915
29046878
29050035
29050218
29050366
29055954
29062034
29062962
29062978
29067546
29069352
29072736
29072877
29080204
29081653
29082648
29082817
29085210
29086157
29086347
29086795
29087631
29088543
29090355
29092022
29093134
29093438
29100973
29104893
29104995
29105242
29105978
29108580
29112449
29113759
29113909
29118519
29123409
29123827
29125834
29127226
29127435
29133257
29134303
29138554
29139301
29139616
29154642
29156011
29157579
29158291
29160085
29160316
29160987
29174028
29175747
29177352
29179148
29195697
29199743
29200866
29203879
29204621
29204905
29205472
29206489
29206490
29215971
29218302
29221591
29224224
29225417
29231736
29235143
29236520
29244309
29252512
29252751
29260891
29262079
29262487
29265806
29266325
29269055
29269418
29270959
29273511
29274482
29276497
29282841
29285381
29286274
29288287
29288435
29291088
29297380
29298617
29299020
29300440
29304599
29317022
29322209
29323996
29326555
29330866
29332134
29332406
29335885
29338516
29339275
29339626
29339697
29348965
29349193
29351202
29356368
29358134
29359144
29363179
29366022
29367930
29368824
29371530
29372440
29373122
29373814
29377363
29377587
29381382
29382610
29383489
29384260
29384747
29385702
29386309
29388792
29391405
29394112
29398883
29401260
29401565
29401790
29401983
29403576
29407963
29408122
29409996
29410480
29417094
29417822
29420648
29421203
29421923
29425202
29426365
29430662
29431571
29435463
29436823
29445715
29462854
29467697
29468227
29469648
29470346
29483355
29484300
29487854
29488852
29489544
29491143
29491473
29492871
29498460
29503501
29505107
29506737
29507868
29507994
29512713
29513378
29513759
29514538
29521690
29523085
29525228
29530038
29530128
29533335
29536471
29536867
29538234
29546899
29548045
29549592
29550281
29555062
29556472
29561940
29562467
29564849
29568146
29575264
29585005
29589962
29590019
29590808
29591491
29595037
29597875
29597954
29602088
29603480
29607644
29618039
29618054
29619462
29622916
29624137
29626509
29627273
29627580
29631293
29634000
29639204
29640231
29644446
29650206
29650280
29655748
29658173
29658822
29661602
29665026
29670409
29671070
29672566
29672569
29681234
29691636
29694579
29700377
29702618
29709719
29712019
29719208
29727627
29730775
29735710
29739069
29740977
29741031
29746896
29748517
29751302
29751736
29755393
29761089
29765045
29765403
29766231
29775645
29777658
29780202
29783791
29793814
29795489
29801634
29802556
29803014
29803045
29811506
29814117
29814132
29815684
29825780
29826419
29830223
29833470
29835196
29837919
29839810
29846900
29847944
29848373
29849318
29857719
29869112
29870812
29873888
29877150
29878663
29878811
29882205
29882244
29883026
29888304
29889333
29891165
29893337
29897219
29897968
29900994
29902597
29902853
29903642
29903663
29915565
29915604
29917306
29922225
29923226
29924213
29930934
29932923
29937493
29950210
29953366
29958220
29964905
29965297
29966704
29971645
29971897
29974095
29976587
29983170
29984335
29986835
30002147
30004352
30005730
30005803
30012004
30020001
30022945
30023750
30032556
30037542
30038001
30040073
30042094
30042736
30045858
30046914
30047501
30048268
30048642
30051077
30055132
30060613
30062844
30073245
30073302
30073523
30074873
30076893
30084791
30087093
30087923
30088978
30093669
30098030
30099014
30099129
30108229
30109224
30118494
30120004
30120614
30121067
30121543
30127494
30133009
30134215
30135405
30139940
30143647
30145245
30146127
30147056
30148817
30151249
30152299
30159476
30159734
30167472
30168319
30168835
30170479
30171372
30177660
30180950
30185254
30193912
30194704
30203570
30203774
30209908
30211708
30214498
30219887
30227309
30228860
30229535
30231158
30234067
30239702
30240187
30240860
30242550
30242663
30245107
30250175
30250665
30253659
30258156
30260209
30270766
30274514
30274601
30282998
30286572
30289789
30290739
30292802
30296123
30298324
30300997
30301087
30301397
30302115
30304205
30306144
30309055
30313356
30313772
30315611
30319185
30319309
30321533
30323970
30325300
30325743
30327638
30329483
30330309
30331029
30335473
30337083
30337815
30338238
30340654
30341795
30344695
30350007
30353983
30354846
30355019
30358252
30359517
30373506
30385427
30387260
30387791
30393807
30396089
30396321
30398968
30400943
30407221
30407418
30418337
30418435
30419965
30422178
30423223
