300
550
1242
1374
1493
1866
2173
4970
4990
5121
5606
5825
6181
6293
6707
6807
6870
7055
7124
7271
7480
7665
7930
8093
8549
8999
9642
9653
9682
9703
9889
9959
10002
10167
10418
11393
11701
11704
12957
13212
13226
13687
13800
13975
14116
14383
14699
15013
15021
15388
15532
15633
15745
15905
15940
16719
17149
18370
18519
19355
19529
20206
20246
20570
20599
20902
21002
21548
22249
22428
347305
355164
358975
469186
476092
480887
530982
537564
540701
571586
573537
574345
574397
574794
576405
576796
577428
579588
579670
580037
582197
582532
582692
583200
583478
583535
584414
584439
585049
586300
586675
588022
589121
589573
589614
590064
590474
591100
592477
592730
593016
595703
596625
596634
603508
603517
605409
611207
611427
654431
656638
657001
657252
657742
657858
657913
658735
658957
659006
659944
660003
660107
660512
660796
661048
662128
662139
662531
662768
663292
663353
663739
664942
664954
665101
665284
665412
666202
666212
666883
666898
667021
667075
667389
667516
668240
668381
668577
668663
668764
670121
670333
670887
671068
672208
672259
673242
673310
767182
770283
779751
780846
781303
781331
781915
782728
783830
784252
784852
786046
786712
786730
786745
786959
787347
788106
788366
788636
788714
789011
789427
789522
789669
790059
790075
790106
790702
790836
790978
791068
791169
791243
791654
791756
792440
793225
836041
836254
836471
836618
837445
837811
838103
838276
838538
838829
838935
840008
840648
842101
842221
842258
842951
844082
844848
844977
846466
847034
847946
848402
848793
848925
850757
850784
850915
851086
851376
851693
851922
868011
874442
877287
877816
879942
882364
911946
912333
912639
912947
912977
913279
914068
914563
914637
914917
915031
915546
916879
917119
917122
917161
917323
917558
917623
917771
918028
918786
918937
919114
919146
919252
919281
919564
920099
921033
921362
921998
922065
922255
922278
922454
922605
922623
922689
922709
922853
922898
923211
923731
923852
923962
924511
924821
925109
925366
925715
925769
926276
926339
926469
927064
927692
928739
929148
929591
929812
929992
930266
931261
931325
931331
931710
1167063
1167413
1167536
1167695
1167730
1168024
1168340
1168765
1168981
1169097
1169359
1169524
1169613
1169660
1169725
1170093
1170621
1171056
1171742
1171814
1172090
1172157
1172160
1172346
1172359
1172573
1172801
1172939
1173184
1173399
1174049
1174746
1175140
1175373
1175614
1175972
1176044
1176223
1176997
1177354
1178182
1178697
1178790
1178892
1179056
1179317
1180201
1180391
1180468
1180735
1180907
1181086
1181217
1181460
1181585
1182428
1182530
1182897
1183640
1183895
1184026
1184911
1184921
1185670
1186015
1186074
1186594
1186677
1295807
1350947
1351303
1351556
1351907
1351940
1352462
1352668
1352717
1353429
1353651
1353789
1354450
1354650
1355074
1355199
1355289
1355519
1355532
1355842
1355920
1356341
1356441
1356789
1357333
1357383
1357434
1358916
1359063
1359182
1359365
1359366
1361075
1361181
1361320
1362368
1362521
1363089
1363321
1363342
1363881
1364312
1364449
1364574
1364704
1364749
1365030
1365414
1365421
1365567
1365677
1365776
1365823
1365830
1365851
1366219
1366292
1366296
1366373
1367012
1367202
1367406
1367488
1367596
1367659
1368169
1368317
1368499
1368597
1368648
1368855
1368998
1369290
1369363
1369379
1369741
1369837
1370190
1370298
1370570
1370832
1479044
1479692
1480177
1480348
1480403
1480533
1480698
1480860
1481805
1482466
1482590
1483170
1483195
1483279
1483973
1484062
1484611
1485003
1485228
1485330
1485717
1486446
1486699
1486905
1486936
1487027
1487402
1487422
1488853
1489112
1489352
1489383
1489462
1490012
1490024
1490563
1491105
1491154
1507982
1508618
1514909
1517783
1560265
1564076
1569342
1609728
1611297
1611318
1611786
1612061
1612786
1613349
1614632
1614750
1614819
1616643
1616679
1616869
1617829
1618237
1618612
1619263
1619458
1619881
1621763
1621889
1632081
1679796
1679890
1679968
1680398
1680451
1680546
1680763
1681020
1681098
1681209
1681272
1681363
1681991
1682337
1682527
1682848
1683007
1684354
1684573
1685066
1685174
1685303
1686400
1686521
1686598
1687074
1687114
1687320
1687933
1687991
1688060
1688385
1688405
1689164
1689305
1689680
1689768
1689988
1690260
1690523
1691553
1691745
1692041
1692380
1692730
1692732
1693768
1694271
1694525
1694646
1694966
1695078
1695275
1695495
1695594
1695717
1695750
1695874
1696084
1696396
1696519
1696684
1697227
1697359
1697476
1698383
1698426
1699026
1862328
1862342
1862398
1862703
1862759
1862963
1863349
1863512
1864063
1864100
1864169
1864300
1864307
1864379
1864591
1864655
1864737
1865038
1865046
1866087
1866337
1866651
1866779
1867300
1867387
1867513
1867573
1867689
1867772
1867797
1867833
1867992
1868470
1868800
1869426
1869454
1869612
1869626
1870328
1870385
1870671
1870891
1871011
1871326
1871623
1872371
1872563
1872916
1872976
1873223
1873288
1873291
1873891
1873980
1874030
1874184
1874489
1874679
1875340
1875372
1875458
1875906
1931397
1932320
1932498
1932620
1932888
1933626
1933767
1935577
1938022
1938128
1938342
1938750
1938877
1940065
1940354
1940533
1941905
1942537
1943478
1943499
1943502
1945136
1946855
2011153
2011984
2012191
2012481
2012781
2013029
2013312
2014220
2014354
2014364
2014529
2014567
2014593
2014743
2015057
2015659
2015995
2016305
2016648
2017048
2017644
2017900
2018044
2018070
2018129
2018173
2018622
2019035
2019088
2019152
2019396
2019723
2019804
2019958
2020103
2020130
2020219
2020315
2020644
2020697
2020971
2020981
2021181
2021432
2022570
2022619
2022925
2022950
2023019
2023130
2023210
2023516
2023733
2023788
2023971
2024286
2024377
2024487
2024898
2024981
2025048
2025087
2025137
2025621
2026131
2053556
2054149
2055385
2055998
2056063
2056109
2057594
2057792
2057983
2058088
2058117
2058201
2058784
2058922
2059527
2059654
2060611
2060880
2061506
2062138
2062312
2062488
2063353
2064366
2064371
2065655
2155225
2162048
2227261
2228321
2229029
2229734
2229771
2230024
2231962
2231985
2232750
2232897
2232936
2234239
2236121
2236706
2236736
2237381
2238069
2238910
2239175
2239186
2272674
2286962
2414787
2414879
2415895
2416139
2416615
2417166
2417348
2417610
2418206
2419138
2419483
2419720
2420476
2420826
2421457
2421708
2424406
2426685
2499319
2500441
2500687
2501264
2501398
2501860
2505520
2506292
2508168
2512259
2567626
2567790
2567865
2568985
2569162
2569239
2569437
2569667
2570051
2570087
2570289
2570406
2570518
2570626
2570811
2571376
2571522
2571957
2571971
2572176
2572391
2572411
2572573
2572887
2573036
2573307
2573359
2573484
2573746
2573785
2573815
2574038
2574307
2574589
2574952
2575001
2575030
2575125
2575490
2576082
2576198
2576459
2577238
2577652
2577725
2577950
2578085
2578165
2579443
2579486
2579542
2579652
2579662
2579791
2579818
2580007
2580035
2580083
2580266
2580278
2580489
2581261
2581286
2581699
2582197
2582706
2583324
2583391
2583625
2584331
2584347
2584993
2585180
2585212
2585498
2585685
2586015
2586262
2586307
2586616
2586884
2586908
2587339
2587579
2587931
2587942
2588134
2588217
2588531
2588927
2589108
2589453
2590149
2590410
2590749
2591065
2591396
2591639
2591666
2592235
2592421
2593613
2594108
2594142
2594417
2594844
2595012
2595119
2595767
2595811
2596207
2596421
2596485
2596882
2598194
2598367
2598632
2599558
2600177
2600962
2601039
2601142
2601547
2601827
2601845
2601846
2601973
2602629
2603695
2604138
2604302
2604585
2604728
2604892
2604924
2604975
2605307
2605411
2605868
2605901
2606301
2606430
2606498
2606567
2790036
2790148
2790272
2791610
2793337
2793669
2793769
2795509
2795862
2797477
2799868
2801448
2801826
2887263
2889465
2892996
2893589
2895632
2896323
2896454
2897097
2898955
2900748
2901769
2902448
2903226
2903477
2905112
2926737
2934815
3000713
3001001
3002507
3002965
3003785
3005024
3005744
3006956
3008481
3008495
3009620
3010507
3011583
3011930
3013910
3014197
3017706
3018332
3018413
3018762
3040368
3040689
3041195
3042189
3042505
3043010
3043482
3043833
3044172
3044512
3045017
3045484
3045777
3046582
3046830
3046913
3047670
3047694
3047721
3047741
3048211
3048327
3048422
3048530
3048765
3048903
3050478
3050931
3052327
3052369
3052641
3052699
3052838
3052866
3053045
3053426
3053518
3056286
3229238
3230207
3234211
3239405
3267412
3267855
3268840
3271236
3274615
3275075
3276047
3276539
3277638
3278634
3280033
3302560
3302994
3303650
3303750
3303782
3303834
3304530
3304616
3304762
3304882
3305475
3305649
3305822
3305846
3306151
3306359
3306714
3306946
3307326
3307447
3307705
3308174
3309191
3309635
3309747
3309770
3309903
3310042
3310320
3310525
3310595
3311044
3311139
3311293
3312070
3312294
3313312
3313501
3313607
3313837
3314162
3314186
3314214
3314328
3314361
3314373
3453346
3453773
3454228
3454233
3455067
3456620
3459092
3462018
3463589
3463735
3465751
3467051
3474146
3474476
3474612
3474783
3475761
3475983
3476045
3476607
3477104
3477752
3478035
3478531
3478577
3479253
3479338
3479371
3479980
3480366
3481074
3481404
3482174
3482905
3483073
3484141
3484447
3484677
3485502
3485977
3486010
3486187
3486206
3486420
3486781
3487921
3488572
3489962
3492031
3501356
3526742
3526858
3526877
3527493
3527908
3528339
3528367
3528381
3528635
3529155
3529714
3529739
3530466
3530908
3531176
3531843
3532429
3532706
3533203
3533455
3533621
3533883
3533922
3534053
3536460
3536611
3537278
3538486
3538543
3538840
3539489
3539775
3540028
3718586
3718619
3719075
3720221
3721825
3721872
3721879
3722240
3722585
3722925
3723038
3723063
3723162
3723998
3724683
3724904
3725010
3725753
3725864
3726676
3726767
3726825
3726959
3727856
3728700
3728750
3728973
3729094
3729347
3730336
3730880
3731344
3731777
3731778
3731978
3731996
3732240
3732574
3732970
3733096
3733155
3733651
3734165
3734653
3735544
3735578
3735713
3735946
3736572
3736584
3736643
3736964
3737379
3737419
3737477
3737678
3737896
3738206
3738465
3739216
3739807
3739935
3741220
3741233
3741604
3741725
3741758
3765271
3765579
3766137
3767359
3770018
3770651
3770826
3771090
3771927
3772545
3773510
3774905
3778117
3778155
3778564
3850188
3850577
3852777
3853461
3853585
3854495
3855202
3857064
3858564
3859295
3860034
3863616
3864889
3867128
3867637
3867833
3869087
3873150
3873276
3873621
3874640
3875360
3876475
3880675
3881738
3881994
3882249
3883013
3883026
3883378
3884651
3884819
3884951
3885209
3885333
3885674
3886155
3886209
3886655
3886824
3886885
3887001
3888467
3888754
3889001
3889142
3889820
3889984
3890182
3890585
3890710
3891086
3891231
3891709
3891888
3891899
3892543
3893007
3893532
3894160
3894323
3894442
3894474
3894573
3895489
3895864
3896106
3896340
3896814
3896926
3896958
3897210
3897594
3898081
3920461
3922632
3924217
3927813
3928386
3930374
3930728
3930750
3932797
3934243
3934370
3935384
3935908
3936856
3938696
3941648
3941998
3942231
3942943
3944725
3946538
3946768
3947097
3948191
3948857
3948879
3949327
3949881
3952326
3952751
3955054
4025460
4025499
4025849
4026308
4026340
4026434
4026550
4026568
4026753
4027043
4027695
4027741
4027996
4028128
4028132
4028450
4028715
4028971
4029513
4029776
4030242
4030726
4031638
4031964
4032900
4032905
4032942
4033313
4033884
4034114
4034306
4034744
4034827
4035357
4035773
4035871
4035881
4036140
4036362
4036444
4036541
4115521
4115645
4115742
4115980
4116274
4118119
4118645
4119605
4119674
4119923
4120236
4120547
4120938
4120953
4121508
4121672
4122290
4122680
4122783
4122907
4122931
4123053
4123061
4123246
4123498
4124354
4124818
4125152
4125342
4125730
4125764
4125783
4126111
4126433
4126924
4127146
4127395
4127592
4127643
4129385
4129763
4129818
4129989
4130348
4130378
4130452
4131141
4131470
4131538
4131573
4131618
4131625
4131754
4131986
4132225
4132500
4132889
4132930
4165471
4165953
4167555
4168104
4169509
4170831
4171277
4175457
4175761
4178460
4179007
4179172
4179733
4180552
4181952
4182918
4183581
4184669
4184897
4185848
4186185
4186353
4186360
4186789
4186816
4188074
4188361
4188501
4188518
4189494
4189590
4189701
4189927
4192096
4217132
4221431
4223118
4227842
4367512
4367921
4368013
4368323
4368559
4369017
4370055
4370163
4370406
4370653
4371114
4371184
4371352
4371940
4372486
4372740
4372978
4373220
4373380
4373573
4373744
4373839
4373998
4374454
4374798
4374918
4375055
4375078
4375362
4375783
4376077
4376245
4376335
4376354
4376399
4376417
4376455
4376877
4377420
4377466
4377638
4377959
4378262
4378396
4378835
4378885
4379330
4379369
4379497
4380128
4380188
4380389
4380436
4380444
4380736
4380896
4380953
4381270
4381778
4381866
4381928
4383105
4406271
4407994
4409006
4409757
4411771
4412528
4412849
4413116
4414218
4414689
4414803
4415342
4417238
4418480
4420634
4423677
4424798
4445216
4445716
4445792
4445808
4445822
4446609
4446790
4447239
4447290
4447447
4447522
4447883
4448016
4448428
4448547
4448600
4448664
4448687
4448734
4448758
4448928
4449159
4449292
4450176
4450236
4450257
4451679
4452242
4452943
4453126
4453298
4453339
4453555
4453825
4453888
4454070
4454429
4454765
4455007
4455037
4455427
4455650
4455654
4456238
4456746
4456877
4457133
4457487
4457507
4457563
4457602
4457850
4457937
4457950
4458004
4458027
4458189
4458571
4458582
4458614
4458682
4458695
4458763
4458915
4459276
4459300
4459411
4460031
4460110
4460210
4460231
4460379
4460508
4460864
4461461
4461532
4461752
4461803
4461882
4566582
4566854
4566949
4566988
4567397
4567417
4567714
4567947
4567953
4568013
4568320
4568482
4568916
4569024
4569179
4569549
4569557
4570246
4570450
4570870
4571446
4571822
4573431
4573546
4573752
4574023
4574364
4574392
4574806
4575157
4576080
4576135
4576592
4576796
4577044
4578434
4578837
4579122
4579456
4579636
4579770
4579896
4579943
4580274
4580297
4580319
4580446
4581764
4582233
4582420
4582501
4582507
4582549
4582628
4583030
4583182
4583398
4583632
4583761
4584373
4584720
4584882
4585135
4585603
4585673
4585989
4586478
4586566
4586741
4586909
4936558
4938363
4942778
4944708
4946508
4951063
4953303
4956702
4956754
4956757
4956818
4958002
4959131
4959406
4959503
4959539
4960497
4960921
4961532
4963149
4963809
4964052
4964138
4964360
4965477
4965731
4966078
4966303
4969926
4970146
4970239
4972308
4972681
4972789
4973109
4973265
5011717
5011926
5012526
5012706
5012735
5012871
5013223
5013303
5013525
5014289
5014315
5014377
5014496
5014618
5015124
5015594
5015671
5016216
5016381
5017028
5018038
5018346
5018716
5019057
5019108
5019359
5019890
5020359
5020728
5021185
5021986
5022779
5023235
5023386
5023620
5024177
5024971
5025051
5025276
5025282
5025460
5026054
5026374
5026499
5027322
5027685
5028052
5028061
5028101
5028275
5028653
5029429
5029607
5029646
5029707
5030576
5030640
5031117
5031132
5031207
5035407
5038677
5039186
5261344
5261456
5262299
5262398
5263049
5263986
5264452
5265230
5265878
5266004
5266145
5266289
5266758
5267084
5267552
5268537
5268918
5269087
5269139
5269234
5269478
5269858
5269948
5270095
5270109
5270521
5271374
5271517
5271752
5272375
5272737
5273196
5273312
5273341
5273393
5273706
5273933
5274381
5274647
5275049
5275115
5275165
5275532
5275876
5276183
5276218
5276334
5276470
5276641
5276878
5276931
5277207
5277750
5278084
5346698
5349158
5350061
5351287
5351457
5356253
5357490
5362153
5362364
5363676
5363951
5365925
5367217
5367646
5405022
5407402
5417248
5418565
5419101
5420605
5557992
5558594
5558993
5559273
5560000
5560136
5560390
5560702
5560756
5561413
5561724
5562074
5562547
5563394
5563818
5564044
5564393
5564713
5564721
5565432
5565721
5565753
5566304
5566400
5566658
5567023
5567146
5567376
5567652
5567879
5567893
5568423
5568568
5569236
5569256
5569272
5570775
5571060
5571313
5571844
5571883
5571976
5572151
5572343
5572455
5572839
5572990
5573121
5574469
5575282
5575375
5575558
5576300
5576526
5576613
5577700
5577827
5577864
5578262
5578673
5578790
5579358
5603679
5603891
5604733
5769730
5769749
5769836
5769951
5770632
5770801
5770891
5771141
5771277
5771769
5771959
5771959
5772056
5772139
5773164
5773459
5773832
5774359
5774371
5774939
5774946
5775205
5775315
5776108
5776466
5776480
5776631
5776727
5776788
5776939
5777141
5777301
5777407
5777410
5777462
5777583
5778125
5778288
5778519
5778533
5779139
5779259
5779295
5779966
5780327
5780367
5780403
5780473
5780611
5781531
5781767
5782102
5782420
5782523
5782740
5782838
5782887
5782965
5783019
5783345
5783365
5783781
5784208
5784361
5784474
5784591
5785014
5785335
5785516
5785585
5785629
5785802
5785992
5786133
5786341
5786349
5786354
5786910
5786998
5865358
5867199
5868699
5875024
5876966
5880328
5880558
5884284
5954794
5954920
5955613
5955821
5956056
5956969
5957030
5957834
5958597
5959003
5959207
5959435
5959529
5959819
5960186
5961095
5961208
5961539
5963231
5963396
5963617
5964861
5965253
5965326
5965825
5966273
5966422
5967553
5967592
5968320
5968357
5968871
5970399
5972233
5972557
5972602
6008983
6068411
6068991
6072689
6073030
6074479
6074845
6084542
6103780
6103798
6104482
6104520
6104727
6104814
6105085
6105173
6106261
6106994
6107038
6107348
6107666
6107696
6107757
6107832
6107944
6108048
6108185
6108551
6108605
6109313
6109558
6110133
6110404
6110600
6110808
6110877
6111141
6111175
6111536
6111626
6111723
6111876
6111889
6111952
6112051
6112233
6112404
6112596
6112858
6113227
6113404
6113912
6114174
6114314
6114554
6115234
6115586
6115650
6115914
6116100
6116179
6116238
6116405
6116515
6116726
6116762
6116774
6117009
6117486
6117609
6117716
6117773
6117966
6118360
6118367
6118618
6118645
6118905
6119309
6119339
6119384
6119613
6119967
6119977
6120194
6120253
6120702
6120759
6120814
6121025
6121104
6121203
6121221
6121715
6121913
6122003
6122216
6122732
6301112
6375529
6375547
6376209
6376353
6376412
6376723
6377256
6378700
6378882
6379021
6379107
6379451
6379478
6379705
6379871
6379950
6380052
6380120
6380345
6380572
6381089
6381141
6381842
6381967
6382098
6382591
6382923
6382999
6383580
6383898
6384258
6384418
6384878
6385045
6385078
6385377
6385439
6385639
6385839
6386082
6386745
6386896
6386912
6387467
6387637
6388140
6388311
6388582
6389301
6389315
6389504
6389626
6389923
6390573
6390793
6391294
6391650
6391911
6391955
6392401
6392480
6392520
6392630
6392824
6393792
6394067
6394662
6394810
6394917
6394969
6395279
6395410
6395577
6395618
6395791
6396014
6396287
6396336
6396548
6396669
6396914
6397074
6397303
6397412
6397551
6399809
6419440
6420104
6420252
6420522
6421107
6421603
6422525
6423042
6427417
6427650
6427682
6429636
6430215
6430434
6430942
6433495
6436472
6436820
6437619
6438125
6438905
6536039
6561149
6562066
6564110
6564723
6570914
6582848
6587954
6587989
6589746
6608689
6609651
6609950
6610326
6610916
6611784
6612156
6612792
6612908
6613702
6614430
6616596
6618674
6620023
6620439
6620988
6622695
6623198
6700000
6713418
6713427
6713433
6713483
6713613
6713696
6713864
6713962
6714457
6714673
6717126
6717963
6719761
6719953
6720271
6720433
6720523
6720553
6720570
6721307
6721502
6721751
6721868
6722054
6722388
6723520
6723892
6724542
6724558
6724801
6725099
6725366
6725739
6725794
6726024
6727153
6727252
6727327
6757589
6786074
6786499
6786842
6787295
6788208
6790087
6791267
6791479
6791492
6791987
6792997
6794851
6795165
6795600
6796854
6797114
6797478
6798578
6798696
6800971
6802737
6867831
6871248
6873629
6882766
6883340
6883367
6883618
6883643
6884178
6884578
6884715
6884973
6885090
6885555
6885713
6885801
6885824
6886038
6886634
6886754
6887233
6887593
6887734
6887986
6888418
6888464
6888588
6888673
6888895
6888967
6888980
6889497
6890636
6891360
6891594
6891775
6892140
6892190
6892552
6892675
6893145
6893177
6893488
6893662
6893729
6893788
6893839
6893940
6894207
6894379
6894419
6894955
6895971
6896327
6897351
6897356
6897884
6898134
6898489
6969967
6970254
6970859
6975165
6977631
6978757
6979250
6979943
6982222
7033824
7033975
7034178
7034231
7034626
7034694
7034824
7034922
7035405
7035724
7036029
7036068
7036399
7037584
7038702
7038888
7038955
7039108
7039113
7040557
7040621
7040798
7041262
7041406
7042363
7042551
7042556
7042876
7043218
7043468
7043558
7043841
7044435
7044493
7045246
7045347
7045490
7045881
7046198
7046226
7046322
7046769
7046921
7046934
7047254
7047390
7047434
7047705
7047764
7048282
7048715
7048859
7049564
7050080
7050105
7050193
7050299
7051145
7051377
7051495
7293692
7293903
7294083
7294193
7294469
7294571
7294877
7295063
7295110
7295184
7295206
7295266
7295348
7295389
7295795
7296178
7296361
7296576
7297244
7297290
7297506
7297715
7297850
7298202
7298335
7299718
7300509
7301013
7301206
7302056
7302558
7303786
7303956
7303977
7304228
7304238
7305615
7305621
7305641
7305740
7305764
7305871
7306014
7306369
7306460
7306768
7306789
7306896
7306978
7307367
7307564
7307656
7307669
7308171
7308697
7309370
7309762
7309977
7310636
7311222
7311501
7311625
7311823
7311966
7311988
7312165
7312242
7415551
7420732
7421356
7422474
7423522
7425315
7425749
7428455
7469022
7469349
7469537
7471111
7471397
7471574
7471641
7471646
7471784
7472340
7472398
7472521
7472579
7473910
7474128
7475387
7475544
7475870
7475973
7475993
7476315
7476822
7477561
7477724
7477821
7478923
7479268
7479871
7479931
7480023
7480256
7480827
7480983
7481014
7481031
7481037
7481895
7482794
7484309
7485246
7486084
7486218
7486338
7486355
7486402
7535646
7536510
7536804
7539059
7539693
7540278
7541818
7541991
7544234
7547173
7547608
7548312
7548895
7549190
7549860
7549923
7550582
7550654
7550704
7551132
7551467
7551797
7552018
7552159
7552226
7553039
7553113
7554198
7554344
7554537
7554934
7555332
7555598
7555976
7556053
7556212
7556535
7556735
7557084
7557997
7558412
7559202
7559375
7559604
7559606
7559892
7560346
7561136
7564018
7565893
7569874
7571732
7572526
7582018
7649115
7649845
7649937
7650214
7650236
7650434
7650708
7651187
7651383
7651440
7651505
7652012
7652473
7652637
7652639
7652939
7653311
7654171
7655223
7655284
7656286
7656414
7656591
7657470
7657587
7657801
7657854
7658463
7658775
7659148
7659257
7659589
7659819
7660129
7660312
7660826
7661468
7661722
7662068
7662473
7662478
7662821
7662963
7663191
7663246
7663505
7664007
7664232
7664775
7664795
7664875
7664915
7665356
7665485
7665609
7665939
7665967
7666229
7666409
7666509
7667411
7667595
7668225
7669064
7669153
7669566
7669705
7669771
7669885
7670396
7671219
7671523
7693370
7694806
7696775
7696861
7698823
7699133
7701484
7703498
7705087
7707365
7708155
7709733
7713890
7823402
7824390
7824499
7824501
7826188
7827324
7827814
7828295
7828854
7830751
7832323
7832807
7833242
7834828
7835062
7835391
7835983
7836054
7836202
7836228
7836380
7837867
7838261
7838428
7839630
7840115
7840225
7840670
7841903
7842552
7997176
7998362
7998718
7999318
7999652
7999701
8000626
8001238
8001335
8001336
8001914
8002647
8002649
8003070
8003708
8004391
8004901
8005765
8005921
8005957
8006766
8006773
8006866
8006933
8008624
8008889
8170195
8170628
8171049
8171704
8171819
8171885
8172400
8172898
8173135
8173142
8173207
8173849
8173865
8173889
8173955
8174097
8174318
8174868
8175091
8175158
8175257
8175875
8176234
8176652
8176887
8176981
8177131
8177490
8177752
8177828
8178509
8178824
8178839
8179870
8180057
8180125
8180754
8180805
8180842
8181076
8181090
8181421
8181959
8183016
8183024
8183557
8184096
8184108
8185715
8185839
8185991
8186117
8186212
8186445
8187169
8188696
8188710
8189352
8189362
8189453
8189760
8189925
8190567
8229285
8229853
8229980
8230429
8230633
8230645
8230992
8232270
8232317
8232447
8233053
8233889
8235611
8235622
8236756
8236821
8236886
8237383
8237552
8237917
8238198
8238373
8238716
8238939
8239249
8239421
8239725
8240456
8241524
8242503
8243103
8243741
8244826
8246145
8246251
8246322
8246491
8247121
8248090
8248762
8248860
8249860
8250080
8250479
8251846
8286679
8286711
8286936
8287067
8287989
8288262
8290676
8292119
8293937
8294850
8295280
8296905
8297502
8298296
8298375
8298636
8298683
8316777
8405704
8406369
8406477
8408319
8408916
8408983
8409139
8409485
8409591
8410609
8410706
8411203
8411480
8412140
8412828
8413214
8413986
8414374
8414439
8414666
8414841
8415054
8415111
8415522
8415739
8415753
8415979
8416034
8416660
8416909
8417348
8417356
8417489
8417781
8417899
8418241
8418485
8418912
8419611
8419698
8419986
8420011
8420082
8420083
8420084
8420972
8421279
8421322
8421479
8422237
8422475
8476363
8487458
8490815
8530222
8531663
8532576
8532981
8533989
8534567
8535588
8535724
8535925
8536923
8539447
8540742
8542333
8543290
8543776
8544027
8546322
8546576
8547029
8547832
8551749
8552837
8553013
8553090
8553141
8651055
8652540
8654807
8662367
8668148
8670864
8670937
8691833
8691845
8691934
8691993
8692212
8692283
8692335
8692499
8692549
8692722
8693005
8693006
8693011
8693069
8693230
8693674
8693854
8694052
8694408
8694535
8694768
8694838
8695106
8695108
8695213
8695298
8695359
8695638
8696073
8696327
8696344
8696376
8696602
8697027
8697116
8697479
8698807
8699183
8699278
8699587
8700140
8700355
8700569
8700901
8700943
8701327
8701632
8701710
8701874
8701901
8702517
8702525
8702556
8702621
8702931
8703066
8703093
8703611
8704906
8704956
8705292
8705363
8705432
8705589
8705623
8705955
8705958
8706074
8706193
8706197
8706494
8707277
8707321
8707524
8707614
8708044
8708100
8708134
8708276
8708325
8708671
8709310
8709747
8709989
8710376
8710698
8710847
8711224
8711333
8953977
8954004
8954484
8954758
8955901
8956579
8956745
8958058
8958182
8958366
8958410
8958794
8959139
8959677
8959964
8960073
8960309
8960371
8960828
8961232
8961348
8961416
8961932
8962015
8962381
8963590
8963873
8963990
8964249
8964371
8965172
8965193
8965285
8965613
8965879
8965927
8966058
8966165
8966325
8966741
8966928
8967094
8967171
8967714
8967898
8968200
8968349
8968720
8970981
8971589
8971781
8974042
8976714
8977039
8980421
8980690
8981165
8981929
8982805
9001401
9002993
9003373
9003654
9004960
9007040
9007886
9009082
9010538
9011313
9013666
9017130
9018928
9065728
9068420
9072528
9109070
9151834
9151941
9151942
9151960
9152007
9152365
9152591
9154554
9154575
9155542
9155727
9155845
9155854
9155920
9156008
9156136
9156200
9156480
9156561
9156773
9157173
9157369
9157640
9157949
9157959
9157984
9158100
9158312
9158755
9159991
9160084
9160097
9160179
9160656
9160824
9160946
9161136
9161841
9162249
9162397
9162530
9162602
9162608
9162934
9163215
9163410
9163957
9164038
9164600
9164660
9164975
9165416
9165440
9165586
9166290
9166306
9166565
9166590
9167272
9167282
9329658
9329740
9330137
9330961
9330967
9331689
9331694
9331807
9331881
9332121
9332190
9332374
9332809
9333203
9333598
9333973
9333992
9334061
9334182
9334248
9334938
9335845
9335962
9336006
9336716
9336750
9336876
9337450
9337509
9337615
9338010
9338219
9339611
9339683
9339904
9340321
9340652
9341100
9341181
9341671
9341904
9342134
9342221
9342256
9342409
9343052
9343858
9343995
9344990
9345063
9345501
9346035
9346393
9346410
9346858
9347036
9347066
9348293
9348404
9348739
9348890
9349063
9349281
9349371
9350080
9350516
9350590
9351041
9351163
9351317
9351424
9351597
9351685
9352412
9352458
9463633
9463906
9471054
9472554
9474867
9474922
9478226
9478289
9480045
9529385
9529879
9530005
9530078
9534138
9534541
9535649
9535800
9541829
9543125
9543271
9545171
9546771
9549392
9550295
9550960
9550970
9551005
9551517
9551868
9554062
9554669
9554904
9556885
9557092
9558405
9558652
9560226
9561233
9561554
9561609
9561795
9561897
9562315
9563370
9564467
9565554
9565692
9567074
9568254
9568312
9569920
9570047
9570526
9571818
9637837
9637969
9638047
9638249
9638290
9638779
9639727
9639826
9639890
9640103
9640277
9640700
9640782
9640828
9641278
9641388
9641516
9641766
9641831
9641951
9642080
9642172
9642489
9642515
9643909
9644032
9644103
9644155
9645058
9645119
9645200
9645212
9645343
9645362
9645551
9645647
9645647
9645734
9645739
9646154
9646489
9647202
9648352
9648534
9648964
9648993
9649175
9649289
9649370
9649453
9649546
9649914
9649994
9650673
9804063
9804350
9804504
9804750
9804772
9805092
9805105
9805175
9805211
9805797
9805894
9806239
9806387
9806444
9807079
9807542
9807855
9807900
9808389
9808594
9808714
9808873
9808897
9808900
9809376
9809404
9809782
9809819
9810011
9810134
9810491
9810543
9811456
9811556
9811871
9812453
9812706
9813095
9813563
9813971
9814090
9814152
9814573
9814849
9815048
9815406
9815622
9816072
9816092
9816119
9816183
9817027
9817227
9819038
9819055
9819211
9819387
9819920
9819926
9819999
9820043
9820335
9820499
9820509
9820883
9821136
9821177
9821182
9821560
9821972
9822023
9822215
9822930
9823224
9823374
9823487
9823506
9823703
9823812
9823961
9824097
9824358
9824751
9825062
9825453
9825645
9826111
9826572
9826636
9826857
9950197
9950201
9951000
9951300
9951534
9951544
9951547
9952093
9952288
9952592
9952603
9952611
9953213
9953479
9954490
9954840
9956922
9956969
9957012
9957172
9957392
9957745
9958317
9958585
9958962
9959226
9959275
9959382
9959726
9959805
9960604
9960605
9960786
9961038
9961139
9961704
9962188
9962447
9963401
9963785
9963927
9964758
9964775
9965009
9965117
9965250
9965325
9965514
9965652
9966102
9966441
9966812
9966970
9967086
9967115
9967866
9968052
9968425
9968436
9968800
9969398
9969969
9973608
9974478
9975441
9978655
9986711
9988147
9989247
10084731
10084735
10084774
10085305
10085324
10085386
10085664
10085706
10085957
10086326
10086814
10086840
10086995
10087000
10087365
10087560
10087594
10087597
10087764
10087930
10087967
10088114
10088382
10088478
10088629
10088666
10088765
10088795
10089084
10089244
10089645
10089692
10089822
10090227
10090629
10090818
10090820
10091083
10091267
10091777
10091784
10091863
10091892
10091925
10091961
10092496
10092727
10092792
10093093
10093227
10093341
10094266
10095021
10095134
10095139
10095293
10095752
10095770
10095869
10095901
10095971
10096521
10096659
10096725
10096983
10097295
10097454
10097478
10097602
10097679
10097681
10097703
10098261
10098391
10098458
10098580
10098645
10098664
10098761
10098839
10099038
10099364
10099772
10100115
10100126
10100339
10101021
10101209
10101652
10101742
10101971
10102003
10102480
10102761
10102836
10102942
10103195
10103337
10103775
10104166
10104375
10104981
10105115
10105541
10105620
10105770
10105817
10105914
10106023
10106915
10107026
10107470
10107892
10194044
10195226
10195584
10196509
10196578
10197664
10197767
10197994
10198956
10199461
10199770
10200496
10200658
10202488
10203176
10203553
10203628
10203629
10203762
10204573
10204852
10204900
10205524
10206102
10206520
10206819
10206969
10207058
10207281
10207679
10209198
10209324
10209725
10209769
10210109
10211809
10213316
10303248
10303381
10303771
10304305
10304934
10305640
10305997
10306329
10309172
10309258
10310824
10311817
10312885
10313346
10313490
10313900
10314489
10314960
10316257
10316509
10316747
10317348
10317590
10318906
10319717
10322509
10323927
10420048
10420585
10420784
10420925
10421772
10421805
10421992
10422202
10422986
10423323
10423646
10423847
10424116
10424181
10424796
10426751
10427273
10427278
10427342
10427528
10427573
10427628
10428122
10428166
10428426
10429024
10429036
10429065
10429157
10429528
10429623
10429799
10430120
10430319
10430384
10431491
10431734
10431826
10432013
10432857
10432888
10432908
10432913
10433159
10433180
10433263
10433348
10433373
10433657
10434124
10434137
10434500
10434604
10434616
10435106
10435614
10435789
10436175
10436236
10436402
10437165
10437489
10437507
10452992
10453182
10453812
10454158
10454619
10454844
10455228
10455960
10455963
10456129
10456219
10456310
10456921
10457359
10458046
10459042
10460395
10460641
10460737
10460753
10461054
10461125
10462493
10462829
10462901
10463321
10463769
10463860
10464104
10464328
10464757
10464887
10465473
10465788
10590323
10590383
10590502
10590948
10591237
10591414
10591839
10591912
10592076
10592272
10592293
10592369
10592679
10592962
10593019
10593378
10593480
10593894
10593984
10594830
10595020
10595172
10595184
10595320
10595744
10595825
10595927
10596118
10596918
10596982
10597179
10597537
10597591
10597665
10597737
10597895
10598137
10598183
10598261
10598277
10598613
10599214
10599395
10599454
10599494
10600519
10600587
10600643
10600694
10601562
10601693
10601769
10601866
10602057
10602222
10603254
10603791
10604074
10604329
10604340
10604839
10605469
10605475
10605671
10606702
10607199
10607632
10607885
10608109
10608157
10608447
10608954
10609414
10609831
10609833
10609881
10609971
10610057
10610144
10610298
10610369
10738042
10738172
10738195
10738316
10739703
10740012
10740497
10741549
10742373
10742390
10742752
10743124
10743170
10743264
10744761
10745355
10745855
10745952
10746204
10746763
10747015
10748810
10749342
10749664
10750038
10750049
10750449
10751838
10752077
10752446
10895435
10895445
10895920
10895942
10896568
10896838
10896934
10897674
10898098
10898418
10898545
10898625
10898764
10899276
10899860
10899897
10900253
10900400
10900525
10901015
10901105
10901154
10901224
10901339
10901460
10901659
10901675
10902166
10902511
10902579
10902585
10902604
10902724
10902762
10902820
10903351
10903748
10903759
10903871
10904155
10904385
10904526
10904611
10904709
10904757
10904884
10905270
10906130
10906176
10906218
10907599
10908036
10908274
10908388
10908400
10908545
10908747
10908824
10908919
10909171
10909303
10910058
10910121
10910132
10910313
10910621
10911088
10911325
10911563
10911871
10912066
10912117
10912234
10912326
10913409
10913581
10913797
10913844
10941032
11011699
11011747
11012027
11012179
11012486
11013343
11014933
11014939
11015401
11017969
11019053
11019961
11020197
11020288
11020480
11020780
11021141
11022990
11023657
11025086
11025824
11083976
11084615
11085675
11086179
11086326
11088202
11095949
11097312
11097921
11098202
11208450
11208816
11209293
11209400
11210398
11210507
11210584
11211042
11211397
11211632
11211894
11212248
11212304
11212354
11212841
11212906
11213350
11213370
11214002
11215037
11215477
11216179
11216211
11216526
11216534
11216997
11218082
11218885
11219424
11219643
11219998
11221489
11222020
11222364
11223246
11224451
11224454
11224935
11225213
11225392
11225423
11226388
11226482
11226892
11227073
11227498
11227828
11228009
11228141
11228518
11228760
11229105
11229114
11229805
11230220
11230371
11230414
11230693
11231066
11231803
11232302
11232399
11232412
11232792
11232875
11233420
11233808
11233927
11234474
11235092
11235325
11235901
11236001
11236143
11236722
11237110
11238154
11238900
11238963
11239259
11239987
11240533
11240890
11242241
11242685
11242961
11243567
11244039
11244512
11390410
11391187
11391378
11392076
11392156
11392279
11392417
11393175
11393502
11393816
11393944
11394090
11394797
11395768
11395916
11396073
11396171
11396255
11396747
11397366
11397900
11397969
11397980
11398232
11398355
11398763
11398814
11398958
11399503
11399589
11400145
11400179
11400263
11400693
11401329
11401611
11401748
11401855
11402444
11402487
11402500
11402504
11402748
11403353
11403767
11403787
11403865
11404223
11405082
11405743
11405790
11406490
11407002
11407500
11407719
11407790
11407959
11408009
11408054
11408666
11408908
11409141
11409200
11409422
11409546
11409632
11410005
11410242
11411227
11411754
11411767
11411839
11411957
11412126
11412200
11412251
11412530
11412630
11412884
11412962
11412964
11412988
11413001
11413934
11413937
11414342
11414350
11414482
11414671
11415001
11415125
11415226
11415763
11415816
11415910
11416110
11416644
11416677
11416701
11416738
11417073
11417307
11417350
11417737
11417800
11418209
11418260
11419032
11419093
11419186
11419673
11419995
11420594
11420613
11420668
11420790
11420977
11420998
11421119
11421603
11421678
11422087
11422579
11423092
11423132
11423181
11423458
11423957
11424134
11424203
11425098
11425766
11425898
11426144
11426329
11426934
11427020
11427050
11427446
11427521
11427622
11427984
11428596
11428613
11428679
11428848
11428899
11428969
11429718
11429843
11429890
11429920
11430006
11430070
11430408
11430449
11430518
11430543
11431190
11576452
11577486
11578409
11578918
11579008
11580073
11581363
11582193
11586437
11588745
11590692
11591053
11591580
11593832
11616532
11617583
11618057
11618414
11618943
11619029
11619615
11619810
11619844
11619881
11619887
11619959
11620554
11620961
11621230
11621370
11621768
11621883
11621941
11622972
11623608
11623695
11624006
11624273
11624352
11624444
11625570
11625725
11625787
11626130
11626190
11626270
11626449
11626522
11626657
11626977
11627042
11627549
11627613
11628426
11628480
11628656
11628710
11628777
11629284
11629746
11630061
11630423
11630707
11630832
11630975
11631052
11631138
11631295
11631332
11631796
11631850
11631883
11732543
11732795
11733003
11733472
11733640
11733785
11733932
11733979
11734990
11735272
11735305
11735805
11735927
11735941
11736132
11736902
11737107
11737733
11737798
11738034
11738194
11738687
11739233
11740560
11740690
11740875
11740990
11741319
11741880
11742909
11743363
11744071
11744167
11744788
11744885
11745051
11745185
11745458
11745761
11746896
11746974
11747333
11747656
11747866
11748981
11749861
11899016
11908590
11909936
11911110
11967004
11967808
11967870
11969677
11969850
11970280
11970640
11970949
11971034
11971336
11973294
11973398
11977216
11978475
11980667
11981193
11981382
11981519
11982816
11984763
11985055
11985106
11985603
11987215
11987598
11987895
11988054
11988091
12022751
12023407
12025395
12025441
12028058
12028343
12028530
12029136
12029209
12029974
12030581
12035612
12168118
12187477
12187692
12188097
12188127
12188398
12189205
12189268
12189684
12189983
12189984
12190427
12190842
12191230
12191277
12191596
12192096
12192219
12193302
12193523
12193656
12194014
12194198
12194209
12194245
12194276
12194558
12194951
12195817
12196673
12196742
12197364
12197531
12198320
12198567
12198927
12199173
12199253
12199300
12199345
12199668
12200149
12200266
12200287
12200392
12200506
12200544
12200735
12200890
12201029
12201207
12201235
12201249
12201469
12202272
12202278
12202381
12202557
12202638
12203162
12203425
12203518
12203889
12204131
12204141
12204764
12205034
12205084
12378915
12379095
12379155
12379347
12379415
12380819
12380934
12380994
12381109
12381612
12381930
12382215
12382332
12382389
12382434
12383074
12383245
12383498
12383728
12383836
12384033
12384191
12384518
12384627
12384992
12385666
12385721
12385728
12385850
12386451
12386508
12386612
12386660
12386776
12387222
12387306
12387836
12387853
12388935
12388976
12389201
12389751
12390235
12390797
12390887
12391177
12391554
12392124
12392704
12392816
12392901
12392939
12393050
12393230
12393872
12393995
12394038
12394519
12394587
12394994
12395439
12395934
12396375
12396420
12396689
12397183
12397250
12398046
12398439
12398564
12398581
12398602
12399202
12399254
12399891
12400789
12540745
12541591
12543223
12544631
12546667
12547942
12548911
12549916
12550916
12551000
12552036
12552749
12554206
12554220
12554944
12555919
12556936
12557105
12557238
12671264
12672482
12681053
12682889
12685932
12689476
12690747
12814870
12827249
12830841
12831054
12865281
12865714
12866246
12866252
12866415
12866477
12866982
12867233
12867330
12867844
12867916
12868433
12868719
12869077
12869529
12869550
12869633
12869634
12869656
12869758
12869784
12870734
12870871
12870996
12871862
12871895
12872093
12872283
12872698
12873216
12873308
12873518
12873877
12874258
12874844
12874955
12874975
12875042
12875551
12876071
12876150
12876913
12877006
12877250
12877784
12878070
12878246
12878289
12878532
12879170
12879225
12879447
12879485
12879781
12880026
12880058
12975220
12981492
12981570
12982123
13055749
13056256
13057594
13058616
13058627
13058737
13058889
13058916
13059818
13059847
13060293
13060629
13060676
13061830
13061884
13061992
13062126
13062210
13062496
13062799
13063518
13063841
13063953
13064016
13064019
13064074
13064210
13064533
13065849
13066379
13066765
13067167
13068086
13068903
13068996
13069743
13071348
13071513
13072172
13072182
13072201
13072252
13072745
13204609
13204691
13204724
13205093
13205126
13205693
13207977
13208141
13208239
13208510
13208552
13208768
13208912
13209074
13211296
13212138
13212410
13212759
13213279
13213579
13213649
13214335
13214698
13215319
13215784
13215847
13216580
13217806
13218210
13218221
13218541
13218997
13219028
13219606
13219971
13220434
13220626
13220894
13221294
13221518
13221632
13221869
13221916
13221958
13223057
13223967
13224082
13224327
13224498
13224874
13291730
13292009
13292562
13294002
13295880
13295927
13298242
13301349
13301364
13302050
13302887
13329382
13333662
13336511
13342466
13529179
13529299
13529759
13530248
13530275
13530430
13530848
13531040
13531101
13531392
13531400
13531926
13531980
13532095
13532244
13532247
13532263
13532634
13532847
13533637
13534469
13534507
13534593
13534846
13534873
13535083
13535235
13535423
13535797
13537041
13537385
13537787
13537836
13538119
13538333
13538398
13538435
13538520
13538762
13539411
13539514
13539644
13539706
13540495
13540867
13541292
13541406
13541455
13541516
13541822
13542064
13542084
13542466
13542495
13542594
13542609
13542777
13542800
13543049
13543077
13543450
13543885
13543906
13543907
13544087
13544467
13544535
13544633
13544860
13545266
13545307
13545605
13546283
13546772
13546863
13546900
13547253
13548112
13548254
13548536
13548556
13548870
13548947
13549014
13549584
13549893
13550785
13693174
13695039
13695911
13698295
13698634
13699395
13700491
13700676
13704911
13707188
13707457
13707567
14006803
14012626
14064696
14292110
14294406
14294630
14295597
14296400
14302520
14303558
14305642
14805436
14806214
14811813
14815590
15870449
16050952
16061822
16657558
16660886
16661149
16663117
16666293
16667265
16907167
16907208
16907290
16907421
16907593
16907727
16908159
16908570
16908609
16908896
16908956
16908983
16909623
16909656
16909841
16911114
16912107
16912444
16912558
16912643
16912767
16912804
16912968
16913068
16914484
16914496
16915307
16916926
16916964
16917405
16917516
16918252
16920753
17054305
17055132
17057918
17063199
17064263
17067490
17069610
17069947
17070379
17074404
17177061
17177083
17177133
17177281
17177848
17178410
17178658
17178663
17178898
17178917
17179136
17179750
17179788
17180059
17180071
17180244
17180307
17180455
17180618
17181521
17182121
17182191
17182246
17182411
17182455
17182489
17183038
17183721
17184530
17185922
17185953
17186846
17187487
17187691
17187947
17188040
17188116
17188160
17188185
17188195
17188228
17188265
17188341
17188381
17188387
17188432
17188535
17188944
17189181
17189321
17189450
17189913
17190587
17190672
17190719
17190783
17191110
17191691
17192003
17192055
17192063
17192450
17192706
17192731
17193060
17193289
17207315
17207341
17207373
17207527
17208216
17208374
17208558
17209146
17209147
17209203
17209404
17209554
17210002
17210010
17210290
17210638
17210752
17211113
17211204
17211325
17211903
17212274
17212900
17213488
17213994
17214132
17214233
17214353
17214874
17215132
17215369
17216072
17216114
17216267
17216363
17217513
17218707
17218905
17218958
17219272
17220812
17221096
17221109
17221130
17221195
17221610
17221673
17222625
17222627
17222766
17222850
17222903
17223239
17223569
17330019
17331313
17332047
17335636
17344717
17382323
17385283
17385313
17385732
17386085
17386333
17386441
17386909
17387136
17388837
17388997
17389114
17389791
17390963
17395064
17395085
17396598
17397343
17397590
17447643
17447773
17447818
17448377
17450068
17450240
17450370
17450482
17450581
17450888
17451083
17451089
17451361
17452010
17452197
17452416
17452648
17453440
17453965
17454164
17454165
17454349
17454628
17454799
17454954
17456176
17457782
17458217
17458740
17458934
17459085
17459300
17459425
17460580
17461288
17461331
17461983
17462318
17462456
17462981
17463224
17463260
17463597
17464046
17464181
17465261
17573908
17574465
17579698
17580172
17582288
17583956
17583977
17608524
17608849
17609177
17609396
17609914
17610270
17610689
17610831
17610851
17611277
17612394
17612407
17612978
17613079
17613199
17613716
17615074
17616128
17616146
17616536
17616808
17616914
17617146
17617699
17617756
17617932
17618246
17618297
17618563
17618666
17618793
17619373
17619555
17619604
17619993
17620384
17621161
17763445
17788604
17788636
17788644
17788826
17789214
17790377
17790432
17790787
17790984
17791346
17791384
17791422
17791520
17791547
17791868
17792026
17792084
17792147
17792429
17792628
17792646
17792826
17792870
17793173
17793340
17794155
17795109
17795898
17796221
17796332
17796515
17796546
17796604
17796655
17796904
17797233
17797246
17797650
17797786
17798230
17798335
17798922
17799199
17799619
17799950
17800378
17800669
17800754
17800773
17801017
17801567
17802175
17802288
17802583
17802940
17802992
17803058
17803255
17803406
17803637
17803951
17804022
17804059
17804300
17804447
17804638
17804748
17804797
17804858
17804997
17805174
17805780
17806225
17806355
17806416
17806837
17807001
17807016
17807073
17807200
17807201
17807574
17807756
17808110
17809052
17809071
17809202
17809609
17809642
17810220
17810260
17810270
17810698
17810925
17811102
17811196
17811455
17811750
17999684
18000080
18000921
18005023
18005304
18005597
18005924
18006455
18009439
18009917
18010047
18011501
18013020
18015015
18016848
18019378
18020571
18132200
18133084
18133242
18134669
18135996
18136357
18136815
18137022
18137201
18137414
18137615
18137788
18137811
18138286
18138372
18139356
18139943
18140524
18141336
18142715
18143559
18144138
18144627
18145628
18147058
18147123
18147805
18148355
18148359
18197183
18197384
18199534
18199632
18200076
18200755
18201093
18201352
18201440
18201599
18201839
18202955
18203680
18203789
18203832
18204971
18204994
18205222
18206237
18206311
18206983
18207316
18209220
18209954
18210138
18211251
18211436
18211811
18212265
18212751
18213498
18213985
18214374
18214757
18215146
18215498
18215510
18215582
18217023
18217396
18218232
18218284
18219744
18220307
18220348
18341143
18343432
18351091
18393020
18393214
18393355
18393373
18394145
18394910
18394980
18395330
18395826
18396002
18396210
18396315
18396698
18396775
18397046
18397288
18397446
18397757
18397865
18398160
18398242
18398302
18398303
18398358
18399559
18399569
18399773
18400051
18400667
18401952
18401970
18403076
18403145
18403538
18403619
18403887
18404253
18404724
18404871
18404990
18405026
18405668
18406589
18407032
18407257
18437158
18440329
18440386
18440911
18441354
18441436
18441438
18441548
18442256
18442285
18442287
18442621
18443141
18443839
18444422
18444469
18444602
18444991
18445116
18446542
18446686
18446800
18446981
18446985
18447013
18447768
18447829
18447957
18447964
18448256
18448337
18448446
18448478
18448971
18449132
18449176
18449245
18449261
18449758
18449890
18450035
18450759
18450800
18450899
18451040
18451296
18451447
18451518
18451856
18451923
18452009
18452194
18452546
18452653
18452993
18453519
18453655
18592046
18592588
18593056
18593584
18593815
18594293
18594522
18594768
18595170
18596077
18596438
18596942
18597471
18597698
18597944
18598197
18598793
18598823
18599466
18599842
18599860
18600436
18600550
18600796
18601020
18601198
18602084
18602100
18602252
18602324
18602334
18602527
18603619
18604091
18604107
18604407
18605094
18605324
18605518
18606116
18606150
18606487
18606722
18607357
18607371
18607554
18607775
18609813
18609928
18609946
18610947
18611268
18612008
18612064
18725155
18726381
18726442
18727256
18731588
18731611
18731660
18733769
18734372
18734585
18734789
18735635
18736009
18737012
18739780
18741720
18743598
18744043
18746103
18747650
18747724
18747735
18748560
18748723
18748983
18749100
18749273
18749959
18750358
18750454
18750557
18751944
18752536
18752572
18752689
18753367
18753465
18753559
18754455
18755157
18755181
18755364
18755850
18757093
18758100
18758483
18759038
18759219
18759356
18759645
18759689
18760137
18760835
18998284
18998314
18998638
18998928
18999243
18999387
18999875
18999941
19000016
19000588
19000890
19001020
19001287
19001369
19001646
19001682
19001769
19001905
19002259
19002348
19002811
19003286
19003846
19003908
19004355
19004868
19005511
19005740
19007099
19007610
19007723
19007917
19008125
19008357
19008706
19008761
19009251
19009272
19009660
19010283
19011438
19011598
19011908
19011944
19012005
19012344
19012605
19012686
19012879
19013207
19013734
19013810
19014068
19014282
19014815
19015175
19015235
19015375
19015387
19015826
19015955
19016032
19016189
19016226
19016501
19017371
19017504
19017824
19018180
19018329
19018358
19018444
19018845
19019450
19019676
19019740
19020184
19020274
19072510
19072916
19073222
19073302
19073450
19073635
19073682
19074441
19074807
19075002
19075022
19075349
19076082
19077137
19077826
19077922
19077970
19077972
19078909
19079015
19079348
19080345
19080365
19081536
19081544
19081839
19081972
19082841
19082884
19083976
19084183
19084532
19084691
19085314
19085368
19085478
19086199
19086653
19086755
19087267
19087884
19088727
19088948
19089086
19089796
19089959
19090524
19090908
19091068
19234272
19234911
19235137
19236103
19238675
19239046
19239590
19242910
19243899
19244217
19244509
19244710
19245370
19245773
19247110
19247474
19249856
19250358
19250361
19250383
19251449
19252313
19252339
19252829
19254219
19254230
19293754
19360053
19360074
19360397
19360677
19360849
19361306
19361878
19362590
19362863
19363208
19363406
19363416
19363896
19364846
19364858
19365039
19365176
19365458
19365502
19365742
19366049
19366467
19367617
19368262
19368409
19368503
19369138
19370473
19370627
19370830
19370919
19371139
19371705
19393125
19397173
19399187
19399232
19402186
19404277
19404451
19407314
19410362
19413440
19446535
19450951
19452223
19540201
19542966
19543973
19544514
19546223
19547554
19549366
19549701
19550036
19550926
19554644
19583611
19583659
19583742
19583898
19584172
19584285
19584634
19584912
19584947
19585212
19585379
19585481
19585647
19586122
19586142
19586677
19587020
19587233
19587974
19587985
19587999
19588250
19588382
19588814
19588927
19589008
19589093
19589448
19589693
19589712
19589992
19590116
19590526
19590536
19590600
19590846
19591062
19591108
19591627
19591663
19591906
19592236
19592240
19592303
19592394
19592399
19592681
19593000
19593232
19593497
19593684
19593798
19594062
19594095
19595100
19595186
19595387
19595523
19595543
19595612
19595911
19596153
19596371
19596458
19596504
19596920
19596934
19597006
19597260
19597492
19597964
19598658
19598881
19599390
19599845
19599859
19599892
19599911
19599950
19600182
19600185
19600343
19600423
19600469
19600504
19600683
19601193
19601365
19601507
19601685
19601802
19601903
19601987
19602112
19602116
19602496
19602954
19603745
19603836
19603888
19603955
19604129
19605014
19609349
19609506
19649704
19651150
19669220
19669389
19669903
19670643
19671456
19671652
19671707
19672030
19672054
19672315
19672537
19672709
19672821
19673170
19673592
19674190
19674578
19674695
19674893
19676216
19676356
19676549
19676731
19676931
19677039
19677228
19677395
19678111
19678379
19678462
19678648
19679002
19679273
19679781
19679898
19679918
19680396
19680483
19681247
19681665
19682341
19682348
19682678
19682682
19682968
19683424
19683904
19684074
19684333
19684711
19685281
19685690
19685929
19685962
19686302
19686367
19686440
19686888
19687066
19687069
19687277
19687947
19747871
19753230
19753449
19753868
19754268
19757386
19759400
19759950
19759963
19763468
19764048
19766195
19769540
19771416
19772849
19774143
19774455
19775623
19776518
19776637
19779482
19779551
19780451
19780887
19781169
19781273
19781531
19781610
19782113
19782443
19783150
19783329
19783656
19783836
19784528
19784914
19784948
19786204
19786495
19786934
19787437
19789820
19791048
19791743
19791775
19812449
19813316
19813704
19814727
19814781
19814891
19815196
19815694
19815789
19816085
19816111
19816200
19816221
19817067
19818939
19818965
19819196
19819397
19819700
19820158
19820341
19820565
19820706
19820748
19820761
19820770
19821391
19821448
19822389
19823057
19823382
19823917
19823975
19824013
19824265
19825470
19825678
19826183
19826242
19826631
19826729
19826834
19826973
19826987
19826992
19879535
19879792
19882616
19882806
19883275
19885412
19886983
19888582
19888619
19888839
19889783
19890425
19892709
19892921
19893333
19896894
19900063
19928963
19957587
19957595
19957680
19958757
19958783
19959153
19959280
19959492
19959525
19959724
19959904
19959949
19960032
19960228
19960380
19960581
19960903
19961088
19962028
19963296
19963522
19964135
19964850
19964926
19965108
19965893
19966356
19966358
19966529
19966768
19966921
19967049
19967265
19967764
19968280
19968586
19968603
19968808
19969108
19969280
19969299
19969342
19969556
19969609
19969763
19970403
19970688
19970988
19971029
19971460
19971614
19972844
19972867
19973847
19973996
19974155
19974471
19974667
19975169
19975603
19976124
19976223
19976257
19976274
19976436
19976657
19976865
19976971
19977218
19977287
19977578
19977741
19977775
19977799
19977871
19978395
19978408
19978528
19979265
19979487
19979582
19980283
20176525
20177331
20177536
20177717
20177785
20178352
20178366
20178680
20178866
20179074
20179529
20179728
20179778
20179854
20180078
20180336
20180563
20180831
20180994
20181012
20181055
20181444
20182009
20182135
20182260
20182313
20182376
20182907
20182983
20183033
20183361
20183638
20183656
20183665
20184614
20185214
20186207
20186216
20186392
20186406
20186478
20186922
20187215
20187357
20187599
20188094
20188309
20188572
20188594
20188632
20188813
20188875
20189074
20189213
20189438
20189466
20189597
20190448
20190588
20191041
20191163
20191407
20191597
20191761
20191790
20191806
20191954
20191996
20192245
20192287
20192372
20192655
20192838
20192937
20193001
20193067
20309964
20310770
20311182
20311377
20311714
20311881
20312152
20312355
20312634
20312755
20312788
20313184
20313735
20313818
20314362
20314371
20314522
20315040
20315100
20315433
20315715
20315797
20316073
20316303
20316538
20316827
20317023
20317201
20317673
20317791
20318011
20318171
20318362
20318417
20318436
20318461
20318499
20318516
20318957
20318976
20319210
20319435
20319447
20320782
20320860
20320996
20321344
20321635
20321785
20321831
20322032
20322512
20358854
20359901
20361654
20361816
20363129
20366394
20369001
20369822
20371175
20426185
20426865
20429289
20434579
20485691
20486298
20486663
20486991
20487706
20487781
20487794
20488099
20488329
20488595
20488871
20489228
20489333
20489381
20489825
20490175
20491235
20491766
20491933
20492085
20492150
20492186
20492226
20492331
20492400
20492440
20492558
20492595
20492934
20492991
20493643
20493870
20494109
20494146
20494252
20494733
20494751
20494778
20494810
20495158
20495207
20495790
20495801
20495846
20495887
20496249
20496354
20496369
20496943
20497142
20497363
20497586
20497645
20497647
20497951
20498051
20498095
20498270
20498535
20498720
20498931
20499173
20499305
20499356
20499616
20499653
20499701
20499729
20499845
20499855
20499861
20500342
20643962
20647582
20648849
20649282
20669114
20669291
20670435
20671457
20673892
20674123
20675258
20675720
20676858
20678557
20678849
20679415
20682369
20702623
20703378
20703459
20703511
20703549
20704895
20705199
20705203
20705565
20705627
20705732
20705739
20706013
20706530
20706548
20706703
20707632
20707754
20707993
20708301
20708660
20708931
20709451
20710062
20710294
20710376
20710407
20710714
20711016
20711359
20711394
20711561
20711890
20712412
20712539
20712648
20712956
20713622
20713771
20713862
20713998
20714439
20714547
20755656
20756061
21004195
21121349
21121770
21122431
21122467
21122832
21122871
21123697
21123762
21124324
21124485
21124664
21125222
21125701
21126207
21127392
21128222
21130229
21130263
21130803
21131085
21131746
21131814
21132051
21133225
21133433
21133935
21133962
21134158
21134169
21134408
21135136
21135361
21135955
21136434
21136832
21137056
21137638
21137963
21137967
21138236
21138399
21138614
21138766
21139010
21139438
21139519
21139797
21139806
21140074
21140430
21141603
21142249
21142261
21142277
21142494
21142542
21143018
21143130
21143250
21143509
21143963
21144932
21146181
21146188
21146698
21146742
21146895
21146902
21147021
21147340
21148449
21148511
21149008
21149371
21149557
21150090
21150123
21150252
21150329
21150514
21150857
21151128
21171676
21171836
21172083
21172129
21172220
21172432
21172902
21173382
21173914
21174048
21174140
21174151
21174168
21175044
21175071
21175105
21175357
21175500
21175765
21176457
21176577
21176606
21176760
21176994
21177128
21177389
21177503
21177975
21178450
21178560
21178756
21179148
21180234
21180393
21180727
21181007
21181243
21181457
21181488
21181783
21181820
21182101
21182834
21182977
21183146
21183197
21183256
21183371
21183728
21183802
21183899
21184101
21184685
21184859
21184916
21185175
21185528
21185546
21185548
21185980
21186121
21303025
21303946
21304110
21304775
21306510
21306908
21307378
21309394
21309749
21310109
21310682
21312646
21313048
21313813
21313951
21314406
21314519
21315924
21317029
21318422
21320369
21320834
21321199
21420710
21423519
21424694
21424712
21428834
21432559
21433548
21435302
21436817
21437735
21443608
21443832
21443840
21443856
21444613
21444844
21445079
21445846
21445861
21446042
21446332
21446338
21446916
21447531
21447622
21447692
21447771
21448368
21448555
21448872
21449429
21449512
21449674
21450535
21450640
21451080
21451228
21451457
21451666
21451704
21451797
21451882
21452085
21452264
21452281
21452424
21452505
21452584
21453251
21453878
21454061
21454379
21454552
21455055
21455405
21455605
21455691
21455915
21456022
21456456
21457749
21457909
21458008
21458148
21458421
21458686
21458728
21458777
21458838
21458876
21459445
21459468
21459522
21459534
21538357
21560038
21564272
21564617
21567534
21569793
21574353
21574745
21575652
21580119
21629564
21629877
21629947
21630190
21630870
21630968
21631286
21631428
21631675
21632225
21632430
21632959
21633009
21633221
21633281
21633517
21633996
21635357
21636321
21636760
21636782
21636926
21637261
21637363
21638181
21638411
21638525
21638561
21639312
21640344
21641086
21641101
21642301
21643259
21643742
21643897
21643908
21644048
21644506
21645094
21646101
21646740
21647148
21647921
21859838
21859924
21860211
21860235
21860473
21860730
21861140
21861573
21862197
21862400
21862814
21862836
21863260
21863323
21863523
21863965
21864543
21864666
21865059
21865971
21866140
21866183
21866255
21866410
21866605
21866619
21866636
21866961
21867165
21867610
21867744
21868126
21868925
21869180
21869409
21869434
21869442
21869475
21869641
21869642
21869670
21869737
21869946
21869969
21870566
21870660
21870815
21870993
21871076
21871260
21871379
21872394
21872822
21872850
21873205
21873757
21873822
21874157
21874629
21875588
21875778
21875815
22037328
22038412
22039604
22039651
22040748
22041591
22042220
22042555
22042804
22042872
22043135
22043362
22043442
22043673
22044250
22044294
22046046
22046188
22046307
22046754
22046901
22047625
22047891
22047915
22048184
22048745
22048763
22049048
22049073
22049314
22049640
22049862
22049935
22049955
22050122
22050177
22050516
22051586
22051920
22051974
22052785
22053001
22053022
22053053
22053193
22053379
22053677
22054461
22054494
22054547
22054632
22054648
22055358
22055470
22086081
22087026
22091385
22093797
22114664
22116005
22116168
22116617
22116792
22116919
22116935
22117005
22117096
22117524
22117554
22118079
22118460
22118525
22118597
22118762
22118793
22118966
22119685
22119776
22119968
22120261
22121175
22121813
22121877
22121938
22122184
22122194
22122424
22122764
22122888
22123067
22123130
22123918
22124293
22124418
22124712
22124752
22124932
22125028
22125536
22126015
22126385
22126525
22126694
22127444
22128777
22129027
22129348
22129958
22130585
22131491
22131624
22293679
22294098
22295200
22296228
22296346
22296627
22296837
22297924
22298050
22298121
22298188
22298298
22298403
22298825
22298825
22298948
22299043
22299316
22299517
22299995
22300151
22300208
22300661
22300921
22301141
22301419
22301605
22302058
22302357
22303079
22303526
22305016
22305270
22305773
22306025
22306440
22307015
22307081
22307303
22307607
22307958
22308009
22308201
22308311
22308831
22309123
22309295
22309640
22310285
22310841
22311050
22312152
22312345
22312706
22312924
22313187
22313244
22313266
22313634
22313981
22412295
22412623
22412959
22412983
22413122
22413911
22413934
22414633
22414765
22414806
22414808
22415172
22415252
22415444
22415484
22415490
22415873
22415932
22416379
22416463
22416555
22416677
22416833
22416847
22416947
22417172
22417399
22417587
22417733
22418320
22419010
22419301
22419373
22419634
22420018
22420298
22420817
22420975
22421385
22421585
22422044
22422363
22422881
22423076
22423407
22423434
22423455
22423462
22423811
22424174
22425164
22425186
22425685
22425904
22426016
22426234
22426283
22426508
22426937
22427029
22427182
22427493
22428374
22428848
22428984
22429653
22430157
22431609
22431755
22431760
22431871
22432559
22432918
22432976
22433237
22433289
22433317
22433796
22434437
22434600
22434876
22434926
22558310
22559641
22559773
22559821
22560505
22561025
22561574
22561688
22562580
22562676
22563343
22564438
22564514
22564633
22564865
22565429
22565655
22565827
22565897
22566007
22566160
22566265
22566655
22566659
22567204
22567348
22567715
22567955
22568742
22568767
22569130
22569149
22569558
22569859
22570166
22570378
22570925
22570944
22571165
22571200
22572273
22572289
22572294
22572627
22572743
22573212
22573255
22573256
22573374
22573442
22573937
22574329
22574500
22575049
22575340
22575360
22575438
22576003
22576004
22576340
22576596
22576643
22576811
22577200
22577787
22578056
22578129
22578576
22578841
22579014
22579017
22579037
22579211
22579274
22579403
22579521
22580171
22785056
22797143
22801375
22801376
22801803
22802169
22802421
22802727
22802901
22803443
22803671
22803908
22804001
22804068
22805156
22805432
22805743
22806391
22806443
22806487
22806791
22806924
22807383
22808592
22808744
22808782
22809094
22809996
22810196
22810354
22810593
22810980
22811102
22811704
22812157
22812754
22812842
22813119
22813256
22813377
22813723
22813751
22814539
22814572
22814718
22814911
22815098
22815321
22886483
22887562
22888064
22888435
22888584
22889526
22889538
22889840
22890390
22891178
22891417
22892093
22892282
22892805
22893490
22893490
22893546
22893971
22894383
22894973
22895047
22895092
22895525
22896094
22896423
22896639
22896719
22896935
22897049
22897437
22897437
22897593
22897702
22897998
22898611
22898984
22899437
22899580
22899583
22899891
22900301
22900369
22900439
22900648
22901071
22901390
22901706
22902083
22902314
22902848
22903070
22903489
22903645
22903686
22903702
22903736
22904222
22904287
22904339
22905084
22905697
22905937
22906052
22906133
22906173
22906267
22906865
22907432
22907624
23029394
23030153
23031042
23032030
23032741
23033266
23034631
23037908
23040017
23040907
23041523
23041972
23042145
23043247
23044533
23045351
23045764
23046485
23046550
23048223
23048869
23048879
23049406
23049576
23049907
23049918
23049982
23050032
23050199
23050272
23050360
23050436
23050521
23050550
23050716
23051535
23051625
23051759
23051941
23052104
23052228
23052235
23052444
23052469
23052656
23052748
23052974
23053358
23053387
23053429
23053888
23054172
23054861
23055506
23055600
23056355
23056489
23056962
23057295
23057404
23057421
23057514
23057723
23057786
23058120
23058425
23058430
23058755
23059284
23060483
23060566
23060616
23060985
23061431
23062185
23062661
23063035
23063278
23063468
23064154
23064168
23064264
23064371
23064452
23065079
23065334
23066536
23154977
23155541
23155702
23156629
23156808
23157119
23157461
23157748
23157895
23160591
23161122
23161560
23161837
23163060
23163567
23163568
23163578
23163835
23164458
23164775
23164779
23165879
23167175
23167403
23167592
23168501
23168622
23168998
23169626
23170145
23170219
23170935
23171254
23171471
23171515
23171686
23172799
23172986
23172990
23173199
23173613
23173710
23173979
23174340
23174701
23175062
23175151
23175516
23176326
23176674
23176798
23177227
23178147
23178614
23371864
23372303
23375874
23376374
23389305
23390377
23391495
23391953
23391976
23392019
23392023
23392513
23392568
23392600
23392719
23393021
23393063
23393255
23393787
23393907
23394506
23394510
23394637
23394682
23394693
23394723
23395026
23395214
23395241
23395384
23395661
23395690
23395788
23395915
23396055
23396434
23397314
23397357
23397428
23397551
23397598
23397667
23397933
23398237
23398971
23399168
23399702
23399819
23399829
23400158
23400336
23400386
23400918
23400995
23401303
23401532
23401637
23401708
23401761
23401838
23401869
23401896
23402135
23402283
23402287
23402978
23403095
23403546
23403730
23403977
23510134
23510163
23510259
23510408
23510768
23511446
23511593
23512252
23512386
23512421
23512686
23513143
23513520
23513690
23514167
23514365
23514448
23514899
23515317
23515890
23516127
23516142
23516243
23516730
23516733
23516870
23517190
23517227
23517605
23517611
23517774
23518023
23518137
23518803
23518834
23518870
23519282
23519331
23520299
23520604
23520613
23521632
23522375
23522586
23523602
23524242
23524775
23525469
23525604
23526114
23526191
23526215
23527212
23527223
23527921
23528744
23528952
23529192
23529317
23529570
23529809
23530308
23530661
23530672
23530840
23531120
23531242
23531253
23531354
23531368
23531410
23531681
23532077
23532157
23584327
23584841
23585563
23585868
23585984
23586167
23586965
23587067
23587694
23587903
23589024
23589438
23590120
23590359
23591957
23592470
23592861
23592984
23594202
23594862
23595108
23596585
23597094
23597214
23597799
23597896
23599600
23600892
23600914
23600941
23601452
23601749
23601801
23602910
23603088
23603989
23604283
23604856
23604936
23604946
23605265
23605820
23606100
23606203
23606227
23791580
23791787
23795144
23798970
23799601
23799654
23799981
23800300
23800500
23800677
23800946
23801320
23804814
23804953
23806030
23806729
23807591
23831686
23891065
23907063
23907305
23908505
23913268
23916167
23916309
23916953
23996507
23996912
23997225
23997432
23997577
23997636
23997713
23997746
23997772
23998036
23998678
23998993
23999054
23999073
23999209
23999246
23999679
23999993
24000335
24001386
24001421
24002018
24002053
24002311
24002693
24002739
24002842
24002948
24003180
24003333
24003978
24004184
24004396
24004991
24005004
24005318
24005364
24005595
24006343
24006438
24006695
24008068
24008361
24009019
24009033
24009640
24009942
24010001
24010085
24010178
24010257
24010572
24010686
24010813
24181119
24181213
24181340
24181473
24181718
24181952
24183440
24183749
24183924
24183947
24184039
24184361
24184996
24185443
24185716
24185758
24186517
24186798
24188452
24188697
24188783
24189885
24189913
24189955
24190023
24190157
24190273
24190733
24190994
24191385
24191736
24191752
24192206
24192280
24192976
24193061
24193240
24193307
24193524
24193617
24193794
24194274
24194581
24194746
24194928
24195220
24195339
24195392
24195523
24195991
24196031
24196058
24196245
24196822
24198020
24198353
24198356
24198536
24199018
24297615
24300224
24301006
24366508
24366571
24366996
24367617
24368228
24368302
24368618
24368844
24369284
24369444
24369675
24370249
24370433
24370469
24371542
24371626
24372114
24372303
24372477
24372880
24373144
24373235
24373284
24373414
24373462
24373571
24373771
24373916
24374436
24374555
24374725
24375166
24375250
24375699
24376150
24376397
24376517
24377054
24377527
24377627
24377644
24377854
24378787
24378922
24379177
24379380
24379384
24379561
24379623
24379663
24379709
24379912
24380319
24380526
24380575
24380583
24380671
24380678
24381071
24381292
24381786
24381893
24382033
24382350
24382458
24382721
24383046
24383369
24383715
24383764
24384501
24384634
24384948
24385024
24385047
24385323
24385353
24431961
24440333
24440987
24442202
24443500
24444375
24446739
24447165
24447215
24570583
24577053
24581180
24581644
24584988
24587479
24590588
24592595
24607996
24608842
24609485
24609868
24610696
24610819
24610853
24611183
24611806
24612193
24612685
24612704
24613624
24613700
24613746
24614010
24614028
24615193
24615238
24615586
24615790
24616699
24617291
24617449
24617458
24617901
24618373
24620794
24621104
24622535
24622770
24622778
24623651
24623790
24624759
24624897
24719564
24720301
24721712
24721830
24722122
24722205
24722298
24722368
24722396
24722451
24722578
24722681
24722774
24722799
24723265
24723555
24723782
24724452
24724632
24724698
24724778
24725038
24725334
24725444
24725663
24725765
24726583
24726667
24726817
24727115
24727834
24728016
24728543
24728992
24729416
24729560
24730087
24730232
24730361
24730597
24731226
24731364
24731640
24731799
24732152
24732905
24733013
24733198
24733437
24733832
24734057
24734407
24734667
24735445
24735503
24735654
24735711
24735983
24735998
24736078
24736096
24736832
24737078
24737781
24737857
24738121
24738442
24848155
24848282
24848423
24848424
24848863
24849047
24849809
24850041
24850381
24851115
24851160
24851815
24852657
24852710
24852778
24852944
24853007
24853315
24853472
24853889
24854141
24854839
24855110
24855235
24855407
24855688
24856302
24856396
24856647
24856802
24857111
24857227
24857760
24857800
24858759
24858774
24858812
24859330
24859333
24859492
24860148
24860434
24861314
24861722
24862090
24862145
24862896
24863299
24863575
24864011
24864339
24865356
24865700
24865935
24866554
24867224
24868196
24868559
24868970
24871148
24871579
24872946
24873788
24875264
24875432
24875641
24879397
24879883
24881051
24881143
24883006
24908127
24910527
25005590
25005640
25005690
25006578
25006757
25006824
25006917
25007388
25008046
25008050
25008316
25008337
25008472
25008719
25009668
25010179
25010186
25010339
25010546
25010618
25010644
25011271
25011283
25011417
25011669
25012468
25012590
25014160
25014279
25014375
25015198
25015547
25015745
25015779
25015989
25016241
25016939
25017020
25017062
25017157
25017405
25018281
25018351
25018692
25019213
25019348
25020058
25020160
25020462
25020958
25021207
25021600
25021652
25021660
25022402
25023062
25023155
25023191
25024119
25024344
25024522
25024567
25024894
25025005
25025035
25025306
25025604
25025680
25025912
25025926
25026674
25026721
25026871
25027354
25027938
25028199
25028422
25028440
25120888
25191217
25191405
25192330
25192575
25193100
25194730
25195087
25197292
25197493
25197721
25198501
25200353
25202478
25203022
25203206
25205726
25205766
25207958
25209049
25209100
25210734
25211139
25211201
25211293
25211479
25212254
25212686
25212816
25213088
25214671
25214910
25216454
25216664
25216759
25217166
25217294
25217510
25217566
25217746
25217784
25218125
25218955
25219018
25219317
25219598
25220811
25221221
25221570
25221965
25222467
25223149
25224157
25224616
25225771
25226877
25226948
25227406
25228105
25228520
25229351
25229379
25229502
25229675
25229879
25230000
25230307
25231206
25231258
25231386
25232197
25232292
25232615
25232905
25233084
25233527
25236365
25236471
25238134
25238855
25239627
25239657
25240751
25242911
25243056
25257793
25291646
25292017
25292791
25296397
25300090
25300094
25301647
25305142
25337895
25351757
25352099
25354412
25356518
25357729
25358092
25358093
25358697
25359881
25360000
25360360
25361847
25364137
25364628
25454358
25455926
25458430
25459313
25460294
25461970
25462853
25464721
25468493
25469526
25470174
25470404
25471389
25473439
25473813
25474534
25475228
25531075
25531613
25531704
25532045
25532090
25532337
25533196
25533804
25534228
25534744
25535025
25535457
25535510
25535863
25536038
25536090
25536755
25536767
25536900
25536920
25536986
25537600
25537670
25538156
25538396
25538932
25539140
25539263
25539605
25539638
25540001
25540183
25540220
25540610
25540769
25542101
25542361
25543415
25543559
25543724
25544086
25544148
25544493
25544898
25545519
25545611
25545913
25545928
25546597
25547149
25547676
25547928
25547947
25547986
25548260
25549165
25549376
25549376
25550032
25550683
25551368
25551511
25551718
25551723
25551844
25552290
25552420
25552813
25553341
25553771
25554549
25635425
25638443
25640424
25648677
25649377
25650172
25654349
25655969
25656118
25657248
25657906
25658448
25660225
25660900
25661129
25661317
25661438
25661457
25662602
25663192
25663354
25663766
25663929
25664385
25667609
25667652
25668083
25668203
25668358
25669317
25669803
25670213
25670620
25742205
25743647
25747625
25751765
25753196
25754266
25754756
25755659
25758426
25805533
25805564
25805646
25806012
25806088
25806244
25807003
25807085
25808362
25809459
25809578
25810182
25811007
25811362
25811533
25811571
25811591
25811678
25811862
25812209
25812422
25812882
25812905
25813077
25813860
25814018
25814543
25816320
25816389
25816856
25817378
25817728
25818472
25818615
25849381
25849913
25884238
25884648
25884908
25885016
25886011
25886052
25886129
25886331
25887807
25887953
25888143
25888459
25888515
25888746
25889179
25889481
25889775
25889824
25889971
25890364
25890384
25890573
25890629
25890914
25891196
25891324
25891758
25892267
25892492
25892744
25892903
25893394
25894481
25895026
25895413
25895418
25895586
25895609
25895645
25895651
25895720
25896493
25896569
25896697
25897227
25898042
25898094
25898468
25898666
25898835
25899184
25919629
25920376
25920386
25920499
25920735
25920912
25921182
25921184
25921222
25924812
25924911
25925913
25925957
25926025
25926154
25926382
25926585
25926795
25926838
25928018
25928182
25928351
25928711
25928859
25929834
25930052
25930069
25931341
25931384
25931706
25931898
25932395
25932567
25933404
25933806
25934153
25934704
25935368
26086958
26088012
26089994
26090363
26098336
26100838
26101591
26104058
26104175
26105116
26118766
26118936
26119008
26119228
26119320
26119347
26119369
26119786
26119808
26120034
26120467
26120580
26120657
26120961
26121141
26121648
26122078
26122939
26122962
26123638
26123718
26125728
26125860
26126046
26126887
26127012
26127432
26127505
26127626
26128127
26128799
26129351
26129546
26129632
26129643
26130128
26130376
26130622
26130659
26130709
26130784
26131221
26131315
26131352
26131438
26131504
26132211
26132509
26132689
26133137
26133244
26133533
26133587
26134366
26134407
26134475
26135036
26135574
26135588
26135711
26136038
26136097
26136148
26136440
26136640
26136797
26137103
26137108
26137260
26137415
26137578
26137696
26138122
26138641
26138724
26138729
26138847
26138979
26139163
26139392
26139780
26139885
26140195
26140294
26140455
26140550
26140720
26140867
26141666
26141773
26141986
26215355
26215516
26215845
26215905
26217024
26217756
26217773
26218250
26219128
26219142
26219805
26219868
26221072
26221102
26223059
26223776
26223990
26224536
26224784
26224796
26224802
26225335
26226904
26227142
26229329
26231323
26231906
26232226
26233428
26315379
26315752
26316191
26316717
26317355
26317677
26317933
26318952
26319027
26319603
26319615
26319973
26320320
26320664
26320751
26320799
26320888
26321076
26321232
26321241
26321507
26321674
26321707
26322045
26322185
26322537
26323080
26323142
26323212
26323223
26323240
26323395
26323476
26323513
26324063
26324249
26324263
26324478
26325186
26325198
26325211
26325333
26325660
26325811
26326364
26326840
26326976
26327085
26327240
26327411
26327416
26327564
26327955
26327993
26328238
26328854
26329022
26329035
26329199
26502462
26502644
26506772
26507080
26507326
26507977
26508081
26509468
26509816
26510081
26510584
26511052
26511910
26512059
26512200
26512813
26512929
26515490
26515718
26515914
26516248
26516579
26516902
26518039
26519093
26519157
26519270
26519962
26520507
26520978
26521632
26521914
26522292
26522418
26524036
26524895
26525288
26525434
26580192
26581267
26581313
26581508
26581564
26581895
26581928
26582334
26583430
26583532
26584159
26584463
26584873
26585585
26585750
26586445
26586803
26586841
26586882
26587074
26587598
26588277
26588397
26588940
26589090
26589215
26589300
26589732
26590249
26590280
26590781
26591647
26591718
26592571
26593591
26593720
26593952
26593953
26594313
26595218
26595444
26596297
26596435
26596824
26597040
26680293
26726562
26728010
26729277
26729655
26730558
26731079
26731984
26734284
26736849
26737247
26738948
26739565
26739595
26739668
26740837
26741483
26743028
26764579
26765517
26765910
26766235
26766772
26766805
26766937
26767383
26767762
26768345
26768569
26768756
26768783
26769886
26770191
26770388
26770699
26770887
26770980
26771355
26772185
26772686
26772828
26773123
26773376
26773434
26773549
26773687
26774157
26774203
26774224
26774518
26774889
26775082
26775313
26775714
26776279
26776370
26776544
26776604
26866523
26866644
26866841
26866842
26866922
26867116
26867186
26867371
26867410
26867638
26867683
26867899
26868085
26868332
26868688
26868866
26868971
26869032
26869373
26869607
26869864
26869886
26870433
26870838
26870958
26871700
26871800
26871944
26871957
26873004
26873097
26873637
26873837
26874068
26874261
26874374
26874462
26874494
26874545
26875044
26875045
26875587
26876036
26876228
26876460
26876855
26877026
26877080
26877141
26877164
26877166
26877289
26878370
26878524
26878648
26878781
26879315
26879586
26879630
26880183
26880786
26930740
26930747
26931543
26931647
26931704
26933642
26933741
26933807
26934187
26934238
26935028
26935643
26935709
26935972
26936517
26936604
26937007
26937672
26938957
26939395
26940664
26940898
26940987
26941182
26941256
26941400
26942191
26942381
26943046
26943413
26943683
26943778
26944648
26944801
26945055
26945539
26946338
26946359
26946468
26947184
26947393
26947454
26947546
26948881
26949305
26950460
26951235
26951364
26952204
26952285
26952748
26952880
27011846
27016338
27041859
27042358
27042387
27043455
27044212
27044383
27044758
27045032
27045222
27045646
27045658
27046844
27047347
27048669
27049167
27049762
27050014
27050233
27051106
27051208
27051390
27051413
27051937
27051958
27053601
27055444
27056300
27056769
27058998
27059579
27059594
27060615
27060677
27060941
27061354
27061582
27061947
27062005
27062480
27062524
27062574
27062891
27063145
27182057
27182597
27182903
27183005
27183244
27183443
27183453
27183847
27185628
27186029
27186289
27186493
27186530
27186866
27187477
27187550
27187699
27188824
27188908
27189038
27189065
27189253
27189334
27189431
27189835
27190990
27191023
27191389
27191814
27191859
27192395
27192519
27193152
27193327
27193398
27193518
27193743
27193783
27194049
27194111
27194511
27194761
27194967
27195426
27195926
27196304
27196556
27196587
27196814
27196956
27197744
27198138
27198515
27198786
27199004
27199609
27199900
27200891
27201181
27201407
27201859
27339212
27343757
27344980
27345126
27346167
27352432
27353187
27354287
27355491
27355959
27377113
27378012
27378156
27378587
27378810
27379463
27379700
27380940
27382974
27383420
27383737
27383795
27385269
27385431
27385745
27386776
27387501
27388592
27390386
27390739
27391544
27393235
27394438
27394524
27394538
27394659
27396314
27396387
27396504
27397992
27492982
27493681
27493953
27494537
27494744
27496260
27496310
27496561
27498475
27498536
27499004
27499147
27499892
27500224
27502441
27503301
27505010
27511226
27537502
27538878
27539747
27539845
27540089
27540417
27541450
27541508
27541777
27543256
27543733
27544446
27545427
27548155
27548241
27548536
27551312
27552526
27751045
27752778
27753149
27754252
27758981
27761549
27765165
27766069
27766492
27766771
27767689
27769346
27769581
27770665
27770847
27771099
27771168
27771524
27771971
27772014
27772478
27772509
27772647
27772748
27774077
27774310
27774626
27776243
27776666
27776957
27777865
27778910
27779495
27780077
27781122
27781972
27782527
27782765
27784013
27884519
27919748
27922597
27922715
27931308
27940105
27940774
27941735
27942038
27942070
27942574
27942821
27942887
27942896
27943351
27943415
27943492
27943775
27943856
27944445
27944454
27944772
27944903
27945592
27945865
27946317
27946459
27946547
27946610
27948274
27948301
27948463
27948494
27948670
27949647
27949921
27950041
27951081
27951117
27951148
27951999
27952291
27952336
27952397
27952804
27952911
27953780
28117919
28119140
28119982
28120961
28123829
28124930
28125411
28126065
28127055
28131067
28166359
28166512
28167151
28167595
28167707
28167997
28168301
28168512
28168950
28169291
28169410
28169994
28170026
28170964
28171204
28171208
28171321
28171604
28172426
28172471
28172541
28173383
28174862
28177192
28178133
28178282
28179559
28179711
28179782
28179966
28180843
28427624
28430123
28433791
28434902
28435105
28435473
28435481
28435540
28435659
28436708
28436725
28437071
28437225
28437228
28437465
28437499
28437667
28437749
28437879
28437921
28438089
28438099
28438399
28438420
28438453
28439350
28439461
28439762
28439834
28439883
28440042
28440284
28440387
28440600
28440637
28440975
28441248
28441979
28442129
28442205
28442712
28442863
28442947
28443249
28443350
28443501
28443606
28443704
28443852
28444053
28444096
28444168
28444189
28444290
28444513
28444574
28445011
28445349
28445895
28446330
28446332
28446453
28446720
28446769
28447343
28447382
28447484
28447914
28448377
28448465
28448759
28449160
28449700
28449944
28450001
28450066
28450778
28450874
28450942
28450948
28451157
28451290
28451770
28451886
28452238
28453701
28453809
28453825
28453951
28454095
28454164
28454211
28454797
28455158
28455212
28455480
28455722
28455801
28455959
28456176
28456606
28456650
28456781
28457301
28457310
28457592
28457703
28457759
28457865
28457883
28457889
28457985
28488748
28492329
28492372
28492473
28493434
28494566
28527379
28540030
28540290
28541238
28547218
28654898
28655279
28656915
28656959
28657061
28657602
28659338
28659497
28659955
28661649
28662451
28663466
28663530
28663542
28663664
28664057
28665490
28669839
28670020
28670103
28670520
28671113
28675590
28675842
28729405
28729869
28730893
28731634
28731661
28731857
28733070
28733141
28733159
28733330
28733610
28733781
28733893
28734142
28734213
28734546
28736173
28737244
28738159
28738855
28739040
28740011
28740127
28740172
28740189
28741377
28742781
28781362
28782916
28783054
28784151
28785019
28786524
28787317
28788431
28788497
28788534
28789011
28790028
28790400
28790820
28791058
28794039
28876370
28877408
28877983
28878021
28878030
28878106
28878432
28879254
28880363
28881134
28881147
28881967
28883165
28884267
28884270
28884409
28885920
28886053
28886299
28887304
28887456
28887604
28888556
28888879
28890820
28890962
28891255
28892480
28892772
28892999
28893117
28893167
28893407
28893982
28894079
28894865
28895856
28896464
28896867
28897184
28897223
28897375
28897501
28898022
28915842
28916300
28916511
28916712
28917629
28917646
28918788
28919788
28920149
28920171
28920759
28920981
28920995
28922036
28922388
28922485
28922810
28922819
28924071
28924962
28925237
28925280
28925415
28925435
28925487
28926126
28926328
28926468
28926687
28926728
28926890
28927274
28927523
28927561
28928005
28928085
28930338
28930740
28931337
28932335
28932997
28933038
28933436
28933457
28933538
28933914
28934022
28934342
28934510
28934521
28935157
28935624
28935904
28935981
28937077
28937768
29028326
29030426
29031138
29073800
29074714
29075269
29075357
29076227
29076237
29077565
29078679
29079459
29079590
29079791
29079930
29079983
29080015
29080863
29081078
29081563
29082113
29082150
29082393
29083455
29083621
29083724
29083881
29084328
29084399
29084690
29084914
29085578
29085660
29085743
29086214
29086569
29086863
29086934
29087063
29088534
29088563
29088633
29088912
29089084
29089424
29089792
29089847
29091572
29092716
29092812
29092982
29093040
29093712
29093783
29094243
29094294
29094350
29094718
29095174
29095431
29095933
29096434
29154032
29245218
29245533
29245865
29246742
29246923
29247319
29247391
29247528
29247739
29248322
29248390
29248451
29248834
29249369
29249376
29249624
29251106
29251231
29251984
29252345
29252559
29253169
29253214
29253670
29254209
29254288
29254663
29255374
29255408
29255577
29255745
29256797
29257341
29257464
29257511
29257944
29258124
29258331
29258503
29258568
29258856
29259156
29259219
29259943
29260065
29260206
29260237
29260436
29260798
29260923
29260961
29261384
29261587
29261661
29261681
29262422
29262742
29263034
29263306
29263551
29264336
29264388
29264466
29264990
29266059
29266194
29266240
29266259
29266262
29266501
29267079
29267116
29413226
29415349
29416789
29417339
29420227
29420902
29424238
29425879
29426201
29426251
29426493
29434069
29434851
29440011
29442877
29444186
29447814
29449105
29627160
29627480
29630389
29630522
29630696
29630758
29630882
29631700
29633525
29635106
29635222
29635532
29635910
29636685
29637008
29637092
29637493
29637710
29638225
29638334
29638499
29638637
29639735
29639834
29640453
29641167
29641482
29641540
29641666
29642178
29642742
29643786
29644553
29645280
29645324
29645456
29645632
29645967
29646194
29646360
29647312
29700174
29700272
29700345
29700615
29700790
29700914
29701755
29701949
29702058
29702112
29702812
29703711
29703850
29704139
29704143
29704640
29705448
29705937
29706616
29707588
29707865
29708218
29708440
29708452
29708696
29709164
29709255
29709479
29709825
29710582
29710659
29710908
29710995
29711000
29711363
29711500
29711666
29711740
29711883
29712498
29712695
29713583
29713889
29714094
29714193
29714375
29715269
29715382
29715657
29715798
29716006
29716026
29716331
29716733
29717429
29717464
29717628
29717808
29748759
29755572
29757670
29818198
29820524
29825042
29825154
29825655
29829023
29830919
29832513
29918665
29918938
29922780
29923922
29924958
29927431
29927956
29928474
30036590
30036828
30037161
30037324
30037833
30037853
30038117
30038163
30038366
30038720
30039400
30040061
30040591
30040739
30041165
30041381
30041566
30041703
30041778
30041841
30042147
30042151
30042202
30043459
30043647
30043815
30043960
30044357
30044730
30044759
30044777
30044807
30044812
30044822
30044950
30045004
30045059
30045339
30045423
30045491
30046014
30046039
30046618
30046622
30046773
30047079
30047157
30047319
30047357
30047456
30047607
30047755
30048197
30048327
30048460
30049518
30049968
30050160
30050257
30050326
30050357
30050473
30050665
30050867
30050988
30051233
30051297
30051635
30051766
30051794
30051976
30052048
30052352
30052875
30052926
30053210
30053233
30053382
30053576
30054165
30054913
30054987
30055097
30055105
30055714
30055963
30056794
30057480
30057555
30057817
30057824
30058720
30058889
30059082
30059139
30059182
30059328
30059384
30059521
30065156
30065960
30084436
30179764
30180220
30180648
30181307
30183849
30184662
30186984
30187020
30187150
30188779
30190179
30190976
30191100
30191606
30358597
30359290
30359728
30359962
30360061
30360211
30360323
30360509
30360833
30360845
30360952
30360975
30361874
30362141
30362465
30362567
30363273
30365158
30365298
30365831
30366085
30366521
30366863
30367522
30367589
30368730
30368814
30368835
30369144
30370020
30370437
30370834
30371099
30371522
30371558
30371651
30371820
30372178
30372819
30372902
30373586
30373711
30373723
30374108
30374848
30374959
30374965
30375555
30375753
30376004
30416933
30419225
30426426
