7166
9152
11521
12770
13685
14819
16412
27337
27343
29408
40084
41034
41391
46516
47933
48117
67840
67942
69272
69552
71829
72707
75144
76474
76917
78812
80657
81483
82203
86647
88257
88989
89412
91828
92969
96312
99815
101674
109770
110063
113714
113973
117318
117788
123273
135671
146242
146443
147612
154557
159548
160290
165199
165840
168825
169532
173004
175611
184996
185107
186105
188823
190266
193144
198466
198488
203100
203412
204009
206535
207016
210989
214878
215265
216569
219044
219715
219943
222800
226520
228052
230781
231514
233152
239583
239588
240582
248281
251464
253865
254445
263835
266838
271549
271668
275189
275624
278206
283479
283739
285103
295449
296265
301333
302777
312865
317686
320822
322427
324578
325187
327531
327737
335651
342734
345799
346260
353757
356419
359474
362357
363322
365067
365801
370165
374415
374456
378585
378676
385568
387119
387794
389417
392326
397308
401579
402898
409513
410140
413923
414217
415251
417118
418024
426854
433872
439843
444558
444648
447058
462327
468168
468618
468701
471511
472245
472792
478120
479326
481762
493548
496159
496174
497726
517757
523108
523968
527370
529778
535479
544831
548614
549122
549172
564220
569337
570554
575692
575934
588575
590189
592531
597665
601210
607002
607218
609114
609338
617578
620313
625136
626341
628386
631069
631438
633447
634046
639047
647407
652128
657951
658343
659750
664691
664943
667141
669633
676048
678804
680329
680404
685946
685977
693091
696878
702408
706022
707944
715914
717275
718338
720320
722387
723419
727962
729660
730063
732240
733609
741513
744651
744724
747608
747675
749989
751994
757771
762115
763303
766997
769807
772510
775660
776520
777004
786643
787579
795677
799586
802413
813536
820057
822242
823212
823996
824737
825461
829402
829708
832781
851134
859498
862525
869248
875855
878200
878356
879467
881469
889835
889933
891463
893676
894721
908958
909246
910717
915432
925159
926549
927581
934942
939014
943559
945110
954067
955761
956760
964365
969909
971114
975561
977199
982488
983830
984267
985534
994543
996043
996888
998000
999505
1001628
1002350
1007442
1009561
1019214
1024182
1025197
1025409
1029396
1030246
1032775
1036269
1037005
1042128
1042897
1051392
1053825
1059281
1060161
1071310
1079578
1084899
1089276
1098834
1103337
1104036
1106194
1106936
1109910
1116135
1124257
1128635
1130176
1137627
1137847
1140423
1142359
1143613
1151871
1156003
1166243
1167329
1170383
1172893
1173180
1176730
1179169
1179295
1179676
1179830
1184921
1185520
1194317
1197676
1202043
1202155
1203632
1214771
1216122
1220590
1234654
1236619
1238673
1248533
1256459
1257603
1258258
1264233
1265860
1273879
1275036
1276148
1277720
1280732
1280805
1282085
1284149
1290048
1290666
1295089
1295446
1296275
1296519
1297978
1298834
1301641
1307060
1310925
1326637
1327752
1337606
1338585
1340361
1344163
1344563
1347177
1350926
1364773
1369536
1372513
1374204
1375029
1375795
1380581
1381806
1387284
1391192
1391641
1392504
1392688
1394241
1400899
1408106
1410758
1417906
1423327
1430384
1430564
1432277
1435053
1441429
1443239
1449195
1450681
1453005
1453839
1454593
1457356
1459294
1459737
1460190
1460815
1467274
1475324
1476521
1481750
1484313
1484592
1485728
1486548
1490017
1495464
1495748
1503611
1503698
1510331
1522577
1523468
1528378
1528406
1528724
1531793
1536753
1539658
1545772
1548024
1550492
1555355
1557849
1558946
1559580
1562395
1564937
1566496
1571117
1571339
1572107
1577784
1580061
1580742
1581958
1584193
1585194
1585233
1586000
1587401
1594885
1596116
1602612
1603257
1609024
1610093
1610499
1612781
1621804
1627369
1634675
1638091
1640924
1644805
1657836
1659286
1659520
1662343
1664373
1666296
1667310
1668291
1670698
1673960
1680384
1681235
1686051
1693984
1700820
1700859
1702561
1707480
1708481
1709468
1716189
1718178
1722748
1725208
1727162
1728325
1734012
1739246
1739737
1750941
1752614
1753006
1753722
1755535
1756593
1759430
1761642
1767272
1769511
1771416
1775060
1777085
1778437
1780681
1781945
1784380
1786869
1788984
1789371
1790273
1793413
1793842
1795583
1799287
1799784
1800485
1800929
1803568
1803951
1807192
1808304
1812481
1812593
1819623
1819983
1822171
1822355
1824238
1829091
1830131
1831324
1831952
1833328
1834727
1836203
1836248
1845768
1847499
1848219
1857656
1864040
1864142
1870373
1874797
1875619
1875988
1876623
1876874
1880004
1882492
1885138
1886970
1890631
1900878
1903621
1911398
1915091
1918225
1919372
1919688
1921775
1923757
1924249
1930427
1933387
1934760
1937393
1939092
1940079
1941759
1944783
1950377
1953808
1953859
1955007
1955233
1959652
1960301
1965102
1965372
1972912
1975582
1976712
1979294
1979546
1982083
1991318
1991810
1991998
1997579
1997991
1998050
1998079
1998304
1999368
2000242
2000305
2000824
2003186
2003671
2005853
2007101
2008529
2011486
2012998
2025777
2025797
2033610
2037379
2038967
2040889
2043791
2049647
2051493
2056044
2060334
2062164
2064446
2064872
2071244
2071842
2075688
2082423
2085489
2086671
2089133
2089479
2098624
2100212
2107167
2113992
2114480
2115706
2118841
2121893
2123903
2125247
2125402
2128718
2129387
2131352
2139118
2141021
2142377
2142408
2142451
2146791
2151768
2152379
2153204
2160923
2163848
2171240
2173003
2175015
2180705
2188421
2188873
2193468
2195039
2197312
2198942
2201002
2205442
2208898
2221042
2233643
2234262
2236778
2239283
2243452
2244020
2244327
2245176
2245276
2248305
2249487
2250937
2251434
2258516
2265623
2267112
2275018
2276110
2281793
2283220
2289463
2291315
2292791
2292816
2293901
2294474
2294847
2297760
2307881
2307891
2308094
2308444
2312180
2324537
2324925
2324991
2325216
2325655
2326669
2327300
2342918
2343299
2344860
2349313
2353911
2356377
2359460
2360238
2363410
2365080
2366031
2367674
2368172
2368743
2369725
2371556
2373895
2374674
2378377
2382405
2382783
2392456
2396481
2396860
2399852
2400997
2402602
2404193
2404349
2408248
2410638
2415683
2415978
2416323
2419402
2429776
2430430
2431366
2434284
2439245
2439506
2440671
2441989
2443422
2447378
2449252
2451561
2456978
2458503
2459308
2459918
2475406
2475902
2483040
2485119
2485637
2485984
2492584
2496551
2497265
2499242
2501359
2504422
2506578
2508777
2512180
2513711
2513740
2517083
2521881
2525603
2531028
2536331
2536492
2537040
2537635
2540289
2544744
2545096
2545224
2549608
2552058
2554455
2559372
2559418
2562546
2562717
2564740
2565741
2565778
2570304
2573967
2580888
2588678
2588837
2591565
2594987
2597331
2599015
2605140
2605805
2606186
2606965
2614117
2615512
2617655
2622465
2622555
2628673
2639273
2639395
2643495
2644193
2646593
2649788
2658889
2661672
2665029
2666084
2668227
2668971
2670488
2673551
2674116
2675529
2679585
2680017
2687167
2689773
2691095
2691437
2691602
2700751
2702932
2705258
2705695
2705866
2707419
2708255
2711382
2711668
2712489
2713224
2717822
2721434
2722974
2725658
2725834
2729983
2735261
2736529
2739326
2739721
2739968
2740190
2740496
2743595
2745582
2745855
2746216
2746640
2747750
2750244
2760759
2767657
2767742
2769220
2769747
2775896
2779153
2781058
2789527
2791989
2793762
2805629
2806670
2810307
2811448
2816398
2817284
2822041
2822752
2825583
2825852
2836252
2844597
2847055
2848994
2851905
2856206
2856622
2858461
2862035
2862159
2863970
2865037
2869526
2869939
2872625
2878432
2878982
2881771
2885903
2887886
2888183
2890969
2893014
2893293
2895798
2897153
2897208
2898019
2901583
2903014
2903160
2904088
2908567
2920118
2920817
2921833
2923615
2932822
2933175
2937278
2937754
2938839
2939049
2940312
2941975
2944497
2946134
2948791
2948932
2951310
2951314
2952097
2952880
2957492
2959036
2960916
2963796
2963974
2976592
2979419
2980084
2981426
2983374
2984256
2987584
2989807
2996006
2996223
3008071
3015186
3015235
3015452
3017358
3018838
3025030
3025315
3032091
3040748
3042215
3046185
3055969
3057923
3061334
3072607
3077989
3078395
3079786
3082182
3084216
3084939
3088206
3088536
3090669
3093191
3093451
3095483
3100668
3107481
3109395
3112166
3113644
3113857
3114720
3125066
3127584
3133736
3136704
3139624
3146522
3153012
3156172
3156558
3158894
3161048
3167443
3168334
3171509
3174547
3175824
3178896
3182840
3183295
3188747
3191844
3192128
3192176
3196701
3209734
3209760
3211227
3211251
3220200
3221307
3223839
3224361
3231970
3233911
3234468
3240179
3241827
3244860
3246608
3249433
3250925
3255540
3256008
3266802
3269506
3269941
3272666
3273448
3276539
3277994
3281645
3281742
3298449
3301605
3306459
3312976
3322495
3325776
3329877
3330605
3335995
3336935
3340700
3342684
3342992
3343213
3344682
3350634
3351219
3351478
3352591
3352671
3354091
3355681
3358559
3361179
3368471
3373180
3376578
3383889
3384604
3384872
3385461
3393223
3393870
3394873
3395866
3398262
3399359
3400347
3402432
3403790
3404422
3405591
3406313
3410400
3414729
3415918
3416209
3418086
3423508
3426098
3432135
3433083
3434109
3439085
3441197
3441820
3445757
3445822
3451600
3458115
3459153
3460067
3461114
3470541
3477739
3480443
3482804
3486019
3491335
3494873
3495247
3497481
3497700
3498971
3501294
3502807
3507289
3507779
3509461
3511188
3515900
3517253
3526058
3526167
3529200
3531201
3540298
3540466
3541948
3542365
3547536
3553025
3556140
3564296
3566874
3569421
3570783
3573810
3578535
3580880
3585008
3591400
3595352
3600339
3601447
3606273
3609884
3612194
3612697
3614317
3614334
3617857
3620290
3628292
3634372
3635300
3635316
3644746
3648255
3651431
3655537
3657761
3658493
3660828
3671450
3672400
3681753
3685527
3685748
3685822
3696079
3700364
3702025
3702326
3703229
3704321
3710240
3715607
3721974
3722202
3726128
3727409
3732597
3736784
3738651
3739532
3741653
3744935
3745473
3745695
3751356
3753893
3754462
3756860
3757625
3757839
3758135
3758397
3760051
3761504
3764481
3766015
3766476
3769863
3781044
3786158
3787526
3788537
3793058
3793469
3795763
3797966
3805736
3806399
3809371
3809884
3810869
3811419
3811928
3812495
3814471
3814978
3827481
3835430
3836584
3836866
3837575
3842587
3854075
3857519
3867489
3868626
3870062
3880072
3888819
3891141
3892604
3894068
3901816
3905951
3906312
3913403
3914410
3917010
3922732
3924830
3927905
3928715
3933294
3933791
3935449
3935865
3937006
3939891
3943059
3946267
3946394
3946913
3951797
3957074
3957403
3960627
3960871
3966240
3967077
3967222
3969681
3971863
3972827
3976123
3978362
3982110
3985642
3985965
3987268
3988744
4008592
4014783
4015182
4019175
4019270
4021657
4024616
4024886
4028127
4028872
4031225
4033780
4034122
4039846
4041544
4049488
4050322
4051531
4051534
4055008
4060170
4064644
4068050
4072593
4082575
4082936
4086161
4086990
4096165
4097173
4097660
4099958
4102083
4102150
4110440
4111344
4113477
4116565
4116907
4117510
4121169
4124538
4126790
4132821
4135122
4138581
4141004
4147457
4158600
4161083
4161310
4161580
4167619
4170790
4172840
4176525
4180273
4180817
4181437
4182011
4185273
4186209
4186696
4188470
4191813
4193544
4198442
4200182
4200303
4201116
4202020
4202878
4207255
4208496
4209681
4210484
4211050
4211826
4215640
4215659
4218860
4221163
4222401
4225440
4225610
4230908
4232002
4238553
4239500
4248367
4249201
4261452
4262600
4262817
4265781
4266105
4266762
4271250
4277515
4278162
4284413
4285517
4292805
4297232
4300568
4302618
4313817
4314717
4315419
4322057
4324465
4328755
4330310
4330488
4331289
4335660
4339378
4339622
4342652
4343900
4351288
4352403
4352589
4357363
4358006
4367106
4382779
4383941
4385979
4387372
4387683
4395545
4405042
4405389
4406984
4408845
4410900
4413631
4414060
4414890
4418709
4420696
4422045
4426680
4428680
4432845
4434010
4435051
4446197
4448109
4449989
4455306
4465068
4468352
4471177
4471656
4476664
4479964
4484904
4487507
4489579
4492785
4496726
4497303
4497859
4503822
4506979
4507162
4507310
4514130
4515668
4516008
4517582
4517976
4524419
4525053
4525110
4529235
4536816
4538832
4548681
4550384
4550622
4551065
4551078
4551327
4552750
4553858
4564492
4564599
4566199
4567742
4571028
4571514
4572181
4573239
4573428
4574000
4575961
4577700
4578193
4579252
4579357
4579781
4586774
4587005
4591141
4593741
4595502
4598769
4599083
4600494
4604561
4606381
4606991
4612051
4617694
4618455
4624420
4625821
4627295
4627658
4633568
4642241
4646479
4647375
4647812
4649781
4652514
4653286
4654843
4655298
4655875
4659576
4662173
4666896
4668548
4671617
4675216
4676144
4676915
4680027
4681900
4682652
4684072
4684726
4686751
4689187
4693911
4696531
4698575
4700944
4704845
4705887
4706035
4707198
4709011
4709780
4710930
4713189
4722169
4724126
4727947
4735899
4738519
4739052
4742760
4742989
4746946
4747311
4748507
4751832
4760840
4763951
4767532
4772233
4772378
4774328
4774593
4775959
4781208
4784135
4790391
4795711
4797699
4804418
4805289
4806973
4811067
4811127
4812515
4812522
4813499
4815872
4824708
4836928
4840056
4841659
4845678
4850356
4858574
4862567
4863583
4866996
4868974
4875830
4876327
4877346
4877601
4887005
4892006
4892586
4893486
4896487
4899261
4902573
4905235
4908293
4908643
4914870
4916675
4922785
4922900
4923831
4927359
4933993
4936371
4939765
4941216
4941623
4943148
4949230
4950364
4952303
4954676
4955590
4955821
4963924
4966885
4967320
4967485
4969856
4970049
4976786
4978451
4979199
4985909
4987821
4988068
4989190
4989459
4990088
4990377
4991369
4991907
4992896
4993357
4994638
4995379
4999217
5001887
5003722
5004473
5009138
5009999
5010380
5011374
5013229
5014382
5014399
5014598
5015550
5016093
5019888
5026395
5026951
5027308
5030808
5031289
5033305
5035179
5042456
5049408
5051133
5054797
5055105
5062425
5075369
5076589
5079337
5081001
5082667
5084340
5084533
5091555
5103285
5106551
5107809
5115093
5120719
5124350
5126816
5131163
5132281
5138915
5139322
5141632
5156561
5167792
5172419
5172922
5173698
5183442
5188266
5189440
5198442
5201196
5203012
5206516
5208508
5218454
5222274
5225786
5236973
5239266
5240787
5242144
5251272
5255731
5257242
5260610
5272775
5272786
5273092
5276548
5279934
5280023
5282622
5282788
5287782
5289198
5290548
5294492
5299937
5307276
5316721
5317536
5320809
5322184
5324837
5327072
5334107
5336630
5349582
5353070
5357929
5360500
5360679
5365398
5370808
5371318
5371874
5371877
5373701
5373858
5377886
5379457
5384613
5390818
5391138
5393222
5395176
5397980
5399190
5403565
5404641
5406421
5409247
5411807
5420353
5431942
5432146
5433765
5452050
5453867
5456007
5456462
5461400
5463523
5465676
5466616
5467874
5477813
5478058
5478394
5485191
5485208
5490238
5490906
5491776
5493964
5496993
5497299
5498087
5503655
5507309
5518102
5520532
5525355
5527535
5530854
5534338
5541672
5544522
5550710
5552412
5553790
5556458
5567225
5570536
5585161
5585796
5586468
5590633
5591852
5597316
5599051
5601936
5607987
5612050
5620241
5621122
5629476
5633367
5634861
5635531
5637465
5637922
5645579
5645749
5646329
5647387
5649512
5654556
5664410
5668350
5668813
5677766
5679593
5689024
5689130
5690662
5693084
5699259
5700903
5702455
5703833
5704835
5707419
5709435
5709689
5718408
5722901
5733457
5733920
5740892
5745506
5755983
5759124
5761404
5762976
5769628
5770787
5770806
5774228
5777707
5777734
5780192
5780690
5780797
5781903
5786534
5786855
5791244
5793106
5794414
5797112
5800159
5806151
5807716
5810272
5810991
5821309
5822087
5823616
5824621
5826555
5828878
5833317
5833928
5836090
5836619
5837272
5838490
5840548
5854319
5861302
5862106
5863925
5867001
5867969
5869230
5869308
5869903
5871016
5876845
5878762
5879700
5886233
5886254
5886398
5889291
5891761
5894166
5895114
5898082
5902601
5910901
5915986
5920829
5921359
5922780
5923478
5931296
5935980
5941927
5951881
5952115
5956641
5959895
5965314
5968470
5969443
5971939
5974926
5976201
5976615
5988299
5989181
5989701
5990776
5993279
5994739
5997576
6005365
6008278
6008316
6013140
6015452
6018796
6018872
6019054
6020422
6023825
6034478
6035593
6036627
6038014
6039298
6040019
6041675
6049332
6057171
6063600
6064777
6068817
6071146
6074053
6075087
6082788
6091679
6092180
6092844
6093006
6097301
6102829
6105007
6105090
6107607
6109628
6112628
6113454
6121029
6121587
6128816
6131678
6132907
6134543
6135666
6138679
6139421
6139705
6140272
6141289
6141290
6150771
6153102
6155723
6156402
6157567
6157776
6158157
6158700
6169216
6172961
6173029
6177312
6184711
6186772
6195504
6199258
6199500
6204580
6205528
6206227
6207303
6207849
6208071
6209632
6212809
6214437
6215487
6215917
6216775
6218158
6219400
6219777
6221286
6223227
6223885
6227794
6229621
6230032
6236953
6238021
6239869
6241153
6246772
6247600
6249261
6249750
6251590
6256640
6260748
6264048
6265451
6267918
6271923
6273530
6274281
6274384
6278838
6282088
6282909
6285753
6289668
6295972
6299098
6299750
6299894
6302618
6308837
6311301
6322386
6327746
6338647
6342173
6351200
6356358
6360523
6365017
6369316
6369634
6372566
6376522
6376663
6377056
6377340
6380343
6380504
6383461
6385297
6386883
6394014
6405928
6413173
6417503
6418928
6421723
6422443
6424682
6429618
6433782
6436640
6445395
6445705
6451772
6452799
6453283
6461957
6467393
6468636
6472130
6484719
6486671
6488556
6490688
6493012
6493714
6498368
6500606
6511366
6511487
6512896
6514486
6519929
6523789
6524673
6524929
6527238
6531219
6531791
6537494
6548040
6548943
6549911
6550038
6557781
6561398
6563421
6574809
6576734
6581023
6582422
6586987
6589860
6592755
6593237
6593289
6597926
6600524
6601021
6613674
6629499
6630097
6631138
6632383
6634048
6635849
6636207
6638176
6640252
6642476
6643559
6657724
6658106
6664567
6665433
6670748
6671412
6673093
6674151
6676819
6677039
6687604
6703869
6704021
6705933
6708484
6710064
6712730
6726046
6731536
6731703
6737115
6737611
6740921
6741031
6742728
6752387
6753128
6756424
6757032
6757558
6758465
6761979
6764973
6766082
6766194
6768544
6771009
6771425
6780080
6785046
6787809
6793579
6795070
6799989
6802415
6809461
6815848
6816833
6818757
6821992
6834662
6842288
6843429
6845505
6848559
6850932
6855023
6861891
6865729
6868167
6868379
6873515
6876432
6877293
6878354
6882437
6883238
6884900
6886510
6886885
6887968
6888387
6893220
6897177
6897652
6897816
6898233
6898925
6901546
6902316
6903323
6905828
6907923
6908799
6908965
6910367
6910397
6916419
6917819
6919157
6919310
6919349
6924289
6928881
6929072
6931897
6933346
6940599
6947503
6947712
6953534
6954580
6958831
6959578
6959893
6964518
6965975
6969034
6969066
6970079
6971642
6972663
6977354
6983417
6985529
6990717
6999555
7000148
7000455
7000516
7001164
7004383
7005861
7006098
7007816
7007880
7012734
7013258
7014167
7015656
7017399
7022191
7023516
7026932
7028169
7034126
7035567
7039055
7041952
7046966
7047492
7049197
7052259
7065193
7067426
7069743
7083070
7083190
7087475
7089096
7091881
7092315
7095972
7101668
7105624
7105982
7106810
7113259
7115330
7117418
7117580
7123944
7127117
7130948
7138060
7140470
7142296
7143858
7146929
7147387
7149846
7149904
7150317
7155050
7158618
7158935
7165805
7169182
7170679
7174114
7177541
7181681
7184357
7192536
7192684
7199044
7202810
7207460
7208662
7209600
7210481
7219011
7222016
7224567
7225281
7229642
7231915
7236024
7236514
7236574
7244234
7247126
7247584
7252959
7254307
7256759
7258325
7268687
7269433
7271020
7281906
7286910
7295758
7296074
7296687
7296945
7298117
7298148
7301213
7305717
7305730
7305855
7307593
7307870
7308571
7311999
7314894
7318325
7321787
7328523
7335482
7340686
7343025
7346298
7348688
7350981
7351258
7351886
7353703
7358148
7364256
7366238
7369134
7370250
7373807
7379172
7381876
7383330
7386532
7386883
7387390
7391766
7392095
7392611
7394553
7397673
7402544
7403115
7403417
7405551
7416220
7418021
7422221
7424981
7437117
7438576
7446323
7449836
7456472
7456642
7459817
7459868
7462496
7463616
7466650
7470599
7470813
7478508
7478732
7480204
7482327
7484632
7485336
7485358
7486370
7492268
7495811
7501719
7502046
7505768
7507859
7510165
7510484
7511089
7513964
7514306
7515349
7517249
7518070
7521146
7522623
7525655
7528976
7531177
7533850
7533940
7534250
7534968
7538032
7545043
7548872
7551211
7560808
7560967
7565917
7566439
7574377
7590781
7592416
7601230
7601495
7612506
7615288
7619468
7626839
7631894
7634669
7635949
7636170
7637460
7640638
7643625
7645085
7647919
7648650
7650234
7668751
7672044
7679628
7681166
7683127
7683475
7684140
7686757
7689348
7689473
7695001
7696625
7697262
7697798
7699506
7700803
7703290
7704623
7708141
7710152
7710419
7711365
7714943
7716439
7717616
7718167
7719366
7724288
7725202
7726831
7727130
7729446
7733557
7735475
7737110
7739529
7739963
7740537
7748809
7750389
7754564
7763874
7769126
7774459
7774591
7782218
7784717
7788163
7789437
7789690
7789983
7796200
7803267
7803290
7811501
7812241
7817964
7826675
7827247
7832281
7832592
7834296
7836550
7838614
7841238
7846143
7848268
7863213
7869091
7871409
7872919
7874167
7887277
7887435
7888734
7888930
7892665
7895770
7896528
7902658
7907418
7911671
7916409
7917359
7920704
7922244
7925072
7928223
7930314
7931054
7936749
7936810
7938442
7938846
7940329
7944066
7944996
7945960
7946546
7950145
7950909
7952568
7955700
7957446
7965565
7969874
7972629
7973946
7974021
7974514
7982447
7989058
7989322
7989940
7990328
8002302
8003327
8004365
8009092
8014669
8015505
8020179
8021409
8021530
8022161
8025121
8026087
8034851
8035336
8036009
8037699
8037812
8040256
8045324
8045814
8048808
8053305
8058869
8062876
8064965
8065452
8065780
8066745
8072272
8073502
8077349
8079383
8084643
8087080
8089548
8098218
8099440
8101274
8105307
8105811
8111517
8114105
8119580
8120180
8120314
8122680
8122946
8125742
8134773
8136973
8145891
8157365
8167403
8171137
8171368
8172438
8178315
8178930
8179223
8192723
8194035
8195887
8198675
8200069
8202176
8209328
8209666
8211760
8214604
8215646
8220069
8221488
8222652
8223503
8225160
8227137
8241561
8242106
8243258
8247495
8247905
8248341
8255399
8259165
8263695
8270576
8274140
8274529
8277559
8278176
8278814
8281563
8283614
8285442
8286354
8289096
8290854
8295419
8298227
8298952
8300507
8300983
8302898
8305464
8309310
8309965
8314959
8316680
8317622
8317722
8319053
8323785
8331910
8334607
8335082
8337504
8341209
8342029
8355995
8359534
8360270
8362211
8363118
8364527
8367535
8367570
8369474
8370773
8371531
8371724
8376715
8378839
8379047
8379100
8380260
8381485
8384557
8394504
8407515
8407771
8409196
8420723
8427562
8429292
8429823
8431384
8441922
8446354
8446494
8454350
8455676
8460645
8465621
8468744
8470056
8473135
8474803
8478602
8479144
8479327
8479718
8485591
8490332
8498116
8500751
8507372
8509735
8510084
8517575
8521714
8522217
8523719
8528367
8529989
8530784
8531011
8531994
8541305
8543750
8547029
8548900
8555110
8558244
8560457
8561994
8567681
8573059
8574381
8577602
8577752
8578165
8580202
8580958
8581206
8582837
8584692
8589131
8589611
8597053
8598475
8600040
8602036
8604739
8606849
8609929
8612462
8614714
8620571
8623194
8625403
8629907
8630563
8633172
8637093
8647900
8649879
8650156
8651009
8658767
8662936
8666389
8671324
8674279
8675863
8695599
8695914
8701552
8701584
8701586
8702435
8707405
8708478
8708765
8709122
8718282
8718446
8722687
8723055
8726343
8729496
8738633
8743686
8746973
8747888
8748049
8748137
8749193
8751706
8753853
8754349
8755997
8758935
8762480
8763561
8764666
8765481
8773443
8773784
8775316
8783564
8784709
8785539
8787827
8788605
8791861
8794961
8795025
8800402
8805906
8806404
8808776
8812130
8813272
8822672
8826670
8827513
8832100
8832193
8833154
8836734
8843888
8847193
8849190
8853714
8856224
8856293
8857350
8859984
8861108
8868390
8870423
8871522
8871957
8872537
8873155
8873403
8874833
8886360
8886987
8890286
8896164
8896192
8898020
8900572
8904521
8905107
8913198
8914759
8919358
8924272
8928459
8931090
8931335
8933353
8938005
8941489
8941690
8944730
8952405
8963616
8967088
8976343
8981425
8981885
8986136
8986626
8996065
8997484
9000920
9003310
9003949
9005781
9005880
9006766
9012295
9013024
9018410
9024644
9033626
9037544
9043092
9046047
9047339
9053984
9055458
9055511
9058961
9061092
9062814
9063317
9070000
9070624
9072008
9074080
9078021
9078231
9079192
9079302
9080645
9081539
9082289
9082685
9083739
9085163
9089041
9094009
9097470
9101042
9117426
9117999
9118594
9120489
9120678
9121554
9123061
9125110
9126376
9129513
9143352
9146425
9147540
9152775
9156251
9163538
9167652
9172752
9173304
9173845
9181542
9186943
9188527
9197638
9202616
9203156
9207036
9207360
9207493
9207544
9213965
9215502
9219763
9229817
9236073
9244244
9246925
9247663
9249346
9249559
9254432
9254924
9255043
9260560
9260594
9262315
9267964
9271258
9273603
9273642
9274424
9279702
9280731
9282563
9284735
9288617
9295115
9302660
9303685
9308178
9316166
9316247
9323808
9325961
9330246
9336059
9338594
9340383
9341599
9343666
9344220
9348592
9360727
9361357
9362159
9365094
9367846
9370542
9370735
9371733
9373462
9373621
9389367
9391606
9391732
9398076
9401272
9407498
9407744
9412111
9414260
9415193
9417526
9421653
9421818
9423874
9428192
9429169
9430368
9439498
9440831
9441047
9445122
9446021
9447211
9447568
9451968
9452117
9452636
9453985
9458974
9461241
9470760
9473832
9475944
9478476
9486769
9487487
9487516
9488001
9488120
9491614
9501187
9504477
9504727
9510906
9512579
9519607
9519937
9523796
9525924
9528120
9530204
9535450
9538650
9539114
9541849
9542518
9543730
9548460
9552821
9553805
9553920
9563020
9564015
9575710
9577983
9578171
9579962
9585194
9585979
9587263
9588881
9591140
9591937
9597008
9602259
9608038
9615651
9618731
9619838
9622598
9622800
9625252
9628762
9631263
9633775
9634445
9637395
9640343
9640523
9642665
9642856
9645905
9646328
9646958
9647033
9650863
9652355
9654154
9654187
9661889
9670918
9671344
9680967
9681078
9682118
9684570
9686258
9687408
9692605
9696825
9701375
9707514
9711245
9712257
9715421
9718908
9725299
9725932
9729423
9734169
9741736
9743616
9744137
9744621
9745743
9747022
9749231
9754583
9757512
9757750
9759765
9764437
9765119
9765299
9771986
9772373
9772408
9775127
9779920
9781822
9784354
9787072
9787110
9796690
9799279
9812915
9817707
9822890
9834033
9835255
9835781
9836876
9837304
9838594
9855125
9856024
9857053
9859214
9859912
9861189
9867608
9869055
9870772
9873900
9876507
9880763
9881759
9885080
9897524
9900388
9901691
9907598
9911457
9912142
9914105
9916009
9918855
9921704
9926373
9928338
9928897
9934141
9934844
9940016
9943078
9943741
9952815
9955844
9956615
9957301
9957955
9957979
9962641
9963462
9966958
9968243
9969549
9971072
9980777
9982721
9989791
9992405
9993620
9998875
9999470
10001149
10001903
10006092
10012565
10014995
10015510
10015573
10016880
10025352
10034657
10037970
10041422
10041771
10041857
10042829
10045753
10050186
10050784
10055263
10056502
10061079
10063698
10065432
10066687
10068177
10072720
10076979
10077379
10091984
10093950
10095821
10099859
10102322
10103051
10104046
10104833
10109352
10109436
10113758
10116912
10119395
10127782
10129889
10130116
10130914
10131175
10138753
10139287
10139988
10140956
10141982
10145003
10145500
10146493
10147516
10150910
10151281
10155774
10157064
10157179
10161638
10163980
10166407
10166652
10169824
10171157
10172877
10176474
10190850
10191147
10193424
10194040
10195760
10201239
10203602
10204335
10206230
10206642
10206683
10207607
10210099
10212563
10213473
10217245
10220086
10221964
10222906
10223023
10223196
10223768
10225035
10230091
10230833
10230893
10236673
10236688
10243392
10248991
10250201
10251449
10254100
10257686
10258569
10268093
10269991
10273211
10273488
10273737
10276133
10276634
10280157
10282911
10286634
10290145
10290373
10292664
10293510
10298385
10298429
10299005
10302916
10304495
10308094
10315819
10316145
10322235
10324957
10325090
10327036
10327646
10328632
10329465
10330473
10331581
10334670
10335542
10335791
10340048
10341794
10346929
10355143
10357136
10358240
10359232
10363003
10363846
10365408
10378569
10380604
10380714
10384164
10386528
10388724
10388882
10390432
10395866
10399005
10407409
10410884
10412283
10412634
10414837
10416950
10420102
10424474
10424478
10431923
10434984
10438519
10438896
10440861
10447156
10448103
10448404
10450595
10456332
10460638
10462761
10463883
10465990
10466060
10467500
10475280
10479165
10490001
10490896
10492124
10495309
10495577
10498298
10498536
10500811
10501021
10503153
10503848
10508662
10509011
10517274
10521601
10522313
10527893
10529665
10535666
10540877
10542938
10545498
10545847
10548227
10548983
10550760
10552361
10553479
10556988
10558816
10563608
10563722
10566065
10573960
10583252
10587737
10591201
10592733
10593665
10595688
10595979
10599629
10600718
10601283
10605408
10610340
10611776
10611904
10615173
10618987
10621080
10623244
10623532
10627281
10631032
10631310
10632868
10637150
10638817
10638913
10640173
10641170
10647182
10651093
10658040
10658688
10659642
10663818
10665373
10665647
10670943
10674325
10674413
10677567
10681215
10684609
10686751
10687577
10689871
10696521
10697092
10700127
10702153
10703019
10708707
10708742
10709377
10721556
10726321
10737855
10740022
10742843
10744563
10751587
10755832
10758574
10759066
10759124
10760579
10760962
10763175
10765842
10766428
10768466
10769284
10770035
10771733
10774140
10778810
10780148
10781808
10786342
10786676
10794377
10795637
10797538
10800240
10803686
10812512
10817643
10819299
10819868
10820900
10826407
10832560
10832600
10834061
10835680
10838315
10839205
10841307
10847013
10855571
10857808
10872548
10877615
10881705
10885237
10888004
10893973
10896983
10897657
10900234
10900484
10900677
10901223
10903634
10905666
10914039
10915499
10922924
10923086
10924849
10925604
10925685
10926345
10928508
10930243
10932284
10935465
10935725
10937241
10941261
10942462
10942745
10945637
10947621
10949691
10950451
10961209
10965640
10971528
10973044
10976243
10980314
10983276
10983941
10985253
10986702
10987139
10994424
11001636
11004380
11007849
11007881
11009410
11009852
11016525
11018440
11019161
11020477
11022434
11024329
11025046
11030457
11030829
11033935
11037478
11043205
11044396
11045453
11047832
11048332
11048348
11049732
11053849
11060867
11063420
11064804
11065759
11067593
11068120
11070502
11073799
11080917
11089892
11094800
11095487
11096164
11106560
11108988
11109310
11109549
11115369
11116918
11116993
11122367
11128166
11128736
11128813
11129347
11129360
11133543
11149466
11155388
11158143
11160139
11162382
11163845
11167213
11168595
11172011
11172242
11173940
11174493
11176305
11177275
11187232
11187634
11194278
11196611
11197223
11200186
11200206
11201787
11204768
11205506
11209839
11211384
11214747
11214912
11215700
11217513
11223394
11229380
11230564
11232557
11232844
11237230
11237508
11242337
11247263
11254321
11256538
11256582
11266432
11268663
11271292
11277664
11280686
11283036
11291474
11292964
11309728
11311366
11316184
11318730
11319412
11320293
11323071
11325510
11325626
11326011
11328490
11334296
11341131
11341457
11342622
11343879
11346834
11347623
11352024
11352887
11353562
11353639
11354001
11354445
11361142
11366396
11367728
11368868
11369523
11373937
11375668
11376599
11378296
11379340
11379402
11379431
11380802
11381424
11381660
11384323
11386319
11391102
11396196
11396805
11399072
11402247
11405114
11406149
11409141
11409909
11411231
11411526
11411913
11412191
11413644
11414701
11415311
11422942
11422984
11424897
11425443
11426021
11428450
11434020
11448540
11448729
11451513
11453076
11454143
11454507
11454714
11461032
11463493
11465757
11468298
11472164
11478342
11484404
11484667
11487939
11489775
11489969
11491219
11492397
11492537
11495740
11496338
11496970
11502702
11502757
11507210
11508093
11511884
11512104
11513917
11516162
11519784
11521103
11522644
11524875
11525087
11531868
11532078
11532474
11532814
11533817
11533824
11539271
11542779
11553168
11559794
11579405
11581513
11582114
11585476
11589341
11589428
11589639
11603609
11606860
11616572
11617061
11617840
11618768
11619423
11623132
11627612
11627898
11629268
11641363
11641520
11646559
11652817
11659461
11665844
11667072
11671634
11672747
11675439
11680802
11685291
11690442
11694267
11697036
11701639
11719267
11722138
11722570
11727810
11737343
11738987
11744014
11750220
11760864
11769087
11771154
11775598
11776430
11777302
11782014
11787050
11791288
11792664
11794015
11795340
11802717
11803285
11817137
11817233
11823870
11825038
11831040
11840717
11842295
11845775
11851258
11851351
11851904
11856026
11857090
11860350
11861895
11864329
11865630
11865883
11871005
11871696
11874058
11874318
11878669
11881671
11884687
11885166
11887027
11887360
11887470
11889640
11895592
11898886
11900317
11902269
11903018
11903974
11904770
11911008
11916455
11918059
11921840
11924323
11927048
11931381
11936793
11938599
11941983
11942124
11949451
11950900
11953337
11954771
11956105
11962145
11962774
11965690
11966716
11966890
11974828
11976302
11976385
11976774
11979098
11982236
11982496
11983246
11987540
11991208
11998418
11998919
12005274
12006006
12009305
12010581
12011092
12011450
12012457
12018421
12022022
12033184
12033390
12036393
12038942
12039907
12049070
12051056
12051325
12053151
12060788
12062687
12065305
12069538
12070801
12071096
12071852
12074478
12081269
12081507
12086078
12089696
12095652
12098285
12100518
12101002
12101704
12105387
12112204
12114078
12115802
12121493
12121612
12126259
12134320
12136142
12142434
12143671
12144074
12145494
12149653
12162992
12165748
12169478
12177097
12177412
12177648
12180579
12182866
12184629
12186622
12188549
12190417
12197119
12202963
12206033
12207274
12208548
12211364
12215209
12221933
12222346
12223752
12224478
12229288
12238893
12241141
12241792
12243120
12245400
12246620
12251364
12251659
12254298
12256648
12257266
12259397
12261523
12262019
12264318
12270274
12271867
12272274
12274012
12280198
12292463
12294176
12295151
12298588
12306874
12307020
12307565
12309020
12310008
12317234
12321290
12323409
12323749
12326385
12332821
12334445
12337556
12339248
12341905
12344137
12351083
12352493
12354654
12363646
12367921
12370768
12373582
12376162
12380266
12381721
12382281
12382419
12388737
12391486
12393562
12394207
12394368
12403917
12413357
12414127
12417565
12418633
12418929
12428198
12439992
12444049
12445121
12447737
12451211
12454838
12458924
12462297
12462882
12467376
12468615
12474283
12474320
12480709
12485203
12489756
12492307
12510445
12516709
12517685
12522338
12523723
12527670
12527720
12528452
12529982
12530449
12535489
12543840
12553979
12555971
12559097
12569752
12570322
12573751
12578013
12580598
12582975
12585217
12589222
12591615
12591755
12592104
12592522
12592711
12593019
12593385
12594265
12595110
12600354
12603682
12603896
12604475
12605559
12606589
12607807
12610486
12610809
12611547
12612874
12619077
12620138
12622319
12623688
12626689
12627186
12628632
12629268
12643986
12647322
12648642
12670817
12670844
12671005
12673194
12675346
12677045
12683466
12694747
12695151
12697545
12697875
12699273
12704862
12709903
12711509
12713139
12714270
12714396
12717201
12723046
12727038
12728224
12735535
12737250
12737910
12739857
12746071
12755317
12759854
12770829
12773028
12773083
12782859
12785802
12791600
12793841
12804685
12805487
12806604
12814981
12815784
12817098
12821881
12829852
12833322
12834418
12837552
12838759
12839873
12841443
12843086
12846234
12850480
12862477
12865892
12866091
12871139
12872020
12872818
12878634
12878686
12884136
12890778
12891822
12892886
12895691
12899617
12908671
12918972
12920258
12931122
12931875
12932321
12935248
12940431
12942212
12956733
12958636
12961801
12972041
12976599
12976691
12978015
12984897
12990116
12993830
12997897
13000626
13002267
13003062
13005553
13005971
13009013
13010247
13014892
13018852
13021220
13024218
13025370
13027283
13033137
13039332
13039664
13045383
13045969
13046063
13047428
13050411
13055357
13055867
13057107
13066796
13068396
13073491
13076410
13083419
13089157
13089493
13090574
13094067
13094382
13097947
13102509
13107944
13109228
13113793
13115716
13122138
13131838
13141546
13144482
13148036
13154491
13154724
13157805
13158171
13159196
13168787
13170128
13171633
13178465
13182411
13183602
13186835
13189373
13190214
13192408
13194270
13196320
13196443
13197813
13203226
13203301
13205544
13208166
13225259
13228602
13232324
13233447
13234957
13238950
13242218
13242549
13243986
13247109
13249025
13249800
13251508
13252549
13253737
13255964
13257681
13261180
13271313
13272176
13278830
13280775
13282526
13283156
13283891
13284189
13288973
13291216
13294685
13295995
13296145
13300755
13305645
13306063
13308070
13309689
13310008
13317405
13323960
13328932
13334996
13335024
13335405
13339484
13344187
13346123
13356999
13369557
13378031
13379444
13384939
13386117
13386803
13390525
13390985
13391028
13393805
13404838
13408213
13410886
13411919
13412114
13412869
13412965
13413798
13417997
13423827
13423970
13426406
13434234
13436296
13443229
13443429
13451644
13452272
13452345
13452916
13458286
13460512
13461690
13461920
13462267
13463221
13465443
13472218
13475119
13480152
13490603
13490904
13497544
13499192
13507386
13508563
13510061
13510150
13519304
13520258
13520666
13523710
13524550
13528646
13530762
13532171
13534836
13555040
13562028
13568106
13579719
13583772
13584904
13585470
13586976
13593592
13595926
13596214
13597341
13601662
13607498
13608235
13613980
13613983
13615400
13616257
13617217
13619196
13620190
13623085
13637281
13638528
13639552
13640701
13640825
13641261
13645761
13647927
13650339
13651192
13655428
13656600
13659830
13662361
13665174
13665318
13665348
13679722
13681582
13683147
13685284
13688434
13691135
13703886
13712042
13712445
13714074
13715753
13718537
13728562
13734212
13741325
13746602
13748891
13753410
13754111
13760804
13766695
13767244
13770268
13775717
13775947
13778909
13785390
13788827
13789602
13791168
13792001
13797040
13805013
13805281
13808448
13812856
13814081
13814958
13817268
13824621
13843587
13847319
13851048
13854241
13863084
13870292
13870852
13870865
13872829
13875382
13879006
13881438
13882488
13889665
13889923
13900868
13902069
13904213
13906698
13911124
13912053
13916874
13918238
13920075
13920142
13924214
13924875
13933732
13934136
13938980
13940397
13940770
13941213
13941555
13966835
13967471
13972912
13977019
13980484
13985233
13986358
13986723
13986980
13988836
13989192
13993494
13995064
13997728
13999365
13999940
14001197
14003680
14005095
14006291
14012971
14016255
14016618
14018820
14019164
14020984
14032508
14033935
14038797
14039496
14040618
14048359
14048578
14049479
14050656
14052623
14053317
14053412
14060756
14062699
14063908
14068012
14076123
14083166
14085500
14087021
14094133
14097964
14098258
14098556
14099235
14102949
14106333
14107802
14108816
14110438
14110595
14112618
14114367
14114499
14115169
14118250
14121661
14124040
14130918
14135451
14137394
14140713
14144167
14144552
14148145
14148725
14152228
14154114
14154171
14154442
14155550
14155581
14162733
14164017
14164581
14164956
14170937
14172818
14176817
14177475
14178874
14179131
14183540
14191118
14193153
14196597
14206684
14207757
14208009
14208492
14220479
14220648
14223041
14223988
14224178
14224626
14225462
14226374
14228186
14229853
14230965
14231269
14244391
14246538
14249807
14252585
14255903
14268455
14271298
14274868
14276685
14276830
14278590
14287020
14288251
14288462
14301698
14302351
14303928
14305095
14307866
14315160
14318080
14319070
14321218
14327624
14327804
14329622
14334353
14345403
14345600
14345718
14349089
14352792
14352936
14355307
14356554
14362624
14365231
14366617
14366650
14368228
14368417
14370599
14371206
14373686
14374521
14374656
14376482
14382303
14383721
14390479
14390610
14392336
14392402
14396885
14412440
14415424
14420246
14424744
14428318
14432423
14433341
14440441
14441252
14444973
14446870
14450595
14455968
14456280
14456690
14457627
14460209
14464002
14465697
14473021
14476031
14478663
14482280
14487085
14490605
14495216
14495317
14497774
14503723
14514808
14517196
14524029
14526538
14528692
14528772
14532705
14533620
14534978
14538471
14540532
14544409
14544697
14545042
14545555
14546565
14549690
14553684
14560505
14564086
14565618
14570632
14572089
14572591
14578674
14579515
14588043
14595031
14599047
14601779
14603094
14604311
14606296
14606341
14611663
14618682
14618971
14619680
14621758
14623859
14625268
14629689
14630291
14634570
14636102
14642329
14647134
14649093
14657377
14661638
14667848
14669579
14671358
14672758
14673489
14675418
14675699
14693388
14697297
14698244
14699888
14703353
14704069
14704513
14709047
14714995
14717549
14718081
14719678
14719741
14723103
14723163
14724091
14727217
14730945
14738349
14739139
14741451
14741908
14745969
14751631
14752737
14754411
14754838
14765189
14771282
14775167
14777330
14783693
14785543
14791346
14792734
14793989
14797897
14800042
14801008
14801599
14801647
14803069
14804956
14809845
14810212
14810247
14810996
14816985
14817061
14819105
14819478
14819789
14820690
14832945
14835663
14841322
14848835
14850342
14852754
14859476
14862330
14863973
14867257
14870335
14876304
14878919
14880548
14884950
14887542
14889985
14891199
14892844
14896283
14898499
14900607
14903034
14904580
14917486
14917528
14919104
14920007
14920137
14929539
14934004
14935972
14938521
14939716
14941105
14941148
14941874
14941953
14943010
14946795
14949265
14953346
14953810
14957142
14957938
14958056
14962858
14964443
14973335
14983083
14985578
14989631
14989749
14994109
14995494
14999775
15003907
15008022
15010666
15012271
15014067
15030616
15041344
15051368
15055074
15056170
15057383
15058144
15067759
15067812
15068413
15078120
15079630
15080240
15080693
15081169
15087120
15090405
15093075
15097582
15101196
15101819
15101868
15102238
15114406
15115238
15124396
15124827
15125037
15128409
15128868
15133113
15133352
15141492
15142680
15143088
15146407
15146926
15149656
15150019
15151560
15154112
15155083
15161088
15163319
15173720
15173777
15173998
15175348
15182146
15186018
15189700
15190125
15198622
15200915
15201193
15201933
15204734
15206131
15207692
15208279
15211573
15215335
15218460
15221359
15226520
15239197
15243242
15256439
15256501
15257390
15260142
15267956
15272184
15274707
15276594
15277736
15284169
15285155
15287031
15300078
15303599
15304023
15304390
15306695
15306967
15307567
15312006
15317378
15317984
15322627
15324873
15328349
15329598
15330868
15337398
15342893
15344128
15344551
15347947
15350430
15352132
15352261
15353851
15358258
15367674
15370533
15385205
15388403
15392308
15396186
15397899
15401142
15401188
15401833
15404342
15408771
15412182
15420179
15420357
15420881
15423942
15426619
15426649
15429732
15431222
15431522
15435367
15435496
15438152
15442608
15447000
15447193
15451281
15454584
15457095
15474634
15477566
15483138
15484195
15489127
15489244
15492040
15501336
15506756
15506865
15515164
15522908
15526146
15527423
15527465
15529376
15529718
15531837
15533117
15536616
15539251
15539384
15540079
15540467
15547355
15549063
15550983
15557839
15563801
15570358
15570439
15572996
15573191
15577929
15582418
15585135
15586347
15586378
15588536
15589393
15590376
15595401
15595906
15598619
15599553
15605246
15606674
15607517
15607733
15623609
15624924
15625437
15627607
15636650
15641263
15645398
15648724
15649139
15650045
15663053
15665742
15667225
15679605
15681869
15685130
15685472
15687685
15689050
15689188
15695441
15696679
15702243
15705257
15712860
15712922
15714259
15722433
15723168
15724009
15725454
15735079
15736876
15738995
15741662
15753620
15755574
15758097
15760158
15762889
15769233
15771773
15772666
15774679
15774827
15779369
15781488
15784504
15787008
15790809
15793135
15800604
15809548
15828315
15833066
15835428
15836346
15842706
15847153
15847764
15849689
15851936
15856903
15858311
15862798
15863120
15875355
15876358
15881967
15890614
15891297
15892635
15894051
15895532
15902435
15907206
15909583
15909888
15910113
15910306
15911899
15917514
15919533
15927718
15928316
15936602
15942707
15943041
15948940
15951799
15951973
15953754
15954329
15954514
15956801
15964397
15970807
15971725
15973656
15980122
15981795
15985688
15991461
15991535
15991889
15997868
15998955
15999411
16008448
16011536
16023137
16027811
16029242
16033120
16039372
16048518
16048672
16049367
16052249
16054577
16056677
16057492
16057577
16059186
16062277
16070687
16071264
16071368
16071779
16072156
16073506
16075559
16082315
16083247
16083302
16089372
16089990
16097521
16098093
16101805
16105445
16106534
16117348
16129907
16130545
16130990
16133106
16133642
16136607
16136813
16139599
16143123
16145308
16147114
16151982
16159060
16160743
16161406
16162543
16165495
16168263
16170727
16173781
16173848
16175276
16177152
16178255
16178999
16184374
16185637
16187668
16188462
16189957
16197335
16199473
16200316
16208872
16211057
16218140
16219085
16222639
16223637
16224329
16225839
16228975
16229371
16230738
16240791
16242606
16253433
16253643
16253989
16269195
16271328
16272771
16274937
16275543
16286375
16291732
16291950
16294701
16298975
16304849
16306699
16307194
16308667
16309662
16313294
16313560
16315523
16316602
16317046
16321843
16322352
16323447
16325059
16326952
16330614
16332343
16333199
16333356
16333362
16346802
16349256
16353190
16353220
16354217
16356578
16360992
16363791
16365246
16366847
16368120
16371582
16373960
16375625
16379013
16380833
16386573
16386686
16388913
16393059
16397585
16397713
16399208
16406546
16412895
16417890
16418663
16419392
16422807
16425781
16428795
16433799
16434964
16437464
16444347
16445271
16448980
16449222
16456801
16457883
16466105
16466271
16468493
16469257
16472150
16474803
16478927
16480625
16489823
16491525
16500621
16505424
16506224
16506453
16507866
16508464
16509746
16518646
16520105
16525198
16530118
16532641
16534957
16535416
16546080
16546474
16548264
16555525
16564523
16565075
16566470
16573185
16575718
16580783
16582106
16583260
16591764
16595135
16599774
16600286
16608231
16609102
16610810
16612441
16615784
16616819
16618238
16625026
16626648
16627273
16632043
16635296
16639066
16641425
16642886
16643602
16647956
16648206
16649192
16651487
16651890
16653991
16654838
16655045
16657968
16658688
16659543
16659727
16660698
16660904
16662528
16668469
16672296
16673021
16673823
16676222
16679959
16694376
16694564
16702168
16702428
16705744
16706072
16706490
16707264
16707829
16708663
16710612
16710909
16711047
16711305
16712717
16717242
16718472
16718745
16726629
16728235
16728643
16729424
16729510
16739801
16741538
16744577
16746242
16749669
16753719
16755138
16769444
16772576
16773130
16775559
16783653
16784889
16786798
16788473
16793232
16794715
16799511
16802174
16803051
16809914
16813733
16815347
16818160
16826487
16827282
16831415
16839600
16840111
16841243
16842492
16842733
16849364
16864915
16865288
16865918
16872389
16874406
16876498
16878801
16884503
16884590
16888480
16894143
16896291
16902913
16903587
16908085
16908829
16919623
16924111
16924812
16930873
16933207
16936822
16938301
16944101
16948583
16948695
16949725
16958589
16972699
16973267
16973349
16985655
16985720
16987557
16991195
16994428
16997693
16998705
17004917
17005134
17010250
17010718
17010819
17011101
17011289
17014433
17019522
17020379
17025618
17026248
17028080
17030681
17031385
17046712
17048611
17054104
17055036
17055587
17058511
17061191
17065883
17069018
17069771
17080293
17081089
17082461
17082822
17087333
17095345
17101041
17105420
17107085
17107973
17108308
17112319
17113030
17121656
17123868
17127693
17132960
17134364
17134690
17135801
17136606
17137881
17140067
17140197
17140888
17142832
17143583
17144052
17146195
17150692
17150996
17151721
17151790
17153119
17158618
17159599
17164597
17174308
17182505
17182762
17184515
17186897
17188520
17205176
17208657
17212682
17213695
17216779
17221855
17224105
17224407
17227513
17230768
17232261
17233908
17235720
17237751
17241047
17241534
17242365
17242946
17243061
17244465
17245662
17255563
17255596
17257383
17259579
17262077
17270300
17274315
17299267
17303223
17303567
17311689
17312053
17313143
17313709
17314066
17314083
17318809
17320092
17320191
17322074
17324296
17331464
17332421
17336890
17345657
17349770
17351057
17351296
17351597
17353366
17354130
17359109
17367079
17370585
17380221
17391891
17392944
17397044
17397115
17398399
17399010
17403107
17403369
17403810
17408560
17414029
17414870
17416277
17418204
17420629
17426320
17426903
17429006
17432866
17442979
17444940
17448128
17448351
17448804
17451216
17456735
17458191
17463129
17464272
17464588
17467328
17469602
17473309
17473871
17474772
17479562
17481575
17482482
17485657
17486401
17488378
17490795
17495462
17499728
17510059
17514643
17520257
17520540
17522106
17523419
17523554
17525305
17526034
17526909
17528586
17529207
17533307
17535024
17542964
17546059
17546117
17549445
17550125
17552266
17552861
17555033
17555492
17558186
17563340
17564215
17565921
17570882
17573715
17575313
17576391
17580029
17582394
17584118
17586948
17595733
17596717
17599174
17602041
17609628
17609769
17610373
17620244
17621003
17623648
17626926
17627606
17633750
17638848
17640337
17641932
17642869
17649459
17653968
17654731
17657981
17658940
17661295
17666686
17668491
17673679
17674497
17674595
17677884
17678451
17682201
17683102
17683471
17684430
17685580
17689586
17699434
17713381
17717842
17718240
17721211
17722154
17723086
17725755
17726038
17726337
17729000
17740579
17742254
17748399
17749321
17749779
17749810
17752844
17753527
17755550
17771469
17772360
17778962
17793014
17794155
17794972
17796743
17797368
17804679
17818418
17819379
17827347
17830038
17836160
17837864
17838899
17839630
17840656
17844276
17849603
17853881
17856333
17856547
17859916
17870619
17871611
17876621
17877424
17878654
17880106
17880263
17882239
17883037
17885979
17886657
17888380
17888696
17890961
17891766
17894084
17901515
17902097
17902270
17905173
17907031
17911291
17912663
17914578
17915470
17921337
17925653
17931124
17934218
17938095
17938567
17940772
17941286
17942900
17952514
17964206
17965484
17967763
17970488
17974309
17974339
17977069
17981393
17994342
18001635
18003538
18003870
18015752
18016779
18020435
18021766
18023389
18026448
18028911
18030560
18039761
18042198
18042337
18042397
18044383
18048026
18050723
18054943
18061663
18065176
18077708
18078505
18082565
18086192
18088944
18091277
18092128
18096847
18103888
18108484
18110254
18113121
18118672
18119483
18123369
18124436
18125251
18133915
18135881
18136168
18136451
18140683
18143138
18143728
18149905
18154737
18155427
18160037
18183414
18183718
18185831
18186567
18187879
18190100
18192329
18194091
18198525
18200411
18205857
18210023
18211037
18211226
18211785
18213985
18214553
18216250
18217859
18218265
18219189
18219285
18219474
18221562
18224767
18226118
18226460
18227777
18228221
18228741
18234329
18234581
18239532
18240272
18249792
18249958
18255157
18261217
18263333
18271406
18276729
18279581
18288499
18295554
18295912
18305473
18305787
18309945
18319436
18324964
18325954
18329825
18330919
18331241
18333946
18337927
18340350
18341036
18343320
18345268
18350086
18358329
18358357
18358862
18360547
18360914
18366349
18372623
18374587
18375733
18377104
18377289
18379398
18382724
18391674
18393563
18393645
18396261
18399254
18400101
18400617
18402261
18403154
18409442
18412732
18416319
18421277
18426151
18426986
18428694
18429131
18430353
18430489
18431900
18432189
18433997
18435543
18443673
18446244
18446608
18457358
18459839
18463618
18466877
18467420
18468014
18468531
18470061
18473822
18473858
18477662
18478915
18479280
18481284
18481573
18487009
18488744
18489989
18490974
18493624
18494243
18496162
18497300
18499197
18505356
18509915
18511315
18512784
18514218
18521380
18533694
18534578
18536113
18537593
18538319
18540502
18548346
18551847
18552900
18555541
18560968
18565002
18567466
18568333
18571701
18576232
18583975
18585945
18587551
18590541
18593211
18603815
18605331
18605482
18609690
18612084
18612400
18615738
18619272
18619424
18620433
18623789
18624955
18625181
18637335
18639122
18639794
18640003
18640842
18644185
18645473
18647878
18649928
18658917
18662807
18667640
18667673
18671403
18674139
18678188
18678915
18680674
18685631
18685688
18686477
18687160
18690706
18693544
18693623
18700255
18700326
18701697
18703592
18706381
18708223
18709322
18714177
18717283
18719957
18727824
18728623
18734106
18734565
18736637
18738658
18739300
18742422
18743478
18744065
18744832
18745206
18747641
18751696
18756973
18757276
18759266
18762284
18762413
18770180
18772195
18773049
18773280
18774944
18779465
18781150
18782370
18783718
18784720
18786238
18786746
18790491
18792201
18794841
18795930
18796747
18797431
18803165
18803183
18808473
18809971
18816222
18817292
18824210
18826006
18827739
18828103
18829858
18830607
18832477
18834521
18838486
18839770
18843086
18848246
18852008
18860822
18861963
18863459
18865089
18867011
18867880
18868850
18870039
18873734
18876499
18886239
18887833
18897471
18900985
18901450
18902241
18906656
18910002
18912582
18912795
18916291
18916827
18921718
18923841
18926507
18931843
18932207
18934078
18935269
18936058
18941872
18942638
18943087
18943403
18943779
18949955
18950831
18953837
18954734
18956777
18957633
18961985
18965596
18970084
18971697
18972730
18979502
18979898
18983649
18985444
18990136
18990831
18995616
18996985
19008917
19011679
19016408
19020655
19023093
19023202
19024445
19026297
19026792
19030514
19031679
19032340
19033043
19042331
19043356
19045457
19047338
19051624
19060465
19060547
19060713
19068724
19070417
19070618
19072360
19085290
19086112
19086936
19095413
19096406
19096769
19098369
19104031
19104235
19110369
19112169
19114959
19120348
19131155
19132855
19135931
19139193
19140706
19140854
19144883
19146999
19149670
19152389
19155552
19156535
19160551
19162489
19162843
19164240
19164827
19165695
19166332
19174303
19178305
19183889
19189846
19195061
19201618
19205706
19206824
19210079
19220137
19220443
19222866
19223865
19227223
19228166
19230571
19234589
19235465
19235916
19236055
19242921
19244336
19251497
19252424
19261914
19264460
19266143
19275578
19279897
19281983
19284691
19285885
19300859
19301997
19303552
19304282
19306159
19306174
19307582
19311036
19312257
19314629
19315393
19315700
19319413
19322120
19327164
19340937
19346869
19349280
19353422
19353512
19355157
19358901
19365720
19367205
19368226
19370253
19370836
19377474
19378506
19379268
19379608
19380573
19385585
19390998
19406241
19408173
19410553
19413868
19416713
19422182
19425526
19426624
19427592
19428825
19430556
19433089
19437963
19440772
19444587
19444973
19445594
19445807
19449251
19450974
19452172
19453237
19455958
19456742
19457171
19459428
19463832
19463950
19464901
19471111
19482281
19487651
19490934
19491038
19494247
19495867
19496101
19498804
19498973
19507024
19507692
19511938
19513130
19513918
19515239
19519321
19522823
19523979
19526614
19528985
19532235
19536385
19543628
19558887
19561554
19562684
19564778
19573135
19577225
19578861
19585560
19586183
19597635
19603063
19607685
19609610
19612104
19616656
19618038
19619743
19622381
19622736
19626462
19627506
19628486
19632544
19633827
19637099
19639893
19640725
19643249
19644315
19644566
19656070
19664455
19667082
19672179
19672319
19674390
19680416
19682273
19682911
19693923
19694757
19698400
19702769
19704242
19705495
19713067
19725007
19727405
19727806
19728755
19730026
19731145
19732126
19734692
19736884
19740105
19741693
19743250
19746643
19747265
19749939
19753438
19753590
19756463
19764878
19776888
19779909
19782457
19785200
19787528
19797546
19798102
19798861
19799930
19800054
19802908
19803232
19809104
19814197
19817728
19820192
19825127
19828486
19830394
19830448
19836805
19838685
19845545
19847022
19848500
19849962
19853326
19855384
19856968
19860922
19864691
19865230
19872540
19885337
19891274
19896863
19896998
19903349
19903380
19903989
19916300
19917761
19921000
19921841
19923179
19931980
19937385
19938150
19938874
19940269
19944336
19952964
19954445
19959756
19961883
19966743
19967573
19970552
19972503
19979198
19980579
19982713
19982958
19986715
19998418
20001990
20002158
20002534
20003493
20006173
20011746
20015863
20017427
20019386
20020762
20033085
20034065
20035153
20035220
20038769
20039249
20041888
20046690
20064020
20066187
20068949
20069487
20072136
20073973
20074340
20076024
20077965
20080798
20081951
20084092
20090427
20093055
20094541
20098091
20109781
20110288
20111470
20112689
20113976
20115597
20120428
20121046
20121814
20123257
20129564
20134705
20136214
20142309
20143987
20146736
20146928
20147630
20148395
20150290
20151798
20153040
20153713
20156012
20156846
20170627
20174547
20174649
20174896
20175632
20178234
20187181
20190150
20190533
20191433
20195562
20195692
20198721
20200592
20203855
20204062
20208552
20210079
20215277
20226839
20228910
20232787
20234829
20235785
20237203
20237306
20238002
20238136
20238233
20240917
20241221
20242230
20248866
20258983
20259214
20261678
20263087
20263759
20264325
20264413
20273544
20279727
20281573
20281794
20282256
20282312
20284402
20285120
20285484
20287701
20288202
20288617
20290300
20294097
20294550
20294599
20295373
20295830
20296676
20297520
20298218
20305704
20306576
20312922
20320263
20321316
20323257
20324929
20329552
20330850
20334985
20339474
20342976
20344940
20345171
20346932
20355515
20365712
20369172
20369976
20372317
20374268
20374424
20376155
20378013
20379286
20380773
20383315
20385270
20387572
20390845
20396534
20397690
20400954
20407846
20416007
20417693
20418112
20425040
20428953
20430744
20433892
20434976
20437363
20447564
20450399
20453997
20457616
20459975
20461202
20463181
20463438
20470831
20476698
20483728
20492590
20493232
20493868
20494183
20496816
20504117
20507246
20511719
20513607
20516193
20517254
20518865
20519289
20524374
20524832
20524897
20527482
20529535
20535781
20540435
20544035
20548108
20551157
20553230
20561128
20563430
20564260
20565315
20569344
20570426
20571696
20575903
20582791
20584891
20588685
20589497
20593360
20595134
20599015
20600282
20607213
20609926
20610895
20615924
20616131
20618734
20622434
20623902
20624374
20625193
20628402
20629404
20629570
20629973
20633788
20637186
20640717
20642335
20645156
20646492
20646984
20650447
20659410
20659685
20660841
20662457
20662487
20667144
20667210
20669545
20670637
20680786
20681685
20682661
20684115
20690052
20691957
20694673
20695815
20699195
20700561
20706892
20707158
20713065
20720575
20720944
20720963
20721198
20729160
20729397
20736094
20741217
20741679
20744785
20745445
20746009
20747269
20748686
20763396
20767624
20770466
20775601
20778579
20785166
20792420
20793007
20793374
20794733
20800327
20804835
20806770
20809015
20810060
20813430
20819193
20827190
20830134
20830939
20839745
20846505
20848571
20863320
20866577
20870794
20873698
20873920
20875113
20877303
20881318
20885033
20885212
20886608
20886693
20891196
20891996
20896170
20897358
20899936
20901823
20906913
20910740
20913715
20918249
20918646
20919931
20927081
20930442
20931585
20935575
20936331
20939179
20940880
20946240
20951407
20951663
20953158
20957087
20963995
20967125
20968521
20970772
20971078
20980834
20982773
20983597
20984896
20994191
20994797
20995448
20996140
21004762
21008290
21013328
21024816
21026128
21027094
21027282
21028507
21030704
21031156
21031837
21033291
21040024
21047517
21048844
21054421
21055217
21055563
21059166
21059948
21061828
21064944
21065050
21065852
21067246
21067313
21072215
21073085
21083355
21085522
21086416
21087212
21087989
21091165
21091667
21092892
21093530
21095297
21095410
21100887
21103739
21104033
21105365
21110644
21115126
21116628
21116853
21125977
21127929
21133684
21133898
21133949
21134800
21143954
21144336
21146253
21150338
21152932
21153183
21153423
21155021
21155809
21166374
21168569
21169349
21169673
21172937
21174403
21182325
21185003
21189521
21193298
21193694
21195393
21197475
21198477
21199503
21204811
21211721
21211818
21213189
21215850
21218728
21222409
21225039
21225808
21226127
21226765
21226965
21231573
21231616
21245339
21245859
21247805
21254896
21256850
21258990
21262234
21262341
21267560
21270362
21271277
21271877
21274458
21274685
21274726
21290820
21301667
21302111
21304072
21307516
21317991
21325418
21326066
21329030
21334484
21335047
21335595
21338304
21338611
21340753
21353338
21354980
21358257
21363183
21364360
21366456
21366647
21370979
21371475
21372626
21376973
21379393
21380392
21386417
21388140
21390907
21392534
21393766
21396345
21398094
21400118
21404857
21406332
21407963
21408283
21408796
21411927
21412277
21413353
21413624
21415766
21419589
21420587
21423027
21424648
21432541
21435875
21442204
21443479
21455187
21455206
21470986
21471636
21472366
21472863
21476275
21481556
21482392
21482474
21484809
21486879
21487725
21491855
21499832
21500011
21503530
21505575
21510214
21511564
21515454
21524046
21526084
21527957
21529707
21534939
21540703
21549097
21550398
21553551
21556963
21558297
21559010
21559744
21561342
21562055
21562146
21562566
21564818
21565847
21566111
21567409
21574459
21576853
21580570
21585150
21587628
21587944
21590376
21593469
21594578
21595356
21595537
21601823
21606711
21610973
21611195
21611659
21612456
21617625
21619843
21621652
21624711
21628311
21628877
21628895
21631035
21631975
21638942
21645820
21650356
21652494
21656490
21656815
21660407
21661801
21667470
21668308
21669359
21672454
21673145
21682841
21686477
21687216
21691455
21700920
21701784
21703457
21704768
21710232
21712577
21717304
21717560
21719493
21728797
21733134
21738543
21738764
21741411
21742067
21744019
21749250
21754213
21759073
21762340
21766092
21768802
21770281
21776015
21780295
21781384
21783084
21783206
21791613
21794407
21795019
21799839
21800907
21805067
21805715
21805834
21813210
21815508
21820780
21823910
21825448
21830095
21830270
21834589
21836319
21840147
21842654
21845222
21848683
21854442
21857329
21860032
21860568
21861407
21866227
21874105
21875410
21880429
21881617
21889690
21900305
21900660
21904287
21904289
21910848
21912453
21912567
21924054
21926776
21930805
21931016
21931173
21937468
21938595
21939855
21943318
21951600
21953079
21957245
21959262
21959481
21962901
21970210
21970903
21977421
21981518
21982211
21983959
21986694
21994351
22001056
22002716
22006495
22011502
22012988
22016528
22017884
22019683
22025565
22028584
22029025
22040571
22040754
22048385
22050258
22052787
22061553
22071010
22073867
22074024
22074696
22081342
22081854
22083186
22085566
22088288
22088431
22089100
22090064
22090245
22091538
22095173
22097892
22098022
22098520
22108733
22110900
22112647
22114080
22121609
22127654
22133098
22139921
22145017
22146338
22149169
22151754
22156674
22158799
22162604
22164153
22168816
22172984
22174059
22176220
22183308
22184344
22192808
22195105
22196676
22202846
22203884
22207483
22210206
22210247
22211551
22213524
22213950
22220851
22220876
22225856
22229075
22232108
22234421
22235789
22237903
22238817
22239277
22245413
22245425
22245798
22249295
22251144
22251394
22252319
22253367
22257673
22269747
22271556
22272702
22273119
22273768
22273872
22281070
22285469
22288287
22289161
22289872
22291035
22294075
22294935
22298538
22303335
22304417
22304659
22305592
22307811
22314592
22315452
22316069
22318217
22320239
22320475
22322304
22322349
22326054
22328112
22329679
22330076
22332125
22333594
22334747
22344701
22345791
22347515
22351196
22352402
22353592
22358127
22361834
22363432
22364314
22365243
22367284
22368173
22369016
22370533
22375220
22375533
22377435
22378936
22379282
22380454
22380953
22381006
22381753
22384507
22387558
22391882
22391890
22395065
22395794
22404777
22405687
22406369
22407061
22410610
22410834
22414629
22415857
22416736
22417507
22417994
22418949
22419556
22422039
22424652
22425601
22434525
22437387
22439436
22443267
22445007
22446519
22454153
22456465
22457251
22465199
22470040
22474233
22474454
22476957
22477659
22480151
22480350
22484855
22485200
22485374
22489735
22490011
22490754
22491195
22493162
22494066
22495287
22496174
22499312
22503535
22505247
22514184
22517258
22520121
22520800
22520913
22523908
22524251
22524504
22529027
22530247
22532649
22535104
22535509
22538902
22539164
22542126
22550162
22550498
22552982
22555681
22556713
22557664
22557671
22561401
22572038
22573898
22574055
22575412
22580961
22584512
22585852
22587311
22587791
22588779
22590362
22591102
22594550
22595037
22600581
22603081
22611347
22611869
22613105
22615128
22618166
22620167
22623921
22627013
22627036
22628645
22629786
22635658
22641976
22642834
22647730
22648354
22650149
22650265
22653791
22656853
22658875
22669029
22674133
22674434
22675885
22680758
22683800
22684902
22686863
22688668
22691679
22697565
22697992
22700282
22705188
22711690
22716774
22723821
22724547
22731358
22736298
22739070
22750206
22753644
22756477
22760106
22762218
22763683
22768098
22769680
22770325
22771460
22771586
22772931
22785342
22786195
22788319
22788610
22789407
22795457
22797564
22798316
22798709
22805321
22805530
22813296
22820889
22822690
22825284
22825679
22829545
22832711
22836146
22840103
22850841
22851995
22852950
22854809
22856077
22867979
22873652
22874046
22876791
22877437
22878052
22881866
22895170
22896820
22897176
22898595
22899325
22901435
22905211
22905387
22907515
22907538
22908385
22909949
22911121
22911448
22913152
22916124
22916889
22917204
22919851
22921148
22922333
22923324
22927406
22927781
22927880
22932699
22939331
22942475
22944558
22947466
22954341
22957617
22962570
22966063
22966513
22967004
22979948
22980038
22981708
22983891
22984222
22989354
22990614
22991270
22992152
22997685
23001099
23001428
23001570
23001653
23003429
23003894
23005531
23005908
23009101
23010522
23013740
23014607
23016680
23016732
23017756
23025749
23032732
23033677
23037182
23040615
23044528
23044935
23047433
23050265
23050313
23056997
23064540
23066336
23069358
23078291
23081714
23083174
23086210
23090018
23090581
23099771
23103395
23104045
23104785
23107238
23109325
23109882
23110309
23116701
23122972
23126356
23131616
23133047
23138124
23139250
23155118
23169554
23176644
23177688
23178117
23179062
23187463
23192184
23192689
23195792
23224007
23225940
23227053
23227790
23228667
23228951
23232083
23234742
23238424
23238559
23239005
23240191
23240785
23246520
23251797
23252750
23261181
23263555
23267240
23268185
23268964
23272899
23276513
23278856
23279961
23281862
23286072
23292935
23294307
23308647
23311378
23311498
23311747
23311875
23314204
23321572
23323241
23331452
23334712
23334721
23335200
23338337
23345569
23346697
23348072
23350798
23354388
23361009
23362570
23362764
23363406
23364103
23365100
23366422
23371857
23375019
23377481
23379509
23382240
23386488
23386832
23387814
23394346
23398712
23400691
23400916
23403155
23406234
23409803
23409901
23412297
23418718
23424728
23425895
23428059
23429633
23434366
23437982
23449684
23457535
23462621
23463734
23470712
23471008
23475050
23478700
23479298
23480151
23484339
23488200
23493067
23493824
23495699
23496907
23505509
23507387
23514376
23516734
23520403
23534258
23534486
23536495
23541661
23543427
23544437
23548472
23551315
23553223
23554117
23559152
23559614
23559855
23560449
23568579
23571771
23572619
23576644
23577368
23577371
23577841
23578019
23579507
23581602
23584722
23585074
23585247
23585537
23585661
23586944
23590168
23595700
23598072
23599579
23602028
23602626
23602965
23605505
23607208
23607216
23608526
23609706
23610315
23617288
23622271
23631348
23634147
23634703
23636900
23639428
23647909
23653451
23655799
23657069
23659111
23659575
23659812
23661201
23662735
23663144
23665655
23666097
23666534
23667140
23677323
23678396
23684683
23685034
23690548
23693273
23696070
23697050
23698604
23699626
23699767
23709029
23710383
23712701
23713222
23717923
23722036
23722227
23722789
23726670
23729460
23729591
23734275
23745404
23750322
23751197
23751390
23754078
23755489
23756411
23758203
23758689
23759659
23770767
23771306
23780490
23781141
23782795
23786508
23788947
23792143
23803784
23804035
23807556
23810880
23813989
23815827
23817757
23820393
23820710
23821125
23821754
23823802
23824105
23826475
23827164
23831140
23831845
23834626
23835547
23836456
23844888
23847690
23849151
23851626
23851831
23854857
23856460
23856716
23857505
23857526
23868985
23869289
23873949
23876069
23877199
23882085
23887108
23887274
23892700
23893578
23896446
23898590
23899709
23900580
23900917
23902016
23902545
23906051
23910035
23912185
23912591
23914231
23925985
23926820
23932239
23935744
23938134
23939090
23940157
23943224
23946801
23951002
23952025
23954928
23956025
23958308
23960107
23965147
23970869
23974534
23976238
23977764
23981110
23982549
23983262
23984751
23987442
23988671
23994372
23995375
23999452
24005336
24009411
24014936
24016857
24017876
24029116
24030335
24033111
24038806
24039812
24041753
24042384
24042527
24043848
24044022
24045101
24047041
24047825
24055426
24057316
24057920
24064273
24068092
24072426
24073872
24074526
24075007
24087331
24090189
24090828
24095963
24096752
24101594
24103568
24109318
24110420
24112258
24116803
24116955
24119019
24120233
24120256
24126442
24127107
24129670
24135689
24139208
24139549
24140530
24140766
24141165
24142797
24143488
24144254
24147965
24150943
24151731
24152141
24159845
24160194
24160871
24170787
24174125
24185023
24187228
24188606
24188679
24192435
24194483
24194999
24212312
24214794
24215122
24221062
24223507
24225811
24229755
24230167
24237582
24239323
24242535
24243721
24248542
24249163
24249963
24251589
24252885
24254584
24261026
24262474
24266755
24267375
24267445
24275100
24279079
24279401
24279582
24280909
24284132
24284278
24285413
24288488
24292117
24292279
24293633
24295645
24307144
24311084
24311097
24311694
24314095
24314596
24317351
24319318
24323430
24327833
24328274
24329133
24336486
24337761
24337838
24339731
24340581
24340869
24344500
24353338
24355444
24355507
24357782
24358365
24358410
24360618
24363355
24364975
24374182
24381052
24382172
24388600
24389393
24389626
24390289
24390450
24392915
24394336
24395170
24395976
24400055
24401596
24402572
24402819
24404271
24405549
24408061
24425414
24427158
24428654
24429656
24434586
24436195
24437445
24438089
24442205
24442624
24446782
24452095
24456794
24458943
24471762
24476428
24476870
24478320
24482389
24482885
24483174
24483855
24488630
24489401
24489546
24489732
24491576
24493920
24505474
24511080
24512045
24514422
24516663
24518589
24519388
24519442
24520328
24523021
24525197
24526998
24528314
24531627
24550913
24552370
24556043
24559793
24561581
24563762
24565168
24566334
24568989
24570254
24584243
24596910
24598573
24606312
24610567
24612508
24613756
24628594
24629963
24631531
24632243
24634037
24634268
24634939
24638746
24643196
24654127
24654281
24655617
24658429
24661067
24662719
24668840
24669745
24671189
24671923
24675891
24678722
24679364
24682021
24682658
24683134
24683619
24686485
24688734
24691629
24694669
24695325
24695994
24699258
24705677
24705775
24706678
24709676
24711720
24712682
24713995
24714629
24715796
24718732
24719894
24725489
24725514
24731951
24732429
24735226
24736486
24737367
24738678
24740168
24741273
24744343
24748818
24748918
24756335
24757165
24758151
24758701
24760534
24762965
24776193
24778599
24778947
24781459
24783537
24783907
24785193
24793046
24795213
24799620
24799827
24805576
24809460
24811018
24815535
24817353
24819722
24820684
24828933
24836627
24846340
24846470
24850572
24851596
24855023
24855722
24857331
24861829
24868639
24874480
24875812
24876730
24877617
24880738
24881555
24886609
24886829
24888521
24893260
24894817
24896508
24900724
24903692
24907554
24907978
24909380
24913244
24914277
24917310
24924342
24925726
24928006
24931144
24931783
24934782
24935023
24936331
24937300
24937890
24938392
24938545
24941171
24941639
24943388
24944492
24945946
24951072
24958750
24959993
24975692
24980803
24980905
24994610
24996959
25001424
25005984
25006994
25007664
25008766
25011726
25018464
25019783
25020604
25022041
25025303
25025986
25026926
25026936
25027287
25028471
25029230
25042358
25044149
25047416
25061120
25064966
25066940
25067592
25069826
25070300
25073285
25073942
25076002
25076741
25077318
25077462
25080210
25080218
25082708
25087811
25088550
25091380
25099426
25100963
25105868
25115650
25117663
25120207
25123796
25128823
25129610
25130071
25130561
25138489
25140697
25141336
25142027
25143801
25152211
25160147
25160575
25164673
25167584
25168614
25168693
25173262
25173830
25178935
25196931
25198305
25221586
25222458
25227303
25235965
25241567
25248519
25249546
25253761
25259521
25259595
25261182
25264756
25265139
25265707
25268472
25273407
25277510
25281848
25284650
25289713
25293108
25294511
25296122
25296208
25297144
25301558
25304715
25305098
25308247
25308862
25311847
25317650
25322357
25322383
25323181
25334017
25336705
25336724
25337744
25344457
25347098
25347507
25355947
25357981
25362160
25368630
25372118
25373884
25378362
25380011
25385625
25387489
25388643
25392901
25402562
25403670
25405162
25408417
25409360
25412140
25413566
25416044
25432437
25437129
25441049
25444780
25446973
25450974
25452994
25454902
25457755
25459206
25462538
25466212
25471044
25480890
25483316
25485615
25488975
25493554
25494239
25497074
25505367
25506483
25509433
25510098
25514571
25515569
25520982
25521888
25524156
25528714
25529691
25530496
25531770
25534885
25534965
25538389
25552449
25553419
25555972
25561339
25566781
25573828
25575271
25576579
25578327
25584503
25589817
25597630
25600218
25600602
25600867
25601122
25601493
25606276
25614076
25622940
25624798
25625296
25626016
25626323
25626587
25627235
25631166
25633472
25637555
25642971
25647818
25648516
25648583
25650027
25652013
25655737
25656345
25661028
25667869
25670137
25670655
25673895
25678032
25683934
25685516
25687909
25691191
25694003
25695321
25697273
25697372
25698332
25705060
25712183
25712419
25713532
25715440
25715748
25718055
25720961
25724243
25726385
25726856
25729442
25729789
25731865
25732115
25735588
25735590
25741341
25748697
25754212
25758412
25761721
25767486
25777112
25779106
25780825
25784294
25786309
25790398
25799480
25799575
25802715
25803212
25804805
25808788
25810249
25813098
25813152
25813167
25813468
25819696
25832586
25852555
25852993
25861282
25867438
25871127
25877330
25878645
25879488
25886826
25888199
25891238
25891666
25895004
25897940
25901633
25903425
25904046
25910564
25913838
25917927
25918823
25924989
25928677
25929264
25935661
25936495
25936847
25937311
25939374
25942002
25948673
25950748
25950782
25951402
25952760
25958963
25959619
25961582
25963459
25967903
25968761
25976753
25984450
25995975
26000410
26001463
26003060
26003976
26006437
26011374
26012668
26014472
26016830
26016895
26016979
26017457
26018681
26024275
26027229
26028345
26029296
26032502
26034371
26036796
26042468
26043285
26052937
26054204
26057570
26058112
26060433
26067604
26070055
26073560
26084441
26085631
26088751
26089977
26092898
26095494
26097040
26097365
26097412
26099502
26100070
26100100
26102935
26111383
26122319
26123894
26125858
26126207
26128401
26130661
26138168
26138173
26140877
26145183
26146985
26149238
26162612
26167515
26168169
26168237
26170507
26173002
26179733
26180197
26180510
26183320
26186997
26199582
26205409
26207099
26207691
26211904
26215888
26218993
26233120
26238659
26241133
26242948
26247175
26249106
26257274
26260548
26261426
26266136
26269213
26269383
26278737
26279002
26280020
26286773
26290639
26290764
26299018
26302308
26302904
26310248
26312646
26318123
26318688
26326778
26328875
26332182
26333948
26335318
26337105
26341102
26348666
26350839
26354454
26358068
26360730
26362868
26364386
26365929
26373286
26376031
26377393
26390426
26394000
26397217
26398167
26399898
26406300
26413594
26416355
26418405
26421331
26422746
26426896
26428758
26445732
26449975
26456314
26456563
26462398
26465099
26465767
26469938
26471330
26475494
26486555
26488048
26488965
26491868
26500943
26504118
26504199
26507934
26514195
26517792
26519529
26520607
26525536
26532251
26537479
26538104
26539735
26541189
26541823
26547426
26553419
26555193
26555440
26555729
26557117
26559707
26561414
26561559
26563729
26564849
26565036
26565805
26572164
26572569
26573407
26574828
26576628
26576880
26579564
26579726
26580289
26581443
26584233
26586754
26587813
26588992
26590266
26591615
26601748
26603101
26607789
26610324
26612645
26614839
26615610
26627127
26627451
26629282
26630931
26632167
26636810
26640829
26642725
26650101
26650814
26658287
26659941
26660386
26669764
26670436
26671013
26673677
26673878
26673931
26674833
26683617
26693370
26695242
26700363
26704107
26705244
26707358
26713641
26713768
26715392
26715452
26716144
26716678
26719393
26723626
26723640
26728051
26729301
26729864
26731482
26737874
26738467
26747712
26748582
26760105
26769438
26769440
26770359
26776922
26780522
26783396
26783802
26784647
26793782
26797958
26798881
26799799
26805966
26810220
26811072
26812326
26821909
26824763
26827835
26835842
26840926
26849727
26862463
26862643
26863250
26866584
26872798
26878110
26882086
26882949
26883122
26885144
26886170
26891326
26893440
26893482
26897895
26899927
26901191
26903597
26910099
26912733
26923816
26925198
26927188
26928951
26946046
26946551
26948723
26954308
26954585
26955155
26956640
26957777
26957946
26962208
26967984
26971874
26975655
26978310
26978528
26978596
26981939
26983769
26986895
26988728
26990934
26993959
26995017
26996003
26996081
26998854
27001944
27005248
27006829
27008697
27009484
27009792
27015395
27024234
27024780
27029773
27033557
27034915
27043558
27052837
27053628
27053777
27056213
27071407
27073703
27078587
27080728
27082785
27084732
27087038
27088307
27090705
27092894
27092990
27100017
27103233
27103850
27104714
27106576
27108107
27112084
27116218
27117847
27124662
27126894
27129130
27138653
27139687
27146144
27157441
27157726
27166103
27169845
27174278
27178959
27179596
27181683
27181767
27184535
27199547
27200511
27201364
27207060
27211119
27213025
27225134
27227506
27231673
27232396
27234365
27235934
27237067
27237481
27238140
27240814
27241150
27245557
27245745
27247912
27251261
27253938
27254717
27254966
27257323
27257447
27260007
27263032
27264963
27269128
27270408
27271198
27276183
27277101
27278084
27278896
27282094
27284689
27288193
27288787
27293385
27297757
27302063
27302101
27304116
27309268
27314178
27314493
27315394
27315538
27325176
27333034
27333212
27333400
27335649
27338236
27344246
27345179
27350468
27351101
27352403
27353331
27358028
27359895
27361599
27362083
27364704
27364719
27369249
27371343
27371403
27372067
27376406
27383418
27383762
27384407
27393824
27394165
27406665
27407150
27407867
27410245
27411563
27412985
27414720
27419523
27419601
27426147
27429445
27431857
27433395
27434852
27436769
27437221
27441359
27443265
27443604
27448431
27449141
27453338
27455735
27462175
27463478
27464636
27466165
27466202
27468463
27469020
27469252
27471899
27473874
27480152
27480349
27490841
27491092
27492450
27492592
27493731
27495398
27495510
27498341
27501346
27502582
27502626
27506909
27519956
27523376
27524461
27532876
27539046
27547087
27549153
27551029
27554093
27554526
27556851
27559326
27561705
27562765
27566438
27568779
27569157
27570031
27571789
27573483
27577431
27577468
27580048
27580270
27580533
27591528
27598920
27603904
27604520
27605464
27605932
27607184
27610343
27611280
27612265
27615226
27621955
27623800
27624470
27626068
27632688
27638335
27639603
27646362
27649100
27649457
27649838
27654644
27658286
27662203
27666889
27667065
27669608
27670609
27674049
27675857
27678456
27679217
27682930
27687022
27691350
27694209
27694463
27697001
27701150
27702460
27708840
27717304
27719882
27720200
27724560
27727666
27729618
27731716
27732877
27742396
27748624
27748644
27752370
27756859
27758341
27760811
27767264
27767955
27770194
27772147
27773129
27776830
27782451
27785464
27786494
27792067
27792309
27799467
27801725
27804905
27805543
27810158
27812239
27812993
27813995
27815702
27816092
27826312
27834808
27855636
27857027
27858658
27859904
27860817
27862554
27864077
27865475
27871152
27873672
27877831
27877894
27879710
27888976
27889006
27893837
27896818
27899073
27907285
27907314
27911413
27912970
27917007
27921950
27924375
27925024
27927804
27931228
27936611
27937272
27938768
27938771
27940444
27944359
27947962
27950341
27950548
27950648
27953691
27962773
27964811
27967510
27967930
27970238
27976034
27979884
27983710
27999362
28000964
28003042
28009368
28009869
28010195
28010327
28016647
28016928
28017045
28018757
28019943
28023042
28023703
28024723
28025279
28028322
28028494
28028654
28030982
28036366
28037332
28047889
28051637
28051724
28058430
28061263
28065055
28073980
28074876
28077632
28084981
28089127
28091092
28093770
28102143
28102235
28104139
28105439
28111541
28112243
28113492
28115147
28116129
28119946
28130486
28136551
28137418
28137590
28142752
28144248
28144505
28147527
28157280
28167060
28168712
28170153
28170162
28171437
28171828
28173724
28176662
28191577
28193088
28196603
28200041
28200890
28206891
28209862
28211282
28211993
28212547
28225014
28233925
28237616
28239356
28247383
28249796
28252432
28257785
28261490
28262334
28263368
28276599
28278859
28284291
28288184
28299783
28300568
28302574
28305719
28307265
28307309
28308734
28310252
28315980
28316264
28319437
28325171
28328542
28330705
28331856
28333604
28336338
28337783
28349436
28351022
28362740
28363277
28363680
28364536
28367542
28371432
28377241
28378149
28379637
28392510
28393025
28408460
28410393
28412222
28412619
28414397
28416863
28417304
28417615
28417877
28428159
28429760
28434508
28435617
28435772
28435974
28437296
28438545
28441155
28452787
28453867
28458420
28462424
28462669
28464794
28468387
28471183
28471315
28476080
28476262
28477075
28477216
28487093
28490446
28493831
28495607
28496117
28498735
28498967
28507360
28507450
28516699
28516944
28518444
28521905
28525676
28526743
28527858
28530448
28531226
28538699
28540457
28541503
28542650
28546619
28549166
28550608
28568207
28570040
28570571
28576587
28595466
28600614
28602979
28609931
28610931
28611466
28615392
28616004
28622072
28627842
28629913
28631369
28644037
28644059
28645095
28645972
28652023
28652681
28655615
28655753
28657668
28662543
28663140
28666733
28667257
28675431
28675890
28686794
28687913
28688016
28693953
28695446
28697019
28707396
28713898
28715176
28715600
28726832
28729304
28732089
28735602
28738132
28742966
28743814
28744058
28745128
28745802
28746618
28751654
28754073
28754708
28758968
28763657
28764722
28768282
28769484
28771275
28774948
28779610
28780089
28780364
28783057
28785962
28788875
28797389
28806894
28808148
28808274
28810863
28811254
28811632
28818201
28826265
28830993
28832873
28834049
28834361
28834907
28835570
28843159
28844979
28849712
28852370
28859885
28869135
28870403
28871564
28871790
28873291
28876263
28881990
28890648
28891440
28899999
28900394
28901522
28902272
28903584
28908823
28919295
28921914
28923258
28926764
28927586
28928986
28929587
28937946
28957844
28959392
28959567
28960703
28961392
28964038
28964568
28966216
28972068
28979247
28988968
28990672
28994419
28999567
29011305
29011770
29014439
29015260
29017134
29017278
29019460
29023515
29028426
29034481
29037525
29041372
29041760
29043956
29053836
29055326
29056181
29058513
29065934
29071909
29076518
29083003
29085016
29092850
29095407
29096607
29101753
29107037
29119303
29123565
29127567
29129557
29130890
29131757
29131903
29136697
29145037
29154815
29156665
29156952
29158339
29164352
29165102
29166831
29167355
29170256
29170637
29174678
29175228
29179115
29180698
29181477
29187393
29195408
29198203
29200281
29203685
29203957
29206284
29207037
29214010
29214860
29217727
29220358
29221117
29221468
29221539
29233422
29234667
29236825
29237542
29240349
29240945
29241109
29245999
29246505
29250053
29251707
29256809
29258949
29260811
29261736
29264109
29267878
29270511
29271704
29278023
29281430
29282807
29286580
29288920
29293434
29300717
29304728
29311506
29313217
29314992
29317397
29322187
29326194
29327679
29331761
29331901
29334663
29335056
29335508
29340142
29347736
29348490
29354179
29356490
29357234
29366450
29368888
29371776
29374089
29374619
29378167
29380022
29380737
29380839
29383844
29387379
29390787
29391315
29392228
29395554
29396189
29396889
29397021
29400248
29400407
29402281
29402765
29409379
29410107
29412933
29413488
29414208
29420193
29424693
29431643
29435260
29436875
29437544
29439334
29440148
29442035
29445638
29453068
29455993
29464088
29468642
29468900
29470495
29471156
29475317
29484618
29502413
29508956
29510894
29511499
29513458
29515122
29517671
29518862
29518917
29520145
29520161
29522090
29523253
29527550
29528459
29532351
29533711
29537558
29538704
29540251
29540940
29545721
29547131
29552224
29552768
29565088
29565575
29566982
29570564
29572421
29577205
29583030
29585835
29597177
29597793
29598143
29598153
29598740
29599165
29605569
29608322
29609177
29611197
29615182
29615814
29620230
29620325
29622381
29636512
29637333
29648614
29653794
29663349
29670088
29670727
29674531
29677778
29679504
29682227
29683404
29685407
29690279
29692145
29695737
29697839
29710486
29712469
29714769
29721958
29730377
29732032
29732535
29733962
29734891
29736240
29737290
29740018
29743449
29744949
29748419
29752571
29764365
29768087
29768965
29771460
29772050
29774407
29775121
29775498
29775693
29775870
29776691
29777381
29779576
29779996
29781075
29783101
29783115
29788746
29794788
29799647
29809628
29810566
29813263
29816027
29820918
29824369
29828744
29832538
29833408
29836844
29842772
29845078
29850044
29860271
29863633
29865852
29866370
29870423
29872510
29872595
29872674
29874796
29876288
29876434
29877846
29879396
29879487
29883861
29890422
29891115
29895120
29895787
29897075
29900404
29904279
29906613
29906710
29907614
29915986
29916553
29925393
29927941
29929632
29938743
29943830
29950433
29955351
29958909
29964860
29970047
29971834
29974393
29978704
29979972
29980244
29983860
29989228
29989305
29991935
29993864
29997577
30001589
30002866
30007929
30013906
30016052
30018142
30020043
30029651
30034293
30034662
30036169
30040051
30041108
30042259
30046488
30048832
30048886
30057238
30064515
30064616
30065161
30071499
30074181
30075036
30087718
30091718
30091950
30092430
30092625
30107783
30109252
30109868
30116159
30118230
30118908
30119613
30122989
30124879
30127634
30129647
30130849
30132547
30134098
30134540
30134970
30136289
30138380
30140174
30141949
30144935
30145304
30145998
30147280
30148685
30149739
30156692
30157904
30164221
30170387
30172778
30178025
30180911
30184578
30185290
30185772
30186849
30190149
30192693
30196198
30196600
30203409
30203437
30204250
30206142
30206629
30208594
30210829
30212902
30216487
30220391
30223808
30224842
30227949
30248937
30248990
30250219
30252910
30255248
30256746
30257827
30260156
30262867
30263549
30264124
30272121
30272766
30276458
30276860
30278104
30283053
30288300
30289973
30295373
30298823
30299832
30301331
30302174
30303463
30305279
30306512
30309903
30309967
30314583
30316275
30318282
30326123
30335547
30335999
30349033
30353970
30362227
30367670
30368611
30371381
30377421
30379270
30382995
30383780
30385032
30385383
30389989
30391455
30393283
30394112
30394267
30396302
30397385
30404313
30406861
30408083
30409295
30421589
30425322
30426799
