229
315
423
515
538
698
743
966
1155
1193
1231
1442
1691
1703
1784
1791
1983
2087
2255
2469
2498
2528
2554
2841
3257
3304
3316
3528
4071
4092
4306
4369
4396
4522
4784
4854
5146
5326
5606
5724
6164
6242
6360
6445
6493
6554
7268
7372
7491
7545
7736
7861
7896
7923
8244
8308
8659
8673
8977
9142
9162
9676
10427
10592
10956
11374
11714
11952
12664
12749
13268
13379
13440
14012
14491
14547
14584
14745
15075
15278
15358
15711
15980
15991
16145
16416
16675
16761
16922
17080
18070
18296
18325
18349
18472
19079
19503
19556
19654
19932
