62
222
274
374
412
558
727
763
785
913
1105
1213
1354
1478
1500
1533
1561
1668
1672
1725
1735
1739
1741
1821
1872
2144
2194
2221
2561
2722
2859
2958
3015
3103
3250
3326
3337
3635
3751
4058
4306
4353
4620
4655
4681
4819
5271
5332
5334
5458
5482
5713
5742
5910
5936
6073
6102
6288
6360
6428
6430
6470
6477
6659
6750
6782
6786
6943
7039
7055
7099
7206
7347
7380
7435
7442
7624
7657
7850
7935
8284
8313
8335
8346
8384
8584
8593
9211
9266
9323
9357
9409
9606
9838
9884
10158
10253
10269
10275
10411
10494
10610
10861
11162
11353
11432
11469
11643
11691
11838
11918
12201
12267
12280
12351
12364
12427
12926
12962
13054
13314
13366
13438
13582
13592
13606
13607
13701
13825
13966
14059
14062
14122
14179
14226
14264
14355
14462
14492
15000
15103
15403
15422
15503
15616
15778
15818
15820
15865
15942
15955
16012
16074
16211
16216
16304
16466
16496
16777
16879
16894
17002
17033
17034
17045
17071
17091
17311
17440
17626
17720
17763
17784
17790
17896
17999
18135
18206
18255
18282
18313
18432
18487
18638
18684
18712
18726
18772
18836
19023
19197
19242
19302
19415
19480
19820
19907
