300
550
1242
1374
1493
1866
2173
4970
4990
5121
5606
5825
6181
6293
6707
6807
6870
7055
7124
7271
7480
7665
7930
8093
8549
8999
9642
9653
9682
9703
9889
9959
10002
10167
10418
11393
11701
11704
12957
13212
13226
13687
13800
13975
14116
14383
14699
15013
15021
15388
15532
15633
15745
15905
15940
16719
17149
18370
18519
19355
19529
20206
20246
20570
20599
20902
21002
21548
22249
22428
354038
361897
365708
403208
403464
403719
404483
404496
404848
406121
406289
406421
406679
406803
407144
407625
407679
408125
408294
408355
408471
409937
410224
410471
410612
411290
411454
411652
412055
412180
412556
412701
413179
413358
413369
414013
414477
415002
415630
415793
415912
415944
416043
416959
417334
417576
417810
418284
418396
418428
418680
419064
419551
474716
481622
486417
536512
543094
546231
577116
579067
579875
579927
580324
581935
582326
582958
585118
585200
585567
587727
588062
588222
588730
589008
589065
589944
589969
590579
591830
592205
593552
594651
595103
595144
595594
596004
596630
598007
598260
598546
601233
602155
602164
609038
609047
610939
616737
616957
659961
662168
662531
662782
663272
663388
663443
664265
664487
664536
665474
665533
665637
666042
666326
666578
667658
667669
668061
668298
668822
668883
669269
670472
670484
670631
670814
670942
671732
671742
672413
672428
672551
672605
672919
673046
673770
673911
674107
674193
674294
675651
675863
676417
676598
677738
677789
678772
678840
772712
775813
785281
786376
786833
786861
787445
788258
789360
789782
790382
791576
792242
792260
792275
792489
792877
793636
793896
794166
794244
794541
794957
795052
795199
795589
795605
795636
796232
796366
796508
796598
796699
796773
797184
797286
797970
798755
876351
882782
885627
886156
888282
890704
920286
920673
920979
921287
921317
921619
922408
922903
922977
923257
923371
923886
925219
925459
925462
925501
925663
925898
925963
926111
926368
927126
927277
927454
927486
927592
927621
927904
928439
929373
929702
930338
930405
930595
930618
930794
930945
930963
931029
931049
931193
931238
931551
932071
932192
932302
932851
933161
933449
933706
934055
934109
934616
934679
934809
935404
936032
937079
937488
937931
938152
938332
938606
939601
939665
939671
940050
1171020
1171370
1171493
1171652
1171687
1171981
1172297
1172722
1172938
1173054
1173316
1173481
1173570
1173617
1173682
1174050
1174578
1175013
1175699
1175771
1176047
1176114
1176117
1176303
1176316
1176530
1176758
1176896
1177141
1177356
1178006
1178703
1179097
1179330
1179571
1179929
1180001
1180180
1180954
1181311
1182139
1182654
1182747
1182849
1183013
1183274
1184158
1184348
1184425
1184692
1184864
1185043
1185174
1185417
1185542
1186385
1186487
1186854
1187597
1187852
1187983
1188868
1188878
1189627
1189972
1190031
1190551
1190634
1298828
1351761
1352117
1352370
1352721
1352754
1353276
1353482
1353531
1354243
1354465
1354603
1355264
1355464
1355888
1356013
1356103
1356333
1356346
1356656
1356734
1357155
1357255
1357603
1358147
1358197
1358248
1359730
1359877
1359996
1360179
1360180
1361889
1361995
1362134
1363182
1363335
1363903
1364135
1364156
1364695
1365126
1365263
1365388
1365518
1365563
1365844
1366228
1366235
1366381
1366491
1366590
1366637
1366644
1366665
1367033
1367106
1367110
1367187
1367826
1368016
1368220
1368302
1368410
1368473
1368983
1369131
1369313
1369411
1369462
1369669
1369812
1370104
1370177
1370193
1370555
1370651
1371004
1371112
1371384
1371646
1517127
1517775
1518260
1518431
1518486
1518616
1518781
1518943
1519888
1520549
1520673
1521253
1521278
1521362
1522056
1522145
1522694
1523086
1523311
1523413
1523800
1524529
1524782
1524988
1525019
1525110
1525485
1525505
1526936
1527195
1527435
1527466
1527545
1528095
1528107
1528646
1529188
1529237
1531268
1531904
1538195
1541069
1561079
1564890
1570156
1610542
1612111
1612132
1612600
1612875
1613600
1614163
1615446
1615564
1615633
1617457
1617493
1617683
1618643
1619051
1619426
1620077
1620272
1620695
1622577
1622703
1654104
1680610
1680704
1680782
1681212
1681265
1681360
1681577
1681834
1681912
1682023
1682086
1682177
1682805
1683151
1683341
1683662
1683821
1685168
1685387
1685880
1685988
1686117
1687214
1687335
1687412
1687888
1687928
1688134
1688747
1688805
1688874
1689199
1689219
1689978
1690119
1690494
1690582
1690802
1691074
1691337
1692367
1692559
1692855
1693194
1693544
1693546
1694582
1695085
1695339
1695460
1695780
1695892
1696089
1696309
1696408
1696531
1696564
1696688
1696898
1697210
1697333
1697498
1698041
1698173
1698290
1699197
1699240
1699840
1863663
1863677
1863733
1864038
1864094
1864298
1864684
1864847
1865398
1865435
1865504
1865635
1865642
1865714
1865926
1865990
1866072
1866373
1866381
1867422
1867672
1867986
1868114
1868635
1868722
1868848
1868908
1869024
1869107
1869132
1869168
1869327
1869805
1870135
1870761
1870789
1870947
1870961
1871663
1871720
1872006
1872226
1872346
1872661
1872958
1873706
1873898
1874251
1874311
1874558
1874623
1874626
1875226
1875315
1875365
1875519
1875824
1876014
1876675
1876707
1876793
1877241
1894502
1932020
1932943
1933121
1933243
1933511
1934249
1934390
1936200
1938645
1938751
1938965
1939373
1939500
1940688
1940977
1941156
1942528
1943160
1944101
1944122
1944125
1945759
1947478
1988262
1988855
1990091
1990704
1990769
1990815
1992300
1992498
1992689
1992794
1992823
1992907
1993490
1993628
1994233
1994360
1995317
1995586
1996212
1996844
1997018
1997194
1998059
1999072
1999077
2000361
2080389
2081220
2081427
2081717
2082017
2082265
2082548
2083456
2083590
2083600
2083765
2083803
2083829
2083979
2084293
2084895
2085231
2085541
2085884
2086284
2086880
2087136
2087280
2087306
2087365
2087409
2087858
2088271
2088324
2088388
2088632
2088959
2089040
2089194
2089339
2089366
2089455
2089551
2089880
2089933
2090207
2090217
2090417
2090668
2091806
2091855
2092161
2092186
2092255
2092366
2092446
2092752
2092969
2093024
2093207
2093522
2093613
2093723
2094134
2094217
2094284
2094323
2094373
2094857
2095367
2155848
2162671
2228010
2229070
2229778
2230483
2230520
2230773
2232711
2232734
2233499
2233646
2233685
2234988
2236870
2237455
2237485
2238130
2238818
2239659
2239924
2239935
2273423
2287711
2414264
2414356
2415372
2415616
2416092
2416643
2416825
2417087
2417683
2418615
2418960
2419197
2419953
2420303
2420934
2421185
2423883
2426162
2499455
2500577
2500823
2501400
2501534
2501996
2505656
2506428
2508304
2512395
2567762
2567926
2568001
2569121
2569298
2569375
2569573
2569803
2570187
2570223
2570425
2570542
2570654
2570762
2570947
2571512
2571658
2572093
2572107
2572312
2572527
2572547
2572709
2573023
2573172
2573443
2573495
2573620
2573882
2573921
2573951
2574174
2574443
2574725
2575088
2575137
2575166
2575261
2575626
2576218
2576334
2576595
2577374
2577788
2577861
2578086
2578221
2578301
2579579
2579622
2579678
2579788
2579798
2579927
2579954
2580143
2580171
2580219
2580402
2580414
2580625
2581397
2581422
2581835
2582333
2582842
2583460
2583527
2583761
2584467
2584483
2585129
2585316
2585348
2585634
2585821
2586151
2586398
2586443
2586752
2587020
2587044
2587475
2587715
2588067
2588078
2588270
2588353
2588667
2589063
2589244
2589589
2590285
2590546
2590885
2591201
2591532
2591775
2591802
2592371
2592557
2593749
2594244
2594278
2594553
2594980
2595148
2595255
2595903
2595947
2596343
2596557
2596621
2597018
2598330
2598503
2598768
2599694
2600313
2601098
2601175
2601278
2601683
2601963
2601981
2601982
2602109
2602765
2603831
2604274
2604438
2604721
2604864
2605028
2605060
2605111
2605443
2605547
2606004
2606037
2606437
2606566
2606634
2606703
2790172
2790284
2790408
2791746
2793473
2793805
2793905
2795645
2795998
2797613
2800004
2801584
2801962
2889177
2891379
2894910
2895503
2897546
2898237
2898368
2899011
2900869
2902662
2903683
2904362
2905140
2905391
2907026
2928651
2936729
3002627
3002915
3004421
3004879
3005699
3006938
3007658
3008870
3010395
3010409
3011534
3012421
3013497
3013844
3015824
3016111
3019620
3020246
3020327
3020676
3042282
3042603
3043109
3044103
3044419
3044924
3045396
3045747
3046086
3046426
3046931
3047398
3047691
3048496
3048744
3048827
3049584
3049608
3049635
3049655
3050125
3050241
3050336
3050444
3050679
3050817
3052392
3052845
3054241
3054283
3054555
3054613
3054752
3054780
3054959
3055340
3055432
3058200
3229216
3230185
3234189
3239383
3269326
3269769
3270754
3273150
3276529
3276989
3277961
3278453
3279552
3280548
3281947
3304474
3304908
3305564
3305664
3305696
3305748
3306444
3306530
3306676
3306796
3307389
3307563
3307736
3307760
3308065
3308273
3308628
3308860
3309240
3309361
3309619
3310088
3311105
3311549
3311661
3311684
3311817
3311956
3312234
3312439
3312509
3312958
3313053
3313207
3313984
3314208
3315226
3315415
3315521
3315751
3316076
3316100
3316128
3316242
3316275
3316287
3455260
3455687
3456142
3456147
3456981
3458534
3461006
3463932
3465503
3465649
3467665
3468965
3476060
3476390
3476526
3476697
3477675
3477897
3477959
3478521
3479018
3479666
3479949
3480445
3480491
3481167
3481252
3481285
3481894
3482280
3482988
3483318
3484088
3484819
3484987
3486055
3486361
3486591
3487416
3487891
3487924
3488101
3488120
3488334
3488695
3489835
3490486
3491876
3493945
3503270
3528656
3528772
3528791
3529407
3529822
3530253
3530281
3530295
3530549
3531069
3531628
3531653
3532380
3532822
3533090
3533757
3534343
3534620
3535117
3535369
3535535
3535797
3535836
3535967
3538374
3538525
3539192
3540400
3540457
3540754
3541403
3541689
3541942
3722664
3722697
3723153
3724299
3725903
3725950
3725957
3726318
3726663
3727003
3727116
3727141
3727240
3728076
3728761
3728982
3729088
3729831
3729942
3730754
3730845
3730903
3731037
3731934
3732778
3732828
3733051
3733172
3733425
3734414
3734958
3735422
3735855
3735856
3736056
3736074
3736318
3736652
3737048
3737174
3737233
3737729
3738243
3738731
3739622
3739656
3739791
3740024
3740650
3740662
3740721
3741042
3741457
3741497
3741555
3741756
3741974
3742284
3742543
3743294
3743885
3744013
3745298
3745311
3745682
3745803
3745836
3875494
3875620
3875965
3876984
3877704
3878819
3883019
3924008
3926179
3927764
3931360
3931933
3933921
3934275
3934297
3936344
3937790
3937917
3938931
3939455
3940403
3942243
3945195
3945545
3945778
3946490
3948272
3950085
3950315
3950644
3951738
3952404
3952426
3952874
3953428
3955873
3956298
3958601
4029007
4029046
4029396
4029855
4029887
4029981
4030097
4030115
4030300
4030590
4031242
4031288
4031543
4031675
4031679
4031997
4032262
4032518
4033060
4033323
4033789
4034273
4035185
4035511
4036447
4036452
4036489
4036860
4037431
4037661
4037853
4038291
4038374
4038904
4039320
4039418
4039428
4039687
4039909
4039991
4040088
4073316
4073798
4075400
4075949
4077354
4078676
4079122
4083302
4083606
4119311
4119333
4119383
4119531
4120098
4120660
4120908
4120913
4121148
4121167
4121386
4122000
4122038
4122309
4122321
4122494
4122557
4122705
4122868
4123771
4124371
4124441
4124496
4124661
4124705
4124739
4125288
4125971
4126780
4128172
4128203
4129096
4129737
4129941
4130197
4130290
4130366
4130410
4130435
4130445
4130478
4130515
4130591
4130631
4130637
4130682
4130785
4131194
4131431
4131571
4131700
4132163
4132837
4132922
4132969
4133033
4133360
4133941
4134253
4134305
4134313
4134700
4134956
4134981
4135310
4135539
4180549
4181096
4181261
4181822
4182641
4184041
4185007
4185670
4186758
4186986
4187937
4188274
4188442
4188449
4188878
4188905
4190163
4190450
4190590
4190607
4191583
4191679
4191790
4192016
4194185
4219221
4223520
4225207
4229931
4369787
4370196
4370288
4370598
4370834
4371292
4372330
4372438
4372681
4372928
4373389
4373459
4373627
4374215
4374761
4375015
4375253
4375495
4375655
4375848
4376019
4376114
4376273
4376729
4377073
4377193
4377330
4377353
4377637
4378058
4378352
4378520
4378610
4378629
4378674
4378692
4378730
4379152
4379695
4379741
4379913
4380234
4380537
4380671
4381110
4381160
4381605
4381644
4381772
4382403
4382463
4382664
4382711
4382719
4383011
4383171
4383228
4383545
4384053
4384141
4384203
4385380
4408546
4410269
4411281
4412032
4414046
4414803
4415124
4415391
4416493
4416964
4417078
4417617
4419513
4420755
4422909
4425952
4427073
4447491
4447991
4448067
4448083
4448097
4448884
4449065
4449514
4449565
4449722
4449797
4450158
4450291
4450703
4450822
4450875
4450939
4450962
4451009
4451033
4451203
4451434
4451567
4452451
4452511
4452532
4453954
4454517
4455218
4455401
4455573
4455614
4455830
4456100
4456163
4456345
4456704
4457040
4457282
4457312
4457702
4457925
4457929
4458513
4459021
4459152
4459408
4459762
4459782
4459838
4459877
4460125
4460212
4460225
4460279
4460302
4460464
4460846
4460857
4460889
4460957
4460970
4461038
4461190
4461551
4461575
4461686
4462306
4462385
4462485
4462506
4462654
4462783
4463139
4463736
4463807
4464027
4464078
4464157
4568857
4569129
4569224
4569263
4569672
4569692
4569989
4570222
4570228
4570288
4570595
4570757
4571191
4571299
4571454
4571824
4571832
4572521
4572725
4573145
4573721
4574097
4575706
4575821
4576027
4576298
4576639
4576667
4577081
4577432
4578355
4578410
4578867
4579071
4579319
4580709
4581112
4581397
4581731
4581911
4582045
4582171
4582218
4582549
4582572
4582594
4582721
4584039
4584508
4584695
4584776
4584782
4584824
4584903
4585305
4585457
4585673
4585907
4586036
4586648
4586995
4587157
4587410
4587878
4587948
4588264
4588753
4588841
4589016
4589184
4723201
4724007
4724419
4724614
4724951
4725118
4725389
4725592
4725871
4725992
4726025
4726421
4726972
4727055
4727599
4727608
4727759
4728277
4728337
4728670
4728952
4729034
4729310
4729540
4729775
4730064
4730260
4730438
4730910
4731028
4731248
4731408
4731599
4731654
4731673
4731698
4731736
4731753
4732194
4732213
4732447
4732672
4732684
4734019
4734097
4734233
4734581
4734872
4735022
4735068
4735269
4735749
4897112
4897501
4899701
4900385
4900509
4901419
4902126
4903988
4905488
4906219
4906958
4910540
4911813
4914052
4914561
4914757
4916011
4937372
4939177
4943592
4945522
4947322
4951877
4954117
4957516
4957568
4957571
4957632
4958816
4959945
4960220
4960317
4960353
4961311
4961735
4962346
4963963
4964623
4964866
4964952
4965174
4966291
4966545
4966892
4967117
4970740
4970960
4971053
4973122
4973495
4973603
4973923
4974079
5012531
5012740
5013340
5013520
5013549
5013685
5014037
5014117
5014339
5015103
5015129
5015191
5015310
5015432
5015938
5016408
5016485
5017030
5017195
5017842
5018852
5019160
5019530
5019871
5019922
5020173
5020704
5021173
5021542
5021999
5022800
5023593
5024049
5024200
5024434
5024991
5025785
5025865
5026090
5026096
5026274
5026868
5027188
5027313
5028136
5028499
5028866
5028875
5028915
5029089
5029467
5030243
5030421
5030460
5030521
5031390
5031454
5031931
5031946
5032021
5036221
5039491
5040000
5262039
5262151
5262994
5263093
5263744
5264681
5265147
5265925
5266573
5266699
5266840
5266984
5267453
5267779
5268247
5269232
5269613
5269782
5269834
5269929
5270173
5270553
5270643
5270790
5270804
5271216
5272069
5272212
5272447
5273070
5273432
5273891
5274007
5274036
5274088
5274401
5274628
5275076
5275342
5275744
5275810
5275860
5276227
5276571
5276878
5276913
5277029
5277165
5277336
5277573
5277626
5277902
5278445
5278779
5347393
5349853
5350756
5351982
5352152
5356948
5358185
5362848
5363059
5364371
5364646
5366620
5367912
5368341
5405717
5408097
5417943
5419260
5419796
5421300
5558687
5559289
5559688
5559968
5560695
5560831
5561085
5561397
5561451
5562108
5562419
5562769
5563242
5564089
5564513
5564739
5565088
5565408
5565416
5566127
5566416
5566448
5566999
5567095
5567353
5567718
5567841
5568071
5568347
5568574
5568588
5569118
5569263
5569931
5569951
5569967
5571470
5571755
5572008
5572539
5572578
5572671
5572846
5573038
5573150
5573534
5573685
5573816
5575164
5575977
5576070
5576253
5576995
5577221
5577308
5578395
5578522
5578559
5578957
5579368
5579485
5580053
5604374
5604586
5605428
5769937
5769956
5770043
5770158
5770839
5771008
5771098
5771348
5771484
5771976
5772166
5772166
5772263
5772346
5773371
5773666
5774039
5774566
5774578
5775146
5775153
5775412
5775522
5776315
5776673
5776687
5776838
5776934
5776995
5777146
5777348
5777508
5777614
5777617
5777669
5777790
5778332
5778495
5778726
5778740
5779346
5779466
5779502
5780173
5780534
5780574
5780610
5780680
5780818
5781738
5781974
5782309
5782627
5782730
5782947
5783045
5783094
5783172
5783226
5783552
5783572
5783988
5784415
5784568
5784681
5784798
5785221
5785542
5785723
5785792
5785836
5786009
5786199
5786340
5786548
5786556
5786561
5787117
5787205
5865565
5867406
5868906
5875231
5877173
5880535
5880765
5884491
5955001
5955127
5955820
5956028
5956263
5957176
5957237
5958041
5958804
5959210
5959414
5959642
5959736
5960026
5960393
5961302
5961415
5961746
5963438
5963603
5963824
5965068
5965460
5965533
5966032
5966480
5966629
5967760
5967799
5968527
5968564
5969078
5970606
5972440
5972764
5972809
6009190
6068618
6069198
6072896
6073237
6074686
6075052
6084749
6103987
6104005
6104689
6104727
6104934
6105021
6105292
6105380
6106468
6107201
6107245
6107555
6107873
6107903
6107964
6108039
6108151
6108255
6108392
6108758
6108812
6109520
6109765
6110340
6110611
6110807
6111015
6111084
6111348
6111382
6111743
6111833
6111930
6112083
6112096
6112159
6112258
6112440
6112611
6112803
6113065
6113434
6113611
6114119
6114381
6114521
6114761
6115441
6115793
6115857
6116121
6116307
6116386
6116445
6116612
6116722
6116933
6116969
6116981
6117216
6117693
6117816
6117923
6117980
6118173
6118567
6118574
6118825
6118852
6119112
6119516
6119546
6119591
6119820
6120174
6120184
6120401
6120460
6120909
6120966
6121021
6121232
6121311
6121410
6121428
6121922
6122120
6122210
6122423
6122939
6299355
6371665
6371683
6372345
6372489
6372548
6372859
6373392
6374836
6375018
6375157
6375243
6375587
6375614
6375841
6376007
6376086
6376188
6376256
6376481
6376708
6377225
6377277
6377978
6378103
6378234
6378727
6379059
6379135
6379716
6380034
6380394
6380554
6381014
6381181
6381214
6381513
6381575
6381775
6381975
6382218
6382881
6383032
6383048
6383603
6383773
6384276
6384447
6384718
6385437
6385451
6385640
6385762
6386059
6386709
6386929
6387430
6387786
6388047
6388091
6388537
6388616
6388656
6388766
6388960
6389928
6390203
6390798
6390946
6391053
6391105
6391415
6391546
6391713
6391754
6391927
6392150
6392423
6392472
6392684
6392805
6393050
6393210
6393439
6393548
6393687
6395945
6415576
6416240
6416388
6416658
6417243
6417739
6418661
6419178
6423553
6423786
6423818
6425772
6426351
6426570
6427078
6429631
6432608
6432956
6433755
6434261
6435041
6532040
6557150
6558067
6560111
6560724
6566915
6578849
6583955
6583990
6585747
6604690
6605652
6605951
6606327
6606917
6607785
6608157
6608793
6608909
6609703
6610431
6612597
6614675
6616024
6616440
6616989
6618696
6619199
6696001
6709419
6709428
6709434
6709484
6709614
6709697
6709865
6709963
6710458
6710674
6713127
6713964
6715762
6715954
6716272
6716434
6716524
6716554
6716571
6717308
6717503
6717752
6717869
6718055
6718389
6719521
6719893
6720543
6720559
6720802
6721100
6721367
6721740
6721795
6722025
6723154
6723253
6723328
6753590
6782075
6782500
6782843
6783296
6784209
6786088
6787268
6787480
6787493
6787988
6788998
6790852
6791166
6791601
6792855
6793115
6793479
6794579
6794697
6796972
6798738
6864107
6867524
6869905
6879042
6879616
6879643
6879894
6879919
6880454
6880854
6880991
6881249
6881366
6881831
6881989
6882077
6882100
6882314
6882910
6883030
6883509
6883869
6884010
6884262
6884694
6884740
6884864
6884949
6885171
6885243
6885256
6885773
6886912
6887636
6887870
6888051
6888416
6888466
6888828
6888951
6889421
6889453
6889764
6889938
6890005
6890064
6890115
6890216
6890483
6890655
6890695
6891231
6892247
6892603
6893627
6893632
6894160
6894410
6894765
6966243
6966530
6967135
6971441
6973907
6975033
6975526
6976219
6978498
7030100
7030251
7030454
7030507
7030902
7030970
7031100
7031198
7031681
7032000
7032305
7032344
7032675
7033860
7034978
7035164
7035231
7035384
7035389
7036833
7036897
7037074
7037538
7037682
7038639
7038827
7038832
7039152
7039494
7039744
7039834
7040117
7040711
7040769
7041522
7041623
7041766
7042157
7042474
7042502
7042598
7043045
7043197
7043210
7043530
7043666
7043710
7043981
7044040
7044558
7044991
7045135
7045840
7046356
7046381
7046469
7046575
7047421
7047653
7047771
7251912
7252220
7252778
7254000
7256659
7257292
7257467
7257731
7258568
7259186
7260151
7261546
7264758
7264796
7265205
7289086
7289297
7289477
7289587
7289863
7289965
7290271
7290457
7290504
7290578
7290600
7290660
7290742
7290783
7291189
7291572
7291755
7291970
7292638
7292684
7292900
7293109
7293244
7293596
7293729
7295112
7295903
7296407
7296600
7297450
7297952
7299180
7299350
7299371
7299622
7299632
7301009
7301015
7301035
7301134
7301158
7301265
7301408
7301763
7301854
7302162
7302183
7302290
7302372
7302761
7302958
7303050
7303063
7303565
7304091
7304764
7305156
7305371
7306030
7306616
7306895
7307019
7307217
7307360
7307382
7307559
7307636
7410419
7416242
7427769
7428096
7428284
7429858
7430144
7430321
7430388
7430393
7430531
7431087
7431145
7431268
7431326
7432657
7432875
7434134
7434291
7434617
7434720
7434740
7435062
7435569
7436308
7436471
7436568
7437670
7438015
7438618
7438678
7438770
7439003
7439574
7439730
7439761
7439778
7439784
7440642
7441541
7443056
7443993
7444831
7444965
7445085
7445102
7445149
7479533
7484714
7485338
7486456
7487504
7489297
7489731
7492437
7545455
7546159
7546742
7547037
7547707
7547770
7548429
7548501
7548551
7548979
7549314
7549644
7549865
7550006
7550073
7550886
7550960
7552045
7552191
7552384
7552781
7553179
7553445
7553823
7553900
7554059
7554382
7554582
7554931
7555844
7556259
7557049
7557222
7557451
7557453
7557739
7558193
7558983
7561865
7563740
7567721
7569579
7570373
7579865
7643310
7644040
7644132
7644409
7644431
7644629
7644903
7645382
7645578
7645635
7645700
7646207
7646668
7646832
7646834
7647134
7647506
7648366
7649418
7649479
7650481
7650609
7650786
7651665
7651782
7651996
7652049
7652658
7652970
7653343
7653452
7653784
7654014
7654324
7654507
7655021
7655663
7655917
7656263
7656668
7656673
7657016
7657158
7657386
7657441
7657700
7658202
7658427
7658970
7658990
7659070
7659110
7659551
7659680
7659804
7660134
7660162
7660424
7660604
7660704
7661606
7661790
7662420
7663259
7663348
7663761
7663900
7663966
7664080
7664591
7665414
7665718
7687565
7689001
7690970
7691056
7693018
7693328
7695679
7697693
7699282
7701560
7702350
7703928
7708085
7817033
7818021
7818130
7818132
7819819
7820955
7821445
7821926
7822485
7824382
7825954
7826438
7826873
7828459
7828693
7829022
7829614
7829685
7829833
7829859
7830011
7831498
7831892
7832059
7833261
7833746
7833856
7834301
7835534
7836183
7875590
7880082
7994524
7995710
7996066
7996666
7997000
7997049
7997974
7998586
7998683
7998684
7999262
7999995
7999997
8000418
8001056
8001739
8002249
8003113
8003269
8003305
8004114
8004121
8004214
8004281
8005972
8006237
8169152
8169585
8170006
8170661
8170776
8170842
8171357
8171855
8172092
8172099
8172164
8172806
8172822
8172846
8172912
8173054
8173275
8173825
8174048
8174115
8174214
8174832
8175191
8175609
8175844
8175938
8176088
8176447
8176709
8176785
8177466
8177781
8177796
8178827
8179014
8179082
8179711
8179762
8179799
8180033
8180047
8180378
8180916
8181973
8181981
8182514
8183053
8183065
8184672
8184796
8184948
8185074
8185169
8185402
8186126
8187653
8187667
8188309
8188319
8188410
8188717
8188882
8189524
8228242
8228810
8228937
8229386
8229590
8229602
8229949
8231227
8231274
8231404
8232010
8232846
8234568
8234579
8235713
8235778
8235843
8236340
8236509
8236874
8237155
8237330
8237673
8237896
8238206
8238378
8238682
8239413
8240481
8241460
8242060
8242698
8243783
8245102
8245208
8245279
8245448
8246078
8247047
8247719
8247817
8248817
8249037
8249436
8250803
8285636
8285668
8285893
8286024
8286946
8287219
8289633
8291076
8292894
8293807
8294237
8295862
8296459
8297253
8297332
8297593
8297640
8315734
8404661
8405326
8405434
8407276
8407873
8407940
8408096
8408442
8408548
8409566
8409663
8410160
8410437
8411097
8411785
8412171
8412943
8413331
8413396
8413623
8413798
8414011
8414068
8414479
8414696
8414710
8414936
8414991
8415617
8415866
8416305
8416313
8416446
8416738
8416856
8417198
8417442
8417869
8418568
8418655
8418943
8418968
8419039
8419040
8419041
8419929
8420236
8420279
8420436
8421194
8421432
8474123
8485218
8488575
8528066
8528731
8528741
8528776
8529288
8529639
8531833
8532440
8532675
8534656
8534863
8536176
8536423
8537997
8539004
8539325
8539380
8539566
8539668
8540086
8541141
8542238
8543325
8543463
8544845
8546025
8546083
8547691
8547818
8548297
8549589
8647298
8648783
8651050
8658610
8664391
8667107
8667180
8688076
8688088
8688177
8688236
8688455
8688526
8688578
8688742
8688792
8688965
8689248
8689249
8689254
8689312
8689473
8689917
8690097
8690295
8690651
8690778
8691011
8691081
8691349
8691351
8691456
8691541
8691602
8691881
8692316
8692570
8692587
8692619
8692845
8693270
8693359
8693722
8695050
8695426
8695521
8695830
8696383
8696598
8696812
8697144
8697186
8697570
8697875
8697953
8698117
8698144
8698760
8698768
8698799
8698864
8699174
8699309
8699336
8699854
8701149
8701199
8701535
8701606
8701675
8701832
8701866
8702198
8702201
8702317
8702436
8702440
8702737
8703520
8703564
8703767
8703857
8704287
8704343
8704377
8704519
8704568
8704914
8705553
8705990
8706232
8706619
8706941
8707090
8707467
8707576
8951874
8951901
8952381
8952655
8953798
8954476
8954642
8955955
8956079
8956263
8956307
8956691
8957036
8957574
8957861
8957970
8958206
8958268
8958725
8959129
8959245
8959313
8959829
8959912
8960278
8961487
8961770
8961887
8962146
8962268
8963069
8963090
8963182
8963510
8963776
8963824
8963955
8964062
8964222
8964638
8964825
8964991
8965068
8965611
8965795
8966097
8966246
8966617
8968878
8969486
8969678
8971939
8974611
8974936
8978318
8978587
8979062
8979826
8980702
8999298
9000890
9001270
9001551
9002857
9004937
9005783
9006979
9008435
9009210
9011563
9015027
9016825
9063625
9066317
9070425
9106967
9149731
9149838
9149839
9149857
9149904
9150262
9150488
9152451
9152472
9153439
9153624
9153742
9153751
9153817
9153905
9154033
9154097
9154377
9154458
9154670
9155070
9155266
9155537
9155846
9155856
9155881
9155997
9156209
9156652
9157888
9157981
9157994
9158076
9158553
9158721
9158843
9159033
9159738
9160146
9160294
9160427
9160499
9160505
9160831
9161112
9161307
9161854
9161935
9162497
9162557
9162872
9163313
9163337
9163483
9164187
9164203
9164462
9164487
9165169
9165179
9327555
9327637
9328034
9328858
9328864
9329586
9329591
9329704
9329778
9330018
9330087
9330271
9330706
9331100
9331495
9331870
9331889
9331958
9332079
9332145
9332835
9333742
9333859
9333903
9334613
9334647
9334773
9335347
9335406
9335512
9335907
9336116
9337508
9337580
9337801
9338218
9338549
9338997
9339078
9339568
9339801
9340031
9340118
9340153
9340306
9340949
9341755
9341892
9342887
9342960
9343398
9343932
9344290
9344307
9344755
9344933
9344963
9346190
9346301
9346636
9346787
9346960
9347178
9347268
9347977
9348413
9348487
9348938
9349060
9349214
9349321
9349494
9349582
9350309
9350355
9528274
9528768
9528894
9528967
9533027
9533430
9534538
9534689
9540718
9542014
9542160
9544060
9545660
9548281
9549100
9550541
9551454
9551859
9552867
9553445
9554466
9554602
9554803
9555801
9558325
9559620
9561211
9562168
9562654
9562905
9565200
9565454
9565907
9566710
9570627
9571715
9571891
9571968
9572019
9638243
9638375
9638453
9638655
9638696
9639185
9640133
9640232
9640296
9640509
9640683
9641106
9641188
9641234
9641684
9641794
9641922
9642172
9642237
9642357
9642486
9642578
9642895
9642921
9644315
9644438
9644509
9644561
9645464
9645525
9645606
9645618
9645749
9645768
9645957
9646053
9646053
9646140
9646145
9646560
9646895
9647608
9648758
9648940
9649370
9649399
9649581
9649695
9649776
9649859
9649952
9650320
9650400
9651079
9804469
9804756
9804910
9805156
9805178
9805498
9805511
9805581
9805617
9806203
9806300
9806645
9806793
9806850
9807485
9807948
9808261
9808306
9808795
9809000
9809120
9809279
9809303
9809306
9809782
9809810
9810188
9810225
9810417
9810540
9810897
9810949
9811862
9811962
9812277
9812859
9813112
9813501
9813969
9814377
9814496
9814558
9814979
9815255
9815454
9815812
9816028
9816478
9816498
9816525
9816589
9817433
9817633
9819444
9819461
9819617
9819793
9820326
9820332
9820405
9820449
9820741
9820905
9820915
9821289
9821542
9821583
9821588
9821966
9822378
9822429
9822621
9823336
9823630
9823780
9823893
9823912
9824109
9824218
9824367
9824503
9824764
9825157
9825468
9825859
9826051
9826517
9826978
9827042
9827263
9950603
9950607
9951406
9951706
9951940
9951950
9951953
9952499
9952694
9952998
9953009
9953017
9953619
9953885
9954896
9955246
9957328
9957375
9957418
9957578
9957798
9958151
9958723
9958991
9959368
9959632
9959681
9959788
9960132
9960211
9961010
9961011
9961192
9961444
9961545
9962110
9962594
9962853
9963807
9964191
9964333
9965164
9965181
9965415
9965523
9965656
9965731
9965920
9966058
9966508
9966847
9967218
9967376
9967492
9967521
9968272
9968458
9968831
9968842
9969206
9969804
9970375
9974014
9974884
9975847
9979061
9987117
9988553
9989653
10085137
10085141
10085180
10085711
10085730
10085792
10086070
10086112
10086363
10086732
10087220
10087246
10087401
10087406
10087771
10087966
10088000
10088003
10088170
10088336
10088373
10088520
10088788
10088884
10089035
10089072
10089171
10089201
10089490
10089650
10090051
10090098
10090228
10090633
10091035
10091224
10091226
10091489
10091673
10092183
10092190
10092269
10092298
10092331
10092367
10092902
10093133
10093198
10093499
10093633
10093747
10094672
10095427
10095540
10095545
10095699
10096158
10096176
10096275
10096307
10096377
10096927
10097065
10097131
10097389
10097701
10097860
10097884
10098008
10098085
10098087
10098109
10098667
10098797
10098864
10098986
10099051
10099070
10099167
10099245
10099444
10099770
10100178
10100521
10100532
10100745
10101427
10101615
10102058
10102148
10102377
10102409
10102886
10103167
10103242
10103348
10103601
10103743
10104181
10104572
10104781
10105387
10105521
10105947
10106026
10106176
10106223
10106320
10106429
10107321
10107432
10107876
10108298
10194450
10195632
10195990
10196915
10196984
10198070
10198173
10198400
10199362
10199867
10200176
10200902
10201064
10202894
10203582
10203959
10204034
10204035
10204168
10204979
10205258
10205306
10205930
10206508
10206926
10207225
10207375
10207464
10207687
10208085
10209604
10209730
10210131
10210175
10210515
10212215
10213722
10303654
10303787
10304177
10304711
10305340
10306046
10306403
10306735
10309578
10309664
10311230
10312223
10313291
10313752
10313896
10314306
10314895
10315366
10316663
10316915
10317153
10317754
10317996
10319312
10320123
10322915
10324333
10420454
10420991
10421190
10421331
10422178
10422211
10422398
10422608
10423392
10423729
10424052
10424253
10424522
10424587
10425202
10427157
10427679
10427684
10427748
10427934
10427979
10428034
10428528
10428572
10428832
10429430
10429442
10429471
10429563
10429934
10430029
10430205
10430526
10430725
10430790
10431897
10432140
10432232
10432419
10433263
10433294
10433314
10433319
10433565
10433586
10433669
10433754
10433779
10434063
10434530
10434543
10434906
10435010
10435022
10435512
10436020
10436195
10436581
10436642
10436808
10437571
10437895
10437913
10453398
10453588
10454218
10454564
10455025
10455250
10455634
10456366
10456369
10456535
10456625
10456716
10457327
10457765
10458452
10459448
10460801
10461047
10461143
10461159
10461460
10461531
10462899
10463235
10463307
10463727
10464175
10464266
10464510
10464734
10465163
10465293
10465879
10466194
10589844
10589904
10590023
10590469
10590758
10590935
10591360
10591433
10591597
10591793
10591814
10591890
10592200
10592483
10592540
10592899
10593001
10593415
10593505
10594351
10594541
10594693
10594705
10594841
10595265
10595346
10595448
10595639
10596439
10596503
10596700
10597058
10597112
10597186
10597258
10597416
10597658
10597704
10597782
10597798
10598134
10598735
10598916
10598975
10599015
10600040
10600108
10600164
10600215
10601083
10601214
10601290
10601387
10601578
10601743
10602775
10603312
10603595
10603850
10603861
10604360
10604990
10604996
10605192
10606223
10606720
10607153
10607406
10607630
10607678
10607968
10608475
10608935
10609352
10609354
10609402
10609492
10609578
10609665
10609819
10609890
10735438
10735568
10735591
10735712
10737099
10737408
10737893
10738945
10739769
10739786
10740148
10740520
10740566
10740660
10742157
10742751
10743251
10743348
10743600
10744159
10744411
10746206
10746738
10747060
10747434
10747445
10747845
10749234
10749473
10749842
10938413
10938423
10938898
10938920
10939546
10939816
10939912
10940652
10941076
10941396
10941523
10941603
10941742
10942254
10942838
10942875
10943231
10943378
10943503
10943993
10944083
10944132
10944202
10944317
10944438
10944637
10944653
10945144
10945489
10945557
10945563
10945582
10945702
10945740
10945798
10946329
10946726
10946737
10946849
10947133
10947363
10947504
10947589
10947687
10947735
10947862
10948248
10949108
10949154
10949196
10950577
10951014
10951252
10951366
10951378
10951523
10951725
10951802
10951897
10952149
10952281
10953036
10953099
10953110
10953291
10953599
10954066
10954303
10954541
10954849
10955044
10955095
10955212
10955304
10956387
10956559
10956775
10956822
11009736
11009784
11010064
11010216
11010523
11011380
11012970
11012976
11013438
11016006
11017090
11017998
11018234
11018325
11018517
11018817
11019178
11021027
11021694
11023123
11023861
11029219
11033499
11036348
11042303
11081467
11082106
11083166
11083670
11083817
11085693
11093440
11094803
11095412
11095693
11205613
11205979
11206456
11206563
11207561
11207670
11207747
11208205
11208560
11208795
11209057
11209411
11209467
11209517
11210004
11210069
11210513
11210533
11211165
11212200
11212640
11213342
11213374
11213689
11213697
11214160
11215245
11216048
11216587
11216806
11217161
11218652
11219183
11219527
11220409
11221614
11221617
11222098
11222376
11222555
11222586
11223551
11223645
11224055
11224236
11224661
11224991
11225172
11225304
11225681
11225923
11226268
11226277
11226968
11227383
11227534
11227577
11227856
11228229
11228966
11229465
11229562
11229575
11229955
11230038
11230583
11230971
11231090
11231637
11232255
11232488
11233064
11233164
11233306
11233885
11234273
11235317
11236063
11236126
11236422
11237150
11237696
11238053
11239404
11239848
11240124
11240730
11241202
11241675
11387573
11388350
11388541
11389239
11389319
11389442
11389580
11390338
11390665
11390979
11391107
11391253
11391960
11392931
11393079
11393236
11393334
11393418
11393910
11394529
11395063
11395132
11395143
11395395
11395518
11395926
11395977
11396121
11396666
11396752
11397308
11397342
11397426
11397856
11398492
11398774
11398911
11399018
11399607
11399650
11399663
11399667
11399911
11400516
11400930
11400950
11401028
11401386
11402245
11402906
11402953
11403653
11404165
11404663
11404882
11404953
11405122
11405172
11405217
11405829
11406071
11406304
11406363
11406585
11406709
11406795
11407168
11407405
11408390
11408917
11408930
11409002
11409120
11409289
11409363
11409414
11409693
11409793
11410047
11410125
11410127
11410151
11410164
11411097
11411100
11411505
11411513
11411645
11411834
11412164
11412288
11412389
11412926
11412979
11413073
11413273
11413807
11413840
11413864
11413901
11414236
11414470
11414513
11414900
11414963
11415372
11415423
11416195
11416256
11416349
11416836
11417158
11417757
11417776
11417831
11417953
11418140
11418161
11418282
11418766
11418841
11419250
11419742
11420255
11420295
11420344
11420621
11421120
11421297
11421366
11422261
11422929
11423061
11423307
11423492
11424097
11424183
11424213
11424609
11424684
11424785
11425147
11425759
11425776
11425842
11426011
11426062
11426132
11426881
11427006
11427053
11427083
11427169
11427233
11427571
11427612
11427681
11427706
11428353
11613891
11614942
11615416
11615773
11616302
11616388
11616974
11617169
11617203
11617240
11617246
11617318
11617913
11618320
11618589
11618729
11619127
11619242
11619300
11620331
11620967
11621054
11621365
11621632
11621711
11621803
11622929
11623084
11623146
11623489
11623549
11623629
11623808
11623881
11624016
11624336
11624401
11624908
11624972
11625785
11625839
11626015
11626069
11626136
11626643
11627105
11627420
11627782
11628066
11628191
11628334
11628411
11628497
11628654
11628691
11629155
11629209
11629242
11731676
11731928
11732136
11732605
11732773
11732918
11733065
11733112
11734123
11734405
11734438
11734938
11735060
11735074
11735265
11736035
11736240
11736866
11736931
11737167
11737327
11737820
11738366
11739693
11739823
11740008
11740123
11740452
11741013
11742042
11742496
11743204
11743300
11743921
11744018
11744184
11744318
11744591
11744894
11746029
11746107
11746466
11746789
11746999
11748114
11748994
11905888
11915462
11916808
11917982
11966137
11966941
11967003
11968810
11968983
11969413
11969773
11970082
11970167
11970469
11972427
11972531
11976349
11977608
11979800
11980326
11980515
11980652
11981949
11983896
11984188
11984239
11984736
11986348
11986731
11987028
11987187
11987224
12021884
12022540
12024528
12024574
12027191
12027476
12027663
12028269
12028342
12029107
12029714
12034745
12073006
12073219
12073436
12073583
12074410
12074776
12075068
12075241
12075503
12075794
12075900
12076973
12077613
12079066
12079186
12079223
12079916
12081047
12081813
12081942
12083431
12083999
12084911
12085367
12085758
12085890
12087722
12087749
12087880
12088051
12088341
12088658
12088887
12164441
12183800
12184015
12184420
12184450
12184721
12185528
12185591
12186007
12186306
12186307
12186750
12187165
12187553
12187600
12187919
12188419
12188542
12189625
12189846
12189979
12190337
12190521
12190532
12190568
12190599
12190881
12191274
12192140
12192996
12193065
12193687
12193854
12194643
12194890
12195250
12195496
12195576
12195623
12195668
12195991
12196472
12196589
12196610
12196715
12196829
12196867
12197058
12197213
12197352
12197530
12197558
12197572
12197792
12198595
12198601
12198704
12198880
12198961
12199485
12199748
12199841
12200212
12200454
12200464
12201087
12201357
12201407
12315344
12316122
12321721
12325498
12373526
12373706
12373766
12373958
12374026
12375430
12375545
12375605
12375720
12376223
12376541
12376826
12376943
12377000
12377045
12377685
12377856
12378109
12378339
12378447
12378644
12378802
12379129
12379238
12379603
12380277
12380332
12380339
12380461
12381062
12381119
12381223
12381271
12381387
12381833
12381917
12382447
12382464
12383546
12383587
12383812
12384362
12384846
12385408
12385498
12385788
12386165
12386735
12387315
12387427
12387512
12387550
12387661
12387841
12388483
12388606
12388649
12389130
12389198
12389605
12390050
12390545
12390986
12391031
12391300
12391794
12391861
12392657
12393050
12393175
12393192
12393213
12393813
12393865
12394502
12395400
12591030
12591876
12593508
12594916
12596952
12598227
12599196
12600201
12601201
12601285
12602321
12603034
12604491
12604505
12605229
12606204
12607221
12607390
12607523
12666922
12668140
12676711
12678547
12681590
12685134
12686405
12810528
12822907
12826499
12826712
12860939
12861372
12861904
12861910
12862073
12862135
12862640
12862891
12862988
12863502
12863574
12864091
12864377
12864735
12865187
12865208
12865291
12865292
12865314
12865416
12865442
12866392
12866529
12866654
12867520
12867553
12867751
12867941
12868356
12868874
12868966
12869176
12869535
12869916
12870502
12870613
12870633
12870700
12871209
12871729
12871808
12872571
12872664
12872908
12873442
12873728
12873904
12873947
12874190
12874828
12874883
12875105
12875143
12875439
12875684
12875716
12972839
12979111
12979189
12979742
13053368
13053875
13055213
13056235
13056246
13056356
13056508
13056535
13057437
13057466
13057912
13058248
13058295
13059449
13059503
13059611
13059745
13059829
13060115
13060418
13061137
13061460
13061572
13061635
13061638
13061693
13061829
13062152
13063468
13063998
13064384
13064786
13065705
13066522
13066615
13067362
13068967
13069132
13069791
13069801
13069820
13069871
13070364
13179014
13179293
13179846
13181286
13183164
13183211
13185526
13188633
13188648
13189334
13190171
13229229
13229311
13229344
13229713
13229746
13230313
13232597
13232761
13232859
13233130
13233172
13233388
13233532
13233694
13235916
13236758
13237030
13237379
13237899
13238199
13238269
13238955
13239318
13239939
13240404
13240467
13241200
13242426
13242830
13242841
13243161
13243617
13243648
13244226
13244591
13245054
13245246
13245514
13245914
13246138
13246252
13246489
13246536
13246578
13247677
13248587
13248702
13248947
13249118
13249494
13527645
13527765
13528225
13528714
13528741
13528896
13529314
13529506
13529567
13529858
13529866
13530392
13530446
13530561
13530710
13530713
13530729
13531100
13531313
13532103
13532935
13532973
13533059
13533312
13533339
13533549
13533701
13533889
13534263
13535507
13535851
13536253
13536302
13536585
13536799
13536864
13536901
13536986
13537228
13537877
13537980
13538110
13538172
13538961
13539333
13539758
13539872
13539921
13539982
13540288
13540530
13540550
13540932
13540961
13541060
13541075
13541243
13541266
13541515
13541543
13541916
13542351
13542372
13542373
13542553
13542933
13543001
13543099
13543326
13543732
13543773
13544071
13544749
13545238
13545329
13545366
13545719
13546578
13546720
13547002
13547022
13547336
13547413
13547480
13548050
13548359
13549251
13691640
13693505
13694377
13696761
13697100
13697861
13698957
13699142
13703377
13705654
13705923
13706033
14673935
14684805
14965413
16517392
16660342
16663670
16663933
16665901
16669077
16670049
16909951
16909992
16910074
16910205
16910377
16910511
16910943
16911354
16911393
16911680
16911740
16911767
16912407
16912440
16912625
16913898
16914891
16915228
16915342
16915427
16915551
16915588
16915752
16915852
16917268
16917280
16918091
16919710
16919748
16920189
16920300
16921036
16923537
17055510
17056337
17059123
17064404
17065468
17068695
17070815
17071152
17071584
17075609
17177352
17177476
17177573
17177811
17178105
17179950
17180476
17181436
17181505
17181754
17182067
17182378
17182769
17182784
17183339
17183503
17184121
17184511
17184614
17184738
17184762
17184884
17184892
17185077
17185329
17186185
17186649
17186983
17187173
17187561
17187595
17187614
17187942
17188264
17188755
17188977
17189226
17189423
17189474
17191216
17191594
17191649
17191820
17192179
17192209
17192283
17192972
17193301
17193369
17193404
17193449
17193456
17193585
17193817
17194056
17194331
17194720
17194761
17208937
17208963
17208995
17209149
17209838
17209996
17210180
17210768
17210769
17210825
17211026
17211176
17211624
17211632
17211912
17212260
17212374
17212735
17212826
17212947
17213525
17213896
17214522
17215110
17215616
17215754
17215855
17215975
17216496
17216754
17216991
17217694
17217736
17217889
17217985
17219135
17220329
17220527
17220580
17220894
17222434
17222718
17222731
17222752
17222817
17223232
17223295
17224247
17224249
17224388
17224472
17224525
17224861
17225191
17363310
17366270
17366300
17366719
17367072
17367320
17367428
17367896
17368123
17369824
17369984
17370101
17370778
17371950
17376051
17376072
17377585
17378330
17378577
17382434
17383728
17384462
17388051
17397132
17431955
17432085
17432130
17432689
17434380
17434552
17434682
17434794
17434893
17435200
17435395
17435401
17435673
17436322
17436509
17436728
17436960
17437752
17438277
17438476
17438477
17438661
17438940
17439111
17439266
17440488
17442094
17442529
17443052
17443246
17443397
17443612
17443737
17444892
17445600
17445643
17446295
17446630
17446768
17447293
17447536
17447572
17447909
17448358
17448493
17449573
17576091
17576648
17581881
17582355
17584471
17586139
17586160
17610707
17611032
17611360
17611579
17612097
17612453
17612872
17613014
17613034
17613460
17614577
17614590
17615161
17615262
17615382
17615899
17617257
17618311
17618329
17618719
17618991
17619097
17619329
17619882
17619939
17620115
17620429
17620480
17620746
17620849
17620976
17621556
17621738
17621787
17622176
17622567
17623344
17763278
17788437
17788469
17788477
17788659
17789047
17790210
17790265
17790620
17790817
17791179
17791217
17791255
17791353
17791380
17791701
17791859
17791917
17791980
17792262
17792461
17792479
17792659
17792703
17793006
17793173
17793988
17794942
17795731
17796054
17796165
17796348
17796379
17796437
17796488
17796737
17797066
17797079
17797483
17797619
17798063
17798168
17798755
17799032
17799452
17799783
17800211
17800502
17800587
17800606
17800850
17801400
17802008
17802121
17802416
17802773
17802825
17802891
17803088
17803239
17803470
17803784
17803855
17803892
17804133
17804280
17804471
17804581
17804630
17804691
17804830
17805007
17805613
17806058
17806188
17806249
17806670
17806834
17806849
17806906
17807033
17807034
17807407
17807589
17807943
17808885
17808904
17809035
17809442
17809475
17810053
17810093
17810103
17810531
17810758
17810935
17811029
17811288
17811583
17965741
17966500
17967389
17968377
17969088
17969613
17970978
17974255
17976364
17977254
17977870
17978319
17978492
17979594
17980880
17981698
17982111
17982832
17982897
17984570
17985216
17985226
17998731
17999127
17999968
18004070
18004351
18004644
18004971
18005502
18008486
18008964
18009094
18010548
18012067
18014062
18015895
18018425
18019618
18197004
18197205
18199355
18199453
18199897
18200576
18200914
18201173
18201261
18201420
18201660
18202776
18203501
18203610
18203653
18204792
18204815
18205043
18206058
18206132
18206804
18207137
18209041
18209775
18209959
18211072
18211257
18211632
18212086
18212572
18213319
18213806
18214195
18214578
18214967
18215319
18215331
18215403
18216844
18217217
18218053
18218105
18219565
18220128
18220169
18337163
18339452
18347111
18389040
18389234
18389375
18389393
18390165
18390930
18391000
18391350
18391846
18392022
18392230
18392335
18392718
18392795
18393066
18393308
18393466
18393777
18393885
18394180
18394262
18394322
18394323
18394378
18395579
18395589
18395793
18396071
18396687
18397972
18397990
18399096
18399165
18399558
18399639
18399907
18400273
18400744
18400891
18401010
18401046
18401688
18402609
18403052
18403277
18435380
18435437
18435962
18436405
18436487
18436489
18436599
18437307
18437336
18437338
18437672
18438192
18438890
18439473
18439520
18439653
18440042
18440167
18441593
18441737
18441851
18442032
18442036
18442064
18442819
18442880
18443008
18443015
18443307
18443388
18443497
18443529
18444022
18444183
18444227
18444296
18444312
18444809
18444941
18445086
18445810
18445851
18445950
18446091
18446347
18446498
18446569
18446907
18446974
18447060
18447245
18447597
18447704
18448044
18448570
18448706
18587097
18587639
18588107
18588635
18588866
18589344
18589573
18589819
18590221
18591128
18591489
18591993
18592522
18592749
18592995
18593248
18593844
18593874
18594517
18594893
18594911
18595487
18595601
18595847
18596071
18596249
18597135
18597151
18597303
18597375
18597385
18597578
18598670
18599142
18599158
18599458
18600145
18600375
18600569
18601167
18601201
18601538
18601773
18602408
18602422
18602605
18602826
18604864
18604979
18604997
18605998
18606319
18607059
18607115
18720206
18721432
18721493
18722307
18726639
18726662
18726711
18728820
18729423
18729636
18729840
18730686
18731060
18732063
18734831
18736771
18738649
18739094
18740598
18740646
18740729
18740885
18741159
18741272
18741621
18741899
18741934
18742199
18742366
18742468
18742634
18743109
18743129
18743664
18744007
18744220
18744961
18744972
18744986
18745237
18745369
18745801
18745914
18745995
18746080
18746435
18746680
18746699
18746979
18747103
18747513
18747523
18747587
18747833
18748049
18748095
18748614
18748650
18748893
18749223
18749227
18749290
18749381
18749386
18749668
18749987
18750219
18750484
18750671
18750785
18751049
18751082
18752087
18752173
18752374
18752510
18752530
18752599
18752898
18753140
18753358
18753445
18753491
18753907
18753921
18753993
18754247
18754479
18754951
18755645
18755868
18756377
18756832
18756846
18756879
18756898
18756937
18757169
18757172
18757330
18757410
18757456
18757491
18757670
18758180
18758352
18758494
18758672
18758789
18758890
18758974
18759099
18759103
18759483
18759941
18760732
18760823
18760875
18760942
18761116
18998447
18998477
18998801
18999091
18999406
18999550
19000038
19000104
19000179
19000751
19001053
19001183
19001450
19001532
19001809
19001845
19001932
19002068
19002422
19002511
19002974
19003449
19004009
19004071
19004518
19005031
19005674
19005903
19007262
19007773
19007886
19008080
19008288
19008520
19008869
19008924
19009414
19009435
19009823
19010446
19011601
19011761
19012071
19012107
19012168
19012507
19012768
19012849
19013042
19013370
19013897
19013973
19014231
19014445
19014978
19015338
19015398
19015538
19015550
19015989
19016118
19016195
19016352
19016389
19016664
19017534
19017667
19017987
19018343
19018492
19018521
19018607
19019008
19019613
19019839
19019903
19020347
19020437
19075754
19076160
19076466
19076546
19076694
19076879
19076926
19077685
19078051
19078246
19078266
19078593
19079326
19080381
19081070
19081166
19081214
19081216
19082153
19082259
19082592
19083589
19083609
19084780
19084788
19085083
19085216
19086085
19086128
19087220
19087427
19087776
19087935
19088558
19088612
19088722
19089443
19089897
19089999
19090511
19091128
19091971
19092192
19092330
19093040
19093203
19093768
19094152
19094312
19234885
19235524
19235750
19236716
19239288
19239659
19240203
19243523
19244512
19244830
19245122
19245323
19245983
19246386
19247723
19248087
19250469
19250971
19250974
19250996
19252062
19252926
19252952
19253442
19254832
19254843
19294367
19360666
19360687
19361010
19361290
19361462
19361919
19362491
19363203
19363476
19363821
19364019
19364029
19364509
19365459
19365471
19365652
19365789
19366071
19366115
19366355
19366662
19367080
19368230
19368875
19369022
19369116
19369751
19371086
19371240
19371443
19371532
19371752
19372318
19393738
19397786
19399800
19399845
19402799
19404890
19405064
19407927
19410975
19414053
19447148
19451564
19452836
19540814
19543579
19544586
19545127
19546836
19548167
19549979
19550314
19550649
19551539
19555257
19584780
19586327
19586401
19586412
19587237
19587400
19587660
19587777
19587950
19588636
19589035
19589131
19589234
19590621
19591213
19591249
19591366
19592044
19592142
19592236
19593132
19593834
19593858
19594041
19594527
19595770
19596777
19597160
19597715
19597896
19598033
19598322
19598366
19598814
19599512
19600515
19604850
19605007
19645205
19646651
19664721
19664890
19665404
19666144
19666957
19667153
19667208
19667531
19667555
19667816
19668038
19668210
19668322
19668671
19669093
19669691
19670079
19670196
19670394
19671717
19671857
19672050
19672232
19672432
19672540
19672729
19672896
19673612
19673880
19673963
19674149
19674503
19674774
19675282
19675399
19675419
19675897
19675984
19676748
19677166
19677842
19677849
19678179
19678183
19678469
19678925
19679405
19679575
19679834
19680212
19680782
19681191
19681430
19681463
19681803
19681868
19681941
19682389
19682567
19682570
19682778
19683448
19743372
19748731
19748950
19749369
19749769
19752887
19754901
19755451
19755464
19758969
19759549
19761696
19765041
19766917
19768350
19769644
19769956
19771124
19772019
19772138
19774983
19775052
19775952
19776388
19776670
19776774
19777032
19777111
19777614
19777944
19778651
19778830
19779157
19779337
19780029
19780415
19780449
19781705
19781996
19782435
19782938
19785321
19786549
19787244
19787276
19807950
19808817
19809205
19810228
19810282
19810392
19810697
19811195
19811290
19811586
19811612
19811701
19811722
19812568
19814440
19814466
19814697
19814898
19815201
19815659
19815842
19816066
19816207
19816249
19816262
19816271
19816892
19816949
19817890
19818558
19818883
19819418
19819476
19819514
19819766
19820971
19821179
19821684
19821743
19822132
19822230
19822335
19822474
19822488
19822493
19874997
19875254
19878078
19878268
19878737
19880874
19882445
19884044
19884081
19884301
19885245
19885887
19888171
19888383
19888795
19892356
19895525
19924952
19953576
19953584
19953669
19954746
19954772
19955142
19955269
19955481
19955514
19955713
19955893
19955938
19956021
19956217
19956369
19956570
19956892
19957077
19958017
19959285
19959511
19960124
19960839
19960915
19961097
19961882
19962345
19962347
19962518
19962757
19962910
19963038
19963254
19963753
19964269
19964575
19964592
19964797
19965097
19965269
19965288
19965331
19965545
19965598
19965752
19966392
19966677
19966977
19967018
19967449
19967603
19968833
19968856
19969836
19969985
19970144
19970460
19970656
19971158
19971592
19972113
19972212
19972246
19972263
19972425
19972646
19972854
19972960
19973207
19973276
19973567
19973730
19973764
19973788
19973860
19974384
19974397
19974517
19975254
19975476
19975571
19976272
20173881
20174687
20174892
20175073
20175141
20175708
20175722
20176036
20176222
20176430
20176885
20177084
20177134
20177210
20177434
20177692
20177919
20178187
20178350
20178368
20178411
20178800
20179365
20179491
20179616
20179669
20179732
20180263
20180339
20180389
20180717
20180994
20181012
20181021
20181970
20182570
20183563
20183572
20183748
20183762
20183834
20184278
20184571
20184713
20184955
20185450
20185665
20185928
20185950
20185988
20186169
20186231
20186430
20186569
20186794
20186822
20186953
20187804
20187944
20188397
20188519
20188763
20188953
20189117
20189146
20189162
20189310
20189352
20189601
20189643
20189728
20190011
20190194
20190293
20190357
20190423
20375868
20376475
20376840
20377168
20377883
20377958
20377971
20378276
20378506
20378772
20379048
20379405
20379510
20379558
20380002
20380352
20381412
20381943
20382110
20382262
20382327
20382363
20382403
20382508
20382577
20382617
20382735
20382772
20383111
20383168
20383820
20384047
20384286
20384323
20384429
20384910
20384928
20384955
20384987
20385335
20385384
20385967
20385978
20386023
20386064
20386426
20386531
20386546
20387120
20387319
20387540
20387763
20387822
20387824
20388128
20388228
20388272
20388447
20388712
20388897
20389108
20389350
20389482
20389533
20389793
20389830
20389878
20389906
20390022
20390032
20390038
20390519
20419057
20419737
20422161
20427451
20513070
20514117
20515870
20516032
20517345
20520610
20523217
20524038
20525391
20641064
20644684
20645951
20646384
20666216
20666393
20667537
20668559
20670994
20671225
20672360
20672822
20673960
20675659
20675951
20676517
20679471
20681664
20681937
20689085
20690585
20692898
20692953
20696257
20696320
20698076
20698733
20699488
20699569
20699621
20699659
20701005
20701309
20701313
20701675
20701737
20701842
20701849
20702123
20702640
20702658
20702813
20703742
20703864
20704103
20704411
20704770
20705041
20705561
20706172
20706404
20706486
20706517
20706824
20707126
20707469
20707504
20707671
20708000
20708522
20708649
20708758
20709066
20709732
20709881
20709972
20710108
20710549
20710657
20751766
20752171
20975778
20976081
20976113
20976617
20976864
20976930
20976939
20977394
20977458
20977535
20977818
20977899
20978488
20978497
20978815
20978946
20979635
20979908
20980360
20980502
20980590
20980653
20982317
20982344
20982506
20982537
20982713
20983690
20983964
20984084
20985124
20985160
20985191
20986042
20986334
20986379
20986440
20986847
20986954
20987823
21002937
21120091
21120512
21121173
21121209
21121574
21121613
21122439
21122504
21123066
21123227
21123406
21123964
21124443
21124949
21126134
21126964
21128971
21129005
21129545
21129827
21130488
21130556
21130793
21131967
21132175
21132677
21132704
21132900
21132911
21133150
21133878
21134103
21134697
21135176
21135574
21135798
21136380
21136705
21136709
21136978
21137141
21137356
21137508
21137752
21138180
21138261
21138539
21138548
21138816
21139172
21140345
21140991
21141003
21141019
21141236
21141284
21141760
21141872
21141992
21142251
21142705
21143674
21144923
21144930
21145440
21145484
21145637
21145644
21145763
21146082
21147191
21147253
21147750
21148113
21148299
21148832
21148865
21148994
21149071
21149256
21149599
21149870
21170418
21170578
21170825
21170871
21170962
21171174
21171644
21172124
21172656
21172790
21172882
21172893
21172910
21173786
21173813
21173847
21174099
21174242
21174507
21175199
21175319
21175348
21175502
21175736
21175870
21176131
21176245
21176717
21177192
21177302
21177498
21177890
21178976
21179135
21179469
21179749
21179985
21180199
21180230
21180525
21180562
21180843
21181576
21181719
21181888
21181939
21181998
21182113
21182470
21182544
21182641
21182843
21183427
21183601
21183658
21183917
21184270
21184288
21184290
21184722
21184863
21301902
21302823
21302987
21303652
21305387
21305785
21306255
21308271
21308626
21308986
21309559
21311523
21311925
21312690
21312828
21313283
21313396
21314801
21315906
21317299
21319246
21319711
21320076
21421733
21424542
21425717
21425735
21429857
21433582
21434571
21436325
21437840
21438758
21444631
21444855
21444863
21444879
21445636
21445867
21446102
21446869
21446884
21447065
21447355
21447361
21447939
21448554
21448645
21448715
21448794
21449391
21449578
21449895
21450452
21450535
21450697
21451558
21451663
21452103
21452251
21452480
21452689
21452727
21452820
21452905
21453108
21453287
21453304
21453447
21453528
21453607
21454274
21454901
21455084
21455402
21455575
21456078
21456428
21456628
21456714
21456938
21457045
21457479
21458772
21458932
21459031
21459171
21459444
21459709
21459751
21459800
21459861
21459899
21460468
21460491
21460545
21460557
21539380
21561061
21565295
21565640
21568557
21570816
21575376
21575768
21576675
21581142
21630587
21630900
21630970
21631213
21631893
21631991
21632309
21632451
21632698
21633248
21633453
21633982
21634032
21634244
21634304
21634540
21635019
21636380
21637344
21637783
21637805
21637949
21638284
21638386
21639204
21639434
21639548
21639584
21640335
21641367
21642109
21642124
21643324
21644282
21644765
21644920
21644931
21645071
21645529
21646117
21647124
21647763
21648171
21648944
21724320
21725354
21726277
21726786
21726876
21727941
21729231
21730061
21734305
21736613
21738560
21738921
21739448
21741700
21860039
21860125
21860412
21860436
21860674
21860931
21861341
21861774
21862398
21862601
21863015
21863037
21863461
21863524
21863724
21864166
21864744
21864867
21865260
21866172
21866341
21866384
21866456
21866611
21866806
21866820
21866837
21867162
21867366
21867811
21867945
21868327
21869126
21869381
21869610
21869635
21869643
21869676
21869842
21869843
21869871
21869938
21870147
21870170
21870767
21870861
21871016
21871194
21871277
21871461
21871580
21872595
21873023
21873051
21873406
21873958
21874023
21874358
21874830
21875789
21875979
21876016
22037529
22038613
22039805
22039852
22040949
22041792
22042421
22042756
22043005
22043073
22043336
22043563
22043643
22043874
22044451
22044495
22046247
22046389
22046508
22046955
22047102
22047826
22048092
22048116
22048385
22048946
22048964
22049249
22049274
22049515
22049841
22050063
22050136
22050156
22050323
22050378
22050717
22051787
22052121
22052175
22052986
22053202
22053223
22053254
22053394
22053580
22053878
22054662
22054695
22054748
22054833
22054849
22055559
22055671
22086282
22087227
22091586
22093998
22116690
22118031
22118194
22118643
22118818
22118945
22118961
22119031
22119122
22119550
22119580
22120105
22120486
22120551
22120623
22120788
22120819
22120992
22121711
22121802
22121994
22122287
22123201
22123839
22123903
22123964
22124210
22124220
22124450
22124790
22124914
22125093
22125156
22125944
22126319
22126444
22126738
22126778
22126958
22127054
22127562
22128041
22128411
22128551
22128720
22129470
22130803
22131053
22131374
22131984
22132611
22133517
22133650
22261191
22261610
22262712
22263740
22263858
22264139
22264349
22265436
22265562
22265633
22265700
22265810
22265915
22266337
22266337
22266460
22266555
22266828
22267029
22267507
22267663
22267720
22268173
22268433
22268653
22268931
22269117
22269570
22269869
22270591
22271038
22272528
22272782
22273285
22273537
22273952
22274527
22274593
22274815
22275119
22275470
22275521
22275713
22275823
22276343
22276635
22276807
22277152
22277797
22278353
22278562
22279664
22279857
22280218
22280436
22280699
22280756
22280778
22281146
22281493
22414321
22414649
22414985
22415009
22415148
22415937
22415960
22416659
22416791
22416832
22416834
22417198
22417278
22417470
22417510
22417516
22417899
22417958
22418405
22418489
22418581
22418703
22418859
22418873
22418973
22419198
22419425
22419613
22419759
22420346
22421036
22421327
22421399
22421660
22422044
22422324
22422843
22423001
22423411
22423611
22424070
22424389
22424907
22425102
22425433
22425460
22425481
22425488
22425837
22426200
22427190
22427212
22427711
22427930
22428042
22428260
22428309
22428534
22428963
22429055
22429208
22429519
22430400
22430874
22431010
22431679
22432183
22433635
22433781
22433786
22433897
22434585
22434944
22435002
22435263
22435315
22435343
22435822
22436463
22436626
22436902
22436952
22560336
22561667
22561799
22561847
22562531
22563051
22563600
22563714
22564606
22564702
22565369
22566464
22566540
22566659
22566891
22567455
22567681
22567853
22567923
22568033
22568186
22568291
22568681
22568685
22569230
22569374
22569741
22569981
22570768
22570793
22571156
22571175
22571584
22571885
22572192
22572404
22572951
22572970
22573191
22573226
22574299
22574315
22574320
22574653
22574769
22575238
22575281
22575282
22575400
22575468
22575963
22576355
22576526
22577075
22577366
22577386
22577464
22578029
22578030
22578366
22578622
22578669
22578837
22579226
22579813
22580082
22580155
22580602
22580867
22581040
22581043
22581063
22581237
22581300
22581429
22581547
22582197
22788302
22800389
22804621
22804622
22805049
22805415
22805667
22805973
22806147
22806689
22806917
22807154
22807247
22807314
22808402
22808678
22808989
22809637
22809689
22809733
22810037
22810170
22810629
22811838
22811990
22812028
22812340
22813242
22813442
22813600
22813839
22814226
22814348
22814950
22815403
22816000
22816088
22816365
22816502
22816623
22816969
22816997
22817785
22817818
22817964
22818157
22818344
22818567
22881056
22882135
22882637
22883008
22883157
22884099
22884111
22884413
22884963
22885751
22885990
22886666
22886855
22887378
22888063
22888063
22888119
22888544
22888956
22889546
22889620
22889665
22890098
22890667
22890996
22891212
22891292
22891508
22891622
22892010
22892010
22892166
22892275
22892571
22893184
22893557
22894010
22894153
22894156
22894464
22894874
22894942
22895012
22895221
22895644
22895963
22896279
22896656
22896887
22897421
22897643
22898062
22898218
22898259
22898275
22898309
22898795
22898860
22898912
22899657
22900270
22900510
22900625
22900706
22900746
22900840
22901438
22902005
22902197
23040748
23040918
23041249
23041260
23041324
23041374
23041541
23041614
23041702
23041778
23041863
23041892
23042058
23042877
23042967
23043101
23043283
23043446
23043570
23043577
23043786
23043811
23043998
23044090
23044316
23044700
23044729
23044771
23045230
23045514
23046203
23046848
23046942
23047697
23047831
23048304
23048637
23048746
23048763
23048856
23049065
23049128
23049462
23049767
23049772
23050097
23050626
23051825
23051908
23051958
23052327
23052773
23053527
23054003
23054377
23054620
23054810
23055496
23055510
23055606
23055713
23055794
23056421
23056676
23057878
23169763
23170327
23170488
23171415
23171594
23171905
23172247
23172534
23172681
23175377
23175908
23176346
23176623
23177846
23178353
23178354
23178364
23178621
23179244
23179561
23179565
23180665
23181961
23182189
23182378
23183287
23183408
23183784
23184412
23184931
23185005
23185721
23186040
23186257
23186301
23186472
23187585
23187772
23187776
23187985
23188399
23188496
23188765
23189126
23189487
23189848
23189937
23190302
23191112
23191460
23191584
23192013
23192933
23193400
23363206
23363645
23367216
23367716
23380647
23381719
23382837
23383295
23383318
23383361
23383365
23383855
23383910
23383942
23384061
23384363
23384405
23384597
23385129
23385249
23385848
23385852
23385979
23386024
23386035
23386065
23386368
23386556
23386583
23386726
23387003
23387032
23387130
23387257
23387397
23387776
23388656
23388699
23388770
23388893
23388940
23389009
23389275
23389579
23390313
23390510
23391044
23391161
23391171
23391500
23391678
23391728
23392260
23392337
23392645
23392874
23392979
23393050
23393103
23393180
23393211
23393238
23393477
23393625
23393629
23394320
23394437
23394888
23395072
23395319
23456355
23456384
23456480
23456629
23456989
23457667
23457814
23458473
23458607
23458642
23458907
23459364
23459741
23459911
23460388
23460586
23460669
23461120
23461538
23462111
23462348
23462363
23462464
23462951
23462954
23463091
23463411
23463448
23463826
23463832
23463995
23464244
23464358
23465024
23465055
23465091
23465503
23465552
23466520
23466825
23466834
23467853
23468596
23468807
23469823
23470463
23470996
23471690
23471825
23472335
23472412
23472436
23473433
23473444
23474142
23474965
23475173
23475413
23475538
23475791
23476030
23476529
23476882
23476893
23477061
23477341
23477463
23477474
23477575
23477589
23477631
23477902
23478298
23478378
23620531
23621045
23621767
23622072
23622188
23622371
23623169
23623271
23623898
23624107
23625228
23625642
23626324
23626563
23628161
23628674
23629065
23629188
23630406
23631066
23631312
23632789
23633298
23633418
23634003
23634100
23635804
23637096
23637118
23637145
23637656
23637953
23638005
23639114
23639292
23640193
23640487
23641060
23641140
23641150
23641469
23642024
23642304
23642407
23642431
23793717
23793924
23797281
23801107
23801738
23801791
23802118
23802437
23802637
23802814
23803083
23803457
23806951
23807090
23808167
23808866
23809728
23838266
23938523
23938765
23939965
23944728
23947627
23947769
23948413
23955228
23996119
23996524
23996837
23997044
23997189
23997248
23997325
23997358
23997384
23997648
23998290
23998605
23998666
23998685
23998821
23998858
23999291
23999605
23999947
24000998
24001033
24001630
24001665
24001923
24002305
24002351
24002454
24002560
24002792
24002945
24003590
24003796
24004008
24004603
24004616
24004930
24004976
24005207
24005955
24006050
24006307
24007680
24007973
24008631
24008645
24009252
24009554
24009613
24009697
24009790
24009869
24010184
24010298
24010425
24180731
24180825
24180952
24181085
24181330
24181564
24183052
24183361
24183536
24183559
24183651
24183973
24184608
24185055
24185328
24185370
24186129
24186410
24188064
24188309
24188395
24189497
24189525
24189567
24189635
24189769
24189885
24190345
24190606
24190997
24191348
24191364
24191818
24191892
24192588
24192673
24192852
24192919
24193136
24193229
24193406
24193886
24194193
24194358
24194540
24194832
24194951
24195004
24195135
24195603
24195643
24195670
24195857
24196434
24197632
24197965
24197968
24198148
24198630
24297227
24299836
24300618
24404055
24412427
24413081
24414296
24415594
24416469
24418833
24419259
24419309
24420994
24421057
24421482
24422103
24422714
24422788
24423104
24423330
24423770
24423930
24424161
24424735
24424919
24424955
24426028
24426112
24426600
24426789
24426963
24427366
24427630
24427721
24427770
24427900
24427948
24428057
24428257
24428402
24428922
24429041
24429211
24429652
24429736
24430185
24430636
24430883
24431003
24431540
24432013
24432113
24432130
24432340
24433273
24433408
24433663
24433866
24433870
24434047
24434109
24434149
24434195
24434398
24434805
24435012
24435061
24435069
24435157
24435164
24435557
24435778
24436272
24436379
24436519
24436836
24436944
24437207
24437532
24437855
24438201
24438250
24438987
24439120
24439434
24439510
24439533
24439809
24439839
24566843
24573313
24577440
24577904
24581248
24583739
24586848
24588855
24609255
24609665
24609925
24610033
24611028
24611069
24611146
24611348
24612824
24612970
24613160
24613476
24613532
24613763
24614196
24614498
24614792
24614841
24614988
24615381
24615401
24615590
24615646
24615931
24616213
24616341
24616775
24617284
24617509
24617761
24617920
24618411
24619498
24620043
24620430
24620435
24620603
24620626
24620662
24620668
24620737
24621510
24621586
24621714
24622244
24623059
24623111
24623485
24623683
24623852
24624201
24718908
24719645
24721056
24721174
24721466
24721549
24721642
24721712
24721740
24721795
24721922
24722025
24722118
24722143
24722609
24722899
24723126
24723796
24723976
24724042
24724122
24724382
24724678
24724788
24725007
24725109
24725927
24726011
24726161
24726459
24727178
24727360
24727887
24728336
24728760
24728904
24729431
24729576
24729705
24729941
24730570
24730708
24730984
24731143
24731496
24732249
24732357
24732542
24732781
24733176
24733401
24733751
24734011
24734789
24734847
24734998
24735055
24735327
24735342
24735422
24735440
24736176
24736422
24737125
24737201
24737465
24737786
24848589
24848716
24848857
24848858
24849297
24849481
24850243
24850475
24850815
24851549
24851594
24852249
24853091
24853144
24853212
24853378
24853441
24853749
24853906
24854323
24854575
24855273
24855544
24855669
24855841
24856122
24856736
24856830
24857081
24857236
24857545
24857661
24858194
24858234
24859193
24859208
24859246
24859764
24859767
24859926
24860582
24860868
24861748
24862156
24862524
24862579
24863330
24863733
24864009
24864445
24864773
24865790
24866134
24866369
24866988
24867658
24868630
24868993
24869404
24871582
24872013
24873380
24874222
24875698
24875866
24876075
24879831
24880317
24881485
24881577
24883440
24951601
24951943
24954256
24956362
24957573
24957936
24957937
24958541
24959725
24959844
24960204
24961691
24963981
24964472
24995384
25041934
25042005
25042463
25043162
25043577
25044408
25044436
25044559
25044732
25044936
25045057
25045364
25046263
25046315
25046443
25047254
25047349
25047672
25047962
25048141
25048584
25051422
25051528
25053191
25053912
25054684
25054714
25055808
25057968
25058113
25059765
25099203
25099574
25100348
25103954
25107647
25107651
25109204
25112699
25159067
25161467
25197081
25198523
25202501
25206641
25208072
25209142
25209632
25210535
25213302
25214586
25214648
25214740
25214926
25215701
25216133
25216263
25216535
25218118
25218357
25219901
25220111
25220206
25220613
25220741
25220957
25221013
25221193
25221231
25221572
25222402
25222465
25222764
25223045
25224258
25224668
25225017
25225412
25225914
25226596
25227604
25228063
25229218
25291106
25291156
25291206
25292094
25292273
25292340
25292433
25292904
25293562
25293566
25293832
25293853
25293988
25294235
25295184
25295695
25295702
25295855
25296062
25296134
25296160
25296787
25296799
25296933
25297185
25297984
25298106
25299676
25299795
25299891
25300714
25301063
25301261
25301295
25301505
25301757
25302455
25302536
25302578
25302673
25302921
25303797
25303867
25304208
25304729
25304864
25305574
25305676
25305978
25306474
25306723
25307116
25307168
25307176
25307918
25308578
25308671
25308707
25309635
25309860
25310038
25310083
25310410
25310521
25310551
25310822
25311120
25311196
25311428
25311442
25312190
25312237
25312387
25312870
25313454
25313715
25313938
25313956
25355362
25514572
25515110
25515201
25515542
25515587
25515834
25516693
25517301
25517725
25518241
25518522
25518954
25519007
25519360
25519535
25519587
25520252
25520264
25520397
25520417
25520483
25521097
25521167
25521653
25521893
25522429
25522637
25522760
25523102
25523135
25523498
25523680
25523717
25524107
25524266
25525598
25525858
25526912
25527056
25527221
25527583
25527645
25527990
25528395
25529016
25529108
25529410
25529425
25530094
25530646
25531173
25531425
25531444
25531483
25531757
25532662
25532873
25532873
25533529
25534180
25534865
25535008
25535215
25535220
25535341
25535787
25535917
25536310
25536838
25537268
25538046
25614986
25616554
25619058
25619941
25620922
25622598
25623481
25625349
25629121
25630154
25630802
25631032
25632017
25634067
25634441
25635162
25635856
25639299
25642317
25644298
25652551
25653251
25654046
25658223
25659843
25659992
25661122
25661780
25662322
25664099
25664774
25665003
25665191
25665312
25665331
25666476
25667066
25667228
25667640
25667803
25668259
25671483
25671526
25671957
25672077
25672232
25673191
25673677
25674087
25674494
25804499
25804530
25804612
25804978
25805054
25805210
25805969
25806051
25807328
25808425
25808544
25809148
25809973
25810328
25810499
25810537
25810557
25810644
25810828
25811175
25811388
25811848
25811871
25812043
25812826
25812984
25813509
25815286
25815355
25815822
25816344
25816694
25817438
25817581
25848347
25848879
25883261
25884107
25884750
25885133
25885961
25886084
25886118
25886448
25887071
25887458
25887950
25887969
25888889
25888965
25889011
25889275
25889293
25890458
25890503
25890851
25891055
25891964
25892556
25892714
25892723
25893166
25893638
25896059
25896369
25897800
25898035
25898043
25898916
25899055
25900024
25900162
25920567
25921314
25921324
25921437
25921673
25921850
25922120
25922122
25922160
25925750
25925849
25926851
25926895
25926963
25927092
25927320
25927523
25927733
25927776
25928956
25929120
25929289
25929649
25929797
25930772
25930990
25931007
25932279
25932322
25932644
25932836
25933333
25933505
25934342
25934744
25935091
25935642
25936306
26014858
26021671
26023769
26086492
26087546
26089528
26089897
26097870
26100372
26101125
26103592
26103709
26104650
26118300
26118470
26118542
26118762
26118854
26118881
26118903
26119320
26119342
26119568
26120001
26120114
26120191
26120495
26120675
26121182
26121612
26122473
26122496
26123172
26123252
26125262
26125394
26125580
26126421
26126546
26126966
26127039
26127160
26127661
26128333
26128885
26129080
26129166
26129177
26129662
26129910
26130156
26130193
26130243
26130318
26130755
26130849
26130886
26130972
26131038
26131745
26132043
26132223
26132671
26132778
26133067
26133121
26133900
26133941
26134009
26134570
26135108
26135122
26135245
26135572
26135631
26135682
26135974
26136174
26136331
26136637
26136642
26136794
26136949
26137112
26137230
26137656
26138175
26138258
26138263
26138381
26138513
26138697
26138926
26139314
26139419
26139729
26139828
26139989
26140084
26140254
26140401
26141200
26141307
26141520
26214889
26215050
26215379
26215439
26216558
26217290
26217307
26217784
26218662
26218676
26219339
26219402
26220606
26220636
26222593
26223310
26223524
26224070
26224318
26224330
26224336
26224869
26226438
26226676
26228863
26230857
26231440
26231760
26232962
26314913
26315286
26315725
26316251
26316889
26317211
26317467
26318486
26318561
26319137
26319149
26319507
26319854
26320198
26320285
26320333
26320422
26320610
26320766
26320775
26321041
26321208
26321241
26321579
26321719
26322071
26322614
26322676
26322746
26322757
26322774
26322929
26323010
26323047
26323597
26323783
26323797
26324012
26324720
26324732
26324745
26324867
26325194
26325345
26325898
26326374
26326510
26326619
26326774
26326945
26326950
26327098
26327489
26327527
26327772
26328388
26328556
26328569
26328733
26501996
26502178
26506306
26506614
26506860
26507511
26507615
26509002
26509350
26509615
26510118
26510586
26511444
26511593
26511734
26512347
26512463
26515024
26515252
26515448
26515782
26516113
26516436
26517573
26518627
26518691
26518804
26519496
26520041
26520512
26521166
26521448
26521826
26521952
26523570
26524429
26524822
26524968
26678681
26724950
26726398
26727665
26728043
26728946
26729467
26730372
26732672
26735237
26735635
26737336
26737953
26737983
26738056
26739225
26739871
26741416
26762967
26763905
26764298
26764623
26765160
26765193
26765325
26765771
26766150
26766733
26766957
26767144
26767171
26768274
26768579
26768776
26769087
26769275
26769368
26769743
26770573
26771074
26771216
26771511
26771764
26771822
26771937
26772075
26772545
26772591
26772612
26772906
26773277
26773470
26773701
26774102
26774667
26774758
26774932
26774992
26865467
26865588
26865785
26865786
26865866
26866060
26866130
26866315
26866354
26866582
26866627
26866843
26867029
26867276
26867632
26867810
26867915
26867976
26868317
26868551
26868808
26868830
26869377
26869782
26869902
26870644
26870744
26870888
26870901
26871948
26872041
26872581
26872781
26873012
26873205
26873318
26873406
26873438
26873489
26873988
26873989
26874531
26874980
26875172
26875404
26875799
26875970
26876024
26876085
26876108
26876110
26876233
26877314
26877468
26877592
26877725
26878259
26878530
26878574
26879127
26879730
26929684
26929691
26930487
26930591
26930648
26932586
26932685
26932751
26933131
26933182
26933972
26934587
26934653
26934916
26935461
26935548
26935951
26936616
26937901
26938339
26939608
26939842
26939931
26940126
26940200
26940344
26941135
26941325
26941990
26942357
26942627
26942722
26943592
26943745
26943999
26944483
26945282
26945303
26945412
26946128
26946337
26946398
26946490
26947825
26948249
26949404
26950179
26950308
26951148
26951229
26951692
26951824
27040738
27041237
27041266
27042334
27043091
27043262
27043637
27043911
27044101
27044525
27044537
27045723
27046226
27047548
27048046
27048641
27048893
27049112
27049985
27050087
27050269
27050292
27050816
27050837
27052480
27054323
27055179
27055648
27057877
27058458
27058473
27059494
27059556
27059820
27060233
27060461
27060826
27060884
27061359
27061403
27061453
27061770
27062024
27108656
27181905
27182445
27182751
27182853
27183092
27183291
27183301
27183695
27185476
27185877
27186137
27186341
27186378
27186714
27187325
27187398
27187547
27188672
27188756
27188886
27188913
27189101
27189182
27189279
27189683
27190838
27190871
27191237
27191662
27191707
27192243
27192367
27193000
27193175
27193246
27193366
27193591
27193631
27193897
27193959
27194359
27194609
27194815
27195274
27195774
27196152
27196404
27196435
27196662
27196804
27197592
27197986
27198363
27198634
27198852
27199457
27199748
27200739
27201029
27201255
27201707
27285560
27286936
27287805
27287903
27288147
27288475
27289508
27289566
27289835
27291314
27291791
27292504
27293485
27296213
27296299
27296594
27299370
27300584
27385739
27451785
27452860
27452906
27453101
27453157
27453488
27453521
27453927
27455023
27455125
27455752
27456056
27456466
27457178
27457343
27458038
27458396
27458434
27458475
27458667
27459191
27459870
27459990
27460533
27460683
27460808
27460893
27461325
27461842
27461873
27462374
27463240
27463311
27464164
27465184
27465313
27465545
27465546
27465906
27466811
27467037
27467890
27468028
27468417
27468633
27497439
27498338
27498482
27498913
27499136
27499789
27500026
27501266
27503300
27503746
27504063
27504121
27505595
27505757
27506071
27507102
27507827
27508918
27510712
27511065
27511870
27513561
27514764
27514850
27514864
27514985
27516640
27516713
27516830
27518318
27562520
27563219
27563491
27564075
27564282
27565798
27565848
27566099
27568013
27568074
27568542
27568685
27569430
27569762
27571979
27572839
27574548
27575896
27580441
27581664
27581810
27582851
27589116
27589871
27590971
27592175
27592643
27769385
27769808
27770087
27771005
27772662
27772897
27773981
27774163
27774415
27774484
27774840
27775287
27775330
27775794
27775825
27775963
27776064
27777393
27777626
27777942
27779559
27779982
27780273
27781181
27782226
27782811
27783393
27784438
27785288
27785843
27786081
27787329
27887835
27923064
27925913
27926031
27934624
27943421
27944090
27947553
27948417
27948711
27950966
27951600
27952185
27953725
27953898
27956141
27959080
28063202
28064935
28065306
28066409
28071138
28073706
28077322
28122042
28123263
28124105
28125084
28127952
28129053
28129534
28130188
28131178
28135190
28170482
28170635
28171274
28171718
28171830
28172120
28172424
28172635
28173073
28173414
28173533
28174117
28174149
28175087
28175327
28175331
28175444
28175727
28176549
28176594
28176664
28177506
28178985
28181315
28182256
28182405
28183682
28183834
28183905
28184089
28184966
28252182
28254478
28254702
28255669
28256472
28262592
28263630
28265714
28430263
28432762
28436430
28437541
28437744
28438112
28438120
28438179
28438298
28439347
28439364
28439710
28439864
28439867
28440104
28440138
28440306
28440388
28440518
28440560
28440728
28440738
28441038
28441059
28441092
28441989
28442100
28442401
28442473
28442522
28442681
28442923
28443026
28443239
28443276
28443614
28443887
28444618
28444768
28444844
28445351
28445502
28445586
28445888
28445989
28446140
28446245
28446343
28446491
28446692
28446735
28446807
28446828
28446929
28447152
28447213
28447650
28447988
28448534
28448969
28448971
28449092
28449359
28449408
28449982
28450021
28450123
28450553
28451016
28451104
28451398
28451799
28452339
28452583
28452640
28452705
28453417
28453513
28453581
28453587
28453796
28453929
28454409
28454525
28454877
28456340
28456448
28456464
28456590
28456734
28456803
28456850
28457436
28457797
28457851
28458119
28458361
28458440
28458598
28458815
28459245
28459289
28459420
28459940
28459949
28460231
28460342
28460398
28460504
28460522
28460528
28460624
28491387
28494968
28495011
28495112
28496073
28497205
28530018
28542669
28542929
28543877
28549857
28657537
28657918
28659554
28659598
28659700
28660241
28661977
28662136
28662594
28664288
28665090
28666105
28666169
28666181
28666303
28666696
28668129
28672478
28672659
28672742
28673159
28673752
28678229
28678481
28732044
28732508
28733532
28734273
28734300
28734496
28735709
28735780
28735798
28735969
28736249
28736420
28736532
28736781
28736852
28737185
28738812
28739883
28740798
28741494
28741679
28742650
28742766
28742811
28742828
28744016
28745420
28784001
28785555
28785693
28786790
28787658
28789163
28789956
28791070
28791136
28791173
28791650
28792667
28793039
28793459
28793697
28796678
28878972
28880010
28880585
28880623
28880632
28880708
28881034
28881856
28882965
28883736
28883749
28884569
28885767
28886869
28886872
28887011
28888522
28888655
28888901
28889906
28890058
28890206
28891158
28891481
28893422
28893564
28893857
28895082
28895374
28895601
28895719
28895769
28896009
28896584
28896681
28897467
28898458
28899066
28899469
28899786
28899825
28899977
28900103
28900624
28918444
28918902
28919113
28919314
28920231
28920248
28921390
28922390
28922751
28922773
28923361
28923583
28923597
28924638
28924990
28925087
28925412
28925421
28926673
28927564
28927839
28927882
28928017
28928037
28928089
28928728
28928930
28929070
28929289
28929330
28929492
28929876
28930125
28930163
28930607
28930687
28932940
28933342
28933939
28934937
28935599
28935640
28936038
28936059
28936140
28936516
28936624
28936944
28937112
28937123
28937759
28938226
28938506
28938583
28939679
28940370
29030928
29033028
29033740
29076402
29077316
29077871
29077959
29078829
29078839
29080167
29081281
29082061
29082192
29082393
29082532
29082585
29082617
29083465
29083680
29084165
29084715
29084752
29084995
29086057
29086223
29086326
29086483
29086930
29087001
29087292
29087516
29088180
29088262
29088345
29088816
29089171
29089465
29089536
29089665
29091136
29091165
29091235
29091514
29091686
29092026
29092394
29092449
29094174
29095318
29095414
29095584
29095642
29096314
29096385
29096845
29096896
29096952
29097320
29097776
29098033
29098535
29099036
29156634
29247820
29248135
29248467
29249344
29249525
29249921
29249993
29250130
29250341
29250924
29250992
29251053
29251436
29251971
29251978
29252226
29253708
29253833
29254586
29254947
29255161
29255771
29255816
29256272
29256811
29256890
29257265
29257976
29258010
29258179
29258347
29259399
29259943
29260066
29260113
29260546
29260726
29260933
29261105
29261170
29261458
29261758
29261821
29262545
29262667
29262808
29262839
29263038
29263400
29263525
29263563
29263986
29264189
29264263
29264283
29265024
29265344
29265636
29265908
29266153
29266938
29266990
29267068
29267592
29268661
29268796
29268842
29268861
29268864
29269103
29269681
29269718
29410151
29410424
29414266
29415408
29416444
29418917
29419442
29419960
29444584
29449744
29452610
29453919
29457547
29458838
29493987
29496110
29497550
29498100
29500988
29501663
29504999
29506640
29506962
29507012
29507254
29514830
29632667
29632987
29635896
29636029
29636203
29636265
29636389
29637207
29639032
29640613
29640729
29641039
29641417
29642192
29642515
29642599
29643000
29643217
29643732
29643841
29644006
29644144
29645242
29645341
29645960
29646674
29646989
29647047
29647173
29647685
29648249
29649293
29650060
29650787
29650831
29650963
29651139
29651474
29651701
29651867
29652819
29705681
29705779
29705852
29706122
29706297
29706421
29707262
29707456
29707565
29707619
29708319
29709218
29709357
29709646
29709650
29710147
29710955
29711444
29712123
29713095
29713372
29713725
29713947
29713959
29714203
29714671
29714762
29714986
29715332
29716089
29716166
29716415
29716502
29716507
29716870
29717007
29717173
29717247
29717390
29718005
29718202
29719090
29719396
29719601
29719700
29719882
29720776
29720889
29721164
29721305
29721513
29721533
29721838
29722240
29722936
29722971
29723135
29723315
29823652
29825978
29830496
29830608
29831109
29834477
29836373
29837967
29874694
29874882
29875807
29876052
29876577
29878207
29878564
29880769
29880970
29881198
29881978
29883830
29885955
29886499
29886683
29889203
29889243
29891435
29892526
29892577
29894211
30037314
30037552
30037885
30038048
30038557
30038577
30038841
30038887
30039090
30039444
30040124
30040785
30041315
30041463
30041889
30042105
30042290
30042427
30042502
30042565
30042871
30042875
30042926
30044183
30044371
30044539
30044684
30045081
30045454
30045483
30045501
30045531
30045536
30045546
30045674
30045728
30045783
30046063
30046147
30046215
30046738
30046763
30047342
30047346
30047497
30047803
30047881
30048043
30048081
30048180
30048331
30048479
30048921
30049051
30049184
30050242
30050692
30050884
30050981
30051050
30051081
30051197
30051389
30051591
30051712
30051957
30052021
30052359
30052490
30052518
30052700
30052772
30053076
30053599
30053650
30053934
30053957
30054106
30054300
30054889
30055637
30055711
30055821
30055829
30056438
30056687
30057518
30058204
30058279
30058541
30058548
30059444
30059613
30059806
30059863
30059906
30060052
30060108
30060245
30065880
30066684
30085160
30161440
30162324
30162482
30163909
30165236
30165597
30166055
30166262
30166441
30166654
30166855
30167028
30167051
30167526
30167612
30168596
30169183
30169764
30170576
30171955
30172799
30173378
30173867
30174868
30176298
30176363
30177045
30177595
30177599
30180042
30180498
30180926
30181585
30184127
30184940
30187262
30187298
30187428
30189057
30190457
30191254
30191378
30191884
30358597
30359290
30359728
30359962
30360061
30360211
30360323
30360509
30360833
30360845
30360952
30360975
30361874
30362141
30362465
30362567
30363273
30365158
30365298
30365831
30366085
30366521
30366863
30367522
30367589
30368730
30368814
30368835
30369144
30370020
30370437
30370834
30371099
30371522
30371558
30371651
30371820
30372178
30372819
30372902
30373586
30373711
30373723
30374108
30374848
30374959
30374965
30375555
30375753
30376004
30416933
30419225
30426426
