88153
90613
91516
92742
92912
97708
98945
103608
103819
105131
105406
107380
108672
109101
245656
246022
246499
246606
247604
247713
247790
248248
248603
248838
249100
249454
249510
249560
250047
250112
250556
250576
251208
252243
252683
253385
253417
253732
253740
254203
255288
256091
256630
256849
257204
258695
259226
259570
260452
261657
261660
262141
262419
262598
262629
263594
263688
264098
264279
264704
265034
265215
265347
265724
265966
266311
266320
267011
267426
284146
284164
284826
284970
285029
285340
285873
287317
287499
287638
287724
288068
288095
288322
288488
288567
288669
288737
288962
289189
289706
289758
290459
290584
290715
291208
291540
291616
292197
292515
292875
293035
293495
293662
293695
293994
294056
294256
294456
294699
295362
295513
295529
296084
296254
296757
296928
297199
297918
297932
298121
298243
298540
299190
299410
299911
300267
300528
300572
301018
301097
301137
301247
301441
302409
302684
303279
303427
303534
303586
303896
304027
304194
304235
304408
304631
304904
304953
305165
305286
305531
305691
305920
306029
306168
358338
358772
359428
359528
359560
359612
360308
360394
360540
360660
361253
361427
361600
361624
361929
362137
362492
362724
363104
363225
363483
363952
364969
365413
365525
365548
365681
365820
366098
366303
366373
366822
366917
367071
367848
368072
369090
369279
369385
369615
369940
369964
369992
370106
370139
370151
405206
406647
407560
407965
408973
409551
410572
410708
410909
411907
414431
415726
417317
418274
418760
419011
421306
421560
422013
422816
426733
427821
427997
428074
428125
524278
525082
525144
526951
527124
527554
527914
528223
528308
528610
530568
530672
534490
535749
537941
538467
538656
538793
540090
542037
542329
542380
542877
544489
544872
545169
545328
545365
589592
680884
681093
681693
681873
681902
682038
682390
682470
682692
683456
683482
683544
683663
683785
684291
684761
684838
685383
685548
686195
687205
687513
687883
688224
688275
688526
689057
689526
689895
690352
691153
691946
692402
692553
692787
693344
694138
694218
694443
694449
694627
695221
695541
695666
696489
696852
697219
697228
697268
697442
697820
698596
698774
698813
698874
699743
699807
700284
700299
700374
864538
864650
864774
866112
867839
868171
868271
870011
870364
871979
874370
875950
876328
1009878
1009972
1010050
1010480
1010533
1010628
1010845
1011102
1011180
1011291
1011354
1011445
1012073
1012419
1012609
1012930
1013089
1014436
1014655
1015148
1015256
1015385
1016482
1016603
1016680
1017156
1017196
1017402
1018015
1018073
1018142
1018467
1018487
1019246
1019387
1019762
1019850
1020070
1020342
1020605
1021635
1021827
1022123
1022462
1022812
1022814
1023850
1024353
1024607
1024728
1025048
1025160
1025357
1025577
1025676
1025799
1025832
1025956
1026166
1026478
1026601
1026766
1027309
1027441
1027558
1028465
1028508
1029108
1030712
1039084
1039738
1040953
1042251
1043126
1045490
1045916
1045966
1129615
1142837
1149268
1152113
1152642
1154768
1157190
1193018
1197510
1202710
1202934
1202942
1202958
1203715
1203946
1204181
1204948
1204963
1205144
1205434
1205440
1206018
1206633
1206724
1206794
1206873
1207470
1207657
1207974
1208531
1208614
1208776
1209637
1209742
1210182
1210330
1210559
1210768
1210806
1210899
1210984
1211187
1211366
1211383
1211526
1211607
1211686
1212353
1212980
1213163
1213481
1213654
1214157
1214507
1214707
1214793
1215017
1215124
1215558
1216851
1217011
1217110
1217250
1217523
1217788
1217830
1217879
1217940
1217978
1218547
1218570
1218624
1218636
1263183
1263421
1263754
1263917
1264426
1264446
1264710
1264756
1264959
1265313
1265993
1266654
1267184
1267332
1267758
1267974
1268159
1268296
1268371
1268434
1268740
1268744
1268795
1270052
1270240
1270408
1270553
1270950
1271323
1271352
1271370
1271400
1271405
1271415
1271543
1271597
1271652
1271932
1272016
1272084
1272607
1272632
1273211
1273215
1273366
1273672
1273750
1273912
1273950
1274049
1274200
1274348
1274790
1274920
1275053
1276111
1276561
1276753
1276850
1276919
1276950
1277066
1277258
1277460
1277581
1277826
1277890
1278228
1278359
1278387
1278569
1278641
1278945
1279468
1279519
1279803
1279826
1279975
1280169
1280758
1281506
1281580
1281690
1281698
1282307
1282556
1283387
1284073
1284148
1284410
1284417
1285313
1285482
1285675
1285732
1285775
1285921
1285977
1286114
1374793
1375731
1376124
1376449
1376986
1377019
1377151
1377597
1377976
1378559
1378783
1378970
1378997
1380100
1380405
1380602
1380913
1381101
1381194
1381569
1382399
1382900
1383042
1383337
1383590
1383648
1383763
1383901
1384371
1384417
1384438
1384732
1385103
1385296
1385527
1385928
1386493
1386584
1386758
1386818
1520007
1520078
1520536
1521235
1521650
1522481
1522509
1522632
1522805
1523009
1523130
1523437
1524336
1524388
1524516
1525327
1525422
1525745
1526035
1526214
1526657
1529495
1529601
1531264
1531985
1532757
1532787
1533881
1536041
1536186
1635668
1636120
1636161
1636611
1637021
1637647
1639024
1639277
1639563
1642250
1643172
1643181
1650055
1650064
1651956
1657754
1657974
1752392
1753085
1753523
1753757
1753856
1754006
1754118
1754304
1754628
1754640
1754747
1754770
1755669
1755936
1756260
1756362
1757068
1758953
1759093
1759626
1759880
1760316
1760658
1761317
1761384
1762525
1762609
1762630
1762939
1763815
1764232
1764629
1764894
1765317
1765353
1765446
1765615
1765973
1766614
1766697
1767381
1767506
1767518
1767903
1768643
1768754
1768760
1769350
1769548
1769799
1837432
1837682
1838374
1838506
1838625
1838998
1839305
1842102
1842122
1842253
1842738
1842957
1843313
1843425
1843839
1843939
1844002
1844187
1844256
1844403
1844612
1844797
1845062
1845225
1845681
1846131
1846774
1846785
1846814
1846835
1847021
1847091
1847134
1847299
1847550
1848525
1848833
1848836
1850089
1850344
1850358
1850819
1850932
1851107
1851248
1851515
1851831
1852145
1852153
1852520
1852664
1852765
1852877
1853037
1853072
1853851
1854281
1855502
1855651
1856487
1856661
1857338
1857378
1857702
1857731
1858034
1858134
1858680
1859381
1859560
2052548
2052749
2054899
2054997
2055441
2056120
2056458
2056717
2056805
2056964
2057204
2058320
2059045
2059154
2059197
2060336
2060359
2060587
2061602
2061676
2062348
2062681
2064585
2065319
2065503
2066616
2066801
2067176
2067630
2068116
2068863
2069350
2069739
2070122
2070511
2070863
2070875
2070947
2072388
2072761
2073597
2073649
2075109
2075672
2075713
2193555
2193708
2194347
2194791
2194903
2195193
2195497
2195708
2196146
2196487
2196606
2197190
2197222
2198160
2198400
2198404
2198517
2198800
2199622
2199667
2199737
2200579
2202058
2204388
2205329
2205478
2206755
2206907
2206978
2207162
2208039
2264464
2264922
2265133
2265334
2266251
2266268
2267410
2268410
2268771
2268793
2269381
2269603
2269617
2270658
2271010
2271107
2271432
2271441
2272693
2273584
2273859
2273902
2274037
2274057
2274109
2274748
2274950
2275090
2275309
2275350
2275512
2275896
2276145
2276183
2276627
2276707
2278960
2279362
2279959
2280957
2281619
2281660
2282058
2282079
2282160
2282536
2282644
2282964
2283132
2283143
2283779
2284246
2284526
2284603
2285699
2286390
2365694
2369993
2371680
2376404
2379373
2379625
2379833
2380302
2380470
2380615
2380762
2380809
2381820
2382102
2382135
2382635
2382757
2382771
2382962
2383732
2383937
2384563
2384628
2384864
2385024
2385517
2386063
2387390
2387520
2387705
2387820
2388149
2388710
2389739
2390193
2390901
2390997
2391618
2391715
2391881
2392015
2392288
2392591
2393726
2393804
2394163
2394486
2394696
2395811
2396691
2398478
2402712
2403057
2405974
2408233
2412793
2413185
2414092
2418559
2461177
2461309
2461387
2461589
2461630
2462119
2463067
2463166
2463230
2463443
2463617
2464040
2464122
2464168
2464618
2464728
2464856
2465106
2465171
2465291
2465420
2465512
2465829
2465855
2467249
2467372
2467443
2467495
2468398
2468459
2468540
2468552
2468683
2468702
2468891
2468987
2468987
2469074
2469079
2469494
2469829
2470542
2471692
2471874
2472304
2472333
2472515
2472629
2472710
2472793
2472886
2473254
2473334
2474013
2496350
2496383
2496839
2497985
2499589
2499636
2499643
2500004
2500349
2500689
2500802
2500827
2500926
2501762
2502447
2502668
2502774
2503517
2503628
2504440
2504531
2504589
2504723
2505620
2506464
2506514
2506737
2506858
2507111
2508100
2508644
2509108
2509541
2509542
2509742
2509760
2510004
2510338
2510734
2510860
2510919
2511415
2511929
2512417
2513308
2513342
2513477
2513710
2514336
2514348
2514407
2514728
2515143
2515183
2515241
2515442
2515660
2515970
2516229
2516980
2517571
2517699
2518984
2518997
2519368
2519489
2519522
2708832
2711933
2721401
2722432
2722914
2724516
2725065
2726470
2727792
2728238
2732418
2732722
2756005
2942537
2942549
2942638
2942697
2942916
2942987
2943039
2943203
2943253
2943426
2943709
2943710
2943715
2943773
2943934
2944378
2944558
2944756
2945112
2945239
2945472
2945542
2945810
2945812
2945917
2946002
2946063
2946342
2946777
2947031
2947048
2947080
2947306
2947731
2947820
2948183
2949511
2949887
2949982
2950291
2950844
2951059
2951273
2951605
2951647
2952031
2952336
2952414
2952578
2952605
2953221
2953229
2953260
2953325
2953635
2953770
2953797
2954315
2955610
2955660
2955996
2956067
2956136
2956293
2956327
2956659
2956662
2956778
2956897
2956901
2957198
2957981
2958025
2958228
2958318
2958748
2958804
2958838
2958980
2959029
2959375
2960014
2960451
2960693
2961080
2961402
2961551
2961928
2962037
3001511
3033190
3040096
3044891
3052410
3053470
3054178
3054883
3054920
3055173
3057111
3057134
3057899
3058046
3058085
3059388
3061270
3061855
3061885
3062530
3063218
3064059
3064324
3064335
3158713
3161005
3168206
3232321
3232593
3232688
3232727
3233136
3233156
3233453
3233686
3233692
3233752
3234059
3234221
3234655
3234763
3234918
3235288
3235296
3235985
3236189
3236609
3237185
3237561
3239170
3239285
3239491
3239762
3240103
3240131
3240545
3240896
3241819
3241874
3242331
3242535
3242783
3244173
3244576
3244861
3245195
3245375
3245509
3245635
3245682
3246013
3246036
3246058
3246185
3247503
3247972
3248159
3248240
3248246
3248288
3248367
3248769
3248921
3249137
3249371
3249500
3250112
3250459
3250621
3250874
3251342
3251412
3251728
3252217
3252305
3252480
3252648
3398971
3403387
3404659
3425417
3425435
3426119
3426157
3426364
3426451
3426722
3426810
3427898
3428631
3428675
3428985
3429303
3429333
3429394
3429469
3429581
3429685
3429822
3430188
3430242
3430950
3431195
3431770
3432041
3432237
3432445
3432514
3432778
3432812
3433173
3433263
3433360
3433513
3433526
3433589
3433688
3433870
3434041
3434233
3434495
3434864
3435041
3435549
3435811
3435951
3436191
3436871
3437223
3437287
3437551
3437737
3437816
3437875
3438042
3438152
3438363
3438399
3438411
3438646
3439123
3439246
3439353
3439410
3439603
3439997
3440004
3440255
3440282
3440542
3440946
3440976
3441021
3441250
3441604
3441614
3441831
3441890
3442339
3442396
3442451
3442662
3442741
3442840
3442858
3443352
3443550
3443640
3443853
3444369
3495925
3496055
3496100
3496659
3498350
3498522
3498652
3498764
3498863
3499170
3499365
3499371
3499643
3500292
3500479
3500698
3500930
3501722
3502247
3502446
3502447
3502631
3502910
3503081
3503236
3504458
3506064
3506499
3507022
3507216
3507367
3507582
3507707
3508862
3509570
3509613
3510265
3510600
3510738
3511263
3511506
3511542
3511879
3512328
3512463
3513543
3680726
3680755
3680851
3681000
3681360
3682038
3682185
3682844
3682978
3683013
3683278
3683735
3684112
3684282
3684759
3684957
3685040
3685491
3685909
3686482
3686719
3686734
3686835
3687322
3687325
3687462
3687782
3687819
3688197
3688203
3688366
3688615
3688729
3689395
3689426
3689462
3689874
3689923
3690891
3691196
3691205
3692224
3692967
3693178
3694194
3694834
3695367
3696061
3696196
3696706
3696783
3696807
3697804
3697815
3698513
3699336
3699544
3699784
3699909
3700162
3700401
3700900
3701253
3701264
3701432
3701712
3701834
3701845
3701946
3701960
3702002
3702273
3702669
3702749
3876558
3876773
3877178
3877208
3877479
3878286
3878349
3878765
3879064
3879065
3879508
3879923
3880311
3880358
3880677
3881177
3881300
3882383
3882604
3882737
3883095
3883279
3883290
3883326
3883357
3883639
3884032
3884898
3885754
3885823
3886445
3886612
3887401
3887648
3888008
3888254
3888334
3888381
3888426
3888749
3889230
3889347
3889368
3889473
3889587
3889625
3889816
3889971
3890110
3890288
3890316
3890330
3890550
3891353
3891359
3891462
3891638
3891719
3892243
3892506
3892599
3892970
3893212
3893222
3893845
3894115
3894165
4003858
4008403
4009626
4009772
4010813
4017078
4017833
4018933
4020137
4020605
4124272
4210076
4211151
4211197
4211392
4211448
4211779
4211812
4212218
4213314
4213416
4214043
4214347
4214757
4215469
4215634
4216329
4216687
4216725
4216766
4216958
4217482
4218161
4218281
4218824
4218974
4219099
4219184
4219616
4220133
4220164
4220665
4221531
4221602
4222455
4223475
4223604
4223836
4223837
4224197
4225102
4225328
4226181
4226319
4226708
4226924
4276149
4276613
4277637
4278378
4278405
4278601
4279814
4279885
4279903
4280074
4280354
4280525
4280637
4280886
4280957
4281290
4282917
4283988
4284903
4285599
4285784
4286755
4286871
4286916
4286933
4288121
4289525
4401053
4413432
4417024
4417237
4461830
4461843
4461915
4462033
4462202
4462276
4462327
4462606
4462706
4462960
4463038
4463040
4463064
4463077
4464010
4464013
4464418
4464426
4464558
4464747
4465077
4465201
4465302
4465839
4465892
4465986
4466186
4466720
4466753
4466777
4466814
4467149
4467383
4467426
4467813
4467876
4468285
4468336
4469108
4469169
4469262
4469749
4470071
4470670
4470689
4470744
4470866
4471053
4471074
4471195
4471679
4471754
4472163
4472655
4473168
4473208
4473257
4473534
4474033
4474210
4474279
4475174
4475842
4475974
4476220
4476405
4477010
4477096
4477126
4477522
4477597
4477698
4478060
4478672
4478689
4478755
4478924
4478975
4479045
4479794
4479919
4479966
4479996
4480082
4480146
4480484
4480525
4480594
4480619
4481266
4481956
4482327
4483101
4486707
4490400
4490404
4491957
4495452
4499755
4502051
4502275
4503242
4504045
4510165
4511203
4513287
4575153
4577652
4581320
4632951
4633923
4634286
4634697
4636875
4637306
4638673
4639515
4640991
4641159
4641368
4645124
4645610
4646778
4646870
4648733
4751911
4753503
4753883
4754164
4755470
4757550
4758396
4759592
4761048
4761823
4764176
4767640
4769438
4807889
4822177
4823910
4824043
4824433
4824967
4825596
4826302
4826659
4826991
4829834
4829920
4831486
4832479
4833547
4834008
4834152
4834562
4835151
4835622
4836919
4837171
4837409
4838010
4838252
4839568
4840379
4843171
4844589
4989617
4990154
4990353
4990494
4991341
4991374
4991561
4991771
4992555
4992892
4993215
4993416
4993685
4993750
4994365
4996320
4996842
4996847
4996911
4997097
4997142
4997197
4997691
4997735
4997995
4998593
4998605
4998634
4998726
4999097
4999192
4999368
4999689
4999888
4999953
5001060
5001303
5001395
5001582
5002426
5002457
5002477
5002482
5002728
5002749
5002832
5002917
5002942
5003226
5003693
5003706
5004069
5004173
5004185
5004675
5005183
5005358
5005744
5005805
5005971
5006734
5007058
5007076
5134654
5136139
5138406
5145966
5151747
5154463
5154536
5276164
5281523
5281742
5282161
5282561
5285679
5287693
5288243
5288256
5291761
5292341
5294488
5297833
5316072
5316104
5316329
5316460
5317382
5317655
5320069
5321512
5323330
5324243
5324673
5326298
5326895
5327689
5327768
5328029
5328076
5329863
5334143
5336992
5342947
5362600
5362770
5362842
5363062
5363154
5363181
5363203
5363620
5363642
5363868
5364301
5364414
5364491
5364795
5364975
5365482
5365912
5366773
5366796
5367472
5367552
5369562
5369694
5369880
5370721
5370846
5371266
5371339
5371460
5371961
5372633
5373185
5373380
5373466
5373477
5373962
5374210
5374456
5374493
5374543
5374618
5375055
5375149
5375186
5375272
5375338
5376045
5376343
5376523
5376971
5377078
5377367
5377421
5378200
5378241
5378309
5378870
5379408
5379422
5379545
5379872
5379931
5379982
5380274
5380474
5380631
5380937
5380942
5381094
5381249
5381412
5381530
5381956
5382475
5382558
5382563
5382681
5382813
5382997
5383226
5383614
5383719
5384029
5384128
5384289
5384384
5384554
5384701
5385500
5385607
5385820
5505674
5565489
5565809
5568718
5568851
5569025
5569087
5569211
5570029
5571854
5573435
5573551
5573861
5574239
5575014
5575337
5575421
5575822
5576039
5576554
5576663
5576828
5576966
5578064
5578163
5578782
5579496
5579811
5579869
5579995
5580507
5581071
5582115
5582882
5583609
5583653
5583785
5583961
5584296
5584523
5584689
5585641
5858804
5860252
5861519
5861897
5862800
5863321
5864226
5866526
5869091
5869489
5871190
5871807
5871837
5871910
5873079
5873725
5875270
5917086
5917593
5918931
5919953
5919964
5920074
5920226
5920253
5921155
5921184
5921630
5921966
5922013
5923167
5923221
5923329
5923463
5923547
5923833
5924136
5924855
5925178
5925290
5925353
5925356
5925411
5925547
5925870
5927186
5927716
5928102
5928504
5929423
5930240
5930333
5931080
5932685
5932850
5933509
5933519
5933538
5933589
5934082
6020204
6025385
6026009
6027127
6028175
6029968
6030402
6033108
6081509
6081572
6081997
6082618
6083229
6083303
6083619
6083845
6084285
6084445
6084676
6085250
6085434
6085470
6086543
6086627
6087115
6087304
6087478
6087881
6088145
6088236
6088285
6088415
6088463
6088572
6088772
6088917
6089437
6089556
6089726
6090167
6090251
6090700
6091151
6091398
6091518
6092055
6092528
6092628
6092645
6092855
6093788
6093923
6094178
6094381
6094385
6094562
6094624
6094664
6094710
6094913
6095320
6095527
6095576
6095584
6095672
6095679
6096072
6096293
6096787
6096894
6097034
6097351
6097459
6097722
6098047
6098370
6098716
6098765
6099502
6099635
6099949
6100025
6100048
6100324
6100354
6101251
6101909
6102451
6104228
6104903
6105132
6105320
6105441
6105460
6106605
6107195
6107357
6107769
6107932
6108388
6111612
6111655
6112086
6112206
6112361
6113320
6113806
6114216
6114623
6122692
6130770
6345480
6358131
6358391
6359339
6365319
6516619
6518424
6522839
6524769
6526569
6531124
6533364
6614439
6614760
6615266
6616260
6616576
6617081
6617553
6617904
6618243
6618583
6619088
6619555
6619848
6620653
6620901
6620984
6621741
6621765
6621792
6621812
6622282
6622398
6622493
6622601
6622836
6622974
6624549
6625002
6626398
6626440
6626712
6626770
6626909
6626937
6627116
6627497
6627589
6630357
6657699
6658569
6659532
6662746
6670802
6672238
6673338
6699334
6700257
6700435
6700557
6700825
6701563
6701704
6703514
6705959
6706065
6706279
6706687
6706814
6708002
6708291
6708470
6709842
6710474
6711415
6711436
6711439
6713073
6714792
6853920
6855261
6855424
6855873
6856048
6856175
6856191
6856261
6856352
6856780
6856810
6857335
6857716
6857781
6857853
6858018
6858049
6858222
6858941
6859032
6859224
6859517
6860431
6861069
6861133
6861194
6861440
6861450
6861680
6862020
6862144
6862323
6862386
6863174
6863549
6863674
6863968
6864008
6864188
6864284
6864792
6865271
6865641
6865781
6865950
6866700
6868033
6868283
6868604
6869214
6869841
6870747
6870880
6899052
6902672
6903939
6904372
6945042
6945959
6948003
6948616
6954807
7039590
7041032
7045010
7049150
7050581
7051651
7052141
7053044
7055811
7191648
7191778
7191801
7191922
7193309
7193618
7194103
7195155
7195979
7195996
7196358
7196730
7196776
7196870
7198367
7198961
7199461
7199558
7199810
7200369
7200621
7202416
7202948
7203270
7203644
7203655
7204055
7205444
7205683
7206052
7296686
7297091
7297404
7297611
7297756
7297815
7297892
7297925
7297951
7298215
7298857
7299172
7299233
7299252
7299388
7299425
7299858
7300172
7300514
7301565
7301600
7302197
7302232
7302490
7302872
7302918
7303021
7303127
7303359
7303512
7304157
7304363
7304575
7305170
7305183
7305497
7305543
7305774
7306522
7306617
7306874
7308247
7308540
7309198
7309212
7309819
7310121
7310180
7310264
7310357
7310436
7310751
7310865
7310992
7399655
7402983
7403246
7405214
7408390
7409362
7437014
7439216
7442747
7443340
7445383
7446074
7446205
7446848
7448706
7450499
7451520
7452199
7452977
7453228
7454863
7527184
7529473
7537132
7586904
7700095
7701213
7701671
7701694
7701737
7701741
7702231
7702286
7702318
7702437
7702739
7702781
7702973
7703505
7703625
7704224
7704228
7704355
7704400
7704411
7704441
7704744
7704932
7704959
7705102
7705379
7705408
7705506
7705633
7705773
7706152
7707032
7707075
7707146
7707269
7707316
7707385
7707651
7707955
7708689
7708886
7709420
7709537
7709547
7709876
7710054
7710104
7710636
7710713
7711021
7711250
7711355
7711426
7711479
7711556
7711587
7711614
7711853
7712001
7712005
7712696
7712813
7713264
7713448
7713695
7788669
7789568
7789712
7790143
7790366
7791019
7791256
7792496
7794530
7794976
7795293
7795351
7796825
7796987
7797301
7798332
7799057
7800148
7801942
7802295
7803100
7804791
7805994
7806080
7806094
7806215
7807870
7807943
7808060
7809548
7866794
7867219
7867562
7868015
7868928
7870807
7871987
7872199
7872212
7872707
7873717
7875571
7875885
7876320
7877574
7877834
7878198
7879298
7879416
8018389
8019351
8019650
8020026
8020616
8021484
8021856
8022492
8022608
8023402
8024130
8026296
8028374
8029723
8030139
8030688
8032395
8032898
8049881
8051694
8051924
8052253
8053347
8054013
8054035
8054483
8055037
8057482
8057907
8060210
8137265
8137381
8137400
8138016
8138431
8138862
8138890
8138904
8139158
8139678
8140237
8140262
8140989
8141431
8141699
8142366
8142952
8143229
8143726
8143978
8144144
8144406
8144445
8144576
8146983
8147134
8147801
8149009
8149066
8149363
8150012
8150298
8150551
8263848
8264198
8264321
8264480
8264515
8264809
8265125
8265550
8265766
8265882
8266144
8266309
8266398
8266445
8266510
8266878
8267406
8267841
8268527
8268599
8268875
8268942
8268945
8269131
8269144
8269358
8269586
8269724
8269969
8270184
8270834
8271531
8271925
8272158
8272399
8272757
8272829
8273008
8273782
8274139
8274967
8275482
8275575
8275677
8275841
8276102
8276986
8277176
8277253
8277520
8277692
8277871
8278002
8278245
8278370
8279213
8279315
8279682
8280425
8280680
8280811
8281696
8281706
8282455
8282800
8282859
8283379
8283462
8534126
8534252
8534945
8535153
8535388
8536301
8536362
8537166
8537929
8538335
8538539
8538767
8538861
8539151
8539518
8540427
8540540
8540871
8542563
8542728
8542949
8544193
8544585
8544658
8545157
8545605
8545754
8546885
8546924
8547652
8547689
8548203
8549731
8551565
8551889
8551934
8623375
8623764
8625964
8626648
8626772
8627682
8628389
8630251
8631751
8632482
8633221
8636803
8638076
8640315
8640824
8641020
8642274
8644513
8647205
8651313
8706554
8706910
8707163
8707514
8707547
8708069
8708275
8708324
8709036
8709258
8709396
8710057
8710257
8710681
8710806
8710896
8711126
8711139
8711449
8711527
8711948
8712048
8712396
8712940
8712990
8713041
8714523
8714670
8714789
8714972
8714973
8716682
8716788
8716927
8717975
8718128
8718696
8718928
8718949
8719488
8719919
8720056
8720181
8720311
8720356
8720637
8721021
8721028
8721174
8721284
8721383
8721430
8721437
8721458
8721826
8721899
8721903
8721980
8722619
8722809
8723013
8723095
8723203
8723266
8723776
8723924
8724106
8724204
8724255
8724462
8724605
8724897
8724970
8724986
8725348
8725444
8725797
8725905
8726177
8726439
8949702
8949796
8949923
8950056
8950301
8950535
8952023
8952332
8952507
8952530
8952622
8952944
8953579
8954026
8954299
8954341
8955100
8955381
8957035
8957280
8957366
8958468
8958496
8958538
8958606
8958740
8958856
8959316
8959577
8959968
8960319
8960335
8960789
8960863
8961559
8961644
8961823
8961890
8962107
8962200
8962377
8962857
8963164
8963329
8963511
8963803
8963922
8963975
8964106
8964574
8964614
8964641
8964828
8965405
8966603
8966936
8966939
8967119
8967601
9025614
9043664
9044470
9044675
9044856
9044924
9045491
9045505
9045819
9046005
9046213
9046668
9046867
9046917
9046993
9047217
9047475
9047702
9047970
9048133
9048151
9048194
9048583
9049148
9049274
9049399
9049452
9049515
9050046
9050122
9050172
9050500
9050777
9050795
9050804
9051753
9052353
9053346
9053355
9053531
9053545
9053617
9054061
9054354
9054496
9054738
9055233
9055448
9055711
9055733
9055771
9055952
9056014
9056213
9056352
9056577
9056605
9056736
9057587
9057727
9058180
9058302
9058546
9058736
9058900
9058929
9058945
9059093
9059135
9059384
9059426
9059511
9059794
9059977
9060076
9060140
9060206
9256778
9256860
9256893
9257262
9257295
9257862
9260146
9260310
9260408
9260679
9260721
9260937
9261081
9261243
9263465
9264307
9264579
9264928
9265448
9265748
9265818
9266504
9266867
9267488
9267953
9268016
9268749
9269975
9270379
9270390
9270710
9271166
9271197
9271775
9272140
9272603
9272795
9273063
9273463
9273687
9273801
9274038
9274085
9274127
9275226
9276136
9276251
9276496
9276667
9277043
9427624
9429057
9430351
9430663
9431831
9432726
9432845
9435690
9435759
9436659
9437095
9437377
9437481
9437739
9437818
9438321
9438651
9439358
9439537
9439864
9440044
9440736
9441122
9441156
9442412
9442703
9443142
9443645
9446028
9447256
9447951
9447983
9469637
9471403
9711866
9772184
9773738
9773876
9774973
9775841
9777346
9778139
9779253
9779319
9779356
9779833
9780850
9781222
9781642
9781880
9784861
10136909
10138456
10138530
10138541
10139366
10139529
10139789
10139906
10140079
10140765
10141164
10141260
10141363
10142750
10143342
10143378
10143495
10144173
10144271
10144365
10145261
10145963
10145987
10146170
10146656
10147899
10148906
10149289
10149844
10150025
10150162
10150451
10150495
10150943
10151641
10151905
10151991
10152278
10152302
10152540
10152797
10153207
10153640
10154264
10154467
10154881
10154903
10155327
10155390
10155590
10156032
10156610
10156733
10157126
10158038
10158207
10158250
10158322
10158477
10158672
10158686
10158703
10159028
10159232
10159677
10159811
10160193
10160992
10161247
10161476
10161501
10161509
10161542
10161708
10161709
10161737
10161804
10162013
10162036
10162633
10162727
10162882
10163060
10163143
10163327
10163446
10164461
10164889
10164917
10165272
10165824
10165889
10166224
10166696
10167655
10167845
10167882
10541260
10541429
10541943
10542683
10543496
10543692
10543747
10544070
10544094
10544355
10544577
10544749
10544861
10545210
10545632
10546230
10546618
10546735
10546933
10548256
10548396
10548589
10548771
10548971
10549079
10549268
10549435
10550151
10550419
10550502
10550688
10551042
10551313
10551821
10551938
10551958
10552436
10552523
10553287
10553705
10554381
10554388
10554718
10554722
10555008
10555464
10555944
10556114
10556373
10556751
10557321
10557730
10557969
10558002
10558342
10558407
10558480
10558928
10559106
10559109
10559317
10559987
10651864
10656970
10657005
10658762
10759189
10760311
10760557
10761134
10761268
10761730
10765390
10766162
10768038
10772129
10773368
10774115
10774125
10774238
10774474
10774651
10774921
10774923
10774961
10778551
10778650
10779652
10779696
10779764
10779893
10780121
10780324
10780534
10780577
10781757
10781921
10782090
10782450
10782598
10783573
10783791
10783808
10785080
10785123
10785445
10785637
10786134
10786306
10787143
10787545
10787892
10788443
10789107
10828281
10829612
10829744
10829792
10830476
10830996
10831545
10831659
10832551
10832647
10833314
10834409
10834485
10834604
10834836
10835400
10835626
10835798
10835868
10835978
10836131
10836236
10836626
10836630
10837175
10837319
10837686
10837926
10838713
10838738
10839101
10839120
10839529
10839830
10840137
10840349
10840896
10840915
10841136
10841171
10842244
10842260
10842265
10842598
10842714
10843183
10843226
10843227
10843345
10843413
10843908
10844300
10844471
10845020
10845311
10845331
10845409
10845974
10845975
10846311
10846567
10846614
10846782
10847171
10847758
10848027
10848100
10848547
10848812
10848985
10848988
10849008
10849182
10849245
10849374
10849492
10850142
11085244
11085532
11087038
11087496
11088316
11089555
11090275
11091487
11093012
11093026
11094151
11095038
11096114
11096461
11098441
11098728
11102237
11102863
11102944
11103293
11243004
11243194
11243824
11244170
11244631
11244856
11245240
11245972
11245975
11246141
11246231
11246322
11246933
11247371
11248058
11249054
11250407
11250653
11250749
11250765
11251066
11251137
11252505
11252841
11252913
11253333
11253781
11253872
11254116
11254340
11254769
11254899
11255485
11255800
11260034
11261757
11262769
11263520
11265534
11266291
11266612
11266879
11267981
11268452
11268566
11269105
11271001
11272243
11274397
11277440
11278561
11441362
11441586
11442168
11442493
11442497
11442766
11442929
11443144
11443296
11443540
11443968
11444049
11444327
11444336
11444604
11444960
11446133
11446779
11446791
11446807
11447024
11447072
11447548
11447660
11447780
11448039
11448493
11449462
11450711
11450718
11451228
11451272
11451425
11451432
11451551
11451870
11452979
11453041
11453538
11453901
11454087
11454620
11454653
11454782
11454859
11455044
11455387
11455658
11471022
11472468
11542673
11543329
11545317
11545363
11547980
11548265
11548452
11549058
11549131
11549896
11550503
11555534
11751484
11755819
11755976
11765759
11766074
11766406
11767283
11767464
11767860
11767932
11768069
11768280
11768863
11768931
11768992
11769375
11769910
11769917
11770165
11771647
11771772
11772525
11772886
11773100
11773710
11773755
11774211
11774750
11774829
11775204
11775915
11775949
11776118
11776286
11777338
11777882
11778005
11778052
11778485
11778665
11778872
11779044
11779109
11779397
11779697
11779760
11780484
11780606
11780747
11780778
11780977
11781339
11781464
11781502
11781925
11782128
11782202
11782222
11782963
11783283
11783575
11783847
11784092
11784877
11784929
11785007
11785531
11786600
11786735
11786781
11786800
11786803
11787042
11787620
11787657
11902141
11903225
11904417
11904464
11905561
11906404
11907033
11907368
11907617
11907685
11907948
11908175
11908255
11908486
11909063
11909107
11910859
11911001
11911120
11911567
11911714
11912438
11912704
11912728
11912997
11913558
11913576
11913861
11913886
11914127
11914453
11914675
11914748
11914768
11914935
11914990
11915329
11916399
11916733
11916787
11917598
11917814
11917835
11917866
11918006
11918192
11918490
11919274
11919307
11919360
11919445
11919461
11920171
11920283
11921596
11921773
11922917
11923939
11926374
11926605
11927740
11928202
11929340
11931039
11931331
11931897
11934851
12021635
12442134
12443510
12444379
12444477
12444721
12445049
12446082
12446140
12446409
12447888
12448365
12449078
12450059
12452787
12452873
12453168
12455944
12457158
12635978
12636842
12637136
12639391
12640025
12640610
12642150
12642323
12644566
12647505
12695880
12696454
12696481
12696732
12696757
12697292
12697692
12697829
12698087
12698204
12698669
12698827
12698915
12698938
12699152
12699748
12699868
12700347
12700707
12700848
12701100
12701532
12701578
12701702
12701787
12702009
12702081
12702094
12702611
12703750
12704474
12704708
12704889
12705254
12705304
12705666
12705789
12706259
12706291
12706602
12706776
12706843
12706902
12706953
12707054
12707321
12707493
12707533
12708069
12709085
12709441
12710465
12710470
12710998
12711248
12711603
12712349
12714610
12715218
12715410
12717671
12720343
12720668
12724050
12724319
12724794
12725558
12726434
12730076
12730363
12730968
12735274
12737740
12738866
12739359
12740052
12742331
12887605
12887615
12888090
12888112
12888738
12889008
12889104
12889844
12890268
12890588
12890715
12890795
12890934
12891446
12892030
12892067
12892423
12892570
12892695
12893185
12893275
12893324
12893394
12893509
12893630
12893829
12893845
12894336
12894681
12894749
12894755
12894774
12894894
12894932
12894990
12895521
12895918
12895929
12896041
12896325
12896555
12896696
12896781
12896879
12896927
12897054
12897440
12898300
12898346
12898388
12899769
12900206
12900444
12900558
12900570
12900715
12900917
12900994
12901089
12901341
12901473
12902228
12902291
12902302
12902483
12902791
12903258
12903495
12903733
12904041
12904236
12904287
12904404
12904496
12905579
12905751
12905967
12906014
13172627
13173037
13173297
13173405
13174400
13174441
13174518
13174720
13176196
13176342
13176532
13176848
13176904
13177135
13177568
13177870
13178164
13178213
13178360
13178753
13178773
13178962
13179018
13179303
13179585
13179713
13180147
13180656
13180881
13181133
13181292
13181783
13182870
13183415
13183802
13183807
13183975
13183998
13184034
13184040
13184109
13184882
13184958
13185086
13185616
13186431
13186483
13186857
13187055
13187224
13187573
13236650
13236698
13236781
13236937
13237211
13237324
13237673
13237951
13237986
13238251
13238418
13238520
13238686
13239161
13239181
13239716
13240059
13240272
13241013
13241024
13241038
13241289
13241421
13241853
13241966
13242047
13242132
13242487
13242732
13242751
13243031
13243155
13243565
13243575
13243639
13243885
13244101
13244147
13244666
13244702
13244945
13245275
13245279
13245342
13245433
13245438
13245720
13246039
13246271
13246536
13246723
13246837
13247101
13247134
13248139
13248225
13248426
13248562
13248582
13248651
13248950
13249192
13249410
13249497
13249543
13249959
13249973
13250045
13250299
13250531
13251003
13251697
13251920
13252429
13252884
13252898
13252931
13252950
13252989
13253221
13253224
13253382
13253462
13253508
13253543
13253722
13254232
13254404
13254546
13254724
13254841
13254942
13255026
13255151
13255155
13255535
13255993
13256784
13256875
13256927
13256994
13257168
13607772
13608215
13609200
13611596
13614975
13615435
13616407
13616899
13617998
13618994
13620393
13620487
13621293
13621705
13621900
13622237
13622404
13622675
13622878
13623157
13623278
13623311
13623707
13624258
13624341
13624885
13624894
13625045
13625563
13625623
13625956
13626238
13626320
13626596
13626826
13627061
13627350
13627546
13627724
13628196
13628314
13628534
13628694
13628885
13628940
13628959
13628984
13629022
13629039
13629480
13629499
13629733
13629958
13629970
13631305
13631383
13631519
13631867
13632158
13632308
13632354
13632555
13633035
13636841
13643423
13646560
13655286
13657409
13658849
13659399
13662287
13662962
13666298
13667939
13668261
13668311
13668553
13676129
13687004
13687949
13692308
13694720
13696225
13696246
13696569
13696849
13697021
13697478
13698050
13698762
13699035
13699380
13699578
13699588
13700068
13701018
13701030
13701211
13701348
13701630
13701674
13701914
13702221
13702639
13703789
13704434
13704581
13704675
13705310
13706645
13706799
13707002
13707091
13707311
13707877
13727102
13727405
13727437
13727941
13728188
13728254
13728263
13728718
13728782
13728859
13729142
13729223
13729812
13729821
13730139
13730270
13730959
13731232
13731684
13731826
13731914
13731977
13733641
13733668
13733830
13733861
13734037
13735014
13735288
13735408
13736448
13736484
13736515
13737366
13737658
13737703
13737764
13738171
13738278
13739147
13741155
13741212
13741737
13742180
13742262
13742264
13742374
13743082
13743111
13743113
13743447
13743967
13744665
13745248
13745295
13745428
13745817
13745942
13747368
13747512
13747626
13747807
13747811
13747839
13748594
13748655
13748783
13748790
13749082
13749163
13749272
13749304
13749797
13749958
13750002
13750071
13750087
13750584
13750716
13750861
13751585
13751626
13751725
13751866
13752122
13752273
13752344
13752682
13752749
13752835
13753020
13753372
13753479
13753819
13754345
13754481
13754838
13755337
13755366
13756434
13757191
13757362
13757737
13758011
13758201
13758625
13758637
13759823
13760326
13761648
13762146
13762741
13762993
13763212
13764085
13764187
13764369
13764392
13764916
13764937
13766580
13768423
13769279
13769748
13771977
13772558
13772573
13773594
13773656
13773920
13774333
13774561
13774926
13774984
13775459
13775503
13775553
13775870
13776124
13921130
13921867
13923278
13923396
13923688
13923771
13923864
13923934
13923962
13924017
13924144
13924247
13924340
13924365
13924831
13925121
13925348
13926018
13926198
13926264
13926344
13926604
13926900
13927010
13927229
13927331
13928149
13928233
13928383
13928681
13929400
13929582
13930109
13930558
13930982
13931126
13931653
13931798
13931927
13932163
13932792
13932930
13933206
13933365
13933718
13934471
13934579
13934764
13935003
13935398
13935623
13935973
13936233
13937011
13937069
13937220
13937277
13937549
13937564
13937644
13937662
13938398
13938644
13939347
13939423
13939687
13940008
13968092
13968634
13969102
13969630
13969861
13970339
13970568
13970814
13971216
13972123
13972484
13972988
13973517
13973744
13973990
13974243
13974839
13974869
13975512
13975888
13975906
13976482
13976596
13976842
13977066
13977244
13978130
13978146
13978298
13978370
13978380
13978573
13979665
13980137
13980153
13980453
13981140
13981370
13981564
13982162
13982196
13982533
13982768
13983403
13983417
13983600
13983821
13985859
13985974
13985992
13986993
13987314
13988054
13988110
14047135
14047217
14047614
14048438
14048444
14049166
14049171
14049284
14049358
14049598
14049667
14049851
14050286
14050680
14051075
14051450
14051469
14051538
14051659
14051725
14052415
14053322
14053439
14053483
14054193
14054227
14054353
14054927
14054986
14055092
14055487
14055696
14057088
14057160
14057381
14057798
14058129
14058577
14058658
14059148
14059381
14059611
14059698
14059733
14059886
14060529
14061335
14061472
14062467
14062540
14062978
14063512
14063870
14063887
14064335
14064513
14064543
14065770
14065881
14066216
14066367
14066540
14066758
14066848
14067557
14067993
14068067
14068518
14068640
14068794
14068901
14069074
14069162
14069889
14069935
14070741
14071066
14071394
14071613
14072131
14072487
14072906
14073048
14073068
14073494
14074611
14074624
14075195
14075296
14075416
14075933
14077291
14078345
14078363
14078753
14079025
14079131
14079363
14079916
14079973
14080149
14080463
14080514
14080780
14080883
14081010
14081590
14081772
14081821
14082210
14082601
14083378
14124357
14125056
14125328
14125912
14126119
14127635
14127685
14127936
14129850
14129911
14130379
14130522
14131267
14131599
14133816
14134676
14136385
14156753
14156813
14156932
14157378
14157667
14157844
14158269
14158342
14158506
14158702
14158723
14158799
14159109
14159392
14159449
14159808
14159910
14160324
14160414
14161260
14161450
14161602
14161614
14161750
14162174
14162255
14162357
14162548
14163348
14163412
14163609
14163967
14164021
14164095
14164167
14164325
14164567
14164613
14164691
14164707
14165043
14165644
14165825
14165884
14165924
14166949
14167017
14167073
14167124
14167992
14168123
14168199
14168296
14168487
14168652
14169684
14170221
14170504
14170759
14170770
14171269
14171899
14171905
14172101
14173132
14173629
14174062
14174315
14174539
14174587
14174877
14175384
14175844
14176261
14176263
14176311
14176401
14176487
14176574
14176728
14176799
14196775
14197602
14200388
14205669
14206733
14209960
14212080
14212417
14212849
14216874
14337834
14337896
14337988
14338174
14338949
14339381
14339511
14339783
14341366
14341605
14343149
14343359
14343454
14343861
14343989
14344205
14344261
14344441
14344479
14344820
14345650
14345713
14346012
14346293
14347506
14347916
14348265
14348660
14349162
14349844
14350852
14351311
14352466
14378751
14385023
14385101
14385654
14423200
14423231
14423313
14423679
14423755
14423911
14424670
14424752
14426029
14427126
14427245
14427849
14428674
14429029
14429200
14429238
14429258
14429345
14429529
14429876
14430089
14430549
14430572
14430744
14431527
14431685
14432210
14433987
14434056
14434523
14435045
14435395
14436139
14436282
14467445
14467648
14468016
14468024
14468083
14468202
14469251
14469268
14469614
14469768
14469771
14470008
14470042
14470210
14470292
14470422
14470464
14470632
14470642
14470942
14470963
14470996
14471893
14472004
14472305
14472377
14472426
14472585
14472827
14472930
14473143
14473180
14473518
14473791
14474522
14474672
14474748
14475255
14475406
14475490
14475792
14475893
14476044
14476149
14476247
14476395
14476596
14476639
14476711
14476732
14476833
14477056
14477117
14477554
14477892
14478438
14478873
14478875
14478996
14479263
14479312
14479886
14479925
14480027
14480457
14480920
14481008
14481302
14481703
14482243
14482487
14482544
14482609
14483321
14483417
14483485
14483491
14483700
14483833
14484313
14484429
14484781
14486244
14486352
14486368
14486494
14486638
14486707
14486754
14487340
14487701
14487755
14488023
14488265
14488344
14488502
14488719
14489149
14489193
14489324
14489844
14489853
14490135
14490246
14490302
14490408
14490426
14490432
14490528
14552511
14552671
14552918
14552964
14553055
14553267
14553737
14554217
14554749
14554883
14554975
14554986
14555003
14555879
14555906
14555940
14556192
14556335
14556600
14557292
14557412
14557441
14557595
14557829
14557963
14558224
14558338
14558810
14559285
14559395
14559591
14559983
14561069
14561228
14561562
14561842
14562078
14562292
14562323
14562618
14562655
14562936
14563669
14563812
14563981
14564032
14564091
14564206
14564563
14564637
14564734
14564936
14565520
14565694
14565751
14566010
14566363
14566381
14566383
14566815
14566956
14607098
14607428
14607564
14607735
14608713
14608935
14608997
14609559
14610056
14610704
14610987
14611483
14611529
14612205
14612290
14612323
14612932
14613318
14614026
14614356
14615126
14615857
14616025
14617093
14617399
14617629
14618454
14618929
14618962
14619139
14619158
14619372
14619592
14619979
14620285
14620593
14620623
14620925
14621714
14622209
14622283
14622563
14622677
14623192
14624525
14624765
14624768
14624807
14624969
14625204
14625269
14625417
14625674
14626432
14626583
14626760
14626792
14626898
14626927
14627210
14627745
14628679
14629008
14629644
14629711
14629901
14629924
14630100
14630251
14630269
14630335
14630355
14630499
14630544
14630857
14631377
14631498
14631608
14632157
14632467
14632755
14633012
14633361
14633415
14633922
14633985
14634115
14634710
14635338
14636385
14636794
14637237
14637458
14637638
14637912
14638907
14638971
14638977
14639356
14640241
14640411
14640742
14640753
14640817
14640867
14641034
14641107
14641195
14641271
14641356
14641385
14641551
14642370
14642460
14642594
14642776
14642939
14643063
14643070
14643279
14643304
14643491
14643583
14643809
14644193
14644222
14644264
14644723
14645007
14645696
14646341
14646435
14647190
14647324
14647797
14648130
14648239
14648256
14648349
14648558
14648621
14648955
14649260
14649265
14649590
14650119
14651318
14651401
14651451
14651820
14652266
14653020
14653496
14653870
14654113
14654303
14654989
14655003
14655099
14655206
14655287
14655914
14656169
14657371
14671391
14671772
14673408
14673452
14673554
14674095
14675831
14675990
14676448
14678142
14678944
14679959
14680023
14680035
14680157
14680550
14681983
14686332
14686513
14686596
14687013
14687606
14692083
14692335
14759864
14760291
14760746
14760751
14761585
14763138
14765610
14768536
14770107
14770253
14772269
14773569
14853642
14968152
14968250
14968323
14968593
14968768
14968892
14969733
14969927
14970036
14970090
14970790
14971689
14971828
14972117
14972121
14972618
14973426
14973915
14974594
14975566
14975843
14976196
14976418
14976430
14976674
14977142
14977233
14977457
14977803
14978560
14978637
14978886
14978973
14978978
14979341
14979478
14979644
14979718
14979861
14980476
14980673
14981561
14981867
14982072
14982171
14982353
14983247
14983360
14983635
14983776
14983984
14984004
14984309
14984711
14985407
14985442
14985606
14985786
14986388
14986715
14986903
14988477
14988763
14988940
14989007
14989012
14989150
14989706
14989764
14989887
14989945
14991276
14991494
14992753
14992910
14993236
14993339
14993359
14993681
14994188
14994927
14995090
14995187
14996289
14996634
14997237
14997297
14997389
14997622
14998193
14998349
14998380
14998397
14998403
14999261
15000160
15001675
15002612
15003450
15003584
15003704
15003721
15003768
15004153
15004710
15009943
15010417
15012533
15014201
15014222
15016312
15016523
15016703
15016813
15017089
15017191
15017497
15017683
15017730
15017804
15017826
15017886
15017968
15018009
15018415
15018798
15018981
15019196
15019864
15019910
15020126
15020335
15020470
15020822
15020955
15022338
15023129
15023633
15023826
15024676
15025178
15026406
15026576
15026597
15026848
15026858
15028235
15028241
15028261
15028360
15028384
15028491
15028634
15028989
15029080
15029388
15029409
15029516
15029598
15029987
15030184
15030276
15030289
15030791
15031317
15031990
15032382
15032597
15033256
15033842
15034121
15034245
15034443
15034586
15034608
15034785
15034862
15114453
15114480
15114960
15115234
15116377
15117055
15117221
15118534
15118658
15118842
15118886
15119270
15119615
15120153
15120440
15120549
15120785
15120847
15121304
15121708
15121824
15121892
15122408
15122491
15122857
15124066
15124349
15124466
15124725
15124847
15125648
15125669
15125761
15126089
15126355
15126403
15126534
15126641
15126801
15127217
15127404
15127570
15127647
15128190
15128374
15128676
15128825
15131476
15133802
15138320
15138432
15138933
15142301
15144197
15145791
15148490
15148863
15149302
15149828
15150466
15150788
15151044
15152063
15152138
15152714
15152726
15153084
15153431
15153775
15153862
15153910
15153999
15154187
15154343
15154352
15154618
15154785
15154818
15155156
15155296
15155648
15156191
15156253
15156323
15156334
15156351
15156506
15156587
15156624
15157174
15157360
15157374
15157589
15158297
15158309
15158322
15158444
15158771
15158922
15159475
15159951
15160087
15160196
15160351
15160522
15160527
15160675
15161066
15161104
15161349
15161965
15162133
15162146
15162310
15163070
15163466
15164307
15168409
15168690
15168983
15169310
15169841
15172825
15173303
15173433
15174887
15176406
15178401
15180234
15182764
15183957
15248825
15249167
15251480
15253586
15254797
15255160
15255161
15255765
15256949
15257068
15257428
15258915
15261205
15261696
15284772
15284781
15284787
15284837
15284967
15285050
15285218
15285316
15285811
15286027
15288480
15289317
15291115
15291307
15291625
15291787
15291877
15291907
15291924
15292661
15292856
15293105
15293222
15293408
15293742
15294874
15295246
15295896
15295912
15296155
15296453
15296720
15297093
15297148
15297378
15298507
15298606
15298681
15365615
15418514
15418971
15418999
15419583
15420396
15421498
15421920
15422520
15423714
15424380
15424398
15424413
15424627
15425015
15425774
15426034
15426304
15426382
15426679
15427095
15427190
15427337
15427727
15427743
15427774
15428370
15428504
15428646
15428736
15428837
15428911
15429322
15429424
15430108
15430893
15453114
15453547
15453968
15454623
15454738
15454804
15455319
15455817
15456054
15456061
15456126
15456768
15456784
15456808
15456874
15457016
15457237
15457787
15458010
15458077
15458176
15458794
15459153
15459571
15459806
15459900
15460050
15460409
15460671
15460747
15461428
15461743
15461758
15462789
15462976
15463044
15463673
15463724
15463761
15463995
15464009
15464340
15464878
15465935
15465943
15466476
15467015
15467027
15468634
15468758
15468910
15469036
15469131
15469364
15470088
15471615
15471629
15472271
15472281
15472372
15472679
15472844
15473486
15491159
15511513
15512567
15514549
15514918
15522891
15525393
15526146
15528613
15528730
15529671
15603221
15635612
15635776
15635851
15636971
15637148
15637225
15637423
15637653
15638037
15638073
15638275
15638392
15638504
15638612
15638797
15639362
15639508
15639943
15639957
15640162
15640377
15640397
15640559
15640873
15641022
15641293
15641345
15641470
15641732
15641771
15641801
15642024
15642293
15642575
15642938
15642987
15643016
15643111
15643476
15644068
15644184
15644445
15645224
15645638
15645711
15645936
15646071
15646151
15647429
15647472
15647528
15647638
15647648
15647777
15647804
15647993
15648021
15648069
15648252
15648264
15648475
15649247
15649272
15649685
15650183
15650692
15651310
15651377
15651611
15669050
15669162
15670005
15670104
15670755
15671692
15672158
15672936
15673584
15673710
15673851
15673995
15674464
15674790
15675258
15676243
15676624
15676793
15676845
15676940
15677184
15677564
15677654
15677801
15677815
15678227
15679080
15679223
15679458
15680081
15680443
15680902
15681018
15681047
15681099
15681412
15681639
15682087
15682353
15682755
15682821
15682871
15683238
15683582
15683889
15683924
15684040
15684176
15684347
15684584
15684637
15684913
15685456
15685790
15716355
15717020
15717128
15718970
15719567
15719634
15719790
15720136
15720242
15721260
15721357
15721854
15722131
15722791
15723479
15723865
15724637
15725025
15725090
15725317
15725492
15725705
15725762
15726173
15726390
15726404
15726630
15726685
15727311
15727560
15727999
15728007
15728140
15728432
15728550
15728892
15729136
15729563
15730262
15730349
15730637
15730662
15730733
15730734
15730735
15731623
15731930
15731973
15732130
15732888
15733126
15788488
15788761
15795909
15797409
15799722
15799777
15803081
15803144
15804900
15852096
15853010
15853565
15853653
15854523
15854533
15855861
15856975
15857755
15857886
15858087
15858226
15858279
15858311
15859159
15859374
15859859
15860409
15860446
15860689
15861751
15861917
15862020
15862177
15862624
15862695
15862986
15863210
15863874
15863956
15864039
15864510
15864865
15865159
15865230
15865359
15866830
15866859
15866929
15867208
15867380
15867720
15868088
15868143
15869868
15871012
15871108
15871278
15871336
15872008
15872079
15872539
15872590
15872646
15873014
15873470
15873727
15874229
15874730
15875631
15880791
15883657
15884966
15888594
15889885
15933445
15933758
15933828
15934071
15934751
15934849
15935167
15935309
15935556
15936106
15936311
15936840
15936890
15937102
15937162
15937398
15937877
15939238
15940202
15940641
15940663
15940807
15941142
15941244
15942062
15942292
15942406
15942442
15943193
15944225
15944967
15944982
15946182
15947140
15947623
15947778
15947789
15947929
15948387
15948975
15949982
15950621
15951029
15951802
15952811
15953379
15953506
15953955
15954159
15954171
15954518
15955796
15955843
15955973
15956579
15957415
15959137
15959148
15960282
15960347
15960412
15960909
15961078
15961443
15961724
15961899
15962242
15962465
15962775
15962947
15963251
15963982
15965050
15966029
15966629
15967267
15968352
15969671
15969777
15969848
15970017
15970647
15971616
15972288
15972386
15973386
15973606
15974005
15975372
15977060
15977267
15980624
15984450
15985081
15985134
15985461
15985780
15985980
15986157
15986426
15986800
15990294
15990433
15991510
15992209
15993071
16043421
16044468
16046221
16046383
16047696
16050961
16053568
16054389
16055742
16087778
16088342
16088503
16089430
16089609
16089920
16090262
16090549
16090696
16093392
16093923
16094361
16094638
16095861
16096368
16096369
16096379
16096636
16097259
16097576
16097580
16098680
16099976
16100204
16100393
16101302
16101423
16101799
16102427
16102946
16103020
16103736
16104055
16104272
16104316
16104487
16105600
16105787
16105791
16106000
16106414
16106511
16106780
16107141
16107502
16107863
16107952
16108317
16109127
16109475
16109599
16110028
16110948
16111415
16126387
16127421
16128344
16128853
16128943
16130008
16131298
16132128
16136372
16138680
16140627
16140988
16141515
16143767
16158665
16159496
16159703
16159993
16160293
16160541
16160824
16161732
16161866
16161876
16162041
16162079
16162105
16162255
16162569
16163171
16163507
16163817
16164160
16164560
16165156
16165412
16165556
16165582
16165641
16165685
16166134
16166547
16166600
16166664
16166908
16167235
16167316
16167470
16167615
16167642
16167731
16167827
16168156
16168209
16168483
16168493
16168693
16168944
16170082
16170131
16170437
16170462
16170531
16170642
16170722
16171028
16171245
16171300
16171483
16171798
16171889
16171999
16172410
16172493
16172560
16172599
16172649
16173133
16173643
16267088
16267239
16267442
16267495
16267890
16267958
16268088
16268186
16268669
16268988
16269293
16269332
16269663
16270848
16271966
16272152
16272219
16272372
16272377
16273821
16273885
16274062
16274526
16274670
16275627
16275815
16275820
16276140
16276482
16276732
16276822
16277105
16277699
16277757
16278510
16278611
16278754
16279145
16279462
16279490
16279586
16280033
16280185
16280198
16280518
16280654
16280698
16280969
16281028
16281546
16281979
16282123
16282828
16283344
16283369
16283457
16283563
16284409
16284641
16284759
16378723
16379802
16380304
16380675
16380824
16381766
16381778
16382080
16382630
16383418
16383657
16384333
16384522
16385045
16385730
16385730
16385786
16386211
16386623
16387213
16387287
16387332
16387765
16388334
16388663
16388879
16388959
16389175
16389289
16389677
16389677
16389833
16389942
16390238
16390851
16391224
16391677
16391820
16391823
16392131
16392541
16392609
16392679
16392888
16393311
16393630
16393946
16394323
16394554
16395088
16395310
16395729
16395885
16395926
16395942
16395976
16396462
16396527
16396579
16397324
16397937
16398177
16398292
16398373
16398413
16398507
16399105
16399672
16399864
16451166
16452012
16453644
16455052
16457088
16458363
16459332
16460337
16461337
16461421
16462457
16463170
16464627
16464641
16465365
16466340
16467357
16467526
16467659
16468270
16468274
16468313
16468844
16468863
16468925
16469203
16469245
16469496
16469865
16470353
16470379
16470534
16470539
16470904
16471099
16471133
16471136
16471303
16471469
16471506
16471653
16471921
16472017
16472168
16472205
16472304
16472334
16472623
16472783
16473184
16473231
16473361
16473766
16474168
16474357
16474359
16474622
16474806
16475316
16475323
16475402
16475431
16475464
16475500
16476035
16476266
16476331
16476632
16476766
16476880
16477805
16478560
16478673
16478678
16478832
16479291
16479309
16479408
16479440
16479510
16480060
16480198
16480264
16480522
16480834
16480993
16481017
16481141
16481218
16481220
16481242
16481800
16481930
16481997
16482119
16482184
16482203
16482300
16482378
16482577
16482903
16483311
16483654
16483665
16483878
16484560
16484748
16485191
16485281
16485510
16485542
16486019
16486300
16486375
16486481
16486734
16486876
16487314
16487705
16487914
16488520
16488654
16489080
16489159
16489309
16489356
16489453
16489562
16490454
16490565
16491009
16491431
16531179
16531883
16532466
16532761
16533431
16533494
16534153
16534225
16534275
16534703
16535038
16535368
16535589
16535730
16535797
16536610
16536684
16537769
16537915
16538108
16538505
16538903
16539169
16539547
16539624
16539783
16540106
16540306
16540655
16541568
16541983
16542773
16542946
16543175
16543177
16543463
16543917
16544707
16587798
16587959
16588288
16588348
16589467
16590199
16590216
16590693
16591571
16591585
16592248
16592311
16593515
16593545
16595502
16596219
16596433
16596979
16597227
16597239
16597245
16597778
16599347
16599585
16601772
16603766
16604349
16604669
16605871
16671723
16674332
16675114
16793529
16795098
16795119
16795587
16795862
16796587
16797150
16798433
16798551
16798620
16800444
16800480
16800670
16801630
16802038
16802413
16803064
16803259
16803682
16805564
16805690
16809853
16811074
16811916
16812895
16815763
16816864
16817345
16817999
16818989
16823001
16838831
16840706
16844687
16846545
16847339
16856831
17000360
17000617
17003441
17003631
17004100
17006237
17007808
17009407
17009444
17009664
17010608
17011250
17013534
17013746
17014158
17017719
17020888
17155611
17181797
17181816
17181903
17182018
17182699
17182868
17182958
17183208
17183344
17183836
17184026
17184026
17184123
17184206
17185231
17185526
17185899
17186426
17186438
17187006
17187013
17187272
17187382
17188175
17188533
17188547
17188698
17188794
17188855
17189006
17189208
17189368
17189474
17189477
17189529
17189650
17190192
17190355
17190586
17190600
17191206
17191326
17191362
17192033
17192394
17192434
17192470
17192540
17192678
17193598
17193834
17194169
17194487
17194590
17194807
17194905
17194954
17195032
17195086
17195412
17195432
17195848
17196275
17196428
17196541
17196658
17197081
17197402
17197583
17197652
17197696
17197869
17198059
17198200
17198408
17198416
17198421
17198977
17199065
17237047
17237802
17237883
17237935
17237973
17239319
17239623
17239627
17239989
17240051
17240156
17240163
17240437
17240954
17240972
17241127
17242056
17242178
17242417
17242725
17243084
17243355
17243875
17244486
17244718
17244800
17244831
17245138
17245440
17245783
17245818
17245985
17246314
17246836
17246963
17247072
17247380
17248046
17248195
17248286
17248422
17248863
17248971
17308346
17320433
17458487
17459525
17460100
17460138
17460147
17460223
17460549
17461371
17462480
17463251
17463264
17464084
17465282
17466384
17466387
17466526
17468037
17468170
17468416
17469421
17469573
17469721
17470673
17470996
17472937
17473079
17473372
17474597
17474889
17475116
17475234
17475284
17475524
17476099
17476196
17476982
17477973
17478581
17478984
17479301
17479340
17479492
17479618
17480139
17503873
17503887
17503943
17504248
17504304
17504508
17504894
17505057
17505608
17505645
17505714
17505845
17505852
17505924
17506136
17506200
17506282
17506583
17506591
17507632
17507882
17508196
17508324
17508845
17508932
17509058
17509118
17509234
17509317
17509342
17509378
17509537
17510015
17510345
17510971
17510999
17511157
17511171
17511873
17511930
17512216
17512436
17512556
17512871
17513168
17513916
17514108
17514461
17514521
17514768
17514833
17514836
17515436
17515525
17515575
17515729
17516034
17516224
17516885
17516917
17517003
17517451
17918629
17918916
17919070
17919316
17919338
17919658
17919671
17919741
17919777
17920363
17920460
17920805
17920953
17921010
17921645
17922108
17922421
17922466
17922955
17923160
17923280
17923439
17923463
17923466
17923942
17923970
17924348
17924385
17924577
17924700
17925057
17925109
17926022
17926122
17926437
17927019
17927272
17927661
17928129
17928537
17928656
17928718
17929139
17929415
17929614
17929972
17930188
17930638
17930658
17930685
17930749
17931593
17931793
17933604
17933621
17933777
17933953
17934486
17934492
17934565
17934609
17934901
17935065
17935075
17935449
17935702
17935743
17935748
17936126
17936538
17936589
17936781
17937496
17937790
17937940
17938053
17938072
17938269
17938378
17938527
17938663
17938924
17939317
17939628
17940019
17940211
17940677
17941138
17941202
17941423
18024895
18025475
18029173
18029514
18030963
18031329
18041026
18041530
18042670
18043321
18044711
18046780
18056105
18103413
18103669
18103924
18104688
18104701
18105053
18106326
18106494
18106626
18106884
18107008
18107349
18107830
18107884
18108330
18108499
18108560
18108676
18110142
18110429
18110676
18110817
18111495
18111659
18111857
18112260
18112385
18112761
18112906
18113384
18113563
18113574
18114218
18114682
18115207
18115835
18115998
18116117
18116149
18116248
18117164
18117539
18117781
18118015
18118489
18118601
18118633
18118885
18119269
18119756
18246409
18246941
18345629
18346406
18346597
18347295
18347375
18347498
18347636
18348394
18348721
18349035
18349163
18349309
18350016
18350987
18351135
18351292
18351390
18351474
18351966
18352585
18353119
18353188
18353199
18353451
18353574
18353982
18354033
18354177
18354722
18354808
18355364
18355398
18355482
18355912
18356548
18356830
18356967
18357074
18357663
18357706
18357719
18357723
18357967
18358572
18358986
18359006
18359084
18359442
18360301
18360962
18361009
18361709
18362221
18362719
18362938
18363009
18363178
18363228
18363273
18363885
18364127
18364360
18364419
18364641
18364765
18364851
18365224
18365461
18366446
18410351
18413768
18416149
18458909
18465732
18614797
18615445
18615930
18616101
18616156
18616286
18616451
18616613
18617558
18618219
18618343
18618923
18618948
18619032
18619726
18619815
18620364
18620756
18620981
18621083
18621470
18622199
18622452
18622658
18622689
18622780
18623155
18623175
18624606
18624865
18625105
18625136
18625215
18625765
18625777
18626316
18626858
18626907
18727477
18728913
18730882
18730968
18732930
18733240
18735591
18737605
18739194
18741472
18742262
18743840
18747997
18792717
18792844
18792985
18792986
18793425
18793609
18794371
18794603
18794943
18795677
18795722
18796377
18797219
18797272
18797340
18797506
18797569
18797877
18798034
18798451
18798703
18799401
18799672
18799797
18799969
18800250
18800864
18800958
18801209
18801364
18801673
18801789
18802322
18802362
18803321
18803336
18803374
18803892
18803895
18804054
18804710
18804996
18805876
18806284
18806652
18806707
18807458
18807861
18808137
18808573
18808901
18809918
18810262
18810497
18811116
18835464
18835676
18836518
18933583
18934769
18935125
18935725
18936059
18936108
18937033
18937645
18937742
18937743
18938321
18939054
18939056
18939477
18940115
18940798
18941308
18942172
18942328
18942364
18943173
18943180
18943273
18943340
18945031
18945296
18963755
18964485
18964577
18964854
18964876
18965074
18965348
18965827
18966023
18966080
18966145
18966652
18967113
18967277
18967279
18967579
18967951
18968811
18969863
18969924
18970926
18971054
18971231
18972110
18972227
18972441
18972494
18973103
18973415
18973788
18973897
18974229
18974459
18974769
18974952
18975466
18976108
18976362
18976708
18977113
18977118
18977461
18977603
18977831
18977886
18978145
18978647
18978872
18979415
18979435
18979515
18979555
18979996
18980125
18980249
18980579
18980607
18980869
18981049
18981149
18982051
18982235
18982865
18983704
18983793
18984206
18984345
18984411
18984525
18985036
18985859
18986163
19052213
19053395
19053753
19054678
19054747
19055833
19055936
19056163
19057125
19057630
19057939
19058665
19058827
19060657
19061345
19061722
19061797
19061798
19061931
19062742
19063021
19063069
19063693
19064271
19064689
19064988
19065138
19065227
19065450
19065848
19067367
19067493
19067894
19067938
19068278
19069978
19071485
19212687
19212900
19213117
19213264
19214091
19214457
19214749
19214922
19215184
19215475
19215581
19216654
19217294
19218747
19218867
19218904
19219597
19220728
19221494
19221623
19223112
19223680
19224592
19225048
19225439
19225571
19227403
19227430
19227561
19227732
19228022
19228339
19228568
19297932
19297971
19298321
19298780
19298812
19298906
19299022
19299040
19299225
19299515
19300167
19300213
19300468
19300600
19300604
19300922
19301187
19301443
19301985
19302248
19302714
19303198
19304110
19304436
19305372
19305377
19305414
19305785
19306356
19306586
19306778
19307216
19307299
19307829
19308245
19308343
19308353
19308612
19308834
19308916
19309013
19454423
19454515
19455531
19455775
19456251
19456802
19456984
19457246
19457842
19458774
19459119
19459356
19460112
19460462
19461093
19461344
19464042
19466321
19523069
19523091
19523141
19523289
19523856
19524418
19524666
19524671
19524906
19524925
19525144
19525758
19525796
19526067
19526079
19526252
19526315
19526463
19526626
19527529
19528129
19528199
19528254
19528419
19528463
19528497
19529046
19529729
19530538
19531930
19531961
19532854
19533495
19533699
19533955
19534048
19534124
19534168
19534193
19534203
19534236
19534273
19534349
19534389
19534395
19534440
19534543
19534952
19535189
19535329
19535458
19535921
19536595
19536680
19536727
19536791
19537118
19537699
19538011
19538063
19538071
19538458
19538714
19538739
19539068
19539297
19620740
19620783
19621062
19621435
19622172
19622671
19622768
19622781
19623161
19623244
19623789
19624177
19624296
19624843
19625461
19625694
19626270
19626370
19626512
19627091
19627479
19628523
19629269
19629332
19629628
19630356
19630902
19631259
19632610
19633054
19633330
19633936
19634408
19634881
19658752
19665565
19667663
19735075
19941169
19943569
19958266
19959187
19959351
19960016
19961751
19962149
19962619
19964635
19964990
19965350
19965923
19967887
19968289
19969054
19969192
19969647
19969760
19971165
19972270
19973663
19975610
19976075
19976440
20049811
20049918
20049919
20049937
20049984
20050342
20050568
20052531
20052552
20053519
20053704
20053822
20053831
20053897
20053985
20054113
20054177
20054457
20054538
20054750
20055150
20055346
20055617
20055926
20055936
20055961
20056077
20056289
20056732
20057968
20058061
20058074
20058156
20058633
20058801
20058923
20059113
20059818
20060226
20060374
20060507
20060579
20060585
20060911
20061192
20061387
20061934
20062015
20062577
20062637
20062952
20063393
20063417
20063563
20064267
20064283
20064542
20064567
20065249
20065259
20211091
20211510
20212612
20213640
20213758
20214039
20214249
20215336
20215462
20215533
20215600
20215710
20215815
20216237
20216237
20216360
20216455
20216728
20216929
20217407
20217563
20217620
20218073
20218333
20218553
20218831
20219017
20219470
20219769
20220491
20220938
20222428
20222682
20223185
20223437
20223852
20224427
20224493
20224715
20225019
20225370
20225421
20225613
20225723
20226243
20226535
20226707
20227052
20227697
20228253
20228462
20229564
20229757
20230118
20230336
20230599
20230656
20230678
20231046
20231393
20266563
20269833
20270342
20334443
20335431
20335540
20335542
20337229
20338365
20338855
20339336
20339895
20341792
20343364
20343848
20344283
20345869
20346103
20346432
20347024
20347095
20347243
20347269
20347421
20348908
20349302
20349469
20350671
20351156
20351266
20351711
20352944
20353593
20370763
20371277
20371999
20372304
20372420
20372603
20373401
20373503
20374130
20374339
20375460
20375874
20376556
20376795
20378393
20378906
20379297
20379420
20380638
20381298
20381544
20383021
20383530
20383650
20384235
20384332
20386036
20387328
20387350
20387377
20387888
20388185
20388237
20389346
20389524
20390425
20390719
20391292
20391372
20391382
20391701
20392256
20392536
20392639
20392663
20420686
20501834
20501838
20502637
20502937
20503171
20503181
20503184
20503730
20503925
20504229
20504240
20504248
20504850
20505116
20506127
20506477
20508559
20508606
20508649
20508809
20509029
20509382
20509954
20510222
20510599
20510863
20510912
20511019
20511363
20511442
20512241
20512242
20512423
20512675
20512776
20513341
20513825
20514084
20515038
20515422
20515564
20516395
20516412
20516646
20516754
20516887
20516962
20517151
20517289
20517739
20518078
20518449
20518607
20518723
20518752
20519503
20519689
20520062
20520073
20520437
20521035
20521606
20649355
20650035
20652459
20657749
20741891
20743624
20743995
20745098
20749827
20752395
20756011
20928609
20929248
20929474
20930440
20933012
20933383
20933927
20937247
20938236
20938554
20938846
20939047
20939707
20940110
20941447
20941811
20944193
20944695
20944698
20944720
20945786
20946650
20946676
20947166
20948556
20948567
21119528
21120121
21121357
21121970
21122035
21122081
21123566
21123764
21123955
21124060
21124089
21124173
21124756
21124894
21125499
21125626
21126583
21126852
21127478
21128110
21128284
21128460
21129325
21130338
21130343
21131627
21251778
21254796
21256777
21265030
21265730
21266525
21270702
21272322
21272471
21513274
21513454
21513514
21513706
21513774
21515178
21515293
21515353
21515468
21515971
21516289
21516574
21516691
21516748
21516793
21517433
21517604
21517857
21518087
21518195
21518392
21518550
21518877
21518986
21519351
21520025
21520080
21520087
21520209
21520810
21520867
21520971
21521019
21521135
21521581
21521665
21522195
21522212
21523294
21523335
21523560
21524110
21524594
21525156
21525246
21525536
21525913
21526483
21527063
21527175
21527260
21527298
21527409
21527589
21528231
21528354
21528397
21528878
21528946
21529353
21529798
21530293
21530734
21530779
21531048
21531542
21531609
21532405
21532798
21532923
21532940
21532961
21533561
21533613
21534250
21535148
21553147
21553568
21554229
21554265
21554630
21554669
21555495
21555560
21556122
21556283
21556462
21557020
21557499
21558005
21559190
21560020
21562027
21562061
21562601
21562883
21563544
21563612
21563849
21565023
21565231
21565733
21565760
21565956
21565967
21566206
21566934
21567159
21567753
21568232
21693649
21694867
21703438
21705274
21708317
21711861
21713132
21787561
21788061
21788137
21788153
21788167
21788954
21789135
21789584
21789635
21789792
21789867
21790228
21790361
21790773
21790892
21790945
21791009
21791032
21791079
21791103
21791273
21791504
21791637
21792521
21792581
21792602
21794024
21794587
21795288
21795471
21795643
21795684
21795900
21796170
21796233
21796415
21796774
21797110
21797352
21797382
21797772
21797995
21797999
21798583
21799091
21799222
21799478
21799832
21799852
21799908
21799947
21800195
21800282
21800295
21800349
21800372
21800534
21800916
21800927
21800959
21801027
21801040
21801108
21801260
21801621
21801645
21801756
21802376
21802455
21802555
21802576
21802724
21802853
21803209
21803806
21803877
21804097
21804148
21804227
21833799
22118417
22120797
22130643
22131960
22132496
22134000
22143869
22144838
22148842
22154036
22228274
22229158
22229316
22230743
22232070
22232431
22232889
22233096
22233275
22233488
22233689
22233862
22233885
22234360
22234446
22235430
22236017
22236598
22237410
22238789
22239633
22240212
22240701
22241702
22243132
22243197
22243879
22244429
22244433
22264639
22264665
22264697
22264851
22265540
22265698
22265882
22266470
22266471
22266527
22266728
22266878
22267326
22267334
22267614
22267962
22268076
22268437
22268528
22268649
22269227
22269598
22270224
22270812
22271318
22271456
22271557
22271677
22272198
22272456
22272693
22273396
22273438
22273591
22273687
22274837
22276031
22276229
22276282
22276596
22278136
22278420
22278433
22278454
22278519
22278934
22278997
22279949
22279951
22280090
22280174
22280227
22280563
22280893
22324797
22534004
22668514
22668562
22668842
22668994
22669301
22670158
22671748
22671754
22672216
22674784
22675868
22676776
22677012
22677103
22677295
22677595
22677956
22679805
22680472
22681901
22682639
22764582
22765218
22771509
22774383
22796449
22797500
22797974
22798331
22798860
22798946
22799532
22799727
22799761
22799798
22799804
22799876
22800471
22800878
22801147
22801287
22801685
22801800
22801858
22802889
22803525
22803612
22803923
22804190
22804269
22804361
22805487
22805642
22805704
22806047
22806107
22806187
22806366
22806439
22806574
22806894
22806959
22807466
22807530
22808343
22808397
22808573
22808627
22808694
22809201
22809663
22809978
22810340
22810624
22810749
22810892
22810969
22811055
22811212
22811249
22811713
22811767
22811800
22855377
22855782
22872358
22872767
22872859
22873169
22873405
22873863
22874901
22875009
22875252
22875499
22875960
22876030
22876198
22876786
22877332
22877586
22877824
22878066
22878226
22878419
22878590
22878685
22878844
22879300
22879644
22879764
22879901
22879924
22880208
22880629
22880923
22881091
22881181
22881200
22881245
22881263
22881301
22881723
22882266
22882312
22882484
22882805
22883108
22883242
22883681
22883731
22884176
22884215
22884343
22884974
22885034
22885235
22885282
22885290
22885582
22885742
22885799
22886116
22886624
22886712
22886774
22887951
22964560
22965338
22970937
22974714
22986697
22986823
22987168
22988187
22988907
22990022
22994222
22995487
22995920
22996452
22996458
22996621
22996683
22997188
22997439
22997536
22998050
22998122
22998639
22998925
22999283
22999735
22999756
22999839
22999840
22999862
22999964
22999990
23000940
23001077
23001202
23002068
23002101
23002299
23002489
23002904
23003422
23003514
23003724
23004083
23004464
23005050
23005161
23005181
23005248
23005757
23006277
23006356
23007119
23007212
23007456
23007990
23008276
23008452
23008495
23008738
23009376
23009431
23009653
23009691
23009987
23010232
23010264
23135009
23135016
23135812
23135916
23135973
23137911
23138010
23138076
23138456
23138507
23139297
23139912
23139978
23140241
23140786
23140873
23141276
23141941
23143226
23143664
23144933
23145167
23145256
23145451
23145525
23145669
23146460
23146650
23147315
23147682
23147952
23148047
23148917
23149070
23149324
23149808
23150607
23150628
23150737
23151453
23151662
23151723
23151815
23153150
23153574
23154729
23155504
23155633
23156473
23156554
23157017
23157149
23197842
23205701
23209512
23298646
23597513
23597529
23598175
23598362
23598394
23598680
23598867
23599197
23599444
23599489
23599798
23600066
23600090
23600521
23600761
23601113
23601124
23601316
23601399
23601713
23602109
23602290
23602635
23603331
23603592
23603931
23604247
23604578
23604821
23604848
23605417
23605603
23606795
23607290
23607324
23607599
23608026
23608194
23608301
23608949
23608993
23609389
23609603
23609667
23610064
23611376
23611549
23611814
23612740
23613359
23614144
23614221
23614324
23614729
23615009
23615027
23615028
23615155
23615811
23616877
23617320
23617484
23617767
23617910
23618074
23618106
23618157
23618489
23618593
23619050
23619083
23619483
23619612
23619680
23619749
23639064
23641873
23643048
23643066
23647188
23650913
23651902
23653656
23655171
23656089
23685433
23720096
23720148
23720151
23720212
23721396
23722525
23722800
23722897
23722933
23723891
23724315
23724926
23726543
23727203
23727446
23727532
23727754
23728871
23729125
23729472
23729697
23733320
23733540
23733633
23735702
23736075
23736183
23736503
23736659
23756393
23767488
23770845
23818894
23819432
23819523
23819864
23819909
23820156
23821015
23821623
23822047
23822563
23822844
23823276
23823329
23823682
23823857
23823909
23824574
23824586
23824719
23824739
23824805
23825419
23825489
23825975
23826215
23826751
23826959
23827082
23827424
23827457
23827820
23828002
23828039
23828429
23828588
23829920
23830180
23831234
23831378
23831543
23831905
23831967
23832312
23832717
23833338
23833430
23833732
23833747
23834416
23834968
23835495
23835747
23835766
23835805
23836079
23836984
23837195
23837195
23837851
23838502
23839187
23839330
23839537
23839542
23839663
23840109
23840239
23840632
23841160
23841590
23842368
23908832
23918406
23919752
23920926
23962530
23964481
23965289
23965341
23965738
23967349
23967740
23968372
23970532
23970614
23970981
23973141
23973476
23973636
23974144
23974422
23974479
23975358
23975383
23975993
23977244
23977619
23978966
24167708
24167738
24168062
24168352
24168667
24168811
24169299
24169365
24169440
24170012
24170314
24170444
24170711
24170793
24171070
24171106
24171193
24171329
24171683
24171772
24172235
24172710
24173270
24173332
24173779
24174292
24174935
24175164
24176523
24177034
24177147
24177341
24177549
24177781
24178130
24178185
24178675
24178696
24179084
24179707
24180862
24181022
24181332
24181368
24181429
24181768
24182029
24182110
24182303
24182631
24183158
24183234
24183492
24183706
24184239
24184599
24184659
24184799
24184811
24185250
24185379
24185456
24185613
24185650
24185925
24186795
24186928
24187248
24187604
24187753
24187782
24187868
24188269
24188874
24189100
24189164
24189608
24189698
24362380
24362844
24366188
24368679
24371788
24373795
24399574
24465932
24466472
24466778
24466880
24467119
24467318
24467328
24467722
24469503
24469904
24470164
24470368
24470405
24470741
24471352
24471425
24471574
24472699
24472783
24472913
24472940
24473128
24473209
24473306
24473710
24474865
24474898
24475264
24475689
24475734
24476270
24476394
24477027
24477202
24477273
24477393
24477618
24477658
24477924
24477986
24478386
24478636
24478842
24479301
24479801
24480179
24480431
24480462
24480689
24480831
24481619
24482013
24482390
24482661
24482879
24483484
24483775
24484766
24485056
24485282
24485734
24502760
24503183
24503462
24504380
24506037
24506272
24507356
24507538
24507790
24507859
24508215
24508662
24508705
24509169
24509200
24509338
24509439
24510768
24511001
24511317
24512934
24513357
24513648
24514556
24515601
24516186
24516768
24517813
24518663
24519218
24519456
24520704
24578639
24763369
24828518
24832566
24834580
24834625
24837579
24839670
24839844
24842707
24845755
24848833
24850691
24850699
24850784
24851861
24851887
24852257
24852384
24852596
24852629
24852828
24853008
24853053
24853136
24853332
24853484
24853685
24854007
24854192
24855132
24856400
24856626
24857239
24857954
24858030
24858212
24858997
24859460
24859462
24859633
24859872
24860025
24860153
24860369
24860868
24861384
24861690
24861707
24861912
24862212
24862384
24862403
24862446
24862660
24862713
24862867
24863507
24863792
24864092
24864133
24864564
24864718
24865948
24865971
24866951
24867100
24867259
24867575
24867771
24868273
24868707
24869228
24869327
24869361
24869378
24869540
24869761
24869969
24870075
24870322
24870391
24870682
24870845
24870879
24870903
24870975
24871499
24871512
24871632
24872369
24872591
24872686
24873387
24939961
24943542
24943585
24943686
24944647
24945779
25026807
25026839
25026847
25027029
25027417
25028580
25028635
25028990
25029187
25029549
25029587
25029625
25029723
25029750
25030071
25030229
25030287
25030350
25030632
25030831
25030849
25031029
25031073
25031376
25031543
25032358
25033312
25034101
25034424
25034535
25034718
25034749
25034807
25034858
25035107
25035436
25035449
25035853
25035989
25036433
25036538
25037125
25037402
25037822
25038153
25038581
25038872
25038957
25038976
25039220
25039770
25040378
25040491
25040786
25041143
25041195
25041261
25041458
25041609
25041840
25042154
25042225
25042262
25042503
25042650
25042841
25042951
25043000
25043061
25043200
25043377
25043983
25044428
25044558
25044619
25045040
25045204
25045219
25045276
25045403
25045404
25045777
25045959
25046313
25047255
25047274
25047405
25047812
25047845
25048423
25048463
25048473
25048901
25049128
25049305
25049399
25049658
25049953
25050422
25052263
25053763
25060088
25062030
25065392
25065622
25069348
25111921
25114021
25114733
25140015
25143826
25149092
25391455
25394415
25394445
25394864
25395217
25395465
25395573
25396041
25396268
25397969
25398129
25398246
25398923
25400095
25404196
25404217
25405730
25406475
25406722
25431071
25431313
25432513
25437276
25440175
25440317
25440961
25511948
25512130
25516258
25516566
25516812
25517463
25517567
25518954
25519302
25519567
25520070
25520538
25521396
25521545
25521686
25522299
25522415
25524976
25525204
25525400
25525734
25526065
25526388
25527525
25528579
25528643
25528756
25529448
25529993
25530464
25531118
25531400
25531778
25531904
25533522
25534381
25534774
25534920
25626940
25628508
25631012
25631895
25632876
25634552
25635435
25637303
25641075
25642108
25642756
25642986
25643971
25646021
25646395
25647116
25647810
25669857
25670616
25671505
25672493
25673204
25673729
25675094
25678371
25680480
25681370
25681986
25682435
25682608
25683710
25684996
25685814
25686227
25686948
25687013
25688686
25689332
25689342
26088413
26088960
26089125
26089686
26090505
26091905
26092871
26093534
26094622
26094850
26095801
26096138
26096306
26096313
26096742
26096769
26098027
26098314
26098454
26098471
26099447
26099543
26099654
26099880
26102049
26103580
26105751
26107336
26110932
26111505
26113493
26113847
26113869
26115916
26117362
26117489
26118503
26119027
26119975
26121815
26124767
26125117
26125350
26126062
26241918
26252788
26253091
26253211
26253671
26254160
26254187
26254342
26254760
26254952
26255013
26255304
26255312
26255838
26255892
26256007
26256156
26256159
26256175
26256546
26256759
26257549
26258381
26258419
26258505
26258758
26258785
26258995
26259147
26259335
26259709
26260953
26261297
26261699
26261748
26262031
26262245
26262310
26262347
26262432
26262674
26263323
26263426
26263556
26263618
26264407
26264779
26265204
26265318
26265367
26265428
26265734
26265976
26265996
26266378
26266407
26266506
26266521
26266689
26266712
26266961
26266989
26267362
26267797
26267818
26267819
26267999
26268379
26268447
26268545
26268772
26269178
26269219
26269517
26270195
26270684
26270775
26270812
26271165
26272024
26272166
26272448
26272468
26272782
26272859
26272926
26273496
26273805
26274697
26705050
26834636
26835238
26835637
26835917
26836644
26836780
26837034
26837346
26837400
26838057
26838368
26838718
26839191
26840038
26840462
26840688
26841037
26841357
26841365
26842076
26842365
26842397
26842948
26843044
26843302
26843667
26843790
26844020
26844296
26844523
26844537
26845067
26845212
26845880
26845900
26845916
26847419
26847704
26847957
26848488
26848527
26848620
26848795
26848987
26849099
26849483
26849634
26849765
26851113
26851926
26852019
26852202
26852944
26853170
26853257
26854344
26854471
26854508
26854906
26855317
26855434
26856002
26857791
26858099
26858657
26859879
26862538
26863171
26863346
26863610
26864447
26865065
26866030
26867425
26870637
26870675
26871084
27070442
27076265
27126900
27297677
27299542
27300414
27302798
27303137
27303898
27304994
27305179
27309414
27311691
27311960
27312070
27336006
27337300
27338034
27341623
27350704
27354300
27354301
27354728
27355094
27355346
27355652
27355826
27356368
27356596
27356833
27356926
27356993
27358081
27358357
27358668
27359316
27359368
27359412
27359716
27359849
27360308
27361517
27361669
27361707
27362019
27362921
27363121
27363279
27363518
27363905
27364027
27364629
27365082
27365679
27365767
27366044
27366181
27366302
27366648
27366676
27367464
27367497
27367643
27367836
27368023
27368246
27524289
27524339
27524389
27525277
27525456
27525523
27525616
27526087
27526745
27526749
27527015
27527036
27527171
27527418
27528367
27528878
27528885
27529038
27529245
27529317
27529343
27529970
27529982
27530116
27530368
27531167
27531289
27532859
27532978
27533074
27533897
27534246
27534444
27534478
27534688
27534940
27535638
27535719
27535761
27535856
27536104
27536980
27537050
27537391
27537912
27538047
27538757
27538859
27539161
27539657
27539906
27540299
27540351
27540359
27541101
27541761
27541854
27541890
27542818
27543043
27543221
27543266
27543593
27543704
27543734
27544005
27544303
27544379
27544611
27544625
27545373
27545420
27545570
27546053
27546637
27546898
27547121
27547139
27633215
27633671
27634099
27634758
27637300
27638113
27640435
27640471
27640601
27642230
27643630
27644427
27644551
27645057
27699548
27699589
27699671
27699802
27699974
27700108
27700540
27700951
27700990
27701277
27701337
27701364
27702004
27702037
27702222
27703495
27704488
27704825
27704939
27705024
27705148
27705185
27705349
27705449
27706865
27706877
27707688
27709307
27709345
27709786
27709897
27710633
27713134
27786644
27786768
27786865
27787103
27787397
27789242
27789768
27790728
27790797
27791046
27791359
27791670
27792061
27792076
27792631
27792795
27793413
27793803
27793906
27794030
27794054
27794176
27794184
27794369
27794621
27795477
27795941
27796275
27796465
27796853
27796887
27796906
27797234
27797556
27798047
27798269
27798518
27798715
27798766
27800508
27800886
27800941
27801112
27801471
27801501
27801575
27802264
27802593
27802661
27802696
27802741
27802748
27802877
27803109
27803348
27803623
27804012
27804053
28023175
28025940
28026947
28027488
28029197
28030528
28032340
28032675
28033010
28033900
28037618
28060628
28061292
28061440
28061710
28062295
28062791
28063713
28064230
28068605
28068838
28068870
28070824
28071403
28071622
28072130
28074683
28077660
28078008
28078807
28079313
28080093
28153349
28485797
28486404
28486769
28487097
28487812
28487887
28487900
28488205
28488435
28488701
28488977
28489334
28489439
28489487
28489931
28490281
28491341
28491872
28492039
28492191
28492256
28492292
28492332
28492437
28492506
28492546
28492664
28492701
28493040
28493097
28493749
28493976
28494215
28494252
28494358
28494839
28494857
28494884
28494916
28495264
28495313
28495896
28495907
28495952
28495993
28496355
28496460
28496475
28497049
28497248
28497469
28497692
28497751
28497753
28498057
28498157
28498201
28498376
28498641
28498826
28499037
28499279
28499411
28499462
28499722
28499759
28499807
28499835
28499951
28499961
28499967
28500448
28656519
28656925
28657231
28657311
28657459
28657644
28657691
28658450
28658816
28659011
28659031
28659358
28660091
28661146
28661835
28661931
28661979
28661981
28662918
28663024
28663357
28664354
28664374
28665545
28665553
28665848
28665981
28666850
28666893
28667985
28668192
28668541
28668700
28669323
28669377
28669487
28670208
28670662
28670764
28671276
28671893
28672736
28672957
28673095
28673805
28673968
28674533
28674917
28675077
28777416
28777604
28778529
28778774
28779299
28780929
28781286
28783491
28783692
28783920
28784700
28786552
28788677
28789221
28789405
28791925
28791965
28794157
28795248
28795299
28796933
29015890
29016329
29019900
29020400
29033331
29107083
29107362
29107915
29109355
29111233
29111280
29113595
29116702
29116717
29117403
29118240
29138827
29139673
29140316
29140699
29141527
29141650
29141684
29142014
29142637
29143024
29143516
29143535
29144455
29144531
29144577
29144841
29144859
29146024
29146069
29146417
29146621
29147530
29148122
29148280
29148289
29148732
29149204
29151625
29151935
29153366
29153601
29153609
29154482
29154621
29155590
29155728
29370043
29370371
29370707
29370731
29370870
29371659
29371682
29372381
29372513
29372554
29372556
29372920
29373000
29373192
29373232
29373238
29373621
29373680
29374127
29374211
29374303
29374425
29374581
29374595
29374695
29374920
29375147
29375335
29375481
29376068
29376758
29377049
29377121
29377382
29377766
29378046
29378565
29378723
29379133
29379333
29379792
29380111
29380629
29380824
29381155
29381182
29381203
29381210
29381559
29381922
29382912
29382934
29383433
29383652
29383764
29383982
29384031
29384256
29384685
29384777
29384930
29385241
29386122
29386596
29386732
29387401
29387905
29389357
29389503
29389508
29389619
29390307
29390666
29390724
29390985
29391037
29391065
29391544
29392185
29392348
29392624
29392674
29417223
29444655
29444928
29448770
29449912
29450948
29453421
29453946
29454464
29551179
29551983
29569607
29570246
29571306
29571810
29571957
29573833
29581580
29582943
29583552
29583833
29652876
29655725
29655843
29664436
29673233
29673902
29730437
29731304
29731692
29732715
29732769
29732879
29733184
29733682
29733777
29734073
29734099
29734188
29734209
29735055
29736927
29736953
29737184
29737385
29737688
29738146
29738329
29738553
29738694
29738736
29738749
29738758
29739379
29739436
29740377
29741045
29741370
29741905
29741963
29742001
29742253
29743458
29743666
29744171
29744230
29744619
29744717
29744822
29744961
29744975
29744980
29782372
29804375
29804869
29804995
29805068
29809128
29809531
29810639
29810790
29816819
29818115
29818261
29820161
29821761
29824382
29960687
29962894
29963257
29963508
29963998
29964114
29964169
29964991
29965213
29965262
29966200
29966259
29966363
29966768
29967052
29967304
29968384
29968395
29968787
29969024
29969548
29969609
29969995
29971198
29971210
29971357
29971540
29971668
29972458
29972468
29973139
29973154
29973277
29973331
29973645
29973772
29974496
29974637
29974833
29974919
29975020
29976377
29976589
29977143
29977324
29978464
29978515
29979498
29979566
30035785
30037011
30037072
30037886
30042218
30042241
30042290
30044399
30045002
30045215
30045419
30046265
30046639
30047642
30050410
30052350
30054228
30054673
30090084
30090749
30090759
30090794
30091306
30091657
30093851
30094458
30094693
30096674
30096881
30098194
30098441
30100015
30101022
30101343
30101398
30101584
30101686
30102104
30103159
30104256
30105343
30105481
30106863
30108043
30108101
30109709
30109836
30110315
30111607
30167754
30167948
30168089
30168107
30168879
30169644
30169714
30170064
30170560
30170736
30170944
30171049
30171432
30171509
30171780
30172022
30172180
30172491
30172599
30172894
30172976
30173036
30173037
30173092
30174293
30174303
30174507
30174785
30175401
30176686
30176704
30177810
30177879
30178272
30178353
30178621
30178987
30179458
30179605
30179724
30179760
30180402
30181323
30181766
30181991
30342640
30342761
30342958
30342959
30343039
30343233
30343303
30343488
30343527
30343755
30343800
30344016
30344202
30344449
30344805
30344983
30345088
30345149
30345490
30345724
30345981
30346003
30346550
30346955
30347075
30347817
30347917
30348061
30348074
30349121
30349214
30349754
30349954
30350185
30350378
30350491
30350579
30350611
30350662
30351161
30351162
30351704
30352153
30352345
30352577
30352972
30353143
30353197
30353258
30353281
30353283
30353406
30354487
30354641
30354765
30354898
30355432
30355703
30355747
30356300
30356903
30370464
30376934
