3821
7334
13970
14140
17010
19570
19919
22299
23055
24832
26433
27551
31060
32888
35693
38313
45605
50314
53712
59108
70381
75763
76169
79806
79952
80497
81952
82940
90166
94222
104479
105940
109179
110020
110926
118625
121808
124209
124789
131895
137172
138125
145991
147540
147615
152989
160995
162346
166814
176550
178296
183431
190636
191000
192090
192656
193013
193030
197756
199039
199138
201021
203243
215975
219048
220163
225398
228874
234734
236632
239852
240129
240378
242774
243275
245274
249272
250115
254702
254795
255756
259336
263399
265546
266042
267690
270628
274173
275254
276359
277174
280240
288995
289305
295372
301234
301438
303057
320735
322987
325455
333032
333074
334650
335553
335683
344241
346357
354430
359753
362605
368447
368769
368950
370277
373500
373646
374781
377856
381485
381647
383001
385013
400522
401061
407626
435104
435554
435637
438447
439181
439728
445056
446262
448698
452665
452887
453351
454148
459317
461535
463344
466403
472878
473370
473558
479139
479551
479610
479639
479864
480928
481802
481865
482384
484746
485231
487413
488661
490089
493615
496769
499252
507639
509746
509973
510771
511032
513183
513956
514685
518100
521074
524088
525231
525258
527716
528214
528321
529427
534058
534379
545314
546196
546716
547791
550478
563606
565397
568664
578979
580426
582143
585271
589406
590135
595521
601755
606062
608618
609337
619415
624563
634544
634558
640189
646231
651181
652304
655317
656059
656343
656910
657927
657928
667409
669740
676993
677494
677820
677952
684272
684553
684670
686382
688147
688857
693054
695451
703717
703895
704083
706332
708919
714929
715862
724223
724964
728260
728868
729394
730301
733815
736809
739648
739762
742105
750000
760153
760854
767547
773438
773987
775762
777781
785966
786564
794403
815797
823090
827392
828777
833058
837190
841305
844813
846926
850078
854450
854454
863362
864229
864401
869563
871059
871316
874338
876870
877762
883629
887945
893416
896510
900212
900903
903142
905095
906077
909778
915399
918916
928421
933158
940213
940571
949955
950114
962183
964280
967587
969353
970723
972510
976507
978971
987633
993235
1008443
1010044
1017195
1021699
1021712
1021837
1023575
1023852
1024553
1027981
1030876
1043435
1046916
1047955
1049826
1053089
1053296
1057786
1059313
1064511
1068487
1072352
1089448
1090006
1097235
1100097
1101326
1102776
1103501
1104303
1106702
1110439
1122678
1132925
1135668
1143445
1144696
1144903
1147506
1151206
1152674
1153146
1153965
1157174
1158176
1158342
1158745
1162560
1165140
1174103
1174378
1175534
1177150
1177180
1181307
1182990
1192425
1197914
1201823
1202770
1204414
1207879
1208595
1209039
1213301
1216789
1218555
1223033
1224682
1230296
1238786
1240852
1252943
1254397
1257599
1257950
1258457
1262833
1263162
1263678
1265620
1270488
1276018
1279632
1281554
1284800
1291675
1294951
1297847
1301564
1306144
1308622
1308938
1311370
1313551
1314011
1314054
1316831
1331958
1334303
1339030
1339286
1341219
1347352
1351241
1351628
1352932
1355407
1356078
1356306
1359163
1362883
1365386
1366817
1368769
1369518
1370474
1371270
1377508
1384124
1384630
1388178
1389832
1394934
1397074
1398936
1399861
1402234
1405452
1406462
1407132
1408234
1411194
1417932
1419251
1420072
1421509
1424771
1425454
1426394
1426404
1426755
1427939
1435320
1440071
1442433
1443351
1453067
1453188
1454597
1456187
1461630
1465490
1466374
1466630
1468939
1470860
1477695
1478021
1479186
1480443
1484479
1490587
1492569
1495465
1496581
1500138
1505503
1510363
1511243
1522392
1524032
1525570
1527531
1527879
1528544
1531161
1533752
1533877
1539405
1541029
1541666
1542202
1545213
1547048
1547799
1552464
1553325
1553706
1554700
1556555
1557708
1557725
1557924
1558876
1561772
1566062
1567892
1570174
1570600
1575162
1576977
1587804
1588014
1588360
1600559
1609450
1609951
1610615
1610777
1613762
1615144
1616849
1619487
1619842
1623568
1624612
1625592
1631588
1632680
1638363
1639790
1647205
1648240
1649659
1656447
1658069
1658694
1659918
1663289
1667928
1668440
1676385
1677256
1678964
1680595
1681524
1681584
1689244
1692136
1692594
1697969
1699317
1701769
1703335
1704238
1705073
1705208
1707034
1712855
1714273
1722509
1732547
1736281
1736512
1737582
1746342
1749502
1749888
1752224
1754378
1761866
1768877
1772706
1775045
1788793
1791949
1796803
1799243
1802654
1805033
1811911
1817400
1819863
1821512
1829020
1830958
1831312
1832709
1833296
1834164
1834801
1842772
1846774
1850017
1850612
1852507
1852696
1853572
1855079
1857128
1858394
1861531
1875600
1877873
1878061
1879852
1885084
1885284
1887835
1888549
1892910
1895183
1899292
1900960
1902272
1903238
1903426
1904651
1906848
1907300
1907981
1909435
1916168
1923658
1924070
1931485
1933226
1936438
1937624
1940309
1941758
1949011
1955542
1959004
1965740
1972699
1975473
1978428
1979720
1986365
1987839
1990833
1995020
1997651
1997896
1999914
2002437
2003003
2003021
2005161
2006101
2013068
2019946
2022898
2023836
2030369
2030390
2030534
2033427
2035897
2038302
2039250
2042218
2047138
2047228
2048873
2052617
2059436
2060921
2061942
2063969
2067563
2069556
2070660
2071652
2075423
2076266
2078981
2080022
2083659
2084800
2089750
2090636
2095393
2096104
2098935
2099204
2100824
2102625
2105219
2105614
2109480
2112646
2116081
2121529
2126978
2127208
2130170
2136651
2140088
2140863
2142429
2146603
2149359
2150884
2150959
2156501
2156532
2163646
2165348
2166093
2168446
2171001
2171343
2177067
2178765
2185865
2186047
2186860
2187001
2196878
2198861
2201494
2202687
2209006
2212413
2213790
2216194
2217609
2218805
2225485
2228769
2229132
2231334
2231678
2233961
2239141
2248696
2267276
2267796
2269742
2278591
2280212
2282997
2283431
2287088
2292784
2296740
2297098
2297926
2302183
2303049
2308364
2309028
2310709
2311767
2314435
2314655
2322292
2322394
2328625
2333049
2333871
2334240
2353924
2355516
2358102
2359163
2360774
2361198
2366283
2366741
2366806
2369391
2371444
2376462
2381588
2389266
2390509
2397084
2401253
2404706
2409641
2412596
2414180
2418522
2421835
2444229
2444633
2449477
2450912
2460668
2462607
2463431
2464730
2469792
2472606
2475186
2479290
2480745
2481305
2481443
2488238
2501343
2503163
2507896
2510554
2518069
2521669
2533813
2537396
2539620
2540352
2542687
2553309
2554259
2559982
2563981
2564639
2566038
2566295
2570704
2583992
2588784
2593967
2600709
2604547
2606985
2607197
2612333
2615250
2616111
2622894
2626400
2634601
2638016
2638215
2643263
2644144
2644942
2650758
2650810
2660382
2663409
2668504
2680027
2689770
2695186
2700033
2700731
2700798
2702242
2704228
2707952
2708560
2712008
2716293
2722106
2724641
2726430
2727646
2729713
2730267
2734639
2740055
2742413
2746082
2768407
2768695
2770166
2773362
2775448
2778156
2779350
2791110
2793000
2793604
2799957
2803776
2805754
2806609
2808941
2816362
2822337
2826946
2827437
2840598
2842633
2842743
2847771
2848601
2851580
2853531
2860226
2861607
2863741
2863986
2866512
2868453
2869360
2870769
2873777
2873812
2875716
2877015
2877773
2877966
2882957
2885081
2885289
2885342
2886502
2887727
2889105
2890090
2892014
2895249
2916971
2918609
2923427
2925964
2933730
2935633
2936989
2937020
2937063
2939661
2944331
2945669
2947329
2951863
2952197
2959898
2961158
2962773
2963936
2968233
2969142
2973034
2974394
2977560
2983488
2985794
2990760
2997059
2999714
2999932
3000000
3003343
3005173
3008299
3010132
3012338
3018063
3034467
3038382
3038532
3038945
3040982
3041738
3041986
3043617
3045472
3049911
3050391
3062972
3063980
3064467
3066765
3068890
3068957
3076324
3080214
3088806
3090844
3092717
3094467
3100723
3101479
3104327
3106028
3111388
3116749
3117787
3122514
3128091
3128927
3131398
3131860
3134966
3135626
3136190
3137450
3138867
3153254
3153769
3178394
3179266
3201171
3202562
3204193
3205439
3206730
3206882
3208794
3211345
3212925
3215591
3220675
3226553
3228871
3230381
3231629
3234763
3235762
3239120
3240063
3242468
3246486
3247362
3247813
3247952
3257598
3261853
3263794
3265042
3271955
3272990
3275982
3276750
3278072
3278367
3278754
3279032
3280485
3281542
3282152
3290302
3292225
3293239
3294220
3296627
3299889
3308748
3310488
3312000
3319634
3335869
3336184
3344388
3345056
3345926
3348114
3351143
3351449
3352237
3360428
3365406
3365946
3369075
3370636
3381174
3385606
3385746
3396711
3397533
3398357
3406834
3407827
3408190
3409790
3413631
3414658
3418873
3424633
3424707
3431020
3440325
3443638
3447090
3447439
3447525
3448674
3459855
3464969
3467984
3468012
3468393
3472472
3477175
3479111
3487938
3490949
3496835
3497262
3499552
3504645
3508030
3509806
3510316
3512934
3513166
3523237
3523709
3525914
3526428
3528042
3535887
3536310
3536940
3537015
3540845
3542337
3544136
3544169
3551871
3554938
3557606
3568373
3571684
3583447
3599785
3603690
3607568
3609281
3612524
3612570
3613215
3615724
3620153
3624389
3627071
3627926
3639243
3639826
3639871
3642079
3644816
3646436
3655643
3659926
3663786
3673899
3675860
3677837
3678751
3680380
3680679
3682995
3687106
3689024
3690659
3693078
3693512
3698019
3698526
3699708
3700927
3702214
3703835
3708666
3710463
3716755
3717992
3718395
3719815
3723974
3739762
3743702
3743715
3744312
3746713
3747214
3749969
3751936
3755784
3764084
3770393
3770536
3772972
3783624
3785165
3786141
3786388
3787840
3789118
3791630
3804322
3814269
3815876
3817560
3821654
3821714
3823102
3823109
3824086
3826459
3834225
3838044
3839658
3842471
3855302
3859608
3861731
3862853
3864960
3865030
3866470
3872647
3876567
3876669
3876916
3877652
3880254
3883701
3885884
3886215
3891347
3892607
3893263
3894145
3899082
3903234
3915028
3918750
3919628
3921588
3921642
3929994
3937271
3937372
3937917
3942834
3944913
3945431
3945778
3952378
3956345
3957059
3959036
3961153
3966895
3967765
3978035
3980202
3981096
3981892
3983214
3983468
3992187
3996680
4005660
4005892
4008539
4010514
4016792
4016989
4020930
4029854
4032716
4034765
4037149
4043771
4044445
4048706
4065799
4069142
4069354
4069783
4072040
4076444
4076562
4077513
4083723
4085391
4086692
4086945
4092067
4092758
4095120
4095380
4099731
4102439
4107396
4107453
4108242
4108925
4112471
4115309
4115388
4120819
4122201
4124191
4125954
4133055
4136945
4141778
4141811
4145541
4148277
4152326
4153053
4154618
4157082
4157949
4161317
4165848
4177789
4179464
4185609
4186531
4186989
4187020
4188821
4190550
4191406
4191563
4191569
4205009
4207463
4213256
4214353
4216636
4218435
4226331
4232975
4239358
4240586
4245148
4248334
4254190
4256036
4258204
4262292
4265595
4268106
4281575
4283156
4285024
4285811
4286119
4291722
4300561
4301107
4302482
4303418
4303905
4305679
4309022
4310753
4323274
4323442
4324924
4325341
4330688
4330826
4332741
4337616
4338213
4341806
4342330
4350504
4350963
4356664
4359674
4360348
4362925
4363175
4363368
4363914
4366325
4368357
4370879
4377300
4383310
4384477
4386641
4388215
4392714
4401632
4414669
4419652
4425672
4426454
4429545
4431000
4434651
4434748
4451119
4454455
4455775
4472058
4481443
4481554
4482552
4484949
4486383
4487717
4493757
4494386
4497302
4498328
4498502
4511514
4513863
4518328
4523170
4537546
4537843
4540120
4540736
4542456
4545350
4547149
4553031
4556050
4556491
4561981
4562138
4562810
4569456
4569968
4571300
4573680
4576402
4576545
4577214
4585165
4585995
4586981
4587531
4589364
4591795
4599377
4606890
4608397
4610809
4624605
4624850
4625186
4631983
4632000
4632564
4635780
4636397
4637261
4639123
4640654
4644631
4648765
4649723
4651560
4651927
4653611
4655552
4658385
4659538
4661679
4668014
4683316
4694163
4700232
4703652
4704737
4713479
4714320
4722848
4729836
4736226
4737514
4739919
4741969
4751746
4755196
4756205
4757704
4758547
4759836
4761652
4762885
4766276
4766340
4771884
4773110
4776031
4778627
4780173
4780498
4780545
4782635
4783203
4783233
4786068
4799984
4800800
4805868
4807312
4810162
4812777
4814406
4818808
4821400
4823843
4825057
4829422
4830428
4832369
4833000
4833143
4834464
4834638
4835717
4837657
4838441
4843171
4845205
4849384
4858071
4859374
4860532
4862061
4862098
4864359
4868848
4868909
4870541
4870945
4872428
4876165
4877095
4878059
4878645
4882244
4883008
4884667
4888900
4890560
4894339
4899346
4900832
4904372
4907115
4915589
4917002
4922497
4923675
4924361
4927941
4932106
4933271
4934312
4945458
4950045
4951029
4953486
4956353
4959937
4962130
4966131
4968151
4970059
4973745
4973787
4975700
4976246
4976824
4979253
4984823
4996739
4996959
4999535
5001471
5002725
5010983
5015565
5016369
5018188
5021264
5022232
5023493
5023571
5024166
5025279
5031108
5033300
5033539
5041679
5042867
5043275
5046594
5047113
5049843
5050206
5051747
5054299
5055270
5059891
5070976
5072362
5075801
5078017
5080125
5082552
5084098
5097393
5097485
5098809
5105691
5108863
5109373
5109929
5109932
5111756
5111913
5115941
5117512
5122668
5128873
5129193
5131277
5134485
5136500
5137354
5137585
5139249
5143770
5145455
5146827
5160774
5163736
5167310
5167693
5168261
5171026
5175961
5180064
5187960
5188608
5191572
5200055
5200523
5211317
5214021
5214456
5216430
5216611
5217904
5221539
5224258
5224388
5224886
5235099
5245154
5247821
5248951
5251045
5257669
5265791
5270169
5271710
5276904
5283947
5286281
5292115
5295042
5301298
5306618
5308606
5315325
5317193
5318885
5320892
5328733
5336600
5341341
5349817
5350380
5350928
5353637
5353944
5356086
5366495
5370410
5376714
5379840
5380492
5380636
5383360
5387925
5388615
5393225
5406749
5409452
5409988
5410827
5415647
5426435
5427845
5430006
5438998
5443273
5446594
5456834
5457877
5458055
5459543
5461638
5464758
5465110
5465283
5465573
5465697
5466980
5474580
5474586
5476651
5485338
5499109
5505939
5506563
5507947
5510019
5513960
5514170
5515131
5515241
5516584
5517478
5518228
5518624
5519678
5521102
5531964
5536591
5537094
5537870
5556449
5559848
5569453
5571701
5572352
5573680
5576605
5577836
5584332
5584977
5592925
5599649
5600062
5601468
5602194
5608676
5610689
5611596
5614771
5615515
5617492
5619909
5624978
5625623
5626758
5626884
5628229
5640640
5641493
5643617
5643908
5644705
5647832
5649039
5650153
5651723
5653366
5656514
5660760
5669349
5669801
5674396
5675967
5678240
5679870
5681930
5686370
5689260
5690313
5692254
5693926
5698549
5699847
5702629
5706712
5707513
5709175
5710785
5711160
5712243
5712662
5717495
5725276
5729785
5730548
5733798
5734757
5737112
5739798
5740940
5747373
5748359
5750235
5762391
5763785
5765892
5773044
5773382
5775476
5777425
5784537
5788368
5788662
5788960
5789639
5795875
5796340
5799009
5799830
5801704
5801848
5804030
5808314
5808429
5809360
5812888
5819522
5821900
5828316
5837347
5849065
5849602
5850005
5850861
5853867
5857757
5859261
5859286
5864266
5867485
5870518
5872831
5874199
5876313
5877227
5877523
5878632
5878787
5878989
5880311
5881560
5884170
5895802
5896882
5903972
5909249
5909578
5912802
5913046
5915796
5925536
5927130
5936611
5940284
5942625
5943003
5943877
5945635
5947329
5951277
5951314
5956898
5957806
5959294
5971102
5971228
5973817
5974208
5974586
5981155
5989863
5991554
5992379
5993145
5997931
5999156
6004634
6008716
6010013
6012500
6013833
6017351
6019362
6019629
6020575
6024153
6025649
6026826
6027377
6028576
6033989
6039054
6040377
6041531
6051115
6053005
6055760
6057773
6058975
6060673
6062224
6062666
6063096
6064415
6066506
6068300
6070075
6078599
6081098
6084544
6085818
6086071
6086364
6092984
6096468
6096669
6099709
6109975
6115417
6122464
6123907
6125215
6126963
6131044
6134798
6135040
6140120
6141068
6141767
6142843
6143389
6143611
6145172
6148349
6149977
6151027
6151457
6152315
6154687
6155165
6157962
6159222
6160103
6161414
6162904
6164009
6167079
6171554
6171654
6173004
6180848
6190208
6190557
6191234
6201150
6204488
6207370
6210424
6210491
6211919
6213795
6214898
6215642
6221017
6222280
6224311
6225105
6228376
6233181
6235140
6240284
6242118
6246151
6246655
6252361
6254949
6260424
6261024
6261158
6261867
6263571
6264606
6265337
6266363
6269983
6273651
6276056
6280846
6284853
6286338
6290420
6290560
6293322
6293715
6294167
6299126
6299450
6301281
6302930
6304166
6308809
6314447
6315588
6317084
6318714
6320636
6321505
6322475
6323664
6327359
6332879
6335110
6345511
6345568
6345789
6347139
6359351
6359509
6360808
6361004
6364739
6367844
6368602
6370197
6370895
6373295
6376490
6385591
6393473
6402970
6403317
6404912
6408199
6411058
6411232
6413013
6413588
6413773
6416060
6422035
6430258
6434273
6441509
6442459
6442816
6447941
6449358
6449542
6459080
6459151
6460522
6462417
6465206
6467048
6468147
6472701
6477219
6480996
6481392
6483091
6485173
6486175
6487201
6489156
6494600
6501423
6506519
6507840
6510671
6513278
6518820
6521168
6522438
6524480
6524944
6525181
6526570
6528130
6534532
6542556
6543438
6546766
6548989
6555188
6555405
6566672
6569950
6570630
6576774
6581872
6583361
6584956
6585893
6586388
6586891
6588318
6589247
6590596
6591646
6594374
6597805
6599305
6601245
6601585
6604221
6610657
6612281
6615392
6617084
6619741
6621973
6623708
6626336
6633007
6635082
6635116
6635736
6637094
6643297
6643953
6645916
6648185
6649141
6650208
6653275
6656852
6661053
6662076
6663008
6663120
6665470
6667935
6668351
6677006
6679612
6685013
6686597
6695243
6702153
6702250
6703621
6706282
6711730
6715980
6716021
6720150
6720241
6724320
6728038
6728282
6731312
6732560
6739948
6741063
6741249
6746082
6752343
6755940
6757677
6758755
6763684
6771478
6773590
6778778
6787616
6788209
6788516
6788577
6789477
6791854
6794095
6796021
6796820
6796874
6797760
6800453
6802629
6804430
6808564
6815676
6818086
6819912
6821474
6824545
6825003
6827511
6829470
6830846
6843169
6844149
6846773
6852085
6856061
6856924
6857097
6859474
6860543
6860949
6863231
6872254
6875482
6877088
6877496
6878277
6878363
6888654
6890391
6893430
6895095
6901431
6903085
6903530
6912908
6916524
6916685
6917233
6917828
6920482
6924937
6925289
6925417
6931569
6937887
6938745
6943641
6944265
6946060
6946176
6948452
6948680
6950689
6955855
6957621
6958631
6962666
6965509
6967417
6968311
6969811
6973137
6982087
6983976
6984058
6986674
6989960
6990245
6997021
7005678
7007145
7011487
7013831
7025385
7030991
7034268
7034472
7040606
7042406
7045196
7050585
7054445
7059495
7063603
7066903
7068306
7074367
7076194
7085625
7085731
7087263
7090575
7096938
7098788
7104591
7105979
7107234
7112523
7116049
7125076
7130234
7135475
7137519
7139888
7143789
7144831
7144979
7146142
7147955
7148724
7150693
7151243
7154032
7158164
7160147
7160444
7163230
7168477
7184884
7191723
7193453
7198825
7199685
7200302
7202450
7204472
7204708
7206537
7206582
7210287
7212345
7213912
7219610
7222072
7223845
7234925
7235044
7239691
7247752
7256401
7259691
7259941
7262026
7263307
7268495
7272682
7274549
7275430
7277551
7280833
7281371
7281593
7286703
7292302
7293512
7294760
7297411
7300997
7301880
7306570
7308618
7309134
7325751
7328805
7331178
7335269
7338386
7339929
7347286
7350031
7351393
7362364
7364755
7370002
7372888
7376560
7380308
7383840
7384163
7385466
7386942
7390991
7391727
7396850
7397619
7406114
7408547
7412480
7415233
7416088
7418108
7422093
7422725
7427141
7427236
7429292
7434848
7438169
7440370
7443043
7443133
7443443
7444161
7449550
7451048
7457299
7458369
7470963
7476030
7480120
7483652
7486419
7487147
7487448
7488899
7493772
7496814
7497916
7499877
7502126
7508278
7511246
7514166
7521064
7523589
7524201
7529021
7530089
7534249
7534897
7535016
7542392
7544481
7545148
7546206
7546395
7546967
7548928
7550667
7551160
7552219
7552324
7552748
7559741
7559972
7564108
7565595
7575576
7576514
7579211
7581975
7589615
7590683
7592531
7593815
7599434
7600262
7601923
7602412
7607319
7607887
7608194
7609043
7609143
7612172
7613354
7614804
7615301
7622825
7624812
7625085
7625446
7625870
7626980
7629474
7639989
7646879
7649091
7652916
7658183
7659587
7659913
7661024
7661829
7663104
7672950
7686444
7691445
7692025
7692925
7695926
7698700
7706060
7706723
7709695
7710208
7711193
7711743
7712252
7712819
7714795
7715302
7721406
7721841
7724423
7729696
7729956
7731320
7741575
7745013
7751379
7753672
7755193
7756550
7768118
7768486
7771774
7774927
7779956
7780330
7782564
7782783
7784054
7786377
7787890
7792372
7792862
7794544
7796271
7800983
7802350
7809644
7812564
7813554
7815702
7819514
7819838
7819971
7820022
7826443
7827980
7832241
7837456
7841458
7843448
7844781
7845648
7845794
7850588
7857917
7858195
7863024
7867950
7884419
7886624
7888002
7888075
7894516
7898029
7917449
7918818
7920386
7921098
7922892
7923123
7923794
7925137
7927807
7932314
7935928
7936551
7936600
7936970
7949202
7949468
7951431
7952510
7952954
7957751
7958260
7959355
7960967
7962860
7966743
7970953
7977816
7979188
7984955
7985858
7986826
7986953
8001081
8013640
8014762
8019028
8030346
8032754
8038455
8047807
8051880
8052355
8052519
8052936
8053628
8056249
8057019
8058026
8060531
8062626
8063502
8063668
8070151
8070779
8070852
8071423
8076793
8079019
8080197
8080427
8080774
8081728
8082999
8083711
8084193
8085270
8088570
8091114
8094619
8095021
8096618
8098283
8101671
8103491
8109231
8109344
8111571
8115717
8118431
8120311
8127171
8130506
8131564
8132550
8132628
8135401
8138491
8140869
8141184
8142085
8142229
8151867
8155456
8158482
8160085
8160341
8161130
8161151
8173002
8173883
8182237
8184780
8184847
8188396
8188876
8191515
8196317
8202871
8206943
8211488
8213039
8225317
8227189
8232310
8238367
8238670
8240660
8243678
8243807
8248981
8250441
8253278
8261067
8263980
8264018
8274090
8274709
8277225
8279730
8283716
8291713
8291891
8292415
8295737
8298133
8300167
8300890
8304157
8304487
8306620
8309142
8309402
8311434
8312946
8315412
8319759
8320877
8327511
8327918
8330228
8342542
8348032
8348199
8350393
8352387
8354106
8357575
8359590
8363679
8370926
8371532
8372183
8372875
8379717
8380474
8382349
8383557
8392159
8394037
8396261
8396276
8400806
8402900
8402960
8403624
8407963
8414975
8415319
8415964
8419915
8420418
8421920
8426568
8428190
8428985
8429212
8430195
8435456
8437139
8440936
8441389
8441438
8442212
8442669
8443515
8444359
8445057
8452543
8452929
8453455
8455160
8458222
8471156
8473389
8475706
8477048
8479150
8484856
8493956
8494325
8494344
8494579
8502541
8502778
8509475
8514619
8515844
8516721
8519031
8526384
8527345
8531260
8534863
8537242
8537449
8537549
8540592
8548827
8558851
8562557
8563653
8566869
8572236
8578603
8578831
8580998
8583021
8584022
8584059
8588585
8592248
8604625
8605986
8607049
8609031
8611098
8612130
8613559
8620197
8621229
8621991
8622331
8623296
8627331
8636136
8636245
8639278
8641279
8644552
8651956
8652746
8655058
8655515
8659576
8665238
8666344
8674577
8682513
8682941
8687039
8689556
8692218
8695276
8695626
8701853
8703658
8708284
8711465
8711725
8713241
8717261
8718462
8718745
8721637
8723621
8725691
8726451
8737468
8738690
8739216
8740311
8740739
8742898
8743383
8744056
8745746
8745859
8748303
8753371
8753861
8756855
8761352
8764126
8765731
8767527
8784076
8791407
8792043
8797484
8801591
8805056
8812924
8819467
8821405
8822010
8823969
8825633
8828182
8829373
8829428
8830656
8830672
8832501
8832988
8833819
8834400
8834515
8835919
8837116
8847017
8847050
8848837
8851033
8856814
8862876
8863139
8866411
8868247
8868441
8869691
8870869
8871009
8874212
8874810
8876033
8878794
8880844
8883770
8885185
8889335
8891197
8893572
8893637
8893721
8894199
8895423
8901017
8903971
8905087
8906038
8909244
8911113
8919745
8919904
8924854
8925376
8932491
8936265
8936486
8936560
8947642
8953747
8954081
8959374
8959653
8962158
8963513
8963568
8964379
8967943
8969374
8969520
8970448
8974927
8980849
8981371
8982607
8984630
8987668
8989669
8993423
8996515
8996538
8998147
8999288
9001760
9004354
9004605
9004845
9006443
9007231
9017796
9019991
9020771
9021095
9026518
9029096
9031643
9033005
9039621
9040764
9041080
9043820
9046094
9049801
9050363
9051264
9053469
9055331
9056639
9059337
9062384
9068376
9070003
9070860
9071843
9076868
9077373
9080086
9081020
9088304
9089655
9089997
9091314
9091758
9092278
9097866
9098118
9102310
9103525
9108780
9109375
9111054
9111808
9115997
9117422
9124178
9125110
9125165
9131235
9131853
9139693
9142547
9145619
9153626
9158710
9160112
9162055
9163264
9167368
9174291
9174924
9178415
9183161
9190728
9192608
9193129
9193613
9194735
9195879
9200409
9207290
9210854
9211243
9214273
9214890
9215528
9218987
9220178
9220967
9226781
9227547
9227996
9228312
9228688
9234864
9235740
9238746
9243493
9244608
9253761
9255578
9255723
9257483
9265913
9267144
9267355
9277169
9300174
9301289
9302323
9303710
9304994
9305715
9307371
9314194
9318427
9318441
9322852
9324102
9324665
9326283
9333200
9334388
9338082
9340892
9343595
9346745
9347605
9348089
9353247
9353566
9360963
9367518
9372490
9378406
9381820
9382149
9382291
9382374
9384150
9384615
9386252
9386629
9389822
9391243
9394461
9395328
9397401
9397453
9398477
9404389
9406460
9408548
9408710
9415074
9418247
9422268
9426753
9430217
9431749
9432681
9434704
9434995
9438645
9450188
9450756
9450838
9460919
9474692
9480624
9483035
9483908
9484817
9486306
9488049
9492841
9494166
9497582
9498819
9501561
9504635
9507498
9508177
9508290
9511285
9511628
9511881
9516404
9517624
9521635
9523877
9527882
9530275
9530415
9530764
9531182
9531371
9531679
9532045
9532875
9535301
9537600
9540960
9545539
9546224
9549059
9552749
9557399
9558601
9559539
9560420
9568950
9573885
9574671
9582619
9587460
9594318
9595759
9599247
9602144
9612112
9617116
9625964
9626280
9626893
9627151
9628323
9628354
9629382
9631026
9636053
9642259
9652566
9660223
9664815
9669309
9673608
9673926
9683396
9683848
9698237
9702737
9709687
9712596
9714883
9716646
9718639
9720566
9722434
9728209
9730087
9731029
9731146
9731319
9731891
9733158
9738214
9738956
9739016
9744796
9744811
9756005
9759008
9763719
9763838
9764971
9767403
9768453
9775630
9775888
9785370
9790783
9804078
9804771
9808776
9809443
9810731
9814060
9820792
9824803
9831581
9833292
9835648
9845325
9846903
9850383
9853674
9865377
9867349
9868758
9869430
9869996
9870084
9879215
9885756
9885873
9888669
9901908
9903873
9905927
9924176
9928419
9932191
9935297
9937971
9945838
9946637
9948757
9954635
9954663
9956491
9959043
9965019
9967768
9969844
9970489
9970650
9980199
9985682
9990650
9994111
9997683
10009513
10023264
10023515
10024873
10025015
10026154
10027821
10027933
10030764
10035055
10036085
10036164
10040733
10041301
10046406
10051304
10060734
10065994
10067425
10072502
10073628
10082013
10083011
10085451
10087072
10094965
10098299
10101744
10104798
10107308
10107595
10111145
10113584
10113710
10114091
10114245
10119336
10119935
10122124
10122770
10123385
10127199
10140503
10142153
10142509
10146865
10147124
10150469
10150939
10156424
10164155
10173198
10177811
10181946
10185272
10185687
10186875
10189453
10191340
10196430
10200257
10203232
10210441
10211232
10211381
10213817
10229727
10239454
10240844
10241876
10247837
10252777
10255380
10257452
10260658
10264599
10265176
10267808
10267840
10267842
10268691
10273661
10274734
10275021
10275378
10284538
10284702
10287386
10290921
10294329
10294857
10295770
10299096
10299731
10300431
10300563
10306506
10307825
10309366
10311597
10311809
10323693
10326157
10337242
10340550
10340934
10341199
10341454
10341825
10346608
10354408
10357385
10358777
10362941
10384862
10387593
10387713
10387962
10388090
10390419
10393277
10394410
10394824
10395483
10398157
10398493
10402900
10403088
10405255
10408604
10410419
10415144
10417489
10421617
10427049
10428269
10433013
10433308
10435947
10438297
10438915
10441046
10443172
10443668
10445967
10453775
10453803
10454616
10456508
10456995
10458960
10461195
10462672
10464889
10464933
10474783
10477014
10479643
10488331
10490189
10490687
10491407
10491714
10491978
10492626
10496557
10498863
10505561
10507407
10507628
10508090
10508146
10510236
10510954
10511318
10513535
10514036
10515562
10525283
10526987
10531657
10537436
10545049
10551089
10552205
10555155
10555820
10560293
10561291
10564504
10564871
10564906
10565655
10571644
10571720
10573764
10574137
10574448
10575349
10590897
10592694
10594813
10604269
10605623
10607941
10608462
10613163
10617276
10617467
10618029
10621593
10621844
10625365
10628689
10631798
10637293
10637473
10638080
10641414
10657289
10657919
10658721
10661656
10664408
10667104
10667297
10668295
10673344
10674574
10674695
10675326
10678286
10679252
10687645
10689320
10694079
10695562
10700358
10703021
10703898
10712252
10713130
10717840
10720917
10721087
10733521
10738991
10741110
10744126
10746630
10750431
10752757
10758714
10760951
10772346
10776796
10788122
10790273
10790882
10793226
10793432
10801346
10808429
10811823
10811853
10812850
10815211
10819625
10822424
10823879
10825480
10826753
10830215
10831436
10837399
10840556
10840739
10840887
10846994
10847458
10850790
10851586
10851704
10856506
10858091
10872769
10873653
10875188
10876668
10877394
10880402
10885830
10890452
10892377
10894871
10904237
10908719
10908831
10909861
10918725
10922401
10923555
10927813
10937474
10938582
10940074
10943329
10945214
10949219
10950826
10951577
10951680
10956134
10959384
10960205
10962750
10967209
10968720
10972088
10976472
10988412
10990810
10991211
10992160
10993431
10994550
10995531
11007311
11008822
11012337
11015775
11016624
11020989
11021576
11021943
11023302
11028896
11032843
11035981
11036054
11038938
11039005
11041319
11043324
11049101
11051646
11052095
11052958
11053142
11054695
11061353
11068560
11075827
11077308
11082619
11084746
11086393
11088443
11099642
11100542
11101244
11106270
11106972
11111626
11113864
11122932
11123879
11132746
11133580
11141592
11142303
11143466
11146506
11147366
11150969
11155766
11156848
11157090
11158023
11160242
11169656
11169678
11170714
11171591
11177642
11178300
11183058
11187419
11188403
11188518
11197618
11198613
11212222
11213441
11216217
11225837
11228518
11229256
11230939
11231152
11236025
11236517
11236636
11239185
11242018
11243616
11244694
11248332
11250697
11252421
11255251
11262136
11262599
11269571
11274185
11276876
11277989
11278726
11279603
11279887
11283019
11285678
11289360
11289495
11289941
11291127
11291721
11293162
11297292
11310249
11313539
11314135
11320045
11324539
11329092
11331643
11336046
11339515
11339547
11341076
11341518
11348191
11350106
11350827
11352143
11353523
11362577
11372878
11377216
11378990
11379237
11379526
11380914
11383504
11385211
11385356
11387526
11388646
11388833
11389602
11395334
11397479
11398445
11399036
11399084
11400506
11402393
11410149
11410647
11413019
11416373
11417515
11426375
11429498
11430810
11433889
11435557
11439356
11439898
11440081
11440472
11449033
11450932
11456425
11457357
11462103
11462497
11464287
11471548
11474879
11477990
11481571
11486272
11486417
11488367
11488632
11489998
11490946
11491272
11497362
11500084
11500217
11502163
11502773
11503759
11504592
11505600
11506708
11509797
11510669
11510918
11512497
11517865
11517942
11520572
11522501
11526214
11530226
11531503
11532829
11538380
11539191
11543077
11544144
11544959
11553623
11558470
11560122
11563191
11566790
11567718
11568489
11571439
11574862
11576322
11579358
11583166
11583729
11599347
11599612
11600630
11607383
11611249
11611374
11614415
11614441
11615908
11615932
11624881
11625988
11628520
11629042
11636359
11642439
11643367
11643383
11647276
11653313
11654261
11655287
11660263
11662375
11662998
11664610
11665037
11675388
11681481
11685366
11688193
11691696
11693555
11701651
11701944
11703085
11703948
11710602
11712547
11714298
11714928
11715663
11715961
11720745
11722988
11727622
11727690
11731973
11739372
11741433
11747994
11750687
11753592
11756505
11767604
11768763
11768782
11772204
11775434
11776849
11784010
11784937
11794427
11798762
11800658
11808034
11808747
11812274
11813699
11816494
11817214
11819453
11824389
11828553
11831140
11833420
11836558
11837197
11840196
11840437
11841745
11842714
11843304
11843806
11843959
11846585
11847053
11848802
11849906
11851145
11852682
11858369
11863747
11865069
11866379
11867983
11871764
11874247
11876972
11881305
11885938
11885992
11886007
11886308
11892536
11908288
11908923
11909595
11915408
11916620
11922937
11933709
11938762
11942049
11942964
11943125
11943213
11944269
11950521
11953148
11958245
11958385
11960456
11964382
11968445
11978694
11979651
11984120
11990018
11990863
11996107
11999435
11999649
12000228
12001312
12002342
12003560
12016831
12020370
12022346
12024227
12028513
12037354
12037436
12037602
12049493
12051601
12052202
12055564
12059429
12059516
12059727
12064573
12066105
12071119
12072576
12073078
12078643
12079071
12082409
12085345
12089038
12090830
12091451
12093121
12093165
12093741
12097652
12099231
12102830
12111319
12117350
12119651
12123110
12123840
12125783
12129102
12132556
12132941
12136534
12137114
12140617
12142326
12143115
12147516
12148379
12149054
12149131
12149493
12149937
12156634
12158578
12169385
12171364
12171641
12172494
12179791
12185323
12187695
12189202
12191651
12192249
12192588
12195128
12196831
12196839
12198149
12199329
12199938
12202456
12202495
12204197
12209116
12210117
12211104
12217825
12219814
12224384
12225780
12229137
12230192
12232335
12233079
12234596
12240655
12242121
12250043
12253758
12256507
12256699
12257401
12258166
12260061
12261569
12262811
12263484
12265783
12266617
12278970
12282544
12285761
12286711
12287334
12287585
12299089
12303489
12304816
12310393
12311189
12311535
12315138
12315920
12317800
12320916
12321022
12321824
12323218
12323285
12329081
12339681
12339803
12345240
12349153
12349560
12352058
12354890
12354938
12365929
12371157
12371782
12373413
12374867
12375501
12381104
12384007
12389978
12394693
12394783
12397520
12399879
12401106
12403085
12403342
12410735
12416602
12420514
12427892
12430030
12430873
12439429
12441614
12442999
12443850
12448569
12455610
12460206
12461976
12466333
12469846
12472376
12478581
12481310
12482043
12483681
12490112
12490117
12497117
12505278
12505758
12506548
12511533
12512451
12513434
12514246
12517444
12520039
12523543
12524137
12529788
12533043
12534536
12536183
12537995
12540026
12548873
12549021
12555381
12561148
12564084
12567638
12573994
12574829
12580248
12583753
12588743
12590451
12592371
12599227
12605189
12610655
12612463
12615062
12615823
12619536
12623628
12627956
12630815
12631069
12633052
12634925
12635677
12637097
12637751
12639776
12642212
12646936
12653150
12654873
12657640
12659267
12660499
12663078
12664827
12666851
12676434
12681755
12687576
12689815
12689941
12696285
12699481
12707955
12710924
12711307
12712207
12716336
12716466
12722140
12724703
12724982
12726118
12726938
12730407
12732114
12732400
12733221
12733956
12738554
12742166
12743706
12760568
12772788
12775916
12777519
12781986
12782947
12790915
12793606
12800833
12805298
12807266
12809815
12811010
12812399
12812442
12813168
12813247
12814304
12818089
12820559
12820850
12827781
12830494
12831463
12836030
12836491
12843988
12846650
12849705
12852588
12853553
12855298
12856032
12861469
12870116
12870799
12872137
12873553
12875034
12880961
12881297
12882378
12885871
12886186
12889751
12894313
12903028
12904885
12905523
12916535
12918713
12920608
12921325
12926736
12927108
12930214
12933757
12940189
12942240
12944068
12944980
12947722
12949480
12953950
12960103
12960143
12961604
12963223
12965858
12967992
12970159
12974566
12974773
12978809
12978993
12979964
12980170
12981794
12987735
12990819
12991667
12991911
12992981
12993655
12994471
12999507
13001926
13002561
13006821
13015763
13034058
13034603
13035755
13039992
13040402
13040838
13047896
13052701
13058229
13060407
13060490
13063007
13065028
13068028
13068854
13071277
13072056
13072305
13074662
13074786
13077346
13080371
13082302
13086467
13095373
13097984
13097999
13099551
13112814
13115126
13118470
13118546
13118728
13120096
13123499
13136351
13138498
13141767
13146060
13146347
13146630
13150862
13153317
13153907
13160084
13161067
13161242
13162378
13163067
13165713
13166243
13167891
13173743
13180777
13186618
13187950
13188868
13189755
13192876
13193693
13209288
13212272
13215794
13219462
13226672
13227173
13231496
13232347
13237163
13245096
13255907
13256073
13258295
13259059
13261952
13264605
13269080
13269313
13272394
13272760
13273785
13287874
13289912
13292611
13293031
13295339
13300917
13300979
13301868
13304620
13312434
13316662
13319185
13323480
13325814
13326102
13327229
13331550
13337386
13338123
13340061
13340389
13340807
13341581
13342146
13342980
13344929
13345226
13345364
13345622
13347034
13351559
13352789
13353062
13359556
13362444
13364757
13365287
13368835
13370690
13371405
13371507
13375702
13379702
13379934
13380414
13380609
13410755
13413158
13418890
13418945
13423398
13424281
13428072
13428292
13430105
13432350
13442003
13444170
13447345
13450099
13453822
13457333
13457561
13459852
13460698
13466712
13469034
13470497
13471961
13479709
13482230
13483409
13484683
13486032
13496165
13497518
13502497
13505795
13508207
13509745
13511202
13513119
13513571
13517709
13519615
13519954
13527523
13528093
13528170
13528704
13528717
13532900
13547833
13550283
13552680
13557597
13557643
13560771
13563379
13566990
13569300
13569803
13571423
13571440
13574963
13577396
13582358
13586387
13586598
13586755
13593050
13594177
13595437
13598900
13606517
13608391
13610115
13615851
13619988
13625890
13627472
13629865
13632453
13635865
13637199
13637912
13638646
13640244
13640957
13641048
13641468
13643720
13644749
13645013
13646311
13653361
13655776
13659094
13671646
13674489
13680094
13681239
13682844
13684435
13684591
13688490
13690880
13697757
13698412
13703406
13705127
13706069
13706169
13707500
13712232
13712500
13713195
13717980
13719349
13730345
13730834
13731613
13732541
13733196
13736905
13741385
13743768
13747843
13753368
13755289
13756308
13760041
13763756
13763935
13765331
13765416
13769919
13770719
13774893
13775552
13778263
13778945
13779520
13787517
13788162
13794411
13799598
13801385
13803944
13808255
13809523
13809795
13812543
13812600
13812871
13813979
13814010
13821162
13822446
13823010
13823385
13829366
13835530
13850311
13852011
13855087
13858349
13859862
13860010
13862790
13874748
13876702
13879225
13881286
13885841
13893838
13896782
13897587
13906393
13906457
13909907
13912038
13913760
13914263
13923100
13932346
13937924
13945939
13948734
13951652
13951941
13952650
13954728
13956829
13958238
13962659
13963261
13967540
13969072
13974050
13982423
13982515
13984419
13985719
13991821
13992523
13993772
13995117
13996308
13997365
13999744
14000244
14000260
14001644
14005761
14012779
14015332
14016716
14017671
14024146
14025149
14029226
14037037
14037912
14038105
14040793
14042204
14043126
14044918
14045404
14046374
14046652
14050711
14052617
14062464
14063129
14063510
14064289
14071441
14072836
14074979
14079789
14079879
14084706
14087514
14088239
14089794
14090270
14092185
14094751
14098740
14099822
14101092
14105299
14112187
14114287
14118525
14120783
14123963
14124601
14129216
14131297
14132051
14133053
14134760
14135150
14140519
14151750
14152234
14160908
14166344
14167587
14171081
14173098
14173250
14174259
14177615
14178781
14179007
14191161
14192948
14193620
14193829
14194668
14197269
14198844
14200808
14201157
14203351
14205611
14213118
14213123
14215827
14221623
14223354
14224074
14233511
14238266
14242137
14243231
14243553
14246258
14250239
14252662
14253348
14255632
14256602
14262738
14262750
14263123
14266620
14268469
14268719
14269644
14270692
14274998
14279850
14282258
14286548
14288103
14288281
14289082
14298100
14300882
14305062
14312433
14322418
14323372
14323780
14326824
14327664
14331760
14333876
14335285
14342648
14344363
14345023
14346970
14348742
14359119
14364627
14365439
14369302
14371076
14374957
14377441
14380419
14387006
14391382
14391696
14395854
14405345
14410873
14415010
14422849
14426763
14428206
14431084
14436406
14436428
14441040
14441352
14441949
14444475
14444956
14448484
14468608
14488547
14491309
14496038
14500285
14502723
14502832
14505766
14512219
14533148
14536399
14541002
14541052
14541784
14543314
14543781
14548821
14557172
14566993
14567190
14567308
14570679
14574382
14574526
14576897
14578144
14579629
14587675
14589212
14594117
14596469
14597568
14598003
14598583
14599201
14599449
14600879
14612406
14613033
14616605
14623446
14625714
14626232
14630956
14634840
14636398
14640915
14642733
14645102
14646064
14650727
14651133
14652773
14663019
14667300
14667920
14667990
14675645
14689635
14694327
14698247
14702062
14717331
14730805
14731090
14740212
14743893
14746523
14747292
14747611
14748249
14748449
14753057
14753100
14759141
14760228
14760684
14769721
14774018
14775060
14779483
14780902
14782066
14782917
14784574
14786551
14798475
14799758
14803030
14805824
14806656
14809180
14813840
14813874
14815595
14821244
14824538
14826164
14826912
14833622
14835534
14835781
14836903
14837172
14837801
14838090
14839082
14839620
14840609
14841070
14842351
14843092
14846930
14852442
14854867
14855516
14858296
14861720
14867103
14867764
14869260
14869263
14872107
14875731
14876381
14877121
14879574
14881661
14882218
14882645
14884857
14885259
14886503
14891452
14896699
14898372
14901818
14903459
14904254
14906745
14907163
14910205
14911439
14916084
14921780
14925494
14929561
14934056
14940466
14941384
14943315
14946029
14946928
14948118
14948475
14952875
14953024
14953543
14954892
14968828
14976073
14980947
14981687
14991207
14991373
14996572
15003448
15014659
15018131
15020771
15021067
15025109
15028759
15029357
15030210
15034398
15038259
15044271
15054241
15055378
15056814
15066203
15069146
15074944
15077185
15087274
15087277
15088694
15089551
15090511
15092490
15093484
15096379
15101835
15106826
15107568
15112477
15113118
15116103
15116810
15120282
15121882
15126566
15132513
15139649
15149433
15151387
15155417
15156742
15164119
15164687
15179291
15183698
15193114
15195973
15200550
15202066
15205265
15209336
15214332
15216265
15218094
15218491
15220269
15222735
15223176
15223487
15223749
15227379
15227921
15230242
15237413
15239864
15254314
15255317
15263112
15268194
15268654
15272905
15273395
15276972
15287853
15289043
15290965
15291095
15291786
15293730
15294481
15294950
15297093
15301590
15301894
15302619
15302688
15304017
15306293
15313400
15314889
15323446
15324216
15327654
15328722
15329018
15339931
15344187
15345183
15348504
15358078
15358163
15359641
15360168
15366317
15369574
15371479
15375533
15380453
15382578
15386383
15387932
15392595
15394647
15397141
15398238
15398872
15401687
15404229
15405788
15415102
15416775
15417167
15417883
15419696
15420754
15423591
15425803
15427820
15429490
15430441
15432084
15432582
15433153
15434135
15435966
15438305
15439084
15442787
15448805
15455920
15455969
15456186
15458092
15459572
15466678
15469091
15471727
15477080
15480785
15481629
15484018
15486184
15488596
15489449
15493685
15494857
15498087
15500618
15506276
15510774
15514348
15518453
15519371
15523911
15524643
15527942
15529218
15529729
15530087
15531094
15537058
15540659
15549688
15550070
15551987
15566831
15567336
15569508
15575093
15575370
15575940
15577425
15578180
15578238
15578651
15583384
15586952
15587269
15594786
15597540
15599356
15602860
15604852
15614318
15615811
15616728
15619631
15628706
15631881
15631962
15634568
15637401
15641193
15648587
15649603
15653016
15654994
15661850
15662347
15663366
15663621
15680095
15683388
15690452
15692935
15693162
15693432
15699471
15702642
15710478
15711373
15712601
15715786
15716054
15718775
15719013
15721288
15721498
15724822
15732612
15732771
15735499
15738921
15741265
15742949
15746220
15746785
15748198
15752254
15752686
15759836
15762442
15763764
15764106
15764271
15775287
15775349
15776686
15784860
15785595
15786436
15787881
15809102
15817378
15817993
15818286
15831786
15833098
15834950
15836525
15837744
15843208
15844943
15847828
15852330
15855734
15856006
15858333
15859086
15866059
15866909
15869809
15880784
15882983
15883038
15891040
15893522
15893850
15899790
15902235
15904539
15909049
15918607
15923110
15923809
15925967
15926709
15929683
15934218
15943683
15944547
15946220
15947531
15961740
15963300
15967585
15969246
15969547
15970450
15971542
15979551
15997455
15998520
16002080
16003282
16005073
16008746
16013408
16013887
16018576
16019467
16026069
16038081
16041595
16042060
16042851
16047266
16050612
16053192
16053405
16056901
16057437
16063681
16064042
16067267
16068096
16071761
16073273
16086052
16086072
16090472
16091485
16094569
16099645
16101895
16102197
16103778
16107520
16111953
16116634
16117271
16119358
16119442
16122210
16126612
16128566
16129729
16135416
16140650
16141141
16151932
16154113
16156439
16156876
16157047
16158600
16159436
16166584
16166712
16168207
16175545
16181894
16186776
16190782
16201315
16206168
16207208
16208401
16209029
16210405
16211804
16213280
16213325
16220475
16224104
16226216
16227681
16232096
16233114
16233370
16234865
16238794
16245702
16248832
16250228
16252479
16255648
16256672
16260099
16260798
16262407
16266905
16283461
16285270
16286416
16286833
16287482
16287586
16291014
16300719
16302663
16309733
16317566
16322390
16323564
16333700
16334837
16336951
16343234
16343361
16344985
16345045
16345737
16346271
16346580
16349199
16350543
16354049
16354871
16356271
16356872
16365231
16365765
16369140
16371813
16372846
16373041
16373796
16373892
16374725
16378924
16379383
16380450
16384939
16385352
16388038
16398575
16400258
16400921
16402058
16405010
16407778
16410584
16417086
16422170
16430917
16432377
16439802
16439964
16441727
16442482
16442563
16443223
16445386
16447121
16450296
16451206
16451888
16452580
16456129
16456353
16460148
16461376
16462255
16463026
16463513
16464468
16465075
16467558
16470171
16474509
16483220
16483792
16489543
16494527
16495143
16496087
16496555
16497807
16500966
16502895
16507931
16512169
16513545
16514628
16515797
16516519
16520606
16524935
16526124
16526415
16528292
16533714
16535488
16542636
16548057
16555114
16557731
16560521
16560652
16565336
16576465
16580718
16581791
16582043
16582526
16596682
16600203
16600627
16600994
16603299
16603571
16604171
16608610
16615974
16616546
16622249
16629964
16631569
16631683
16643170
16658113
16662779
16663221
16677910
16681527
16683550
16694938
16696863
16699068
16699763
16704577
16704926
16713189
16722342
16724772
16725287
16725350
16726657
16731447
16735685
16736581
16737018
16738987
16741720
16742492
16744049
16744504
16745081
16748782
16751379
16754937
16759198
16765408
16767139
16768918
16770318
16771049
16774545
16775402
16780641
16781271
16783103
16785704
16786408
16798737
16802655
16811469
16813832
16814565
16816460
16816872
16816913
16817837
16820329
16822793
16823703
16827475
16830904
16833243
16836516
16838906
16841199
16841476
16842104
16843921
16848584
16851286
16854732
16861697
16865340
16869709
16871182
16872435
16878104
16889385
16889789
16891831
16900742
16904433
16906173
16913634
16914220
16922311
16923872
16928471
16930564
16933241
16933271
16936354
16937844
16938144
16941989
16942118
16944774
16949230
16953622
16955244
16956519
16956596
16958489
16959339
16959627
16963258
16972096
16974202
16974265
16980950
16983668
16989702
16994660
16999534
17000369
17005235
17008666
17008717
17009865
17010091
17014510
17015159
17015802
17017288
17020838
17032631
17040325
17050038
17050168
17051742
17054907
17065147
17072630
17072683
17073912
17076603
17078941
17080439
17081520
17084077
17084838
17094453
17094506
17095107
17100095
17100331
17101444
17103352
17103660
17105967
17108873
17112155
17114297
17114768
17117354
17118768
17119173
17120011
17121432
17123232
17123484
17126168
17126330
17126893
17128047
17130837
17133358
17134944
17136186
17136563
17138072
17140013
17140671
17144580
17146407
17146818
17147362
17149740
17151058
17152480
17154215
17159018
17159096
17165351
17167886
17170207
17172401
17173172
17184483
17184493
17184696
17185046
17188782
17201139
17201527
17201593
17202102
17203070
17204303
17206034
17208567
17213441
17216250
17220462
17224466
17224711
17226836
17230429
17233225
17233357
17235141
17238238
17238522
17238570
17243095
17256928
17257610
17258491
17261269
17263708
17263824
17264209
17266688
17276003
17277558
17277832
17283128
17286510
17286598
17289752
17297425
17299797
17303964
17304687
17306656
17316055
17324551
17328795
17329745
17333090
17334630
17337458
17340609
17342700
17343440
17346433
17346642
17352464
17353510
17357761
17358508
17358823
17364672
17367811
17376215
17379690
17381089
17381440
17381886
17381916
17387938
17389338
17390676
17390829
17390868
17395808
17400400
17400591
17402183
17409273
17410317
17410746
17411691
17420092
17425143
17425846
17431018
17434080
17434743
17442806
17444526
17451550
17455795
17458466
17459771
17464790
17465978
17474051
17476829
17481647
17489890
17489918
17490423
17494025
17494213
17501817
17502077
17509974
17510412
17518701
17524857
17530927
17531610
17533633
17545254
17546307
17548948
17554375
17561716
17570578
17571220
17571856
17572171
17574804
17577512
17577881
17579388
17583270
17584327
17585478
17589707
17594882
17595503
17596303
17597929
17599225
17600924
17607366
17609212
17615057
17619049
17620235
17625448
17628580
17629134
17631563
17639657
17640893
17644991
17647498
17650066
17653527
17659286
17660981
17671182
17674017
17677615
17680006
17680117
17681157
17683609
17685297
17686447
17691644
17695864
17700414
17704318
17704541
17704994
17707406
17712925
17714381
17715953
17727747
17731804
17732876
17735399
17740307
17740994
17741671
17752067
17754495
17754817
17755056
17761601
17765007
17769550
17778161
17779281
17785709
17786502
17786735
17787398
17787559
17790024
17791445
17792279
17793085
17795965
17798513
17801256
17803584
17813602
17814158
17814917
17819058
17819315
17821068
17823450
17825073
17841581
17845314
17846791
17849018
17849348
17850746
17856335
17861376
17862982
17864612
17865743
17865869
17868866
17870335
17870951
17877242
17879313
17879991
17880696
17882422
17882591
17884984
17885931
17886121
17886569
17887405
17888317
17890129
17891796
17892908
17893212
17901699
17902102
17903731
17905410
17908194
17910889
17911657
17913100
17919407
17924548
17926057
17932152
17935426
17936464
17937378
17938425
17947852
17955050
17965239
17965938
17966954
17968736
17975931
17977917
17980286
17981535
17982450
17983584
17985177
17994590
17997213
17999422
18003926
18004582
18007191
18011411
18012090
18013255
18013464
18013845
18014388
18024904
18029356
18029751
18030879
18031629
18032941
18038180
18050124
18050413
18055849
18057584
18058829
18059814
18062464
18063083
18065002
18066140
18068037
18071059
18077262
18078577
18079420
18086758
18088131
18090521
18098102
18100118
18109782
18117014
18118142
18119517
18122243
18125833
18130996
18132119
18133629
18137622
18142743
18146274
18147892
18150713
18152049
18152541
18159160
18168800
18169501
18175562
18177896
18181511
18182990
18188019
18190480
18192744
18195285
18199151
18202741
18203029
18206778
18210529
18210807
18212365
18216647
18218314
18218410
18219670
18220667
18224741
18226201
18229035
18229766
18231350
18237564
18237942
18247615
18251640
18252019
18255735
18269862
18274640
18274861
18277364
18278066
18280558
18280757
18285262
18285607
18285781
18290142
18290418
18291161
18291602
18297637
18302480
18303010
18304431
18305129
18323208
18325160
18327045
18329177
18334343
18337648
18339645
18343540
18344551
18349072
18349483
18351777
18353980
18359376
18359597
18362244
18362900
18364852
18370083
18374921
18375903
18379720
18390260
18395394
18396190
18397562
18397923
18402434
18410446
18417249
18418450
18420594
18423079
18427720
18431208
18436067
18438638
18438817
18443536
18449581
18454741
18458503
18464439
18464505
18466840
18467932
18478398
18478618
18480310
18485049
18486606
18488297
18492513
18495481
18496867
18498943
18499193
18502666
18502668
18508419
18512292
18512624
18518343
18518929
18519023
18520388
18523371
18525831
18526323
18526381
18527836
18528219
18530432
18533099
18533685
18535723
18536541
18537292
18538990
18539745
18540144
18544137
18544232
18546619
18549578
18549848
18553097
18559912
18562144
18564380
18578446
18578787
18591287
18591772
18592820
18594056
18594100
18598383
18607639
18609117
18609330
18610193
18620539
18622554
18625837
18625941
18629150
18630770
18631004
18633707
18633876
18644374
18650296
18653051
18654676
18654696
18658422
18662911
18664393
18666863
18681110
18681316
18684319
18686868
18687833
18694694
18702744
18703941
18707247
18709107
18709264
18710621
18716170
18719721
18721061
18722520
18723000
18723988
18725571
18726311
18746280
18747445
18749945
18755987
18758030
18758886
18763238
18766849
18771337
18772950
18773983
18776302
18778049
18779482
18787011
18801475
18802613
18804168
18804898
18809288
18809675
18809710
18812429
18817222
18819124
18821656
18831318
18831399
18838960
18841107
18843933
18846493
18855039
18867817
18869236
18872672
18875062
18875701
18877533
18877632
18878518
18880952
18883876
18886556
18891248
18894383
18895136
18908316
18908886
18912315
18916577
18919162
18920047
18922239
18925460
18927048
18928605
18931998
18932620
18935294
18938793
18938945
18941664
18962398
18962529
18964255
18964321
18968804
18974532
18975810
18976234
18987466
18989938
18990126
18992820
18997974
18998849
19000555
19009051
19009929
19012797
19014941
19016060
19016931
19017268
19018367
19018896
19022402
19026386
19030817
19031606
19036448
19038422
19044172
19045274
19047112
19051008
19054420
19059701
19060537
19060619
19062954
19065024
19065343
19067195
19067690
19071412
19072577
19073238
19073941
19083229
19084254
19092539
19093192
19094769
19095936
19101151
19104001
19110189
19111891
19113149
19115088
19117999
19122300
19122716
19124555
19128129
19128253
19133408
19133588
19135406
19140137
19145161
19145964
19147278
19152061
19160032
19163502
19164598
19171202
19172763
19172957
19173599
19174296
19175293
19176615
19182050
19185212
19187674
19189702
19192678
19200272
19201026
19210096
19213118
19215468
19223906
19225396
19228147
19236045
19238347
19239177
19240232
19246522
19249129
19250515
19250548
19252126
19252315
19254497
19255104
19261445
19263819
19267504
19268449
19269228
19273163
19276777
19279120
19280225
19283424
19284870
19285524
19286005
19298329
19301187
19301826
19304571
19308937
19310916
19311141
19313380
19316459
19320028
19320126
19323015
19326392
19327889
19331324
19334751
19338891
19341567
19346224
19346474
19347460
19349755
19350158
19352259
19353106
19353313
19356236
19356956
19362825
19369096
19375258
19375542
19378715
19384449
19387661
19389622
19393066
19403541
19406187
19408396
19413748
19416677
19416915
19418930
19423602
19424284
19424464
19429524
19429676
19431740
19432954
19432977
19439163
19439828
19442391
19447937
19449743
19453127
19453268
19460595
19462044
19471734
19472726
19489904
19492071
19494833
19495371
19501201
19501844
19510944
19521435
19522068
19523370
19524298
19528995
19530862
19532566
19533050
19537973
19542023
19543442
19554905
19558698
19560393
19567717
19570727
19573185
19575491
19575810
19576415
19579290
19579632
19580675
19582575
19583396
19586472
19587949
19594064
19595881
19598021
19598476
19603414
19605537
19607690
19608630
19609888
19612599
19613495
19616251
19623600
19627746
19629711
19631429
19632006
19634670
19634871
19634924
19635826
19644610
19653080
19655115
19658559
19669158
19676497
19685942
19686757
19691094
19694987
19705912
19707371
19712464
19717384
19719907
19722223
19722682
19731281
19733213
19735593
19738908
19741753
19747222
19750566
19754397
19759866
19760707
19762114
19764041
19766466
19772157
19772740
19774428
19775582
19775864
19776573
19781585
19793073
19797424
19800486
19802508
19812662
19821759
19824558
19825114
19827311
19829839
19841968
19843561
19843968
19845706
19851892
19854069
19859791
19863456
19865160
19866686
19870032
19871471
19872184
19873673
19876364
19877593
19880741
19881794
19885894
19885965
19887249
19887860
19891957
19892219
19892660
19896110
19897475
19897613
19903866
19905104
19910668
19913682
19916752
19925410
19926202
19935426
19938387
19938822
19938987
19941358
19941551
19948288
19952502
19959569
19959592
19967803
19968543
19971367
19972172
19972782
19988270
19988766
19998501
20000170
20008381
20011641
20011650
20012129
20019985
20023835
20027661
20036900
20038705
20043893
20044711
20044809
20048098
20048665
20052415
20053316
20053685
20054644
20054920
20057519
20057685
20062679
20064095
20065445
20069389
20072214
20078558
20081098
20081991
20084004
20084152
20089424
20090601
20094641
20096970
20099877
20100911
20103277
20103945
20108191
20109383
20110171
20111492
20115574
20119076
20120232
20122867
20125238
20125962
20126616
20126684
20128954
20131449
20138180
20138644
20138957
20141767
20151114
20153520
20153868
20156380
20158458
20158828
20160114
20166347
20168982
20175603
20177966
20178315
20185806
20187257
20187479
20188247
20193924
20196201
20196882
20198098
20200333
20201334
20201373
20202140
20203541
20211680
20212710
20218283
20218525
20224922
20228868
20230059
20233292
20235830
20236671
20237830
20242384
20242642
20244237
20244898
20249059
20255227
20261101
20262951
20263446
20264919
20265914
20275119
20278628
20281804
20286830
20287662
20296820
20297251
20297461
20300833
20301292
20306194
20307340
20308887
20309576
20314357
20315767
20321111
20329912
20333036
20334895
20336163
20348065
20353738
20354132
20357201
20359317
20361988
20364707
20367870
20368853
20381414
20386179
20389661
20390971
20391121
20395731
20400621
20401039
20403046
20405008
20408662
20419455
20421399
20425355
20425496
20425889
20426173
20429176
20429337
20432294
20434130
20435716
20442847
20445030
20446721
20455832
20465694
20465781
20469671
20475334
20477981
20484756
20487657
20492690
20508817
20508971
20509666
20512548
20514876
20517911
20519763
20521239
20521264
20522349
20522922
20523295
20526208
20535148
20541981
20544490
20546644
20546724
20550657
20551572
20552930
20556423
20567150
20568863
20569838
20573275
20582026
20583992
20585863
20589901
20592364
20593093
20594088
20594875
20599394
20599478
20608875
20610538
20616455
20616736
20631768
20633771
20638643
20640509
20644101
20646203
20648162
20652440
20654892
20655106
20658475
20661246
20666106
20669373
20673125
20675835
20677314
20683048
20687630
20694443
20696357
20700559
20701822
20702117
20702873
20705499
20712290
20712528
20718819
20719671
20720925
20731249
20734265
20734744
20736605
20736938
20737048
20739218
20745170
20746771
20747555
20748296
20749020
20752961
20753267
20756340
20763239
20763332
20763885
20768007
20769071
20772331
20773876
20777682
20778000
20782360
20785466
20787418
20789516
20790677
20797433
20798414
20803412
20813123
20822440
20826171
20827183
20830347
20833834
20840393
20851917
20853344
20858206
20858905
20860027
20862770
20863257
20864664
20868246
20870103
20874887
20880712
20884741
20885640
20886616
20888070
20894007
20895912
20898628
20899770
20904299
20907987
20908574
20914971
20915805
20916157
20916621
20918762
20920248
20922572
20923406
20924160
20926923
20928861
20929304
20929757
20930382
20940580
20940678
20942208
20944421
20945466
20951794
20954097
20955335
20958374
20958544
20963842
20964936
20975659
20989197
20989724
20992106
20995403
21002521
21016401
21017212
21020933
21022830
21026555
21031928
21032240
21032650
21033587
21036427
21037826
21042391
21045264
21048159
21051472
21053170
21053573
21055750
21057119
21064506
21064735
21068692
21069057
21070253
21073578
21082028
21086256
21089098
21095854
21096664
21101243
21101740
21103398
21103814
21104955
21107840
21111008
21114216
21114343
21114862
21118840
21119965
21120330
21120587
21122443
21122799
21127101
21128671
21131335
21132972
21133547
21134804
21139145
21145564
21145662
21146565
21149563
21151607
21152569
21153882
21154516
21155683
21159237
21160935
21170133
21171835
21178065
21186879
21187144
21196967
21198505
21198845
21200419
21200813
21207256
21207890
21207947
21212465
21212832
21218267
21224541
21226505
21227651
21229022
21229207
21235346
21236183
21236328
21238787
21240969
21241933
21245229
21247015
21248000
21250961
21257690
21261137
21261543
21262388
21271523
21272675
21274724
21276193
21277346
21287300
21288390
21290114
21291430
21291599
21295861
21301637
21305527
21309352
21311214
21313264
21313387
21314757
21320170
21320245
21322488
21326911
21330822
21337769
21338417
21339371
21346026
21346215
21348999
21350562
21351629
21351993
21352200
21357907
21364428
21366613
21372125
21372517
21373924
21378865
21379117
21381315
21383807
21387224
21387528
21392188
21394308
21395438
21400324
21405347
21405513
21407104
21409267
21410418
21412166
21414900
21416345
21427998
21429385
21429539
21430875
21433687
21436325
21437977
21444098
21445003
21446447
21447181
21450451
21451628
21453724
21453915
21458247
21458743
21459894
21464241
21466661
21467660
21468889
21472977
21474095
21477350
21487408
21487714
21497397
21498665
21499826
21500052
21501553
21504525
21509604
21511035
21514913
21521165
21526192
21532169
21534315
21536405
21542658
21549964
21553380
21556213
21557703
21559840
21562990
21565691
21578442
21581290
21584102
21585420
21587372
21587471
21588431
21595159
21602996
21603761
21604485
21605880
21609947
21616017
21618313
21623197
21625338
21627395
21629342
21631341
21638772
21639354
21639527
21642430
21644288
21648548
21649920
21651706
21658052
21665352
21670287
21673646
21675554
21675608
21679950
21684989
21692962
21693230
21696397
21698756
21701932
21702434
21703659
21704297
21706064
21706177
21711654
21714506
21714800
21718507
21723484
21724095
21724920
21732639
21735564
21737747
21737786
21738568
21743846
21744875
21746707
21748879
21752761
21756802
21759276
21761091
21765318
21767249
21775417
21776926
21788665
21801896
21804156
21812451
21812947
21816257
21816367
21818064
21824450
21824847
21826132
21833282
21836643
21837786
21841332
21844551
21846029
21846266
21847984
21848048
21852902
21857324
21857608
21865471
21865558
21875188
21878957
21880545
21882467
21884458
21884724
21887520
21896551
21903748
21905421
21912449
21912779
21917469
21919867
21925344
21925909
21945142
21950493
21951353
21953270
21955995
21959816
21959846
21962576
21966900
21975821
21977494
21981387
21987160
21987234
21987588
21988708
21989314
21993957
21996203
21999679
22000928
22002198
22003728
22004890
22010485
22010510
22016251
22017140
22017983
22019500
22024187
22024500
22026402
22027903
22028249
22029421
22029920
22029973
22030720
22033474
22035206
22039934
22041814
22042990
22043302
22043848
22044511
22063145
22063247
22064577
22064857
22067134
22071443
22072477
22078934
22085165
22086622
22090295
22094045
22095833
22098014
22099420
22100586
22105333
22115033
22126524
22127012
22128238
22131373
22134425
22136435
22137779
22137934
22141250
22141919
22147560
22156648
22159417
22164020
22183837
22183902
22189680
22194910
22198730
22202242
22211934
22217778
22220848
22222089
22223363
22226179
22232435
22237195
22241448
22245434
22246019
22250513
22251752
22257420
22257457
22264436
22264658
22264921
22275916
22282943
22285432
22287547
22287934
22288836
22291976
22292405
22294146
22297850
22298347
22299048
22299492
22306955
22311069
22316169
22316721
22317262
22325896
22327101
22331548
22333186
22338475
22339817
22340254
22341521
22346806
22349494
22349513
22350533
22357246
22359887
22360296
22368562
22368898
22371382
22374081
22375113
22376064
22376071
22379801
22392742
22393987
22396145
22396862
22399669
22400265
22400429
22405133
22405803
22408753
22411701
22411881
22414023
22414214
22422878
22425175
22426746
22436339
22439102
22444872
22447451
22450255
22451465
22455840
22456916
22462698
22468213
22472413
22475722
22478612
22481893
22485994
22486722
22492112
22493052
22498829
22507052
22509119
22513563
22514395
22515267
22519098
22521535
22522865
22523308
22525203
22527048
22527874
22528594
22533038
22534648
22535380
22535803
22538219
22539360
22545750
22549795
22558521
22566793
22568373
22572548
22578541
22580628
22580713
22580792
22582914
22584406
22584552
22585964
22587514
22587605
22591979
22600746
22610943
22614403
22615207
22615889
22617629
22617750
22618563
22619467
22620325
22624702
22625943
22627128
22627931
22628497
22629273
22633087
22633106
22641029
22652759
22656025
22658510
22661435
22672482
22672545
22674361
22683627
22683657
22688488
22690881
22691250
22691944
22693226
22694631
22695685
22704637
22709315
22717533
22721539
22723252
22726028
22732404
22734214
22745885
22749247
22751466
22751984
22755794
22758893
22759554
22760574
22761130
22764173
22764345
22764505
22766833
22772217
22773996
22779442
22783608
22784622
22784811
22785370
22787570
22788138
22789835
22791444
22791850
22792774
22792870
22793059
22795147
22802710
22807047
22809536
22810280
22821074
22823733
22825184
22825591
22827116
22833198
22834332
22836271
22838644
22839558
22839789
22844660
22844819
22846693
22847177
22853791
22854519
22857345
22857900
22858620
22867214
22867748
22868449
22869417
22870443
22873464
22873961
22874954
22875977
22879371
22879742
22884027
22884195
22884571
22885530
22888210
22893783
22897900
22900718
22902752
22908012
22910449
22912917
22921587
22927186
22927648
22927889
22928483
22936613
22939805
22940653
22944678
22945402
22945405
22946332
22948069
22949592
22950990
22956667
22959187
22960146
22961430
22963048
22965307
22966104
22971175
22990411
22999264
23002293
23003064
23003750
23004404
23004428
23009090
23009911
23013407
23014692
23015998
23020035
23021976
23022533
23028244
23029892
23032925
23034673
23037498
23038990
23040805
23048089
23053715
23059797
23061439
23064716
23079549
23081151
23083229
23085469
23085549
23088973
23103033
23104003
23106556
23110959
23118703
23121941
23123218
23123260
23128588
23132701
23133988
23134227
23134528
23136297
23137061
23142040
23143923
23144296
23144739
23145081
23167436
23168720
23173285
23175208
23187233
23191079
23193053
23193705
23195939
23196413
23197263
23202182
23204608
23211654
23223161
23230787
23231928
23234755
23239666
23245721
23248765
23252541
23262319
23264169
23265886
23266030
23266060
23280434
23282294
23297591
23298241
23298971
23300638
23302440
23304693
23318067
23323575
23324287
23329867
23331639
23337640
23342851
23347944
23348403
23350475
23352496
23353138
23356260
23357316
23357903
23358670
23359044
23361479
23365534
23371712
23378635
23379300
23380612
23382061
23382498
23389783
23396995
23407712
23413069
23413287
23416038
23425455
23425810
23429437
23429439
23438140
23444126
23445310
23447303
23447590
23459849
23459860
23460166
23463622
23467008
23472831
23473227
23476978
23478773
23483524
23483887
23489797
23502254
23509799
23510824
23515317
23521832
23524961
23529434
23532997
23533590
23542835
23547603
23547820
23552936
23553404
23553505
23553787
23553975
23557119
23562630
23563468
23564519
23567614
23568305
23578001
23581637
23582376
23591893
23595833
23596296
23602632
23604943
23605687
23614903
23621979
23622198
23623099
23624276
23626243
23626937
23627032
23649997
23653054
23653995
23656765
23662805
23664654
23668379
23669164
23670416
23670767
23674063
23676017
23678157
23681401
23681508
23686727
23689529
23690444
23691044
23693625
23693852
23693893
23697821
23698668
23699184
23700828
23701721
23708009
23711299
23715724
23718484
23730620
23732079
23736780
23736818
23746398
23748987
23759555
23768674
23773635
23773896
23775061
23776379
23777812
23781768
23783642
23785951
23791368
23802602
23803721
23803824
23809761
23811254
23813403
23816135
23817450
23818667
23820652
23820697
23826019
23832063
23834755
23840118
23844607
23849758
23854123
23854418
23854763
23857842
23868216
23868870
23869806
23876531
23878654
23881320
23886656
23887020
23890946
23891743
23895803
23899430
23902182
23904841
23905571
23907681
23911457
23911633
23913761
23913784
23914631
23916195
23917367
23917694
23919398
23922370
23923135
23923450
23926097
23927394
23927725
23929182
23932241
23932273
23933286
23934849
23935870
23940561
23945845
23949119
23953208
23954104
23960406
23960426
23962007
23964988
23965726
23970059
23971604
23974967
23975132
23975920
23977733
23990835
24000691
24003055
24005251
24005409
24006959
24014113
24017372
24017915
24018509
24019026
24020556
24024317
24024353
24028157
24029410
24029775
24034461
24035940
24040106
24042123
24042342
24045762
24050057
24050835
24054091
24057191
24057255
24062632
24066929
24069800
24070232
24075472
24087734
24092293
24093693
24095162
24096596
24103758
24108788
24109120
24121002
24122029
24125685
24127016
24128639
24130938
24131189
24134319
24136807
24139453
24141285
24144903
24145322
24149480
24154793
24159492
24161641
24162709
24165164
24165569
24168962
24169224
24172186
24177547
24189927
24192191
24195452
24195794
24197557
24199184
24207203
24208360
24209472
24211044
24214056
24214129
24215409
24217473
24223329
24223630
24230270
24231918
24238978
24239404
24252645
24252891
24257258
24259407
24260340
24262673
24266800
24266965
24274024
24275534
24276144
24276597
24277073
24283024
24291221
24293054
24293585
24299601
24302145
24305529
24306998
24308012
24309634
24309791
24311814
24313563
24313695
24314365
24321901
24327178
24329467
24333073
24337476
24337917
24338776
24347454
24352257
24353057
24353286
24354699
24355297
24356579
24369545
24372798
24376568
24378927
24380388
24381104
24386184
24386265
24388822
24389017
24393755
24398244
24400961
24402173
24402204
24406826
24407967
24408784
24410555
24411180
24418491
24429463
24431824
24435039
24440355
24441557
24442129
24445841
24449481
24450570
24459021
24459245
24460717
24462840
24465145
24465849
24465871
24466883
24473091
24476708
24481513
24485033
24489644
24489745
24492202
24496226
24497335
24498113
24498294
24504580
24509468
24520550
24525518
24526533
24526745
24530732
24531582
24534111
24538617
24540951
24541048
24541952
24550324
24550891
24559731
24561640
24562619
24564395
24568197
24568597
24571211
24574960
24576611
24578033
24579598
24581594
24584297
24586407
24589487
24592020
24594272
24600123
24601413
24601528
24605987
24608329
24610756
24611001
24614173
24615506
24617226
24620128
24620143
24621551
24625005
24626226
24628598
24629362
24629669
24633382
24636089
24643976
24644952
24649605
24650990
24654786
24655601
24655686
24657295
24660386
24668796
24669373
24669477
24669888
24670265
24671615
24675541
24679034
24679484
24679975
24692919
24693009
24707385
24712148
24723733
24724479
24726066
24734114
24735487
24738120
24739819
24740806
24742486
24745510
24749738
24754336
24756802
24759885
24760663
24761972
24767736
24776130
24777431
24786176
24788469
24788747
24789487
24792288
24793685
24795246
24795833
24799127
24801673
24801883
24802279
24802619
24803622
24803629
24809076
24812584
24822973
24832362
24836247
24841625
24841936
24843640
24845894
24847958
24850582
24855487
24857612
24861404
24863004
24868099
24871018
24878027
24886792
24887026
24891552
24894806
24912276
24913523
24914547
24915696
24915820
24916256
24922124
24923330
24924520
24929055
24932762
24934360
24935242
24936171
24939426
24939824
24942795
24943738
24944670
24947339
24947622
24947921
24950584
24961033
24961374
24962906
24971154
24972299
24973129
24979371
24982303
24987875
24988932
24998431
24998983
25000378
25007093
25008245
25008424
25011943
25013988
25018627
25019848
25021573
25025237
25025545
25032865
25040045
25040169
25043023
25043347
25049219
25054312
25057843
25061408
25063546
25067542
25067867
25071459
25072853
25076620
25077524
25079657
25082745
25083087
25083690
25087349
25090718
25091764
25092790
25097946
25100060
25100102
25104515
25106547
25107811
25110217
25116458
25116509
25119137
25120257
25123291
25127240
25127454
25134704
25135538
25136747
25136750
25140224
25145386
25146371
25147107
25148419
25150640
25152869
25154631
25159065
25161908
25167039
25168695
25169264
25170296
25173665
25186673
25189362
25194049
25198735
25198911
25201454
25202455
25214842
25215146
25221314
25221937
25237434
25239447
25247281
25249838
25251038
25265048
25267529
25270900
25276857
25282072
25295123
25299213
25300849
25303939
25306241
25309514
25315203
25316359
25319623
25320178
25320615
25321837
25321973
25323384
25323673
25325481
25327027
25335157
25337728
25338092
25339040
25341562
25343199
25345856
25345997
25348375
25348379
25349162
25349945
25354557
25356789
25358164
25360817
25363052
25370087
25377192
25378692
25379537
25380649
25382154
25384277
25384999
25390091
25392210
25397625
25406040
25418050
25419300
25419302
25420221
25426784
25430384
25434101
25438349
25438693
25439675
25445802
25449597
25456104
25456660
25457017
25460517
25460998
25463014
25464888
25475242
25475595
25479698
25480174
25481259
25481469
25482732
25486248
25486672
25488074
25491938
25492971
25496004
25503036
25504341
25505596
25507086
25511629
25515888
25516288
25528171
25531645
25535272
25539358
25544231
25544296
25546133
25549771
25553004
25556269
25557281
25562609
25565743
25566890
25567206
25569293
25571275
25571767
25577945
25584397
25587368
25588788
25589499
25590053
25603184
25606309
25609208
25614369
25629643
25631656
25634200
25637789
25641841
25656006
25656388
25660870
25662522
25663963
25663972
25665247
25665638
25667534
25670472
25675842
25680665
25682845
25686164
25689648
25693457
25704321
25705074
25705520
25708447
25713630
25714623
25715892
25718290
25720479
25720575
25731353
25732827
25732910
25733299
25735623
25738761
25739021
25739771
25742017
25743632
25744301
25746091
25746905
25748792
25752395
25759690
25771382
25772660
25775715
25777595
25782912
25791888
25793499
25793585
25794521
25798935
25802092
25802475
25805624
25806239
25809513
25812367
25814010
25817294
25820372
25826495
25826671
25830820
25836098
25837366
25840163
25840558
25840805
25841027
25841333
25848392
25852264
25855946
25856371
25859945
25865224
25869706
25871208
25871433
25876158
25876729
25879764
25881790
25882656
25888344
25888379
25889014
25895000
25895651
25897305
25901018
25903457
25906653
25918794
25923173
25924838
25925726
25926061
25930072
25930783
25934394
25934839
25936955
25937491
25940456
25940662
25943448
25946972
25949157
25950963
25955831
25958294
25959215
25960124
25968556
25971358
25972819
25975294
25977367
25979318
25979474
25981205
25983063
25984336
25985823
25988365
25989436
26005967
26006866
26007895
26010056
26010754
26012031
26018100
26018698
26022544
26029279
26032345
26033527
26035989
26038901
26040591
26041183
26045396
26049380
26049866
26050757
26053932
26056970
26058247
26061319
26065263
26065718
26074308
26074926
26079349
26079706
26080535
26080779
26082238
26083094
26085901
26090467
26096642
26098286
26099838
26101216
26102218
26104802
26111204
26118412
26118972
26118985
26120949
26123502
26127914
26133403
26136518
26149523
26154634
26154736
26159371
26160737
26167068
26167334
26173241
26177525
26180305
26181731
26184209
26190713
26192406
26192607
26194349
26205199
26205560
26212651
26213658
26216258
26221980
26224078
26224454
26230719
26231366
26237617
26238721
26244642
26247398
26251128
26258747
26259062
26259298
26263121
26266515
26268657
26269483
26271777
26277037
26287594
26291342
26291429
26297411
26302695
26314961
26321148
26321658
26322898
26339100
26343531
26350399
26354548
26355858
26362238
26370702
26373925
26374174
26380009
26382710
26383378
26389764
26394163
26396981
26399874
26407826
26410446
26410979
26418036
26419780
26421276
26422278
26427208
26428817
26430067
26430711
26438889
26439030
26439634
26449505
26450264
26452209
26452628
26459556
26463469
26465260
26468408
26469492
26476301
26477449
26477666
26480630
26480954
26481611
26487213
26490349
26490745
26492112
26499310
26500738
26501581
26501797
26517673
26518988
26519501
26522236
26525854
26531810
26534443
26536676
26537160
26537862
26541545
26552506
26552601
26555741
26556238
26557831
26561814
26563275
26573420
26575553
26576996
26579162
26579768
26582405
26585466
26589001
26589378
26591343
26597638
26598585
26598886
26601077
26607165
26609117
26614872
26615086
26615137
26615988
26626972
26631119
26636391
26639521
26641059
26645706
26645881
26650200
26651930
26658795
26659740
26663294
26664292
26664984
26665624
26667327
26667565
26668008
26668021
26668270
26669693
26670801
26681435
26681542
26683142
26684685
26687971
26695848
26699804
26700148
26708384
26714056
26714873
26724525
26725792
26726439
26728971
26737264
26737982
26738011
26738496
26738615
26742109
26750004
26751224
26753972
26755636
26757302
26758975
26759168
26760839
26767791
26768791
26769326
26773252
26773864
26777934
26780672
26781029
26781410
26786216
26789858
26794900
26795593
26802111
26806208
26806901
26808649
26809729
26814313
26819927
26820210
26821776
26823089
26823224
26824975
26825704
26826579
26828256
26828877
26832977
26834358
26845096
26846250
26853323
26861054
26861960
26864228
26868786
26869763
26870568
26871842
26877992
26881443
26885818
26889612
26890482
26894374
26895840
26897668
26898497
26898652
26900687
26901770
26908698
26911246
26912468
26913680
26918467
26920437
26922043
26925033
26927703
26937158
26937560
26944204
26946537
26947149
26949485
26953857
26958163
26958201
26960216
26965368
26970907
26972969
26979902
26980102
26983377
26994978
27000528
27001118
27003475
27004189
27004566
27004761
27004938
27005759
27006449
27008644
27009064
27010143
27019786
27019969
27027600
27029473
27033883
27036138
27044350
27044379
27048478
27050035
27054072
27056654
27060606
27065593
27066701
27069277
27072201
27076634
27077232
27081711
27082950
27087527
27090146
27092175
27093305
27095887
27096139
27098676
27104347
27105017
27106615
27113235
27118882
27120150
27124301
27124740
27125754
27126385
27142003
27142384
27143945
27147853
27152724
27153295
27153597
27155731
27166400
27168201
27171989
27174499
27174568
27175625
27178259
27179383
27186665
27192205
27197625
27197734
27203515
27203779
27204397
27204785
27216759
27217619
27226385
27235842
27237814
27238118
27239127
27245763
27255880
27256111
27262529
27264768
27266673
27270317
27272342
27273694
27275938
27277202
27279757
27284694
27292951
27297781
27303584
27308291
27308317
27309115
27318907
27322450
27328358
27328685
27332407
27335088
27336702
27339044
27344178
27347723
27353515
27353731
27355627
27355851
27365379
27368076
27368551
27370973
27374678
27375498
27385164
27390814
27395573
27402215
27403259
27404323
27407128
27410275
27410840
27414965
27419897
27421333
27421461
27424730
27428544
27430637
27432449
27442057
27447281
27449027
27457146
27461455
27464210
27465527
27465602
27466095
27470135
27471467
27472607
27473262
27477676
27479407
27480338
27482035
27483079
27483141
27483170
27487074
27490806
27494535
27497728
27502453
27504712
27513692
27515649
27518619
27519334
27519602
27520191
27527953
27528600
27529603
27530596
27532992
27534089
27535077
27537162
27538520
27543206
27545651
27548930
27550801
27557011
27560145
27565214
27566489
27578197
27578216
27581004
27588944
27592039
27592097
27595425
27596105
27598246
27598841
27601013
27605931
27611701
27613772
27615228
27624320
27629406
27630519
27637694
27639678
27639986
27640207
27641676
27647628
27648213
27648472
27649585
27649665
27651085
27652675
27655884
27658040
27660239
27663642
27665173
27665202
27668545
27675442
27676993
27677668
27679291
27682200
27691166
27696480
27704293
27707422
27711331
27714158
27734097
27736170
27739755
27743659
27747076
27748110
27751217
27754237
27758891
27762491
27766564
27769613
27778840
27780017
27781515
27781604
27784894
27788771
27789059
27789404
27789917
27790927
27794052
27798046
27804867
27807447
27811891
27812749
27820741
27829838
27833622
27834980
27843623
27848289
27848658
27850667
27851266
27856267
27864627
27869348
27875914
27877677
27879689
27885379
27897027
27897297
27904837
27911929
27930439
27945254
27945374
27948599
27950899
27958088
27966507
27969002
27973071
27973567
27973856
27974537
27979312
27980083
27980228
27980414
27980650
27981036
27981657
27981870
27985314
27987037
27988235
27989300
27992021
27995153
27995810
27997870
27998609
27999186
27999330
28002078
28002086
28004576
28009679
28010418
28014140
28015064
28018773
28019015
28026594
28027676
28030534
28030876
28032995
28034275
28037774
28040409
28040542
28041237
28041625
28045523
28046893
28058988
28059145
28064184
28070844
28080592
28083087
28087140
28087258
28089453
28089961
28090011
28105059
28110176
28110908
28112775
28113681
28122511
28133585
28134959
28147176
28158789
28162842
28163974
28164540
28166046
28169702
28170817
28173407
28174185
28181658
28183416
28184462
28185609
28189578
28192125
28195935
28200085
28207328
28213481
28222626
28224214
28231169
28235099
28235886
28236347
28236837
28244765
28246973
28247612
28248303
28250077
28261815
28262071
28263496
28266628
28269912
28272737
28273216
28278224
28284493
28285582
28287282
28287404
28295811
28298344
28298717
28299347
28305818
28307835
28309927
28312230
28314629
28314952
28315690
28317017
28323220
28324281
28326462
28327831
28330832
28331329
28332775
28333411
28339059
28339982
28340900
28347067
28349838
28350633
28354766
28362951
28363462
28364594
28365843
28366084
28375406
28377943
28378512
28380910
28381675
28381889
28382185
28382447
28384101
28385554
28388531
28390065
28390526
28399557
28401073
28401224
28405432
28407826
28408142
28411480
28421224
28429150
28430294
28430949
28437154
28439084
28441720
28442037
28442452
28443081
28445129
28445432
28447802
28448491
28452467
28453172
28455543
28455633
28464882
28465127
28466627
28470088
28473859
28480393
28482379
28482648
28484474
28492111
28494010
28496628
28505958
28509099
28511379
28512951
28513919
28514128
28521894
28530213
28531016
28532246
28533698
28533855
28535831
28536629
28539571
28540249
28541972
28542288
28544553
28545358
28554974
28558333
28562700
28562812
28564289
28570554
28572922
28575920
28577072
28578985
28584839
28591669
28596158
28599660
28601624
28601855
28603616
28615765
28621260
28622495
28622918
28626314
28628797
28630499
28630628
28632331
28632970
28636774
28640021
28641747
28644470
28657974
28658938
28659791
28667168
28673775
28676120
28676276
28677387
28679389
28680992
28686940
28689494
28690026
28691623
28691686
28695048
28695108
28696036
28699162
28701172
28707109
28712698
28712833
28719184
28719215
28719824
28725356
28730127
28732504
28732809
28733034
28733227
28734820
28739738
28741534
28743267
28743631
28745386
28746135
28748005
28750049
28754014
28755298
28758022
28758644
28758880
28761543
28763539
28768322
28773416
28774025
28776292
28779467
28782036
28784670
28792990
28793981
28798063
28798438
28798537
28803356
28809988
28813132
28815215
28819210
28820101
28825011
28825039
28825357
28828426
28833386
28836291
28839400
28841643
28843106
28846474
28847856
28851272
28851503
28853201
28853754
28855566
28856536
28869333
28875589
28878212
28879706
28880376
28882310
28882767
28890424
28890594
28891174
28892232
28894357
28899401
28902175
28903250
28905411
28912499
28913535
28918232
28920499
28930018
28933090
28935435
28936339
28937560
28938447
28941585
28945808
28947520
28956316
28960634
28961611
28962810
28971940
28973273
28973489
28978716
28982235
28982576
28983557
28983793
28984192
28985824
28986515
28987281
28990992
28993970
28994758
28995168
28999664
29001139
29002770
29003090
29003603
29006734
29007084
29008160
29008431
29010573
29013236
29013619
29016860
29017972
29022149
29022261
29029291
29029651
29031839
29032023
29037938
29038740
29039857
29063922
29069070
29070215
29071563
29072565
29074083
29074591
29078336
29080046
29082686
29083775
29084592
29085276
29091010
29091028
29097006
29098941
29101186
29102231
29105601
29111809
29115816
29117905
29118392
29118720
29119685
29125212
29126442
29129599
29131077
29132539
29135903
29137961
29139545
29143499
29147268
29147807
29149311
29156854
29158650
29161672
29170045
29170830
29172836
29175981
29177527
29177571
29178996
29180514
29190164
29197147
29198092
29201597
29205578
29206685
29209445
29209647
29212099
29215609
29218110
29221015
29223817
29228880
29232275
29235227
29238912
29242660
29243204
29243824
29244398
29250367
29256010
29256771
29262736
29264137
29272649
29274822
29278437
29282051
29284713
29286851
29288601
29291232
29291991
29292342
29292413
29301346
29302672
29307641
29314739
29318267
29323305
29334964
29335649
29337612
29339516
29342362
29345211
29349880
29351845
29352404
29365656
29366254
29367295
29368540
29370205
29372006
29372364
29374333
29376409
29378633
29383100
29384441
29385946
29394878
29406403
29409316
29423837
29427426
29429766
29434280
29437892
29439343
29442675
29446349
29451181
29461202
29479112
29479500
29481696
29491576
29497491
29498217
29505028
29509968
29512740
29525084
29525905
29539280
29540974
29541973
29549578
29559979
29561971
29565097
29571549
29572814
29586803
29600646
29600673
29600834
29603023
29605175
29606874
29621263
29624127
29625430
29631337
29634153
29636033
29638913
29639091
29651709
29654536
29655201
29656543
29657442
29657538
29664175
29665343
29676686
29677622
29689389
29693816
29696331
29699487
29700460
29702956
29705943
29707218
29707632
29713402
29715530
29717726
29719810
29725056
29728256
29728720
29731455
29732124
29733336
29734753
29746095
29746711
29747061
29747071
29747658
29748083
29753113
29758251
29758493
29774356
29774707
29780221
29782946
29785743
29786723
29788277
29789299
29789440
29793001
29793779
29795308
29796313
29798247
29800570
29805009
29805620
29807782
29808311
29808964
29810182
29811338
29817941
29822859
29826417
29829432
29829976
29843932
29846707
29847987
29848208
29849498
29852676
29863706
29868527
29871663
29872963
29877234
29878553
29885168
29885795
29889578
29889872
29892302
29894063
29897330
29897644
29899055
29903122
29904942
29905552
29913434
29916169
29920992
29922197
29924242
29925835
29926764
29931585
29932949
29934786
29934853
29938925
29939586
29940813
29941851
29945450
29948173
29948214
29949518
29951491
29951917
29967266
29975611
29978573
29980639
29982515
29985579
29986012
29988337
29990812
29993191
29996892
29997945
29999542
30000458
30002919
30007856
30009150
30010954
30015351
30022339
30032656
30035913
30040130
30043034
30043256
30044449
30046639
30056362
30058433
30062310
30064352
30065308
30066726
30066829
30067525
30067659
30067756
30073672
30084243
30084444
30085613
30089713
30091768
30094499
30094928
30095758
30099577
30101564
30102913
30107548
30113041
30115148
30115900
30116293
30123832
30136417
30141112
30145436
30145444
30148619
30149348
30156353
30156405
30161042
30163640
30164137
30172241
30177493
30182826
30182958
30192664
30193826
30195864
30197257
30197568
30200176
30203792
30215494
30220772
30226942
30237491
30250522
30251972
30252206
30255029
30255864
30260311
30260922
30262847
30265094
30270061
30271469
30275956
30276278
30278399
30282121
30287546
30289347
30290734
30296747
30297497
30299226
30299750
30304940
30305427
30310971
30313471
30319059
30319564
30322667
30336432
30338869
30339008
30339068
30341054
30344697
30347394
30351614
30356132
30356541
30359052
30359494
30359931
30360537
30370720
30371793
30374330
30374661
30376098
30379221
30381137
30381912
30383620
30384661
30385849
30388076
30389793
30391016
30391397
30395438
30395988
30399875
30401458
30402237
30406878
30409709
30410351
30413008
30413645
30414121
30414606
30417472
30419721
30422616
30425656
30426312
30426981
