88153
90613
91516
92742
92912
97708
98945
103608
103819
105131
105406
107380
108672
109101
245656
246022
246499
246606
247604
247713
247790
248248
248603
248838
249100
249454
249510
249560
250047
250112
250556
250576
251208
252243
252683
253385
253417
253732
253740
254203
255288
256091
256630
256849
257204
258695
259226
259570
260452
261657
261660
262141
262419
262598
262629
263594
263688
264098
264279
264704
265034
265215
265347
265724
265966
266311
266320
267011
267426
284146
284164
284826
284970
285029
285340
285873
287317
287499
287638
287724
288068
288095
288322
288488
288567
288669
288737
288962
289189
289706
289758
290459
290584
290715
291208
291540
291616
292197
292515
292875
293035
293495
293662
293695
293994
294056
294256
294456
294699
295362
295513
295529
296084
296254
296757
296928
297199
297918
297932
298121
298243
298540
299190
299410
299911
300267
300528
300572
301018
301097
301137
301247
301441
302409
302684
303279
303427
303534
303586
303896
304027
304194
304235
304408
304631
304904
304953
305165
305286
305531
305691
305920
306029
306168
358338
358772
359428
359528
359560
359612
360308
360394
360540
360660
361253
361427
361600
361624
361929
362137
362492
362724
363104
363225
363483
363952
364969
365413
365525
365548
365681
365820
366098
366303
366373
366822
366917
367071
367848
368072
369090
369279
369385
369615
369940
369964
369992
370106
370139
370151
405206
406647
407560
407965
408973
409551
410572
410708
410909
411907
414431
415726
417317
418274
418760
419011
421306
421560
422013
422816
426733
427821
427997
428074
428125
524278
525082
525144
526951
527124
527554
527914
528223
528308
528610
530568
530672
534490
535749
537941
538467
538656
538793
540090
542037
542329
542380
542877
544489
544872
545169
545328
545365
589592
680884
681093
681693
681873
681902
682038
682390
682470
682692
683456
683482
683544
683663
683785
684291
684761
684838
685383
685548
686195
687205
687513
687883
688224
688275
688526
689057
689526
689895
690352
691153
691946
692402
692553
692787
693344
694138
694218
694443
694449
694627
695221
695541
695666
696489
696852
697219
697228
697268
697442
697820
698596
698774
698813
698874
699743
699807
700284
700299
700374
864538
864650
864774
866112
867839
868171
868271
870011
870364
871979
874370
875950
876328
1009878
1009972
1010050
1010480
1010533
1010628
1010845
1011102
1011180
1011291
1011354
1011445
1012073
1012419
1012609
1012930
1013089
1014436
1014655
1015148
1015256
1015385
1016482
1016603
1016680
1017156
1017196
1017402
1018015
1018073
1018142
1018467
1018487
1019246
1019387
1019762
1019850
1020070
1020342
1020605
1021635
1021827
1022123
1022462
1022812
1022814
1023850
1024353
1024607
1024728
1025048
1025160
1025357
1025577
1025676
1025799
1025832
1025956
1026166
1026478
1026601
1026766
1027309
1027441
1027558
1028465
1028508
1029108
1030712
1039084
1039738
1040953
1042251
1043126
1045490
1045916
1045966
1129615
1142837
1149268
1152113
1152642
1154768
1157190
1193018
1197510
1202710
1202934
1202942
1202958
1203715
1203946
1204181
1204948
1204963
1205144
1205434
1205440
1206018
1206633
1206724
1206794
1206873
1207470
1207657
1207974
1208531
1208614
1208776
1209637
1209742
1210182
1210330
1210559
1210768
1210806
1210899
1210984
1211187
1211366
1211383
1211526
1211607
1211686
1212353
1212980
1213163
1213481
1213654
1214157
1214507
1214707
1214793
1215017
1215124
1215558
1216851
1217011
1217110
1217250
1217523
1217788
1217830
1217879
1217940
1217978
1218547
1218570
1218624
1218636
1263183
1263421
1263754
1263917
1264426
1264446
1264710
1264756
1264959
1265313
1265993
1266654
1267184
1267332
1267758
1267974
1268159
1268296
1268371
1268434
1268740
1268744
1268795
1270052
1270240
1270408
1270553
1270950
1271323
1271352
1271370
1271400
1271405
1271415
1271543
1271597
1271652
1271932
1272016
1272084
1272607
1272632
1273211
1273215
1273366
1273672
1273750
1273912
1273950
1274049
1274200
1274348
1274790
1274920
1275053
1276111
1276561
1276753
1276850
1276919
1276950
1277066
1277258
1277460
1277581
1277826
1277890
1278228
1278359
1278387
1278569
1278641
1278945
1279468
1279519
1279803
1279826
1279975
1280169
1280758
1281506
1281580
1281690
1281698
1282307
1282556
1283387
1284073
1284148
1284410
1284417
1285313
1285482
1285675
1285732
1285775
1285921
1285977
1286114
1374793
1375731
1376124
1376449
1376986
1377019
1377151
1377597
1377976
1378559
1378783
1378970
1378997
1380100
1380405
1380602
1380913
1381101
1381194
1381569
1382399
1382900
1383042
1383337
1383590
1383648
1383763
1383901
1384371
1384417
1384438
1384732
1385103
1385296
1385527
1385928
1386493
1386584
1386758
1386818
1520007
1520078
1520536
1521235
1521650
1522481
1522509
1522632
1522805
1523009
1523130
1523437
1524336
1524388
1524516
1525327
1525422
1525745
1526035
1526214
1526657
1529495
1529601
1531264
1531985
1532757
1532787
1533881
1536041
1536186
1635668
1636120
1636161
1636611
1637021
1637647
1639024
1639277
1639563
1642250
1643172
1643181
1650055
1650064
1651956
1657754
1657974
1752392
1753085
1753523
1753757
1753856
1754006
1754118
1754304
1754628
1754640
1754747
1754770
1755669
1755936
1756260
1756362
1757068
1758953
1759093
1759626
1759880
1760316
1760658
1761317
1761384
1762525
1762609
1762630
1762939
1763815
1764232
1764629
1764894
1765317
1765353
1765446
1765615
1765973
1766614
1766697
1767381
1767506
1767518
1767903
1768643
1768754
1768760
1769350
1769548
1769799
1837432
1837682
1838374
1838506
1838625
1838998
1839305
1842102
1842122
1842253
1842738
1842957
1843313
1843425
1843839
1843939
1844002
1844187
1844256
1844403
1844612
1844797
1845062
1845225
1845681
1846131
1846774
1846785
1846814
1846835
1847021
1847091
1847134
1847299
1847550
1848525
1848833
1848836
1850089
1850344
1850358
1850819
1850932
1851107
1851248
1851515
1851831
1852145
1852153
1852520
1852664
1852765
1852877
1853037
1853072
1853851
1854281
1855502
1855651
1856487
1856661
1857338
1857378
1857702
1857731
1858034
1858134
1858680
1859381
1859560
2051288
2051489
2053639
2053737
2054181
2054860
2055198
2055457
2055545
2055704
2055944
2057060
2057785
2057894
2057937
2059076
2059099
2059327
2060342
2060416
2061088
2061421
2063325
2064059
2064243
2065356
2065541
2065916
2066370
2066856
2067603
2068090
2068479
2068862
2069251
2069603
2069615
2069687
2071128
2071501
2072337
2072389
2073849
2074412
2074453
2192295
2192448
2193087
2193531
2193643
2193933
2194237
2194448
2194886
2195227
2195346
2195930
2195962
2196900
2197140
2197144
2197257
2197540
2198362
2198407
2198477
2199319
2200798
2203128
2204069
2204218
2205495
2205647
2205718
2205902
2206779
2263204
2263662
2263873
2264074
2264991
2265008
2266150
2267150
2267511
2267533
2268121
2268343
2268357
2269398
2269750
2269847
2270172
2270181
2271433
2272324
2272599
2272642
2272777
2272797
2272849
2273488
2273690
2273830
2274049
2274090
2274252
2274636
2274885
2274923
2275367
2275447
2277700
2278102
2278699
2279697
2280359
2280400
2280798
2280819
2280900
2281276
2281384
2281704
2281872
2281883
2282519
2282986
2283266
2283343
2284439
2285130
2364434
2368733
2370420
2375144
2378113
2378365
2378573
2379042
2379210
2379355
2379502
2379549
2380560
2380842
2380875
2381375
2381497
2381511
2381702
2382472
2382677
2383303
2383368
2383604
2383764
2384257
2384803
2386130
2386260
2386445
2386560
2386889
2387450
2388479
2388933
2389641
2389737
2390358
2390455
2390621
2390755
2391028
2391331
2392466
2392544
2392903
2393226
2393436
2394551
2395431
2397218
2401452
2401797
2404714
2406973
2411533
2411925
2412832
2417299
2459917
2460049
2460127
2460329
2460370
2460859
2461807
2461906
2461970
2462183
2462357
2462780
2462862
2462908
2463358
2463468
2463596
2463846
2463911
2464031
2464160
2464252
2464569
2464595
2465989
2466112
2466183
2466235
2467138
2467199
2467280
2467292
2467423
2467442
2467631
2467727
2467727
2467814
2467819
2468234
2468569
2469282
2470432
2470614
2471044
2471073
2471255
2471369
2471450
2471533
2471626
2471994
2472074
2472753
2495090
2495123
2495579
2496725
2498329
2498376
2498383
2498744
2499089
2499429
2499542
2499567
2499666
2500502
2501187
2501408
2501514
2502257
2502368
2503180
2503271
2503329
2503463
2504360
2505204
2505254
2505477
2505598
2505851
2506840
2507384
2507848
2508281
2508282
2508482
2508500
2508744
2509078
2509474
2509600
2509659
2510155
2510669
2511157
2512048
2512082
2512217
2512450
2513076
2513088
2513147
2513468
2513883
2513923
2513981
2514182
2514400
2514710
2514969
2515720
2516311
2516439
2517724
2517737
2518108
2518229
2518262
2707572
2710673
2720141
2721172
2721654
2723256
2723805
2725210
2726532
2726978
2731158
2731462
2757614
2944146
2944158
2944247
2944306
2944525
2944596
2944648
2944812
2944862
2945035
2945318
2945319
2945324
2945382
2945543
2945987
2946167
2946365
2946721
2946848
2947081
2947151
2947419
2947421
2947526
2947611
2947672
2947951
2948386
2948640
2948657
2948689
2948915
2949340
2949429
2949792
2951120
2951496
2951591
2951900
2952453
2952668
2952882
2953214
2953256
2953640
2953945
2954023
2954187
2954214
2954830
2954838
2954869
2954934
2955244
2955379
2955406
2955924
2957219
2957269
2957605
2957676
2957745
2957902
2957936
2958268
2958271
2958387
2958506
2958510
2958807
2959590
2959634
2959837
2959927
2960357
2960413
2960447
2960589
2960638
2960984
2961623
2962060
2962302
2962689
2963011
2963160
2963537
2963646
3003120
3034799
3041705
3046500
3054019
3055079
3055787
3056492
3056529
3056782
3058720
3058743
3059508
3059655
3059694
3060997
3062879
3063464
3063494
3064139
3064827
3065668
3065933
3065944
3160322
3162614
3169815
3233930
3234202
3234297
3234336
3234745
3234765
3235062
3235295
3235301
3235361
3235668
3235830
3236264
3236372
3236527
3236897
3236905
3237594
3237798
3238218
3238794
3239170
3240779
3240894
3241100
3241371
3241712
3241740
3242154
3242505
3243428
3243483
3243940
3244144
3244392
3245782
3246185
3246470
3246804
3246984
3247118
3247244
3247291
3247622
3247645
3247667
3247794
3249112
3249581
3249768
3249849
3249855
3249897
3249976
3250378
3250530
3250746
3250980
3251109
3251721
3252068
3252230
3252483
3252951
3253021
3253337
3253826
3253914
3254089
3254257
3401840
3406256
3407528
3428286
3428304
3428988
3429026
3429233
3429320
3429591
3429679
3430767
3431500
3431544
3431854
3432172
3432202
3432263
3432338
3432450
3432554
3432691
3433057
3433111
3433819
3434064
3434639
3434910
3435106
3435314
3435383
3435647
3435681
3436042
3436132
3436229
3436382
3436395
3436458
3436557
3436739
3436910
3437102
3437364
3437733
3437910
3438418
3438680
3438820
3439060
3439740
3440092
3440156
3440420
3440606
3440685
3440744
3440911
3441021
3441232
3441268
3441280
3441515
3441992
3442115
3442222
3442279
3442472
3442866
3442873
3443124
3443151
3443411
3443815
3443845
3443890
3444119
3444473
3444483
3444700
3444759
3445208
3445265
3445320
3445531
3445610
3445709
3445727
3446221
3446419
3446509
3446722
3447238
3498794
3498924
3498969
3499528
3501219
3501391
3501521
3501633
3501732
3502039
3502234
3502240
3502512
3503161
3503348
3503567
3503799
3504591
3505116
3505315
3505316
3505500
3505779
3505950
3506105
3507327
3508933
3509368
3509891
3510085
3510236
3510451
3510576
3511731
3512439
3512482
3513134
3513469
3513607
3514132
3514375
3514411
3514748
3515197
3515332
3516412
3683595
3683624
3683720
3683869
3684229
3684907
3685054
3685713
3685847
3685882
3686147
3686604
3686981
3687151
3687628
3687826
3687909
3688360
3688778
3689351
3689588
3689603
3689704
3690191
3690194
3690331
3690651
3690688
3691066
3691072
3691235
3691484
3691598
3692264
3692295
3692331
3692743
3692792
3693760
3694065
3694074
3695093
3695836
3696047
3697063
3697703
3698236
3698930
3699065
3699575
3699652
3699676
3700673
3700684
3701382
3702205
3702413
3702653
3702778
3703031
3703270
3703769
3704122
3704133
3704301
3704581
3704703
3704714
3704815
3704829
3704871
3705142
3705538
3705618
3879427
3879642
3880047
3880077
3880348
3881155
3881218
3881634
3881933
3881934
3882377
3882792
3883180
3883227
3883546
3884046
3884169
3885252
3885473
3885606
3885964
3886148
3886159
3886195
3886226
3886508
3886901
3887767
3888623
3888692
3889314
3889481
3890270
3890517
3890877
3891123
3891203
3891250
3891295
3891618
3892099
3892216
3892237
3892342
3892456
3892494
3892685
3892840
3892979
3893157
3893185
3893199
3893419
3894222
3894228
3894331
3894507
3894588
3895112
3895375
3895468
3895839
3896081
3896091
3896714
3896984
3897034
4006727
4011272
4012495
4012641
4013682
4019947
4020702
4021802
4023006
4023474
4127141
4212945
4214020
4214066
4214261
4214317
4214648
4214681
4215087
4216183
4216285
4216912
4217216
4217626
4218338
4218503
4219198
4219556
4219594
4219635
4219827
4220351
4221030
4221150
4221693
4221843
4221968
4222053
4222485
4223002
4223033
4223534
4224400
4224471
4225324
4226344
4226473
4226705
4226706
4227066
4227971
4228197
4229050
4229188
4229577
4229793
4279018
4279482
4280506
4281247
4281274
4281470
4282683
4282754
4282772
4282943
4283223
4283394
4283506
4283755
4283826
4284159
4285786
4286857
4287772
4288468
4288653
4289624
4289740
4289785
4289802
4290990
4292394
4403922
4416301
4419893
4420106
4464699
4464712
4464784
4464902
4465071
4465145
4465196
4465475
4465575
4465829
4465907
4465909
4465933
4465946
4466879
4466882
4467287
4467295
4467427
4467616
4467946
4468070
4468171
4468708
4468761
4468855
4469055
4469589
4469622
4469646
4469683
4470018
4470252
4470295
4470682
4470745
4471154
4471205
4471977
4472038
4472131
4472618
4472940
4473539
4473558
4473613
4473735
4473922
4473943
4474064
4474548
4474623
4475032
4475524
4476037
4476077
4476126
4476403
4476902
4477079
4477148
4478043
4478711
4478843
4479089
4479274
4479879
4479965
4479995
4480391
4480466
4480567
4480929
4481541
4481558
4481624
4481793
4481844
4481914
4482663
4482788
4482835
4482865
4482951
4483015
4483353
4483394
4483463
4483488
4484135
4484825
4485196
4485970
4489576
4493269
4493273
4494826
4498321
4502624
4504920
4505144
4506111
4506914
4513034
4514072
4516156
4578022
4580521
4584189
4635820
4636792
4637155
4637566
4639744
4640175
4641542
4642384
4643860
4644028
4644237
4647993
4648479
4649647
4649739
4651602
4754780
4756372
4756752
4757033
4758339
4760419
4761265
4762461
4763917
4764692
4767045
4770509
4772307
4810758
4825046
4826779
4826912
4827302
4827836
4828465
4829171
4829528
4829860
4832703
4832789
4834355
4835348
4836416
4836877
4837021
4837431
4838020
4838491
4839788
4840040
4840278
4840879
4841121
4842437
4843248
4846040
4847458
4992486
4993023
4993222
4993363
4994210
4994243
4994430
4994640
4995424
4995761
4996084
4996285
4996554
4996619
4997234
4999189
4999711
4999716
4999780
4999966
5000011
5000066
5000560
5000604
5000864
5001462
5001474
5001503
5001595
5001966
5002061
5002237
5002558
5002757
5002822
5003929
5004172
5004264
5004451
5005295
5005326
5005346
5005351
5005597
5005618
5005701
5005786
5005811
5006095
5006562
5006575
5006938
5007042
5007054
5007544
5008052
5008227
5008613
5008674
5008840
5009603
5009927
5009945
5137523
5139008
5141275
5148835
5154616
5157332
5157405
5279033
5284392
5284611
5285030
5285430
5288548
5290562
5291112
5291125
5294630
5295210
5297357
5300702
5318941
5318973
5319198
5319329
5320251
5320524
5322938
5324381
5326199
5327112
5327542
5329167
5329764
5330558
5330637
5330898
5330945
5332732
5337012
5339861
5345816
5365469
5365639
5365711
5365931
5366023
5366050
5366072
5366489
5366511
5366737
5367170
5367283
5367360
5367664
5367844
5368351
5368781
5369642
5369665
5370341
5370421
5372431
5372563
5372749
5373590
5373715
5374135
5374208
5374329
5374830
5375502
5376054
5376249
5376335
5376346
5376831
5377079
5377325
5377362
5377412
5377487
5377924
5378018
5378055
5378141
5378207
5378914
5379212
5379392
5379840
5379947
5380236
5380290
5381069
5381110
5381178
5381739
5382277
5382291
5382414
5382741
5382800
5382851
5383143
5383343
5383500
5383806
5383811
5383963
5384118
5384281
5384399
5384825
5385344
5385427
5385432
5385550
5385682
5385866
5386095
5386483
5386588
5386898
5386997
5387158
5387253
5387423
5387570
5388369
5388476
5388689
5508543
5568358
5568678
5571587
5571720
5571894
5571956
5572080
5572898
5574723
5576304
5576420
5576730
5577108
5577883
5578206
5578290
5578691
5578908
5579423
5579532
5579697
5579835
5580933
5581032
5581651
5582365
5582680
5582738
5582864
5583376
5583940
5584984
5585751
5586478
5586522
5586654
5586830
5587165
5587392
5587558
5588510
5861673
5863121
5864388
5864766
5865669
5866190
5867095
5869395
5871960
5872358
5874059
5874676
5874706
5874779
5875948
5876594
5878139
5919955
5920462
5921800
5922822
5922833
5922943
5923095
5923122
5924024
5924053
5924499
5924835
5924882
5926036
5926090
5926198
5926332
5926416
5926702
5927005
5927724
5928047
5928159
5928222
5928225
5928280
5928416
5928739
5930055
5930585
5930971
5931373
5932292
5933109
5933202
5933949
5935554
5935719
5936378
5936388
5936407
5936458
5936951
6023073
6028254
6028878
6029996
6031044
6032837
6033271
6035977
6084378
6084441
6084866
6085487
6086098
6086172
6086488
6086714
6087154
6087314
6087545
6088119
6088303
6088339
6089412
6089496
6089984
6090173
6090347
6090750
6091014
6091105
6091154
6091284
6091332
6091441
6091641
6091786
6092306
6092425
6092595
6093036
6093120
6093569
6094020
6094267
6094387
6094924
6095397
6095497
6095514
6095724
6096657
6096792
6097047
6097250
6097254
6097431
6097493
6097533
6097579
6097782
6098189
6098396
6098445
6098453
6098541
6098548
6098941
6099162
6099656
6099763
6099903
6100220
6100328
6100591
6100916
6101239
6101585
6101634
6102371
6102504
6102818
6102894
6102917
6103193
6103223
6104120
6104778
6105320
6107097
6107772
6108001
6108189
6108310
6108329
6109474
6110064
6110226
6110638
6110801
6111257
6114481
6114524
6114955
6115075
6115230
6116189
6116675
6117085
6117492
6125561
6133639
6348349
6361000
6361260
6362208
6368188
6519488
6521293
6525708
6527638
6529438
6533993
6536233
6617308
6617629
6618135
6619129
6619445
6619950
6620422
6620773
6621112
6621452
6621957
6622424
6622717
6623522
6623770
6623853
6624610
6624634
6624661
6624681
6625151
6625267
6625362
6625470
6625705
6625843
6627418
6627871
6629267
6629309
6629581
6629639
6629778
6629806
6629985
6630366
6630458
6633226
6660568
6661438
6662401
6665615
6673671
6675107
6676207
6702203
6703126
6703304
6703426
6703694
6704432
6704573
6706383
6708828
6708934
6709148
6709556
6709683
6710871
6711160
6711339
6712711
6713343
6714284
6714305
6714308
6715942
6717661
6856789
6858130
6858293
6858742
6858917
6859044
6859060
6859130
6859221
6859649
6859679
6860204
6860585
6860650
6860722
6860887
6860918
6861091
6861810
6861901
6862093
6862386
6863300
6863938
6864002
6864063
6864309
6864319
6864549
6864889
6865013
6865192
6865255
6866043
6866418
6866543
6866837
6866877
6867057
6867153
6867661
6868140
6868510
6868650
6868819
6869569
6870902
6871152
6871473
6872083
6872710
6873616
6873749
6901921
6905541
6906808
6907241
6947911
6948828
6950872
6951485
6957676
7042459
7043901
7047879
7052019
7053450
7054520
7055010
7055913
7058680
7194517
7194647
7194670
7194791
7196178
7196487
7196972
7198024
7198848
7198865
7199227
7199599
7199645
7199739
7201236
7201830
7202330
7202427
7202679
7203238
7203490
7205285
7205817
7206139
7206513
7206524
7206924
7208313
7208552
7208921
7299555
7299960
7300273
7300480
7300625
7300684
7300761
7300794
7300820
7301084
7301726
7302041
7302102
7302121
7302257
7302294
7302727
7303041
7303383
7304434
7304469
7305066
7305101
7305359
7305741
7305787
7305890
7305996
7306228
7306381
7307026
7307232
7307444
7308039
7308052
7308366
7308412
7308643
7309391
7309486
7309743
7311116
7311409
7312067
7312081
7312688
7312990
7313049
7313133
7313226
7313305
7313620
7313734
7313861
7402524
7405852
7406115
7408083
7411259
7412231
7439883
7442085
7445616
7446209
7448252
7448943
7449074
7449717
7451575
7453368
7454389
7455068
7455846
7456097
7457732
7530053
7532342
7540001
7589773
7702964
7704082
7704540
7704563
7704606
7704610
7705100
7705155
7705187
7705306
7705608
7705650
7705842
7706374
7706494
7707093
7707097
7707224
7707269
7707280
7707310
7707613
7707801
7707828
7707971
7708248
7708277
7708375
7708502
7708642
7709021
7709901
7709944
7710015
7710138
7710185
7710254
7710520
7710824
7711558
7711755
7712289
7712406
7712416
7712745
7712923
7712973
7713505
7713582
7713890
7714119
7714224
7714295
7714348
7714425
7714456
7714483
7714722
7714870
7714874
7715565
7715682
7716133
7716317
7716564
7791538
7792437
7792581
7793012
7793235
7793888
7794125
7795365
7797399
7797845
7798162
7798220
7799694
7799856
7800170
7801201
7801926
7803017
7804811
7805164
7805969
7807660
7808863
7808949
7808963
7809084
7810739
7810812
7810929
7812417
7869663
7870088
7870431
7870884
7871797
7873676
7874856
7875068
7875081
7875576
7876586
7878440
7878754
7879189
7880443
7880703
7881067
7882167
7882285
8021258
8022220
8022519
8022895
8023485
8024353
8024725
8025361
8025477
8026271
8026999
8029165
8031243
8032592
8033008
8033557
8035264
8035767
8052750
8054563
8054793
8055122
8056216
8056882
8056904
8057352
8057906
8060351
8060776
8063079
8137265
8137381
8137400
8138016
8138431
8138862
8138890
8138904
8139158
8139678
8140237
8140262
8140989
8141431
8141699
8142366
8142952
8143229
8143726
8143978
8144144
8144406
8144445
8144576
8146983
8147134
8147801
8149009
8149066
8149363
8150012
8150298
8150551
8263848
8264198
8264321
8264480
8264515
8264809
8265125
8265550
8265766
8265882
8266144
8266309
8266398
8266445
8266510
8266878
8267406
8267841
8268527
8268599
8268875
8268942
8268945
8269131
8269144
8269358
8269586
8269724
8269969
8270184
8270834
8271531
8271925
8272158
8272399
8272757
8272829
8273008
8273782
8274139
8274967
8275482
8275575
8275677
8275841
8276102
8276986
8277176
8277253
8277520
8277692
8277871
8278002
8278245
8278370
8279213
8279315
8279682
8280425
8280680
8280811
8281696
8281706
8282455
8282800
8282859
8283379
8283462
8534126
8534252
8534945
8535153
8535388
8536301
8536362
8537166
8537929
8538335
8538539
8538767
8538861
8539151
8539518
8540427
8540540
8540871
8542563
8542728
8542949
8544193
8544585
8544658
8545157
8545605
8545754
8546885
8546924
8547652
8547689
8548203
8549731
8551565
8551889
8551934
8623375
8623764
8625964
8626648
8626772
8627682
8628389
8630251
8631751
8632482
8633221
8636803
8638076
8640315
8640824
8641020
8642274
8644513
8647205
8651313
8706554
8706910
8707163
8707514
8707547
8708069
8708275
8708324
8709036
8709258
8709396
8710057
8710257
8710681
8710806
8710896
8711126
8711139
8711449
8711527
8711948
8712048
8712396
8712940
8712990
8713041
8714523
8714670
8714789
8714972
8714973
8716682
8716788
8716927
8717975
8718128
8718696
8718928
8718949
8719488
8719919
8720056
8720181
8720311
8720356
8720637
8721021
8721028
8721174
8721284
8721383
8721430
8721437
8721458
8721826
8721899
8721903
8721980
8722619
8722809
8723013
8723095
8723203
8723266
8723776
8723924
8724106
8724204
8724255
8724462
8724605
8724897
8724970
8724986
8725348
8725444
8725797
8725905
8726177
8726439
8949702
8949796
8949923
8950056
8950301
8950535
8952023
8952332
8952507
8952530
8952622
8952944
8953579
8954026
8954299
8954341
8955100
8955381
8957035
8957280
8957366
8958468
8958496
8958538
8958606
8958740
8958856
8959316
8959577
8959968
8960319
8960335
8960789
8960863
8961559
8961644
8961823
8961890
8962107
8962200
8962377
8962857
8963164
8963329
8963511
8963803
8963922
8963975
8964106
8964574
8964614
8964641
8964828
8965405
8966603
8966936
8966939
8967119
8967601
9025614
9043664
9044470
9044675
9044856
9044924
9045491
9045505
9045819
9046005
9046213
9046668
9046867
9046917
9046993
9047217
9047475
9047702
9047970
9048133
9048151
9048194
9048583
9049148
9049274
9049399
9049452
9049515
9050046
9050122
9050172
9050500
9050777
9050795
9050804
9051753
9052353
9053346
9053355
9053531
9053545
9053617
9054061
9054354
9054496
9054738
9055233
9055448
9055711
9055733
9055771
9055952
9056014
9056213
9056352
9056577
9056605
9056736
9057587
9057727
9058180
9058302
9058546
9058736
9058900
9058929
9058945
9059093
9059135
9059384
9059426
9059511
9059794
9059977
9060076
9060140
9060206
9256692
9256774
9256807
9257176
9257209
9257776
9260060
9260224
9260322
9260593
9260635
9260851
9260995
9261157
9263379
9264221
9264493
9264842
9265362
9265662
9265732
9266418
9266781
9267402
9267867
9267930
9268663
9269889
9270293
9270304
9270624
9271080
9271111
9271689
9272054
9272517
9272709
9272977
9273377
9273601
9273715
9273952
9273999
9274041
9275140
9276050
9276165
9276410
9276581
9276957
9427538
9428971
9430265
9430577
9431745
9432640
9432759
9435604
9435673
9436573
9437009
9437291
9437395
9437653
9437732
9438235
9438565
9439272
9439451
9439778
9439958
9440650
9441036
9441070
9442326
9442617
9443056
9443559
9445942
9447170
9447865
9447897
9469551
9471317
9711780
9772098
9773652
9773790
9774887
9775755
9777260
9778053
9779167
9779233
9779270
9779747
9780764
9781136
9781556
9781794
9784775
10136823
10138370
10138444
10138455
10139280
10139443
10139703
10139820
10139993
10140679
10141078
10141174
10141277
10142664
10143256
10143292
10143409
10144087
10144185
10144279
10145175
10145877
10145901
10146084
10146570
10147813
10148820
10149203
10149758
10149939
10150076
10150365
10150409
10150857
10151555
10151819
10151905
10152192
10152216
10152454
10152711
10153121
10153554
10154178
10154381
10154795
10154817
10155241
10155304
10155504
10155946
10156524
10156647
10157040
10157952
10158121
10158164
10158236
10158391
10158586
10158600
10158617
10158942
10159146
10159591
10159725
10160107
10160906
10161161
10161390
10161415
10161423
10161456
10161622
10161623
10161651
10161718
10161927
10161950
10162547
10162641
10162796
10162974
10163057
10163241
10163360
10164375
10164803
10164831
10165186
10165738
10165803
10166138
10166610
10167569
10167759
10167796
10541174
10541343
10541857
10542597
10543410
10543606
10543661
10543984
10544008
10544269
10544491
10544663
10544775
10545124
10545546
10546144
10546532
10546649
10546847
10548170
10548310
10548503
10548685
10548885
10548993
10549182
10549349
10550065
10550333
10550416
10550602
10550956
10551227
10551735
10551852
10551872
10552350
10552437
10553201
10553619
10554295
10554302
10554632
10554636
10554922
10555378
10555858
10556028
10556287
10556665
10557235
10557644
10557883
10557916
10558256
10558321
10558394
10558842
10559020
10559023
10559231
10559901
10651778
10656884
10656919
10658676
10759103
10760225
10760471
10761048
10761182
10761644
10765304
10766076
10767952
10772043
10773282
10774029
10774039
10774152
10774388
10774565
10774835
10774837
10774875
10778465
10778564
10779566
10779610
10779678
10779807
10780035
10780238
10780448
10780491
10781671
10781835
10782004
10782364
10782512
10783487
10783705
10783722
10784994
10785037
10785359
10785551
10786048
10786220
10787057
10787459
10787806
10788357
10789021
10828195
10829526
10829658
10829706
10830390
10830910
10831459
10831573
10832465
10832561
10833228
10834323
10834399
10834518
10834750
10835314
10835540
10835712
10835782
10835892
10836045
10836150
10836540
10836544
10837089
10837233
10837600
10837840
10838627
10838652
10839015
10839034
10839443
10839744
10840051
10840263
10840810
10840829
10841050
10841085
10842158
10842174
10842179
10842512
10842628
10843097
10843140
10843141
10843259
10843327
10843822
10844214
10844385
10844934
10845225
10845245
10845323
10845888
10845889
10846225
10846481
10846528
10846696
10847085
10847672
10847941
10848014
10848461
10848726
10848899
10848902
10848922
10849096
10849159
10849288
10849406
10850056
11085158
11085446
11086952
11087410
11088230
11089469
11090189
11091401
11092926
11092940
11094065
11094952
11096028
11096375
11098355
11098642
11102151
11102777
11102858
11103207
11242918
11243108
11243738
11244084
11244545
11244770
11245154
11245886
11245889
11246055
11246145
11246236
11246847
11247285
11247972
11248968
11250321
11250567
11250663
11250679
11250980
11251051
11252419
11252755
11252827
11253247
11253695
11253786
11254030
11254254
11254683
11254813
11255399
11255714
11259948
11261671
11262683
11263434
11265448
11266205
11266526
11266793
11267895
11268366
11268480
11269019
11270915
11272157
11274311
11277354
11278475
11441276
11441500
11442082
11442407
11442411
11442680
11442843
11443058
11443210
11443454
11443882
11443963
11444241
11444250
11444518
11444874
11446047
11446693
11446705
11446721
11446938
11446986
11447462
11447574
11447694
11447953
11448407
11449376
11450625
11450632
11451142
11451186
11451339
11451346
11451465
11451784
11452893
11452955
11453452
11453815
11454001
11454534
11454567
11454696
11454773
11454958
11455301
11455572
11470936
11472382
11542587
11543243
11545231
11545277
11547894
11548179
11548366
11548972
11549045
11549810
11550417
11555448
11751398
11755733
11755890
11765673
11765988
11766320
11767197
11767378
11767774
11767846
11767983
11768194
11768777
11768845
11768906
11769289
11769824
11769831
11770079
11771561
11771686
11772439
11772800
11773014
11773624
11773669
11774125
11774664
11774743
11775118
11775829
11775863
11776032
11776200
11777252
11777796
11777919
11777966
11778399
11778579
11778786
11778958
11779023
11779311
11779611
11779674
11780398
11780520
11780661
11780692
11780891
11781253
11781378
11781416
11781839
11782042
11782116
11782136
11782877
11783197
11783489
11783761
11784006
11784791
11784843
11784921
11785445
11786514
11786649
11786695
11786714
11786717
11786956
11787534
11787571
11902055
11903139
11904331
11904378
11905475
11906318
11906947
11907282
11907531
11907599
11907862
11908089
11908169
11908400
11908977
11909021
11910773
11910915
11911034
11911481
11911628
11912352
11912618
11912642
11912911
11913472
11913490
11913775
11913800
11914041
11914367
11914589
11914662
11914682
11914849
11914904
11915243
11916313
11916647
11916701
11917512
11917728
11917749
11917780
11917920
11918106
11918404
11919188
11919221
11919274
11919359
11919375
11920085
11920197
11921510
11921687
11922831
11923853
11926288
11926519
11927654
11928116
11929254
11930953
11931245
11931811
11934765
12021549
12442048
12443424
12444293
12444391
12444635
12444963
12445996
12446054
12446323
12447802
12448279
12448992
12449973
12452701
12452787
12453082
12455858
12457072
12635892
12636756
12637050
12639305
12639939
12640524
12642064
12642237
12644480
12647419
12695794
12696368
12696395
12696646
12696671
12697206
12697606
12697743
12698001
12698118
12698583
12698741
12698829
12698852
12699066
12699662
12699782
12700261
12700621
12700762
12701014
12701446
12701492
12701616
12701701
12701923
12701995
12702008
12702525
12703664
12704388
12704622
12704803
12705168
12705218
12705580
12705703
12706173
12706205
12706516
12706690
12706757
12706816
12706867
12706968
12707235
12707407
12707447
12707983
12708999
12709355
12710379
12710384
12710912
12711162
12711517
12712263
12714524
12715132
12715324
12717585
12720257
12720582
12723964
12724233
12724708
12725472
12726348
12729990
12730277
12730882
12735188
12737654
12738780
12739273
12739966
12742245
12887519
12887529
12888004
12888026
12888652
12888922
12889018
12889758
12890182
12890502
12890629
12890709
12890848
12891360
12891944
12891981
12892337
12892484
12892609
12893099
12893189
12893238
12893308
12893423
12893544
12893743
12893759
12894250
12894595
12894663
12894669
12894688
12894808
12894846
12894904
12895435
12895832
12895843
12895955
12896239
12896469
12896610
12896695
12896793
12896841
12896968
12897354
12898214
12898260
12898302
12899683
12900120
12900358
12900472
12900484
12900629
12900831
12900908
12901003
12901255
12901387
12902142
12902205
12902216
12902397
12902705
12903172
12903409
12903647
12903955
12904150
12904201
12904318
12904410
12905493
12905665
12905881
12905928
13172541
13172951
13173211
13173319
13174314
13174355
13174432
13174634
13176110
13176256
13176446
13176762
13176818
13177049
13177482
13177784
13178078
13178127
13178274
13178667
13178687
13178876
13178932
13179217
13179499
13179627
13180061
13180570
13180795
13181047
13181206
13181697
13182784
13183329
13183716
13183721
13183889
13183912
13183948
13183954
13184023
13184796
13184872
13185000
13185530
13186345
13186397
13186771
13186969
13187138
13187487
13236564
13236612
13236695
13236851
13237125
13237238
13237587
13237865
13237900
13238165
13238332
13238434
13238600
13239075
13239095
13239630
13239973
13240186
13240927
13240938
13240952
13241203
13241335
13241767
13241880
13241961
13242046
13242401
13242646
13242665
13242945
13243069
13243479
13243489
13243553
13243799
13244015
13244061
13244580
13244616
13244859
13245189
13245193
13245256
13245347
13245352
13245634
13245953
13246185
13246450
13246637
13246751
13247015
13247048
13248053
13248139
13248340
13248476
13248496
13248565
13248864
13249106
13249324
13249411
13249457
13249873
13249887
13249959
13250213
13250445
13250917
13251611
13251834
13252343
13252798
13252812
13252845
13252864
13252903
13253135
13253138
13253296
13253376
13253422
13253457
13253636
13254146
13254318
13254460
13254638
13254755
13254856
13254940
13255065
13255069
13255449
13255907
13256698
13256789
13256841
13256908
13257082
13607686
13608129
13609114
13611510
13614889
13615349
13616321
13616813
13617912
13618908
13620307
13620401
13621207
13621619
13621814
13622151
13622318
13622589
13622792
13623071
13623192
13623225
13623621
13624172
13624255
13624799
13624808
13624959
13625477
13625537
13625870
13626152
13626234
13626510
13626740
13626975
13627264
13627460
13627638
13628110
13628228
13628448
13628608
13628799
13628854
13628873
13628898
13628936
13628953
13629394
13629413
13629647
13629872
13629884
13631219
13631297
13631433
13631781
13632072
13632222
13632268
13632469
13632949
13636755
13643337
13646474
13655200
13657323
13658763
13659313
13662201
13662876
13666212
13667853
13668175
13668225
13668467
13676043
13686918
13687863
13692222
13694634
13696139
13696160
13696483
13696763
13696935
13697392
13697964
13698676
13698949
13699294
13699492
13699502
13699982
13700932
13700944
13701125
13701262
13701544
13701588
13701828
13702135
13702553
13703703
13704348
13704495
13704589
13705224
13706559
13706713
13706916
13707005
13707225
13707791
13727016
13727319
13727351
13727855
13728102
13728168
13728177
13728632
13728696
13728773
13729056
13729137
13729726
13729735
13730053
13730184
13730873
13731146
13731598
13731740
13731828
13731891
13733555
13733582
13733744
13733775
13733951
13734928
13735202
13735322
13736362
13736398
13736429
13737280
13737572
13737617
13737678
13738085
13738192
13739061
13741069
13741126
13741651
13742094
13742176
13742178
13742288
13742996
13743025
13743027
13743361
13743881
13744579
13745162
13745209
13745342
13745731
13745856
13747282
13747426
13747540
13747721
13747725
13747753
13748508
13748569
13748697
13748704
13748996
13749077
13749186
13749218
13749711
13749872
13749916
13749985
13750001
13750498
13750630
13750775
13751499
13751540
13751639
13751780
13752036
13752187
13752258
13752596
13752663
13752749
13752934
13753286
13753393
13753733
13754259
13754395
13754752
13755251
13755280
13756348
13757105
13757276
13757651
13757925
13758115
13758539
13758551
13759737
13760240
13761562
13762060
13762655
13762907
13763126
13763999
13764101
13764283
13764306
13764830
13764851
13766494
13768337
13769193
13769662
13771891
13772472
13772487
13773508
13773570
13773834
13774247
13774475
13774840
13774898
13775373
13775417
13775467
13775784
13776038
13921044
13921781
13923192
13923310
13923602
13923685
13923778
13923848
13923876
13923931
13924058
13924161
13924254
13924279
13924745
13925035
13925262
13925932
13926112
13926178
13926258
13926518
13926814
13926924
13927143
13927245
13928063
13928147
13928297
13928595
13929314
13929496
13930023
13930472
13930896
13931040
13931567
13931712
13931841
13932077
13932706
13932844
13933120
13933279
13933632
13934385
13934493
13934678
13934917
13935312
13935537
13935887
13936147
13936925
13936983
13937134
13937191
13937463
13937478
13937558
13937576
13938312
13938558
13939261
13939337
13939601
13939922
13968006
13968548
13969016
13969544
13969775
13970253
13970482
13970728
13971130
13972037
13972398
13972902
13973431
13973658
13973904
13974157
13974753
13974783
13975426
13975802
13975820
13976396
13976510
13976756
13976980
13977158
13978044
13978060
13978212
13978284
13978294
13978487
13979579
13980051
13980067
13980367
13981054
13981284
13981478
13982076
13982110
13982447
13982682
13983317
13983331
13983514
13983735
13985773
13985888
13985906
13986907
13987228
13987968
13988024
14047049
14047131
14047528
14048352
14048358
14049080
14049085
14049198
14049272
14049512
14049581
14049765
14050200
14050594
14050989
14051364
14051383
14051452
14051573
14051639
14052329
14053236
14053353
14053397
14054107
14054141
14054267
14054841
14054900
14055006
14055401
14055610
14057002
14057074
14057295
14057712
14058043
14058491
14058572
14059062
14059295
14059525
14059612
14059647
14059800
14060443
14061249
14061386
14062381
14062454
14062892
14063426
14063784
14063801
14064249
14064427
14064457
14065684
14065795
14066130
14066281
14066454
14066672
14066762
14067471
14067907
14067981
14068432
14068554
14068708
14068815
14068988
14069076
14069803
14069849
14070655
14070980
14071308
14071527
14072045
14072401
14072820
14072962
14072982
14073408
14074525
14074538
14075109
14075210
14075330
14075847
14077205
14078259
14078277
14078667
14078939
14079045
14079277
14079830
14079887
14080063
14080377
14080428
14080694
14080797
14080924
14081504
14081686
14081735
14082124
14082515
14083292
14124271
14124970
14125242
14125826
14126033
14127549
14127599
14127850
14129764
14129825
14130293
14130436
14131181
14131513
14133730
14134590
14136299
14156667
14156727
14156846
14157292
14157581
14157758
14158183
14158256
14158420
14158616
14158637
14158713
14159023
14159306
14159363
14159722
14159824
14160238
14160328
14161174
14161364
14161516
14161528
14161664
14162088
14162169
14162271
14162462
14163262
14163326
14163523
14163881
14163935
14164009
14164081
14164239
14164481
14164527
14164605
14164621
14164957
14165558
14165739
14165798
14165838
14166863
14166931
14166987
14167038
14167906
14168037
14168113
14168210
14168401
14168566
14169598
14170135
14170418
14170673
14170684
14171183
14171813
14171819
14172015
14173046
14173543
14173976
14174229
14174453
14174501
14174791
14175298
14175758
14176175
14176177
14176225
14176315
14176401
14176488
14176642
14176713
14196689
14197516
14200302
14205583
14206647
14209874
14211994
14212331
14212763
14216788
14337748
14337810
14337902
14338088
14338863
14339295
14339425
14339697
14341280
14341519
14343063
14343273
14343368
14343775
14343903
14344119
14344175
14344355
14344393
14344734
14345564
14345627
14345926
14346207
14347420
14347830
14348179
14348574
14349076
14349758
14350766
14351225
14352380
14378665
14384937
14385015
14385568
14423114
14423145
14423227
14423593
14423669
14423825
14424584
14424666
14425943
14427040
14427159
14427763
14428588
14428943
14429114
14429152
14429172
14429259
14429443
14429790
14430003
14430463
14430486
14430658
14431441
14431599
14432124
14433901
14433970
14434437
14434959
14435309
14436053
14436196
14467359
14467562
14467930
14467938
14467997
14468116
14469165
14469182
14469528
14469682
14469685
14469922
14469956
14470124
14470206
14470336
14470378
14470546
14470556
14470856
14470877
14470910
14471807
14471918
14472219
14472291
14472340
14472499
14472741
14472844
14473057
14473094
14473432
14473705
14474436
14474586
14474662
14475169
14475320
14475404
14475706
14475807
14475958
14476063
14476161
14476309
14476510
14476553
14476625
14476646
14476747
14476970
14477031
14477468
14477806
14478352
14478787
14478789
14478910
14479177
14479226
14479800
14479839
14479941
14480371
14480834
14480922
14481216
14481617
14482157
14482401
14482458
14482523
14483235
14483331
14483399
14483405
14483614
14483747
14484227
14484343
14484695
14486158
14486266
14486282
14486408
14486552
14486621
14486668
14487254
14487615
14487669
14487937
14488179
14488258
14488416
14488633
14489063
14489107
14489238
14489758
14489767
14490049
14490160
14490216
14490322
14490340
14490346
14490442
14552425
14552585
14552832
14552878
14552969
14553181
14553651
14554131
14554663
14554797
14554889
14554900
14554917
14555793
14555820
14555854
14556106
14556249
14556514
14557206
14557326
14557355
14557509
14557743
14557877
14558138
14558252
14558724
14559199
14559309
14559505
14559897
14560983
14561142
14561476
14561756
14561992
14562206
14562237
14562532
14562569
14562850
14563583
14563726
14563895
14563946
14564005
14564120
14564477
14564551
14564648
14564850
14565434
14565608
14565665
14565924
14566277
14566295
14566297
14566729
14566870
14607012
14607342
14607478
14607649
14608627
14608849
14608911
14609473
14609970
14610618
14610901
14611397
14611443
14612119
14612204
14612237
14612846
14613232
14613940
14614270
14615040
14615771
14615939
14617007
14617313
14617543
14618368
14618843
14618876
14619053
14619072
14619286
14619506
14619893
14620199
14620507
14620537
14620839
14621628
14622123
14622197
14622477
14622591
14623106
14624439
14624679
14624682
14624721
14624883
14625118
14625183
14625331
14625588
14626346
14626497
14626674
14626706
14626812
14626841
14627124
14627659
14628593
14628922
14629558
14629625
14629815
14629838
14630014
14630165
14630183
14630249
14630269
14630413
14630458
14630771
14631291
14631412
14631522
14632071
14632381
14632669
14632926
14633275
14633329
14633836
14633899
14634029
14634624
14635252
14636299
14636708
14637151
14637372
14637552
14637826
14638821
14638885
14638891
14639270
14640155
14640325
14640656
14640667
14640731
14640781
14640948
14641021
14641109
14641185
14641270
14641299
14641465
14642284
14642374
14642508
14642690
14642853
14642977
14642984
14643193
14643218
14643405
14643497
14643723
14644107
14644136
14644178
14644637
14644921
14645610
14646255
14646349
14647104
14647238
14647711
14648044
14648153
14648170
14648263
14648472
14648535
14648869
14649174
14649179
14649504
14650033
14651232
14651315
14651365
14651734
14652180
14652934
14653410
14653784
14654027
14654217
14654903
14654917
14655013
14655120
14655201
14655828
14656083
14657285
14671305
14671686
14673322
14673366
14673468
14674009
14675745
14675904
14676362
14678056
14678858
14679873
14679937
14679949
14680071
14680464
14681897
14686246
14686427
14686510
14686927
14687520
14691997
14692249
14853209
14967719
14967817
14967890
14968160
14968335
14968459
14969300
14969494
14969603
14969657
14970357
14971256
14971395
14971684
14971688
14972185
14972993
14973482
14974161
14975133
14975410
14975763
14975985
14975997
14976241
14976709
14976800
14977024
14977370
14978127
14978204
14978453
14978540
14978545
14978908
14979045
14979211
14979285
14979428
14980043
14980240
14981128
14981434
14981639
14981738
14981920
14982814
14982927
14983202
14983343
14983551
14983571
14983876
14984278
14984974
14985009
14985173
14985353
14985955
14986282
14986470
14988044
14988330
14988507
14988574
14988579
14988717
14989273
14989331
14989454
14989512
14990843
14991061
14992320
14992477
14992803
14992906
14992926
14993248
14993755
14994494
14994657
14994754
14995856
14996201
14996804
14996864
14996956
14997189
14997760
14997916
14997947
14997964
14997970
14998828
14999727
15001242
15002179
15003017
15003151
15003271
15003288
15003335
15003720
15004277
15009510
15009984
15012100
15013768
15013789
15015879
15016090
15016270
15016380
15016656
15016758
15017064
15017250
15017297
15017371
15017393
15017453
15017535
15017576
15017982
15018365
15018548
15018763
15019431
15019477
15019693
15019902
15020037
15020389
15020522
15021905
15022696
15023200
15023393
15024243
15024745
15025973
15026143
15026164
15026415
15026425
15027802
15027808
15027828
15027927
15027951
15028058
15028201
15028556
15028647
15028955
15028976
15029083
15029165
15029554
15029751
15029843
15029856
15030358
15030884
15031557
15031949
15032164
15032823
15033409
15033688
15033812
15034010
15034153
15034175
15034352
15034429
15114020
15114047
15114527
15114801
15115944
15116622
15116788
15118101
15118225
15118409
15118453
15118837
15119182
15119720
15120007
15120116
15120352
15120414
15120871
15121275
15121391
15121459
15121975
15122058
15122424
15123633
15123916
15124033
15124292
15124414
15125215
15125236
15125328
15125656
15125922
15125970
15126101
15126208
15126368
15126784
15126971
15127137
15127214
15127757
15127941
15128243
15128392
15131043
15133369
15137887
15137999
15138500
15141868
15143764
15145358
15148057
15148430
15148869
15149395
15150033
15150355
15150611
15151630
15151705
15152281
15152293
15152651
15152998
15153342
15153429
15153477
15153566
15153754
15153910
15153919
15154185
15154352
15154385
15154723
15154863
15155215
15155758
15155820
15155890
15155901
15155918
15156073
15156154
15156191
15156741
15156927
15156941
15157156
15157864
15157876
15157889
15158011
15158338
15158489
15159042
15159518
15159654
15159763
15159918
15160089
15160094
15160242
15160633
15160671
15160916
15161532
15161700
15161713
15161877
15162637
15163033
15163874
15167976
15168257
15168550
15168877
15169408
15172392
15172870
15173000
15174454
15175973
15177968
15179801
15182331
15183524
15248478
15248820
15251133
15253239
15254450
15254813
15254814
15255418
15256602
15256721
15257081
15258568
15260858
15261349
15284425
15284434
15284440
15284490
15284620
15284703
15284871
15284969
15285464
15285680
15288133
15288970
15290768
15290960
15291278
15291440
15291530
15291560
15291577
15292314
15292509
15292758
15292875
15293061
15293395
15294527
15294899
15295549
15295565
15295808
15296106
15296373
15296746
15296801
15297031
15298160
15298259
15298334
15365268
15418167
15418624
15418652
15419236
15420049
15421151
15421573
15422173
15423367
15424033
15424051
15424066
15424280
15424668
15425427
15425687
15425957
15426035
15426332
15426748
15426843
15426990
15427380
15427396
15427427
15428023
15428157
15428299
15428389
15428490
15428564
15428975
15429077
15429761
15430546
15452767
15453200
15453621
15454276
15454391
15454457
15454972
15455470
15455707
15455714
15455779
15456421
15456437
15456461
15456527
15456669
15456890
15457440
15457663
15457730
15457829
15458447
15458806
15459224
15459459
15459553
15459703
15460062
15460324
15460400
15461081
15461396
15461411
15462442
15462629
15462697
15463326
15463377
15463414
15463648
15463662
15463993
15464531
15465588
15465596
15466129
15466668
15466680
15468287
15468411
15468563
15468689
15468784
15469017
15469741
15471268
15471282
15471924
15471934
15472025
15472332
15472497
15473139
15490812
15511166
15512220
15514202
15514571
15522544
15525046
15525799
15528266
15528383
15529324
15602874
15635265
15635429
15635504
15636624
15636801
15636878
15637076
15637306
15637690
15637726
15637928
15638045
15638157
15638265
15638450
15639015
15639161
15639596
15639610
15639815
15640030
15640050
15640212
15640526
15640675
15640946
15640998
15641123
15641385
15641424
15641454
15641677
15641946
15642228
15642591
15642640
15642669
15642764
15643129
15643721
15643837
15644098
15644877
15645291
15645364
15645589
15645724
15645804
15647082
15647125
15647181
15647291
15647301
15647430
15647457
15647646
15647674
15647722
15647905
15647917
15648128
15648900
15648925
15649338
15649836
15650345
15650963
15651030
15651264
15668703
15668815
15669658
15669757
15670408
15671345
15671811
15672589
15673237
15673363
15673504
15673648
15674117
15674443
15674911
15675896
15676277
15676446
15676498
15676593
15676837
15677217
15677307
15677454
15677468
15677880
15678733
15678876
15679111
15679734
15680096
15680555
15680671
15680700
15680752
15681065
15681292
15681740
15682006
15682408
15682474
15682524
15682891
15683235
15683542
15683577
15683693
15683829
15684000
15684237
15684290
15684566
15685109
15685443
15716008
15716673
15716781
15718623
15719220
15719287
15719443
15719789
15719895
15720913
15721010
15721507
15721784
15722444
15723132
15723518
15724290
15724678
15724743
15724970
15725145
15725358
15725415
15725826
15726043
15726057
15726283
15726338
15726964
15727213
15727652
15727660
15727793
15728085
15728203
15728545
15728789
15729216
15729915
15730002
15730290
15730315
15730386
15730387
15730388
15731276
15731583
15731626
15731783
15732541
15732779
15788141
15788414
15795562
15797062
15799375
15799430
15802734
15802797
15804553
15851749
15852663
15853218
15853306
15854176
15854186
15855514
15856628
15857408
15857539
15857740
15857879
15857932
15857964
15858812
15859027
15859512
15860062
15860099
15860342
15861404
15861570
15861673
15861830
15862277
15862348
15862639
15862863
15863527
15863609
15863692
15864163
15864518
15864812
15864883
15865012
15866483
15866512
15866582
15866861
15867033
15867373
15867741
15867796
15869521
15870665
15870761
15870931
15870989
15871661
15871732
15872192
15872243
15872299
15872667
15873123
15873380
15873882
15874383
15875284
15880444
15883310
15884619
15888247
15889538
15933098
15933411
15933481
15933724
15934404
15934502
15934820
15934962
15935209
15935759
15935964
15936493
15936543
15936755
15936815
15937051
15937530
15938891
15939855
15940294
15940316
15940460
15940795
15940897
15941715
15941945
15942059
15942095
15942846
15943878
15944620
15944635
15945835
15946793
15947276
15947431
15947442
15947582
15948040
15948628
15949635
15950274
15950682
15951455
15952464
15953032
15953159
15953608
15953812
15953824
15954171
15955449
15955496
15955626
15956232
15957068
15958790
15958801
15959935
15960000
15960065
15960562
15960731
15961096
15961377
15961552
15961895
15962118
15962428
15962600
15962904
15963635
15964703
15965682
15966282
15966920
15968005
15969324
15969430
15969501
15969670
15970300
15971269
15971941
15972039
15973039
15973259
15973658
15975025
15976713
15976920
15980277
15984103
15984734
15984787
15985114
15985433
15985633
15985810
15986079
15986453
15989947
15990086
15991163
15991862
15992724
16043074
16044121
16045874
16046036
16047349
16050614
16053221
16054042
16055395
16087431
16087995
16088156
16089083
16089262
16089573
16089915
16090202
16090349
16093045
16093576
16094014
16094291
16095514
16096021
16096022
16096032
16096289
16096912
16097229
16097233
16098333
16099629
16099857
16100046
16100955
16101076
16101452
16102080
16102599
16102673
16103389
16103708
16103925
16103969
16104140
16105253
16105440
16105444
16105653
16106067
16106164
16106433
16106794
16107155
16107516
16107605
16107970
16108780
16109128
16109252
16109681
16110601
16111068
16126040
16127074
16127997
16128506
16128596
16129661
16130951
16131781
16136025
16138333
16140280
16140641
16141168
16143420
16158318
16159149
16159356
16159646
16159946
16160194
16160477
16161385
16161519
16161529
16161694
16161732
16161758
16161908
16162222
16162824
16163160
16163470
16163813
16164213
16164809
16165065
16165209
16165235
16165294
16165338
16165787
16166200
16166253
16166317
16166561
16166888
16166969
16167123
16167268
16167295
16167384
16167480
16167809
16167862
16168136
16168146
16168346
16168597
16169735
16169784
16170090
16170115
16170184
16170295
16170375
16170681
16170898
16170953
16171136
16171451
16171542
16171652
16172063
16172146
16172213
16172252
16172302
16172786
16173296
16266741
16266892
16267095
16267148
16267543
16267611
16267741
16267839
16268322
16268641
16268946
16268985
16269316
16270501
16271619
16271805
16271872
16272025
16272030
16273474
16273538
16273715
16274179
16274323
16275280
16275468
16275473
16275793
16276135
16276385
16276475
16276758
16277352
16277410
16278163
16278264
16278407
16278798
16279115
16279143
16279239
16279686
16279838
16279851
16280171
16280307
16280351
16280622
16280681
16281199
16281632
16281776
16282481
16282997
16283022
16283110
16283216
16284062
16284294
16284412
16378376
16379455
16379957
16380328
16380477
16381419
16381431
16381733
16382283
16383071
16383310
16383986
16384175
16384698
16385383
16385383
16385439
16385864
16386276
16386866
16386940
16386985
16387418
16387987
16388316
16388532
16388612
16388828
16388942
16389330
16389330
16389486
16389595
16389891
16390504
16390877
16391330
16391473
16391476
16391784
16392194
16392262
16392332
16392541
16392964
16393283
16393599
16393976
16394207
16394741
16394963
16395382
16395538
16395579
16395595
16395629
16396115
16396180
16396232
16396977
16397590
16397830
16397945
16398026
16398066
16398160
16398758
16399325
16399517
16450819
16451665
16453297
16454705
16456741
16458016
16458985
16459990
16460990
16461074
16462110
16462823
16464280
16464294
16465018
16465993
16467010
16467179
16467312
16467923
16467927
16467966
16468497
16468516
16468578
16468856
16468898
16469149
16469518
16470006
16470032
16470187
16470192
16470557
16470752
16470786
16470789
16470956
16471122
16471159
16471306
16471574
16471670
16471821
16471858
16471957
16471987
16472276
16472436
16472837
16472884
16473014
16473419
16473821
16474010
16474012
16474275
16474459
16474969
16474976
16475055
16475084
16475117
16475153
16475688
16475919
16475984
16476285
16476419
16476533
16477458
16478213
16478326
16478331
16478485
16478944
16478962
16479061
16479093
16479163
16479713
16479851
16479917
16480175
16480487
16480646
16480670
16480794
16480871
16480873
16480895
16481453
16481583
16481650
16481772
16481837
16481856
16481953
16482031
16482230
16482556
16482964
16483307
16483318
16483531
16484213
16484401
16484844
16484934
16485163
16485195
16485672
16485953
16486028
16486134
16486387
16486529
16486967
16487358
16487567
16488173
16488307
16488733
16488812
16488962
16489009
16489106
16489215
16490107
16490218
16490662
16491084
16530832
16531536
16532119
16532414
16533084
16533147
16533806
16533878
16533928
16534356
16534691
16535021
16535242
16535383
16535450
16536263
16536337
16537422
16537568
16537761
16538158
16538556
16538822
16539200
16539277
16539436
16539759
16539959
16540308
16541221
16541636
16542426
16542599
16542828
16542830
16543116
16543570
16544360
16587451
16587612
16587941
16588001
16589120
16589852
16589869
16590346
16591224
16591238
16591901
16591964
16593168
16593198
16595155
16595872
16596086
16596632
16596880
16596892
16596898
16597431
16599000
16599238
16601425
16603419
16604002
16604322
16605524
16671376
16673985
16674767
16793182
16794751
16794772
16795240
16795515
16796240
16796803
16798086
16798204
16798273
16800097
16800133
16800323
16801283
16801691
16802066
16802717
16802912
16803335
16805217
16805343
16809506
16810727
16811569
16812548
16815416
16816517
16816998
16817652
16818642
16822654
16886387
16891296
16891553
16894377
16894567
16895036
16897173
16898744
16900343
16900380
16900600
16901544
16902186
16904470
16904682
16905094
16908655
16911824
17059203
17071290
17142655
17142674
17142761
17142876
17143557
17143726
17143816
17144066
17144202
17144694
17144884
17144884
17144981
17145064
17146089
17146384
17146757
17147284
17147296
17147864
17147871
17148130
17148240
17149033
17149391
17149405
17149556
17149652
17149713
17149864
17150066
17150226
17150332
17150335
17150387
17150508
17151050
17151213
17151444
17151458
17152064
17152184
17152220
17152891
17153252
17153292
17153328
17153398
17153536
17154456
17154692
17155027
17155345
17155448
17155665
17155763
17155812
17155890
17155944
17156270
17156290
17156706
17157133
17157286
17157399
17157516
17157939
17158260
17158441
17158510
17158554
17158727
17158917
17159058
17159266
17159274
17159279
17159835
17159923
17196053
17196808
17196889
17196941
17196979
17198325
17198629
17198633
17198995
17199057
17199162
17199169
17199443
17199960
17199978
17200133
17201062
17201184
17201423
17201731
17202090
17202361
17202881
17203492
17203724
17203806
17203837
17204144
17204446
17204789
17204824
17204991
17205320
17205842
17205969
17206078
17206386
17207052
17207201
17207292
17207428
17207869
17207977
17226967
17228842
17232823
17234681
17235475
17244967
17463190
17464228
17464803
17464841
17464850
17464926
17465252
17466074
17467183
17467954
17467967
17468787
17469985
17471087
17471090
17471229
17472740
17472873
17473119
17474124
17474276
17474424
17475376
17475699
17477640
17477782
17478075
17479300
17479592
17479819
17479937
17479987
17480227
17480802
17480899
17481685
17482676
17483284
17483687
17484004
17484043
17484195
17484321
17484842
17508576
17508590
17508646
17508951
17509007
17509211
17509597
17509760
17510311
17510348
17510417
17510548
17510555
17510627
17510839
17510903
17510985
17511286
17511294
17512335
17512585
17512899
17513027
17513548
17513635
17513761
17513821
17513937
17514020
17514045
17514081
17514240
17514718
17515048
17515674
17515702
17515860
17515874
17516576
17516633
17516919
17517139
17517259
17517574
17517871
17518619
17518811
17519164
17519224
17519471
17519536
17519539
17520139
17520228
17520278
17520432
17520737
17520927
17521588
17521620
17521706
17522154
17923332
17923619
17923773
17924019
17924041
17924361
17924374
17924444
17924480
17925066
17925163
17925508
17925656
17925713
17926348
17926811
17927124
17927169
17927658
17927863
17927983
17928142
17928166
17928169
17928645
17928673
17929051
17929088
17929280
17929403
17929760
17929812
17930725
17930825
17931140
17931722
17931975
17932364
17932832
17933240
17933359
17933421
17933842
17934118
17934317
17934675
17934891
17935341
17935361
17935388
17935452
17936296
17936496
17938307
17938324
17938480
17938656
17939189
17939195
17939268
17939312
17939604
17939768
17939778
17940152
17940405
17940446
17940451
17940829
17941241
17941292
17941484
17942199
17942493
17942643
17942756
17942775
17942972
17943081
17943230
17943366
17943627
17944020
17944331
17944722
17944914
17945380
17945841
17945905
17946126
18029598
18030178
18033876
18034217
18035666
18036032
18045729
18046233
18047373
18048024
18049414
18051483
18060808
18108116
18108372
18108627
18109391
18109404
18109756
18111029
18111197
18111329
18111587
18111711
18112052
18112533
18112587
18113033
18113202
18113263
18113379
18114845
18115132
18115379
18115520
18116198
18116362
18116560
18116963
18117088
18117464
18117609
18118087
18118266
18118277
18118921
18119385
18119910
18120538
18120701
18120820
18120852
18120951
18121867
18122242
18122484
18122718
18123192
18123304
18123336
18123588
18123972
18124459
18251112
18251644
18350332
18351109
18351300
18351998
18352078
18352201
18352339
18353097
18353424
18353738
18353866
18354012
18354719
18355690
18355838
18355995
18356093
18356177
18356669
18357288
18357822
18357891
18357902
18358154
18358277
18358685
18358736
18358880
18359425
18359511
18360067
18360101
18360185
18360615
18361251
18361533
18361670
18361777
18362366
18362409
18362422
18362426
18362670
18363275
18363689
18363709
18363787
18364145
18365004
18365665
18365712
18366412
18366924
18367422
18367641
18367712
18367881
18367931
18367976
18368588
18368830
18369063
18369122
18369344
18369468
18369554
18369927
18370164
18371149
18415054
18418471
18420852
18463612
18470435
18619500
18620148
18620633
18620804
18620859
18620989
18621154
18621316
18622261
18622922
18623046
18623626
18623651
18623735
18624429
18624518
18625067
18625459
18625684
18625786
18626173
18626902
18627155
18627361
18627392
18627483
18627858
18627878
18629309
18629568
18629808
18629839
18629918
18630468
18630480
18631019
18631561
18631610
18732180
18733616
18735585
18735671
18737633
18737943
18740294
18742308
18743897
18746175
18746965
18748543
18752700
18797420
18797547
18797688
18797689
18798128
18798312
18799074
18799306
18799646
18800380
18800425
18801080
18801922
18801975
18802043
18802209
18802272
18802580
18802737
18803154
18803406
18804104
18804375
18804500
18804672
18804953
18805567
18805661
18805912
18806067
18806376
18806492
18807025
18807065
18808024
18808039
18808077
18808595
18808598
18808757
18809413
18809699
18810579
18810987
18811355
18811410
18812161
18812564
18812840
18813276
18813604
18814621
18814965
18815200
18815819
18840167
18840379
18841221
18938286
18939472
18939828
18940428
18940762
18940811
18941736
18942348
18942445
18942446
18943024
18943757
18943759
18944180
18944818
18945501
18946011
18946875
18947031
18947067
18947876
18947883
18947976
18948043
18949734
18949999
18968458
18969188
18969280
18969557
18969579
18969777
18970051
18970530
18970726
18970783
18970848
18971355
18971816
18971980
18971982
18972282
18972654
18973514
18974566
18974627
18975629
18975757
18975934
18976813
18976930
18977144
18977197
18977806
18978118
18978491
18978600
18978932
18979162
18979472
18979655
18980169
18980811
18981065
18981411
18981816
18981821
18982164
18982306
18982534
18982589
18982848
18983350
18983575
18984118
18984138
18984218
18984258
18984699
18984828
18984952
18985282
18985310
18985572
18985752
18985852
18986754
18986938
18987568
18988407
18988496
18988909
18989048
18989114
18989228
18989739
18990562
18990866
19056916
19058098
19058456
19059381
19059450
19060536
19060639
19060866
19061828
19062333
19062642
19063368
19063530
19065360
19066048
19066425
19066500
19066501
19066634
19067445
19067724
19067772
19068396
19068974
19069392
19069691
19069841
19069930
19070153
19070551
19072070
19072196
19072597
19072641
19072981
19074681
19076188
19217390
19217603
19217820
19217967
19218794
19219160
19219452
19219625
19219887
19220178
19220284
19221357
19221997
19223450
19223570
19223607
19224300
19225431
19226197
19226326
19227815
19228383
19229295
19229751
19230142
19230274
19232106
19232133
19232264
19232435
19232725
19233042
19233271
19302635
19302674
19303024
19303483
19303515
19303609
19303725
19303743
19303928
19304218
19304870
19304916
19305171
19305303
19305307
19305625
19305890
19306146
19306688
19306951
19307417
19307901
19308813
19309139
19310075
19310080
19310117
19310488
19311059
19311289
19311481
19311919
19312002
19312532
19312948
19313046
19313056
19313315
19313537
19313619
19313716
19525294
19525316
19525366
19525514
19526081
19526643
19526891
19526896
19527131
19527150
19527369
19527983
19528021
19528292
19528304
19528477
19528540
19528688
19528851
19529754
19530354
19530424
19530479
19530644
19530688
19530722
19531271
19531954
19532763
19534155
19534186
19535079
19535720
19535924
19536180
19536273
19536349
19536393
19536418
19536428
19536461
19536498
19536574
19536614
19536620
19536665
19536768
19537177
19537414
19537554
19537683
19538146
19538820
19538905
19538952
19539016
19539343
19539924
19540236
19540288
19540296
19540683
19540939
19540964
19541293
19541522
19622965
19623008
19623287
19623660
19624397
19624896
19624993
19625006
19625386
19625469
19626014
19626402
19626521
19627068
19627686
19627919
19628495
19628595
19628737
19629316
19629704
19630748
19631494
19631557
19631853
19632581
19633127
19633484
19634835
19635279
19635555
19636161
19636633
19637106
19660977
19667790
19669888
19737300
19943394
19945794
19960491
19961412
19961576
19962241
19963976
19964374
19964844
19966860
19967215
19967575
19968148
19970112
19970514
19971279
19971417
19971872
19971985
19973390
19974495
19975888
19977835
19978300
19978665
20052036
20052143
20052144
20052162
20052209
20052567
20052793
20054756
20054777
20055744
20055929
20056047
20056056
20056122
20056210
20056338
20056402
20056682
20056763
20056975
20057375
20057571
20057842
20058151
20058161
20058186
20058302
20058514
20058957
20060193
20060286
20060299
20060381
20060858
20061026
20061148
20061338
20062043
20062451
20062599
20062732
20062804
20062810
20063136
20063417
20063612
20064159
20064240
20064802
20064862
20065177
20065618
20065642
20065788
20066492
20066508
20066767
20066792
20067474
20067484
20213316
20213735
20214837
20215865
20215983
20216264
20216474
20217561
20217687
20217758
20217825
20217935
20218040
20218462
20218462
20218585
20218680
20218953
20219154
20219632
20219788
20219845
20220298
20220558
20220778
20221056
20221242
20221695
20221994
20222716
20223163
20224653
20224907
20225410
20225662
20226077
20226652
20226718
20226940
20227244
20227595
20227646
20227838
20227948
20228468
20228760
20228932
20229277
20229922
20230478
20230687
20231789
20231982
20232343
20232561
20232824
20232881
20232903
20233271
20233618
20268788
20272058
20272567
20336668
20337656
20337765
20337767
20339454
20340590
20341080
20341561
20342120
20344017
20345589
20346073
20346508
20348094
20348328
20348657
20349249
20349320
20349468
20349494
20349646
20351133
20351527
20351694
20352896
20353381
20353491
20353936
20355169
20355818
20372988
20373502
20374224
20374529
20374645
20374828
20375626
20375728
20376355
20376564
20377685
20378099
20378781
20379020
20380618
20381131
20381522
20381645
20382863
20383523
20383769
20385246
20385755
20385875
20386460
20386557
20388261
20389553
20389575
20389602
20390113
20390410
20390462
20391571
20391749
20392650
20392944
20393517
20393597
20393607
20393926
20394481
20394761
20394864
20394888
20422911
20504059
20504063
20504862
20505162
20505396
20505406
20505409
20505955
20506150
20506454
20506465
20506473
20507075
20507341
20508352
20508702
20510784
20510831
20510874
20511034
20511254
20511607
20512179
20512447
20512824
20513088
20513137
20513244
20513588
20513667
20514466
20514467
20514648
20514900
20515001
20515566
20516050
20516309
20517263
20517647
20517789
20518620
20518637
20518871
20518979
20519112
20519187
20519376
20519514
20519964
20520303
20520674
20520832
20520948
20520977
20521728
20521914
20522287
20522298
20522662
20523260
20523831
20651580
20652260
20654684
20659974
20744116
20745849
20746220
20747323
20752052
20754620
20758236
20930834
20931473
20931699
20932665
20935237
20935608
20936152
20939472
20940461
20940779
20941071
20941272
20941932
20942335
20943672
20944036
20946418
20946920
20946923
20946945
20948011
20948875
20948901
20949391
20950781
20950792
21121753
21122346
21123582
21124195
21124260
21124306
21125791
21125989
21126180
21126285
21126314
21126398
21126981
21127119
21127724
21127851
21128808
21129077
21129703
21130335
21130509
21130685
21131550
21132563
21132568
21133852
21254003
21257021
21259002
21267255
21267955
21268750
21272927
21274547
21274696
21515499
21515679
21515739
21515931
21515999
21517403
21517518
21517578
21517693
21518196
21518514
21518799
21518916
21518973
21519018
21519658
21519829
21520082
21520312
21520420
21520617
21520775
21521102
21521211
21521576
21522250
21522305
21522312
21522434
21523035
21523092
21523196
21523244
21523360
21523806
21523890
21524420
21524437
21525519
21525560
21525785
21526335
21526819
21527381
21527471
21527761
21528138
21528708
21529288
21529400
21529485
21529523
21529634
21529814
21530456
21530579
21530622
21531103
21531171
21531578
21532023
21532518
21532959
21533004
21533273
21533767
21533834
21534630
21535023
21535148
21535165
21535186
21535786
21535838
21536475
21537373
21555372
21555793
21556454
21556490
21556855
21556894
21557720
21557785
21558347
21558508
21558687
21559245
21559724
21560230
21561415
21562245
21564252
21564286
21564826
21565108
21565769
21565837
21566074
21567248
21567456
21567958
21567985
21568181
21568192
21568431
21569159
21569384
21569978
21570457
21695874
21697092
21705663
21707499
21710542
21714086
21715357
21789786
21790286
21790362
21790378
21790392
21791179
21791360
21791809
21791860
21792017
21792092
21792453
21792586
21792998
21793117
21793170
21793234
21793257
21793304
21793328
21793498
21793729
21793862
21794746
21794806
21794827
21796249
21796812
21797513
21797696
21797868
21797909
21798125
21798395
21798458
21798640
21798999
21799335
21799577
21799607
21799997
21800220
21800224
21800808
21801316
21801447
21801703
21802057
21802077
21802133
21802172
21802420
21802507
21802520
21802574
21802597
21802759
21803141
21803152
21803184
21803252
21803265
21803333
21803485
21803846
21803870
21803981
21804601
21804680
21804780
21804801
21804949
21805078
21805434
21806031
21806102
21806322
21806373
21806452
21836024
22120642
22123022
22132868
22134185
22134721
22136225
22146094
22147063
22151067
22156261
22230499
22231383
22231541
22232968
22234295
22234656
22235114
22235321
22235500
22235713
22235914
22236087
22236110
22236585
22236671
22237655
22238242
22238823
22239635
22241014
22241858
22242437
22242926
22243927
22245357
22245422
22246104
22246654
22246658
22266864
22266890
22266922
22267076
22267765
22267923
22268107
22268695
22268696
22268752
22268953
22269103
22269551
22269559
22269839
22270187
22270301
22270662
22270753
22270874
22271452
22271823
22272449
22273037
22273543
22273681
22273782
22273902
22274423
22274681
22274918
22275621
22275663
22275816
22275912
22277062
22278256
22278454
22278507
22278821
22280361
22280645
22280658
22280679
22280744
22281159
22281222
22282174
22282176
22282315
22282399
22282452
22282788
22283118
22327022
22536229
22670739
22670787
22671067
22671219
22671526
22672383
22673973
22673979
22674441
22677009
22678093
22679001
22679237
22679328
22679520
22679820
22680181
22682030
22682697
22684126
22684864
22766807
22767443
22773734
22776608
22798674
22799725
22800199
22800556
22801085
22801171
22801757
22801952
22801986
22802023
22802029
22802101
22802696
22803103
22803372
22803512
22803910
22804025
22804083
22805114
22805750
22805837
22806148
22806415
22806494
22806586
22807712
22807867
22807929
22808272
22808332
22808412
22808591
22808664
22808799
22809119
22809184
22809691
22809755
22810568
22810622
22810798
22810852
22810919
22811426
22811888
22812203
22812565
22812849
22812974
22813117
22813194
22813280
22813437
22813474
22813938
22813992
22814025
22857602
22858007
22874583
22874992
22875084
22875394
22875630
22876088
22877126
22877234
22877477
22877724
22878185
22878255
22878423
22879011
22879557
22879811
22880049
22880291
22880451
22880644
22880815
22880910
22881069
22881525
22881869
22881989
22882126
22882149
22882433
22882854
22883148
22883316
22883406
22883425
22883470
22883488
22883526
22883948
22884491
22884537
22884709
22885030
22885333
22885467
22885906
22885956
22886401
22886440
22886568
22887199
22887259
22887460
22887507
22887515
22887807
22887967
22888024
22888341
22888849
22888937
22888999
22890176
22966785
22967563
22973162
22976939
22988922
22989048
22989393
22990412
22991132
22992247
22996447
22997712
22998145
22998677
22998683
22998846
22998908
22999413
22999664
22999761
23000275
23000347
23000864
23001150
23001508
23001960
23001981
23002064
23002065
23002087
23002189
23002215
23003165
23003302
23003427
23004293
23004326
23004524
23004714
23005129
23005647
23005739
23005949
23006308
23006689
23007275
23007386
23007406
23007473
23007982
23008502
23008581
23009344
23009437
23009681
23010215
23010501
23010677
23010720
23010963
23011601
23011656
23011878
23011916
23012212
23012457
23012489
23137234
23137241
23138037
23138141
23138198
23140136
23140235
23140301
23140681
23140732
23141522
23142137
23142203
23142466
23143011
23143098
23143501
23144166
23145451
23145889
23147158
23147392
23147481
23147676
23147750
23147894
23148685
23148875
23149540
23149907
23150177
23150272
23151142
23151295
23151549
23152033
23152832
23152853
23152962
23153678
23153887
23153948
23154040
23155375
23155799
23156954
23157729
23157858
23158698
23158779
23159242
23159374
23200067
23207926
23211737
23300871
23436324
23436751
23437206
23437211
23438045
23439598
23442070
23444996
23446567
23446713
23448729
23450029
23600085
23600101
23600747
23600934
23600966
23601252
23601439
23601769
23602016
23602061
23602370
23602638
23602662
23603093
23603333
23603685
23603696
23603888
23603971
23604285
23604681
23604862
23605207
23605903
23606164
23606503
23606819
23607150
23607393
23607420
23607989
23608175
23609367
23609862
23609896
23610171
23610598
23610766
23610873
23611521
23611565
23611961
23612175
23612239
23612636
23613948
23614121
23614386
23615312
23615931
23616716
23616793
23616896
23617301
23617581
23617599
23617600
23617727
23618383
23619449
23619892
23620056
23620339
23620482
23620646
23620678
23620729
23621061
23621165
23621622
23621655
23622055
23622184
23622252
23622321
23641636
23644445
23645620
23645638
23649760
23653485
23654474
23656228
23657743
23658661
23688005
23722668
23722720
23722723
23722784
23723968
23725097
23725372
23725469
23725505
23726463
23726887
23727498
23729115
23729775
23730018
23730104
23730326
23731443
23731697
23732044
23732269
23735892
23736112
23736205
23738274
23738647
23738755
23739075
23739231
23758965
23770060
23773417
23792850
23792942
23793958
23794202
23794678
23795229
23795411
23795673
23796269
23797201
23797546
23797783
23798539
23798889
23799520
23799771
23802469
23804748
23823944
23824482
23824573
23824914
23824959
23825206
23826065
23826673
23827097
23827613
23827894
23828326
23828379
23828732
23828907
23828959
23829624
23829636
23829769
23829789
23829855
23830469
23830539
23831025
23831265
23831801
23832009
23832132
23832474
23832507
23832870
23833052
23833089
23833479
23833638
23834970
23835230
23836284
23836428
23836593
23836955
23837017
23837362
23837767
23838388
23838480
23838782
23838797
23839466
23840018
23840545
23840797
23840816
23840855
23841129
23842034
23842245
23842245
23842901
23843552
23844237
23844380
23844587
23844592
23844713
23845159
23845289
23845682
23846210
23846640
23847418
23913882
23923456
23924802
23925976
23967580
23969531
23970339
23970391
23970788
23972399
23972790
23973422
23975582
23975664
23976031
23978191
23978526
23978686
23979194
23979472
23979529
23980408
23980433
23981043
23982294
23982669
23984016
24172758
24172788
24173112
24173402
24173717
24173861
24174349
24174415
24174490
24175062
24175364
24175494
24175761
24175843
24176120
24176156
24176243
24176379
24176733
24176822
24177285
24177760
24178320
24178382
24178829
24179342
24179985
24180214
24181573
24182084
24182197
24182391
24182599
24182831
24183180
24183235
24183725
24183746
24184134
24184757
24185912
24186072
24186382
24186418
24186479
24186818
24187079
24187160
24187353
24187681
24188208
24188284
24188542
24188756
24189289
24189649
24189709
24189849
24189861
24190300
24190429
24190506
24190663
24190700
24190975
24191845
24191978
24192298
24192654
24192803
24192832
24192918
24193319
24193924
24194150
24194214
24194658
24194748
24362380
24362844
24366188
24368679
24371788
24373795
24399574
24465932
24466472
24466778
24466880
24467119
24467318
24467328
24467722
24469503
24469904
24470164
24470368
24470405
24470741
24471352
24471425
24471574
24472699
24472783
24472913
24472940
24473128
24473209
24473306
24473710
24474865
24474898
24475264
24475689
24475734
24476270
24476394
24477027
24477202
24477273
24477393
24477618
24477658
24477924
24477986
24478386
24478636
24478842
24479301
24479801
24480179
24480431
24480462
24480689
24480831
24481619
24482013
24482390
24482661
24482879
24483484
24483775
24484766
24485056
24485282
24485734
24502760
24503183
24503462
24504380
24506037
24506272
24507356
24507538
24507790
24507859
24508215
24508662
24508705
24509169
24509200
24509338
24509439
24510768
24511001
24511317
24512934
24513357
24513648
24514556
24515601
24516186
24516768
24517813
24518663
24519218
24519456
24520704
24578639
24763369
24828518
24832566
24834580
24834625
24837579
24839670
24839844
24842707
24845755
24848833
24850691
24850699
24850784
24851861
24851887
24852257
24852384
24852596
24852629
24852828
24853008
24853053
24853136
24853332
24853484
24853685
24854007
24854192
24855132
24856400
24856626
24857239
24857954
24858030
24858212
24858997
24859460
24859462
24859633
24859872
24860025
24860153
24860369
24860868
24861384
24861690
24861707
24861912
24862212
24862384
24862403
24862446
24862660
24862713
24862867
24863507
24863792
24864092
24864133
24864564
24864718
24865948
24865971
24866951
24867100
24867259
24867575
24867771
24868273
24868707
24869228
24869327
24869361
24869378
24869540
24869761
24869969
24870075
24870322
24870391
24870682
24870845
24870879
24870903
24870975
24871499
24871512
24871632
24872369
24872591
24872686
24873387
24939961
24943542
24943585
24943686
24944647
24945779
25026807
25026839
25026847
25027029
25027417
25028580
25028635
25028990
25029187
25029549
25029587
25029625
25029723
25029750
25030071
25030229
25030287
25030350
25030632
25030831
25030849
25031029
25031073
25031376
25031543
25032358
25033312
25034101
25034424
25034535
25034718
25034749
25034807
25034858
25035107
25035436
25035449
25035853
25035989
25036433
25036538
25037125
25037402
25037822
25038153
25038581
25038872
25038957
25038976
25039220
25039770
25040378
25040491
25040786
25041143
25041195
25041261
25041458
25041609
25041840
25042154
25042225
25042262
25042503
25042650
25042841
25042951
25043000
25043061
25043200
25043377
25043983
25044428
25044558
25044619
25045040
25045204
25045219
25045276
25045403
25045404
25045777
25045959
25046313
25047255
25047274
25047405
25047812
25047845
25048423
25048463
25048473
25048901
25049128
25049305
25049399
25049658
25049953
25050422
25052263
25053763
25060088
25062030
25065392
25065622
25069348
25111921
25114021
25114733
25140015
25143826
25149092
25391455
25394415
25394445
25394864
25395217
25395465
25395573
25396041
25396268
25397969
25398129
25398246
25398923
25400095
25404196
25404217
25405730
25406475
25406722
25431071
25431313
25432513
25437276
25440175
25440317
25440961
25511948
25512130
25516258
25516566
25516812
25517463
25517567
25518954
25519302
25519567
25520070
25520538
25521396
25521545
25521686
25522299
25522415
25524976
25525204
25525400
25525734
25526065
25526388
25527525
25528579
25528643
25528756
25529448
25529993
25530464
25531118
25531400
25531778
25531904
25533522
25534381
25534774
25534920
25626940
25628508
25631012
25631895
25632876
25634552
25635435
25637303
25641075
25642108
25642756
25642986
25643971
25646021
25646395
25647116
25647810
25669857
25670616
25671505
25672493
25673204
25673729
25675094
25678371
25680480
25681370
25681986
25682435
25682608
25683710
25684996
25685814
25686227
25686948
25687013
25688686
25689332
25689342
26088413
26088960
26089125
26089686
26090505
26091905
26092871
26093534
26094622
26094850
26095801
26096138
26096306
26096313
26096742
26096769
26098027
26098314
26098454
26098471
26099447
26099543
26099654
26099880
26102049
26103580
26105751
26107336
26110932
26111505
26113493
26113847
26113869
26115916
26117362
26117489
26118503
26119027
26119975
26121815
26124767
26125117
26125350
26126062
26241918
26252788
26253091
26253211
26253671
26254160
26254187
26254342
26254760
26254952
26255013
26255304
26255312
26255838
26255892
26256007
26256156
26256159
26256175
26256546
26256759
26257549
26258381
26258419
26258505
26258758
26258785
26258995
26259147
26259335
26259709
26260953
26261297
26261699
26261748
26262031
26262245
26262310
26262347
26262432
26262674
26263323
26263426
26263556
26263618
26264407
26264779
26265204
26265318
26265367
26265428
26265734
26265976
26265996
26266378
26266407
26266506
26266521
26266689
26266712
26266961
26266989
26267362
26267797
26267818
26267819
26267999
26268379
26268447
26268545
26268772
26269178
26269219
26269517
26270195
26270684
26270775
26270812
26271165
26272024
26272166
26272448
26272468
26272782
26272859
26272926
26273496
26273805
26274697
26705050
26834636
26835238
26835637
26835917
26836644
26836780
26837034
26837346
26837400
26838057
26838368
26838718
26839191
26840038
26840462
26840688
26841037
26841357
26841365
26842076
26842365
26842397
26842948
26843044
26843302
26843667
26843790
26844020
26844296
26844523
26844537
26845067
26845212
26845880
26845900
26845916
26847419
26847704
26847957
26848488
26848527
26848620
26848795
26848987
26849099
26849483
26849634
26849765
26851113
26851926
26852019
26852202
26852944
26853170
26853257
26854344
26854471
26854508
26854906
26855317
26855434
26856002
26857791
26858099
26858657
26859879
26862538
26863171
26863346
26863610
26864447
26865065
26866030
26867425
26870637
26870675
26871084
27070442
27076265
27126900
27297677
27299542
27300414
27302798
27303137
27303898
27304994
27305179
27309414
27311691
27311960
27312070
27336006
27337300
27338034
27341623
27350704
27354300
27354301
27354728
27355094
27355346
27355652
27355826
27356368
27356596
27356833
27356926
27356993
27358081
27358357
27358668
27359316
27359368
27359412
27359716
27359849
27360308
27361517
27361669
27361707
27362019
27362921
27363121
27363279
27363518
27363905
27364027
27364629
27365082
27365679
27365767
27366044
27366181
27366302
27366648
27366676
27367464
27367497
27367643
27367836
27368023
27368246
27524289
27524339
27524389
27525277
27525456
27525523
27525616
27526087
27526745
27526749
27527015
27527036
27527171
27527418
27528367
27528878
27528885
27529038
27529245
27529317
27529343
27529970
27529982
27530116
27530368
27531167
27531289
27532859
27532978
27533074
27533897
27534246
27534444
27534478
27534688
27534940
27535638
27535719
27535761
27535856
27536104
27536980
27537050
27537391
27537912
27538047
27538757
27538859
27539161
27539657
27539906
27540299
27540351
27540359
27541101
27541761
27541854
27541890
27542818
27543043
27543221
27543266
27543593
27543704
27543734
27544005
27544303
27544379
27544611
27544625
27545373
27545420
27545570
27546053
27546637
27546898
27547121
27547139
27633215
27633671
27634099
27634758
27637300
27638113
27640435
27640471
27640601
27642230
27643630
27644427
27644551
27645057
27699548
27699589
27699671
27699802
27699974
27700108
27700540
27700951
27700990
27701277
27701337
27701364
27702004
27702037
27702222
27703495
27704488
27704825
27704939
27705024
27705148
27705185
27705349
27705449
27706865
27706877
27707688
27709307
27709345
27709786
27709897
27710633
27713134
27786644
27786768
27786865
27787103
27787397
27789242
27789768
27790728
27790797
27791046
27791359
27791670
27792061
27792076
27792631
27792795
27793413
27793803
27793906
27794030
27794054
27794176
27794184
27794369
27794621
27795477
27795941
27796275
27796465
27796853
27796887
27796906
27797234
27797556
27798047
27798269
27798518
27798715
27798766
27800508
27800886
27800941
27801112
27801471
27801501
27801575
27802264
27802593
27802661
27802696
27802741
27802748
27802877
27803109
27803348
27803623
27804012
27804053
28023175
28025940
28026947
28027488
28029197
28030528
28032340
28032675
28033010
28033900
28037618
28060628
28061292
28061440
28061710
28062295
28062791
28063713
28064230
28068605
28068838
28068870
28070824
28071403
28071622
28072130
28074683
28077660
28078008
28078807
28079313
28080093
28153349
28485797
28486404
28486769
28487097
28487812
28487887
28487900
28488205
28488435
28488701
28488977
28489334
28489439
28489487
28489931
28490281
28491341
28491872
28492039
28492191
28492256
28492292
28492332
28492437
28492506
28492546
28492664
28492701
28493040
28493097
28493749
28493976
28494215
28494252
28494358
28494839
28494857
28494884
28494916
28495264
28495313
28495896
28495907
28495952
28495993
28496355
28496460
28496475
28497049
28497248
28497469
28497692
28497751
28497753
28498057
28498157
28498201
28498376
28498641
28498826
28499037
28499279
28499411
28499462
28499722
28499759
28499807
28499835
28499951
28499961
28499967
28500448
28656519
28656925
28657231
28657311
28657459
28657644
28657691
28658450
28658816
28659011
28659031
28659358
28660091
28661146
28661835
28661931
28661979
28661981
28662918
28663024
28663357
28664354
28664374
28665545
28665553
28665848
28665981
28666850
28666893
28667985
28668192
28668541
28668700
28669323
28669377
28669487
28670208
28670662
28670764
28671276
28671893
28672736
28672957
28673095
28673805
28673968
28674533
28674917
28675077
28777416
28777604
28778529
28778774
28779299
28780929
28781286
28783491
28783692
28783920
28784700
28786552
28788677
28789221
28789405
28791925
28791965
28794157
28795248
28795299
28796933
29015890
29016329
29019900
29020400
29033331
29107083
29107362
29107915
29109355
29111233
29111280
29113595
29116702
29116717
29117403
29118240
29138827
29139673
29140316
29140699
29141527
29141650
29141684
29142014
29142637
29143024
29143516
29143535
29144455
29144531
29144577
29144841
29144859
29146024
29146069
29146417
29146621
29147530
29148122
29148280
29148289
29148732
29149204
29151625
29151935
29153366
29153601
29153609
29154482
29154621
29155590
29155728
29370043
29370371
29370707
29370731
29370870
29371659
29371682
29372381
29372513
29372554
29372556
29372920
29373000
29373192
29373232
29373238
29373621
29373680
29374127
29374211
29374303
29374425
29374581
29374595
29374695
29374920
29375147
29375335
29375481
29376068
29376758
29377049
29377121
29377382
29377766
29378046
29378565
29378723
29379133
29379333
29379792
29380111
29380629
29380824
29381155
29381182
29381203
29381210
29381559
29381922
29382912
29382934
29383433
29383652
29383764
29383982
29384031
29384256
29384685
29384777
29384930
29385241
29386122
29386596
29386732
29387401
29387905
29389357
29389503
29389508
29389619
29390307
29390666
29390724
29390985
29391037
29391065
29391544
29392185
29392348
29392624
29392674
29417223
29444655
29444928
29448770
29449912
29450948
29453421
29453946
29454464
29551179
29551983
29569607
29570246
29571306
29571810
29571957
29573833
29581580
29582943
29583552
29583833
29652876
29655725
29655843
29664436
29673233
29673902
29730437
29731304
29731692
29732715
29732769
29732879
29733184
29733682
29733777
29734073
29734099
29734188
29734209
29735055
29736927
29736953
29737184
29737385
29737688
29738146
29738329
29738553
29738694
29738736
29738749
29738758
29739379
29739436
29740377
29741045
29741370
29741905
29741963
29742001
29742253
29743458
29743666
29744171
29744230
29744619
29744717
29744822
29744961
29744975
29744980
29782372
29804375
29804869
29804995
29805068
29809128
29809531
29810639
29810790
29816819
29818115
29818261
29820161
29821761
29824382
29960687
29962894
29963257
29963508
29963998
29964114
29964169
29964991
29965213
29965262
29966200
29966259
29966363
29966768
29967052
29967304
29968384
29968395
29968787
29969024
29969548
29969609
29969995
29971198
29971210
29971357
29971540
29971668
29972458
29972468
29973139
29973154
29973277
29973331
29973645
29973772
29974496
29974637
29974833
29974919
29975020
29976377
29976589
29977143
29977324
29978464
29978515
29979498
29979566
30035785
30037011
30037072
30037886
30042218
30042241
30042290
30044399
30045002
30045215
30045419
30046265
30046639
30047642
30050410
30052350
30054228
30054673
30090084
30090749
30090759
30090794
30091306
30091657
30093851
30094458
30094693
30096674
30096881
30098194
30098441
30100015
30101022
30101343
30101398
30101584
30101686
30102104
30103159
30104256
30105343
30105481
30106863
30108043
30108101
30109709
30109836
30110315
30111607
30167754
30167948
30168089
30168107
30168879
30169644
30169714
30170064
30170560
30170736
30170944
30171049
30171432
30171509
30171780
30172022
30172180
30172491
30172599
30172894
30172976
30173036
30173037
30173092
30174293
30174303
30174507
30174785
30175401
30176686
30176704
30177810
30177879
30178272
30178353
30178621
30178987
30179458
30179605
30179724
30179760
30180402
30181323
30181766
30181991
30342640
30342761
30342958
30342959
30343039
30343233
30343303
30343488
30343527
30343755
30343800
30344016
30344202
30344449
30344805
30344983
30345088
30345149
30345490
30345724
30345981
30346003
30346550
30346955
30347075
30347817
30347917
30348061
30348074
30349121
30349214
30349754
30349954
30350185
30350378
30350491
30350579
30350611
30350662
30351161
30351162
30351704
30352153
30352345
30352577
30352972
30353143
30353197
30353258
30353281
30353283
30353406
30354487
30354641
30354765
30354898
30355432
30355703
30355747
30356300
30356903
30370464
30376934
