136
144
376
396
440
489
517
614
698
749
754
950
1069
1114
1154
1218
1250
1423
1446
1610
1621
1692
1731
1872
1875
1892
2109
2127
2152
2154
2397
2452
2456
2713
2822
2897
2905
2959
3075
3102
3291
3296
3522
3646
3761
3770
3779
3976
3993
4016
4256
4258
4350
4575
4597
4841
4849
5023
5087
5111
5178
5231
5286
5359
5548
5620
5715
5824
5845
5967
6119
6154
6179
6228
6298
6323
6446
6459
6546
6590
7247
7544
7585
7609
7622
7682
7770
7787
7913
8358
8492
8616
8647
8725
8726
8875
8938
9317
9369
9382
9389
9394
9561
9617
9830
9835
10238
10429
10628
10934
11037
11294
11316
11455
11465
11939
11965
12010
12055
12170
12198
12692
12754
12759
12799
12845
12847
12848
12896
13090
13183
13187
13334
13381
13394
13430
13476
13484
13730
13738
13840
13879
13924
14064
14204
14228
14245
14498
14502
14546
14610
14628
14753
14986
15011
15035
15070
15079
15176
15229
15360
15411
15647
15712
15814
15903
16003
16074
16177
16187
16274
16288
16342
16361
16591
16597
16732
16859
16981
17085
17206
17214
17311
17618
17695
17818
17970
18057
18083
18135
18209
18277
18290
18374
18479
18579
18643
18963
19025
19305
19464
19569
19755
19831
19836
20066
20125
20164
20376
20513
20765
20895
20976
21079
21088
21360
21395
21421
21559
21674
21683
21734
21738
21862
21972
22027
22135
22168
22221
22256
22322
22353
22448
22493
22674
22919
23101
23162
23221
23342
24148
24316
24585
24663
24726
24732
25004
25247
25269
25370
25377
25447
25461
25477
25499
25705
25808
25984
26034
26332
26532
26709
26887
26931
27025
27117
27197
27269
27360
27439
27497
27540
27614
27627
27724
27923
27926
28171
28229
28293
28425
28426
28544
28860
28924
28939
29051
29155
29395
29415
29421
29461
29470
29494
29625
29705
29871
29995
30537
30602
30709
30733
30802
30905
31073
31466
31546
31713
31807
31843
31847
32003
32020
32153
32209
32410
32455
32525
32559
32728
32824
32985
33110
33232
33307
33595
33699
33999
34037
34085
34101
34102
34207
34318
34418
34468
34520
34819
34860
34885
34954
35012
35014
35133
35148
35337
35509
35640
35643
35695
35755
35782
35867
36023
36217
36264
36547
36663
37011
37032
37192
37273
37310
37454
37822
37847
38122
38138
38159
38357
38457
38599
38942
38998
39041
39087
39287
39306
39459
39617
39632
39641
39647
39724
39726
39798
39883
39994
40108
40125
40392
40414
40450
40578
40587
40922
40940
40962
41160
41197
41336
41449
41468
41497
41708
41841
41864
41880
41943
42092
42125
42254
42411
42546
42751
42805
43066
43199
43301
43573
43658
43824
43933
43936
44041
44213
44325
44375
44809
44863
44940
45023
45082
45083
45135
45352
45505
45525
45756
46009
46128
46177
46522
46628
46696
46727
47077
47148
47386
47401
47445
47458
47464
47519
47709
47854
48009
48111
48116
48253
48302
48305
48358
48378
48414
48448
48603
48703
48747
48797
48996
49006
49077
49083
49198
49699
49852
49867
49890
50433
50445
50457
50508
50535
50777
50828
51112
51146
51293
51328
51466
51488
51890
51938
51976
52047
52116
52158
52274
52312
52340
52348
52387
52398
52444
52482
52612
52766
52777
52897
53151
53243
53282
53352
53425
53515
53530
53571
53790
53885
54082
54105
54159
54447
54456
54585
54594
54674
54750
54751
54764
54963
55011
55420
55428
55496
55702
55705
55708
55785
55824
56042
56082
56598
56697
56735
56759
56760
56807
56868
57162
57259
57322
57424
57437
57617
57684
57868
57964
57986
57989
58012
58059
58114
58118
58443
58835
59045
59089
59108
59182
59231
59531
59604
59612
59704
60576
60706
60839
60930
61024
61123
61158
61168
61245
61376
61432
61449
61487
61593
61702
61732
61856
61905
61929
61971
62358
62388
62484
62489
62551
62599
62694
62802
62826
63256
63325
63450
63507
63522
63567
63737
63761
63812
63815
63827
63832
63837
63920
63989
63993
64029
64139
64169
64447
64682
64870
65113
65139
65169
65207
65225
65532
65656
65690
65788
65827
65851
65867
65969
66262
66369
66410
66438
66476
66498
66567
66732
67022
67116
67117
67209
67365
67406
67459
67628
67657
67838
67937
67949
68128
68216
68377
68748
68928
68962
69030
69078
69126
69302
69323
69443
69536
69599
69822
69978
70000
70022
70083
70097
70146
70183
70200
70345
70494
70501
70668
70780
70933
71024
71044
71254
71275
71605
71654
71670
71686
71887
71923
71973
71990
72082
72177
72313
72420
72571
72648
72677
72747
72871
73197
73247
73267
73417
73450
73597
73713
73720
73864
74176
74184
74281
74779
74782
74804
74812
74819
75213
75242
75330
75525
75527
75787
75931
75958
76085
76240
76336
76363
76371
76408
76450
76476
76554
76568
76657
76984
76991
77104
77205
77224
77410
77463
77570
77589
77630
77677
77728
77944
78050
78094
78147
78281
78370
78418
78621
78676
78710
78784
78963
79032
79050
79279
79286
79504
79673
79716
79728
79748
79791
79850
79914
79918
79997
80296
80449
80554
80733
80759
80803
80823
80876
81062
81164
81374
81446
81651
81765
81769
81809
81899
81986
82010
82226
82240
82373
82500
82651
83003
83206
83299
83308
83363
83364
83434
83830
83858
83860
83940
84090
84314
84429
84583
84645
84806
85268
85360
85361
85537
85590
85597
85793
85871
85933
86466
86469
86552
86653
86725
86747
86768
86794
86903
87141
87171
87176
87373
87406
87412
87417
87590
87661
87681
87755
87921
88042
88117
88346
88553
88640
88959
89075
89174
89182
89243
89286
89294
89375
89627
89665
89785
89822
89999
90106
90122
90329
90330
90349
90360
90484
90519
90560
90607
90641
90678
90825
91002
91081
91119
91134
91163
91320
91445
91459
91476
91525
91587
91611
91702
91708
91822
92066
92117
92162
92707
93038
93108
93115
93195
93272
93616
93650
94001
94031
94146
94196
94228
94296
94400
94662
94668
94885
94949
95001
95043
95212
95228
95467
95512
95564
95570
95661
95844
96120
96184
96251
96259
96314
96333
96454
96696
96705
96724
96874
96880
96883
96936
97010
97111
97117
97178
97221
97295
97345
97490
97789
97945
97978
98009
98677
98685
98811
98835
98851
99146
99193
99196
99312
99480
99505
99620
99669
99689
99708
99716
99799
99859
99877
99894
99903
