4048
4150
4156
4564
4663
4877
6103
7427
10303
10571
10632
10665
12189
14838
15128
17285
18825
18874
19735
20115
20132
20166
20997
21006
21098
22162
28233
28363
34742
36032
36570
38584
38870
38908
40416
41962
42003
43338
43580
43611
43941
44145
44236
44253
46170
46911
46941
46973
47025
47970
47988
48077
48114
49960
51370
51402
51490
52717
54229
55221
56711
56871
56876
56993
57081
57103
57988
58681
58712
58738
58932
60290
60526
60540
62773
67181
68884
68906
70588
72858
73485
74142
75617
76158
76182
76595
76735
81503
83673
87029
87331
89311
90933
91648
91681
93327
93369
94368
99333
99397
