7166
9152
11521
12770
13685
14819
16412
27337
27343
29408
40084
41034
41391
46516
47933
48117
67840
67942
69272
69552
71829
72707
75144
76474
76917
78812
80657
81483
82203
86647
88257
88989
89412
91828
92969
96312
99815
101674
109770
110063
113714
113973
117318
117788
123273
135671
146242
146443
147612
154557
159548
160290
165199
165840
168825
169532
173004
175611
184996
185107
186105
188823
190266
193144
198466
198488
203100
203412
204009
206535
207016
210989
214878
215265
216569
219044
219715
219943
222800
226520
228052
230781
231514
233152
239583
239588
240582
248281
251464
253865
254445
263835
266838
271549
271668
275189
275624
278206
283479
283739
285103
295449
296265
301333
302777
312865
317686
320822
322427
324578
325187
327531
327737
335651
342734
351014
353476
355249
369629
373879
373920
378049
378140
385032
386583
387258
388881
391790
396772
401043
402362
408977
409604
413387
413681
414715
416582
417488
426318
433336
439307
444022
444112
446522
461791
471759
476583
477757
486946
489074
491270
493354
498600
501800
502264
504999
505668
506880
519133
524484
525344
528746
531154
536855
546207
549990
550498
550548
565596
570713
571930
577068
577310
589951
591565
593907
599041
602586
608378
608594
610490
610714
618954
621689
626512
627717
629762
632445
632814
634823
635422
640423
648783
653504
659327
659719
661126
666067
666319
668517
671009
677424
680180
681705
681780
687322
687353
694467
698254
703784
707398
709320
717290
718651
719714
721696
723763
724795
729338
731036
731439
733616
734985
741514
741664
742077
744114
744870
745118
746749
748604
753043
753523
762174
763362
767056
769866
772569
775719
776579
777063
786702
787638
795736
799645
802472
813595
820116
822301
823271
824055
824796
825520
829461
829767
832840
851193
859557
862584
869307
875914
878259
878415
879526
881528
889894
889992
891522
893735
894780
909017
909305
910776
915491
925218
926608
927640
935001
939073
943618
945169
954126
955820
956819
964424
969968
971173
975620
977258
982547
983889
984326
985593
994602
996102
996947
998059
999564
1001687
1002409
1007501
1009620
1019273
1024241
1025256
1025468
1029455
1030305
1032834
1036328
1037064
1042187
1042956
1051451
1053884
1059340
1060220
1071369
1079637
1084958
1089335
1098893
1103396
1104095
1106253
1106995
1109969
1116194
1124316
1128694
1130235
1137686
1137906
1140482
1142418
1143672
1151930
1156062
1166302
1167388
1170442
1172952
1173239
1176789
1179228
1179354
1179735
1179889
1184980
1185579
1194376
1197735
1202102
1202214
1203691
1214830
1216181
1220649
1234713
1236678
1238732
1245023
1245033
1245236
1245586
1249322
1261679
1262067
1262133
1263625
1265252
1273271
1274428
1275540
1277112
1280124
1280197
1281477
1283541
1289440
1290058
1294481
1294838
1295667
1295911
1297370
1298226
1301033
1308354
1309221
1309393
1314555
1316051
1316308
1319330
1325834
1326949
1336803
1337782
1339558
1343360
1343760
1346374
1350123
1363970
1368733
1371710
1373401
1374226
1374992
1379778
1381003
1386481
1393651
1394119
1404913
1407617
1408052
1410706
1417854
1423275
1430332
1430512
1432225
1435001
1441377
1443187
1449143
1450629
1452953
1453787
1454541
1457304
1459242
1459685
1460138
1460763
1467222
1475272
1476469
1481698
1484261
1484540
1485676
1486496
1489965
1495412
1495696
1503559
1503646
1510279
1522525
1523416
1528326
1528354
1528672
1531741
1536701
1539606
1545720
1547972
1550440
1555303
1557797
1558894
1559528
1562343
1564885
1566444
1571065
1571287
1572055
1577732
1580009
1580690
1581906
1584141
1585142
1585181
1585948
1587349
1594833
1596064
1602560
1603205
1608972
1610041
1610447
1612729
1621752
1627317
1634623
1638039
1640872
1644753
1657784
1659234
1659468
1662291
1664321
1666244
1667258
1668239
1670646
1673908
1680332
1681183
1685999
1693932
1700768
1700807
1702509
1707428
1708429
1709416
1716137
1718126
1722696
1725156
1727110
1728273
1733960
1739194
1739685
1750889
1752562
1752954
1753670
1755483
1756541
1759378
1761590
1767220
1769459
1771364
1775008
1777033
1778385
1780629
1781893
1784328
1786817
1788932
1789319
1790221
1793361
1793790
1795531
1799235
1799732
1800433
1800877
1803516
1803899
1807140
1808252
1812429
1812541
1819571
1819931
1822119
1822303
1824186
1829039
1830079
1831272
1831900
1833276
1834675
1836151
1836196
1845716
1847447
1848167
1857604
1863988
1864090
1870321
1874745
1875567
1875936
1876571
1876822
1879952
1882440
1885086
1886918
1890579
1900826
1903569
1911346
1915039
1918173
1919320
1919636
1921723
1923705
1924197
1930375
1933335
1934708
1937341
1939040
1940027
1941707
1944731
1950325
1953756
1953807
1954955
1955181
1959600
1960249
1965050
1965320
1972860
1975530
1976660
1979242
1979494
1982031
1991266
1991758
1991946
1997527
1997939
1997998
1998027
1998252
1999316
2000190
2000253
2000772
2003134
2003619
2005801
2007049
2008477
2011434
2012946
2025725
2025745
2033558
2037327
2038915
2040837
2043739
2049595
2051441
2055992
2060282
2062112
2064394
2064820
2071192
2071790
2075636
2082371
2085437
2086619
2089081
2089427
2098572
2100160
2107115
2113940
2114428
2115654
2118789
2121841
2123851
2125195
2125350
2128666
2129335
2131300
2139066
2140969
2142325
2142356
2142399
2146739
2151716
2152327
2153152
2160871
2163796
2171188
2172951
2174963
2180653
2188369
2188821
2193416
2194987
2197260
2198890
2200950
2205390
2208846
2220990
2233591
2234210
2236726
2239231
2243400
2243968
2244275
2245124
2245224
2248253
2249435
2250885
2251382
2258464
2265571
2267060
2274966
2276058
2281741
2283168
2289411
2291263
2292739
2292764
2293849
2294422
2294795
2297708
2311398
2319324
2320468
2321123
2325831
2326270
2327284
2327915
2343533
2343914
2345475
2348337
2353298
2353559
2354724
2356042
2357475
2361431
2363305
2365614
2371031
2372955
2373996
2377633
2378774
2383724
2384610
2389367
2390078
2392909
2393178
2395594
2395889
2396234
2399313
2409687
2410341
2411277
2417405
2417566
2418114
2418709
2421363
2425818
2426170
2426298
2433551
2434219
2435089
2437277
2440306
2440612
2441400
2446184
2446360
2450509
2455787
2457055
2459852
2460247
2460494
2460716
2461022
2463068
2465091
2466092
2466129
2470655
2474318
2483848
2494448
2494570
2503141
2505322
2507648
2508085
2508256
2509809
2510645
2515311
2517761
2520158
2525075
2525121
2528249
2528766
2529464
2531864
2535059
2544160
2550986
2551071
2552549
2553076
2559225
2562482
2564387
2569368
2570513
2572118
2573709
2573865
2577764
2580154
2584895
2585700
2586310
2601798
2602294
2609776
2610441
2610822
2611601
2618753
2620148
2622291
2627101
2627191
2629839
2630217
2639890
2643915
2644294
2646814
2654604
2654763
2657491
2660913
2663257
2664941
2670722
2672801
2673319
2673666
2680266
2684233
2684947
2686924
2689041
2691813
2692274
2699771
2702433
2705488
2708371
2709336
2711081
2711815
2713817
2717174
2718229
2720372
2721116
2722633
2727381
2731103
2736528
2738867
2741023
2743222
2746625
2748156
2748185
2751528
2756504
2761102
2763568
2766651
2767429
2770601
2772271
2773222
2774865
2775363
2775934
2776916
2778747
2781086
2781865
2785568
2789389
2789675
2790496
2791231
2795829
2799441
2800981
2803757
2805744
2806017
2806378
2806802
2807912
2810406
2820921
2831514
2839859
2842317
2844256
2847167
2851468
2851884
2853723
2857297
2857421
2859232
2860299
2864788
2865201
2867887
2873694
2874244
2877033
2881165
2883148
2883445
2886231
2888276
2888555
2891060
2892415
2892470
2893281
2896845
2898276
2898422
2899350
2903829
2915380
2916079
2917095
2918877
2928084
2928437
2932540
2933016
2934101
2934311
2935574
2937237
2939759
2941396
2944053
2944194
2946572
2946576
2947359
2948142
2952754
2954298
2956178
2959058
2959236
2971854
2974681
2975346
2976688
2978636
2979518
2982846
2985069
2991268
2991485
3003333
3010448
3010497
3010714
3012620
3014100
3020292
3020577
3027353
3036010
3037477
3041447
3051231
3053185
3056596
3067869
3073251
3073657
3075048
3077444
3079478
3080201
3083468
3083798
3085931
3088453
3088713
3090745
3095930
3102743
3104657
3107197
3107463
3110259
3119290
3122600
3128752
3131720
3134640
3141538
3148028
3151188
3151574
3153910
3156064
3162459
3163350
3166525
3169563
3170840
3173912
3177856
3178311
3183763
3186860
3187144
3187192
3191717
3204750
3204776
3206243
3206267
3215216
3216323
3218855
3219377
3226986
3228927
3229484
3235195
3236843
3239876
3241624
3244449
3245941
3247294
3247743
3248606
3248790
3250343
3257001
3264208
3266931
3267713
3270804
3272259
3275910
3276007
3292714
3295870
3300724
3307241
3316760
3320041
3324142
3324870
3330260
3331200
3334965
3336949
3337257
3337478
3338947
3344899
3345484
3345743
3346856
3346936
3348356
3349946
3352824
3355444
3362736
3367445
3370843
3378154
3378869
3379137
3379726
3387488
3388135
3389138
3390131
3392527
3393624
3394612
3396697
3398055
3398687
3399856
3400578
3404665
3408994
3410183
3410474
3412351
3417773
3420363
3426400
3427348
3428374
3433350
3435462
3436085
3440022
3440087
3445865
3452380
3453418
3454332
3455379
3464806
3472004
3474708
3477069
3480284
3485600
3489138
3489512
3491746
3491965
3493236
3495559
3497072
3501554
3502044
3503726
3505453
3510165
3511518
3520323
3520432
3523465
3525466
3534563
3534731
3536213
3536630
3541801
3547290
3550405
3558561
3561139
3563686
3565048
3568075
3572800
3575145
3579273
3585665
3589617
3594604
3595712
3600538
3604149
3606459
3606962
3608582
3608599
3612122
3614555
3622557
3628637
3629565
3629581
3639011
3642520
3645696
3649802
3652026
3652758
3655093
3665715
3666665
3676018
3679792
3680013
3680087
3690344
3694629
3696290
3696591
3697494
3698586
3704505
3709872
3716239
3716467
3720393
3721674
3726862
3731049
3732916
3733797
3735918
3739200
3739738
3739960
3745621
3748158
3748727
3751125
3751890
3752104
3752400
3752662
3754316
3755769
3758746
3760280
3760741
3764128
3775309
3780423
3781791
3782802
3787323
3787734
3790028
3792231
3800001
3800664
3803636
3804149
3805134
3805684
3806193
3806760
3808736
3809243
3821746
3829695
3830849
3831131
3831840
3836852
3848340
3851784
3861754
3862891
3864327
3874337
3883084
3885406
3886869
3888333
3896081
3900216
3900577
3907668
3908675
3911275
3916997
3919095
3922170
3922980
3927559
3928056
3929714
3930130
3931271
3934156
3937324
3940532
3940659
3941178
3946062
3951339
3951668
3954892
3955136
3960505
3961342
3961487
3963946
3966128
3967092
3970388
3972627
3976375
3979907
3980230
3981533
3983009
3991165
3991999
3993208
3993211
3996685
4001847
4018175
4029650
4030011
4033236
4034065
4041045
4044451
4048994
4054596
4055500
4057633
4060721
4061063
4061666
4065325
4068694
4069949
4070348
4074341
4074436
4076823
4079782
4080052
4088451
4089459
4089946
4092244
4094369
4094436
4102819
4108850
4111151
4114610
4116120
4116865
4119218
4121773
4122115
4127839
4129537
4135269
4141722
4152865
4155348
4155575
4155845
4161884
4165055
4167105
4170790
4174538
4175082
4175702
4176276
4179538
4180474
4180961
4182735
4186078
4187809
4192707
4194447
4194568
4195381
4196285
4197143
4201520
4202761
4203946
4204749
4205315
4206091
4209905
4209924
4213125
4215428
4216666
4219705
4219875
4225173
4226267
4232818
4233765
4242632
4243466
4255717
4256865
4257082
4260046
4260370
4261027
4265515
4271780
4272427
4278678
4279782
4287070
4291497
4294833
4296883
4308082
4308982
4309684
4316322
4318730
4323020
4324575
4324753
4325554
4329925
4333643
4333887
4336917
4338165
4345553
4346668
4346854
4351628
4352271
4361371
4377044
4378206
4380244
4381637
4381948
4387830
4388523
4395041
4399138
4399831
4401579
4403157
4410535
4412673
4413516
4422072
4424257
4426554
4430719
4431884
4432925
4444071
4445983
4447863
4453180
4466613
4467236
4477719
4482659
4485262
4487334
4490540
4494481
4495058
4495614
4501577
4504734
4504917
4505065
4511885
4513423
4513763
4515337
4515731
4522174
4522808
4522865
4526990
4534571
4536587
4546436
4548139
4548377
4548820
4548833
4549082
4550505
4551613
4562247
4562354
4563954
4565497
4568783
4569269
4569936
4570994
4571183
4571755
4573716
4575455
4575948
4577007
4577112
4577536
4584529
4584760
4588896
4590269
4598315
4599852
4604757
4610331
4615974
4616735
4622700
4624101
4625575
4625938
4631848
4640521
4644759
4645655
4646092
4648061
4650794
4651566
4653123
4653578
4654155
4657856
4660453
4665176
4666828
4669897
4673496
4674424
4675195
4678307
4680180
4680932
4682352
4683006
4685031
4687467
4692191
4694811
4696855
4699224
4703125
4704167
4704315
4705478
4707291
4708060
4709210
4711469
4720449
4722406
4726227
4734179
4736799
4737332
4741040
4741269
4745226
4745591
4746787
4750112
4759120
4762231
4765812
4770513
4770658
4772608
4772873
4774239
4779488
4782415
4788671
4793991
4795979
4802698
4803569
4805253
4809347
4809407
4810795
4810802
4811779
4814152
4822988
4835208
4838336
4839939
4843958
4848636
4856854
4860847
4861863
4865276
4867254
4874110
4874607
4875626
4875881
4885285
4890286
4890866
4891766
4894767
4897541
4900853
4903515
4906573
4906923
4913150
4914955
4921065
4921180
4922111
4925639
4932273
4934651
4938045
4939496
4939903
4941428
4947510
4948644
4950583
4952956
4953870
4954101
4962204
4965165
4965600
4965765
4968136
4968329
4975066
4976731
4977479
4984189
4986101
4986348
4987470
4987739
4988368
4988657
4989649
4990187
4991176
4991637
4992918
4993659
4997497
5000167
5002002
5002753
5007418
5008279
5008660
5009654
5011509
5012662
5012679
5012878
5013830
5014373
5018168
5024675
5025231
5025588
5029088
5029569
5031585
5033459
5040736
5047688
5049413
5053077
5053385
5060705
5073649
5074869
5077617
5079281
5080947
5082620
5082813
5089835
5101565
5104831
5106089
5113373
5118999
5122630
5125096
5129443
5130561
5137195
5137602
5139912
5154841
5166072
5170699
5171202
5171978
5177595
5178045
5178128
5180938
5181672
5182219
5187547
5188753
5191189
5196892
5199646
5201462
5204966
5206958
5216904
5220724
5224236
5235423
5237716
5239237
5240594
5249722
5254181
5255692
5259060
5271225
5271236
5271542
5274998
5278384
5278473
5281072
5281238
5286232
5287648
5288998
5292942
5298387
5305726
5315171
5315986
5319259
5320634
5323287
5325522
5332557
5335080
5348032
5351520
5356379
5358950
5359129
5363848
5369258
5369768
5370324
5370327
5372151
5372308
5376336
5377907
5383063
5389268
5389588
5391672
5393626
5396430
5397640
5402015
5403091
5404871
5407697
5410257
5418803
5430392
5430596
5432215
5450500
5452317
5454457
5454912
5459850
5461973
5464126
5465066
5466324
5476263
5476508
5476844
5483641
5483658
5483866
5484431
5485844
5489900
5490332
5497482
5500088
5501410
5501752
5501917
5507994
5511648
5522441
5524871
5529694
5531874
5535193
5538677
5546011
5548861
5555049
5556751
5558129
5560797
5571564
5574875
5589500
5590135
5590807
5594972
5596191
5601655
5603390
5606275
5612310
5612900
5615257
5615971
5616348
5616543
5616720
5617541
5618231
5620426
5620846
5621925
5624317
5625198
5633552
5637443
5638937
5639607
5641541
5641998
5649655
5649825
5650405
5651463
5653588
5658632
5663823
5665416
5665823
5667561
5673747
5681309
5683136
5692567
5692673
5694205
5696627
5702802
5704446
5705998
5707376
5708378
5710962
5712978
5713232
5721951
5726444
5735730
5735757
5738215
5738713
5738820
5739926
5744557
5744878
5749021
5749959
5756492
5756513
5756657
5759550
5762020
5764425
5765373
5768341
5770958
5772820
5774128
5776826
5779873
5785865
5796143
5799284
5801564
5803136
5809788
5810947
5810966
5814388
5818485
5832256
5838285
5838748
5845720
5850334
5867040
5873403
5875253
5881056
5882444
5883699
5888153
5888931
5890460
5891465
5893399
5895722
5900161
5900772
5902934
5903463
5904116
5905334
5909642
5917942
5923027
5927870
5928400
5929821
5930519
5938337
5943021
5948968
5959648
5960789
5962285
5963915
5965837
5966706
5967676
5968865
5972560
5973272
5976428
5977401
5979897
5982884
5984159
5984573
5996257
5997139
5997659
5998734
6001237
6002697
6005534
6013323
6016236
6016274
6021098
6023410
6026754
6026830
6027012
6028380
6031783
6042436
6043551
6044585
6045972
6047256
6047977
6049633
6057290
6065129
6071558
6072735
6076775
6079104
6082011
6083045
6090746
6099637
6100138
6100802
6100964
6105259
6110787
6112965
6113048
6115565
6117586
6120586
6121412
6128987
6129545
6136774
6139636
6140865
6142501
6143624
6146637
6147379
6147663
6148230
6149247
6149248
6158729
6161060
6163681
6164360
6165525
6165734
6166115
6166658
6177174
6180919
6180987
6185270
6192669
6194730
6203462
6207216
6207458
6212538
6213486
6214185
6215261
6215807
6216029
6217590
6220767
6222395
6223445
6223875
6224733
6226116
6227358
6227735
6229244
6231185
6231843
6235752
6237579
6237990
6238530
6239163
6242654
6247400
6254967
6256847
6257368
6257852
6258974
6260004
6265054
6269162
6272462
6273865
6276332
6280337
6281944
6282695
6282798
6287252
6290502
6291323
6294167
6298082
6304386
6307512
6308164
6308308
6311032
6317251
6319715
6330800
6336160
6346840
6351808
6355269
6358841
6363441
6367935
6372234
6372552
6375484
6379440
6379581
6379974
6380258
6383261
6383422
6386379
6388215
6389801
6396932
6408846
6416091
6420421
6421846
6424641
6425361
6427600
6432536
6436700
6439558
6448313
6448623
6454690
6455717
6456201
6464875
6470311
6471554
6475048
6487637
6489589
6491474
6493606
6495930
6496632
6501286
6503524
6514284
6514405
6515814
6517404
6522847
6526707
6527591
6527847
6530156
6534137
6534709
6540412
6550958
6551861
6552829
6552956
6560699
6564316
6566339
6577727
6579652
6583941
6585340
6589905
6592778
6595673
6596155
6596207
6600844
6603442
6603939
6616592
6623725
6623769
6624345
6628256
6629835
6633434
6641285
6655450
6655832
6662293
6663159
6668474
6669138
6670819
6671877
6674545
6674765
6685330
6701595
6701747
6703659
6706210
6707790
6710456
6723772
6729262
6729429
6734841
6735337
6738647
6738757
6740454
6750113
6750854
6754150
6754758
6755284
6756191
6759705
6762699
6763808
6763920
6766270
6768735
6769151
6777806
6782772
6785535
6791305
6792796
6797715
6800141
6807187
6813574
6814559
6816483
6819718
6832388
6840014
6841155
6843231
6846285
6848658
6852749
6859617
6863455
6865893
6866105
6871241
6874158
6875019
6876080
6880163
6880964
6882626
6884236
6884611
6885694
6886113
6890946
6894903
6895378
6895542
6895959
6896651
6899272
6900042
6901049
6903554
6905649
6906525
6906691
6908093
6908123
6914145
6915545
6916883
6917036
6917075
6922015
6926607
6926798
6928099
6928894
6933027
6941212
6941723
6942855
6944104
6944345
6951478
6951687
6957509
6958555
6962806
6963553
6963868
6968493
6969950
6973009
6973041
6974054
6975617
6976638
6981329
6987392
6989504
6994692
7003530
7004123
7004430
7004491
7005139
7008358
7009836
7010073
7011791
7011855
7016709
7017233
7018142
7019631
7021374
7026166
7027491
7030907
7032144
7038101
7039542
7043030
7045927
7050941
7051467
7053172
7056234
7069168
7071401
7073718
7087045
7087165
7091450
7093071
7095856
7096290
7099947
7105643
7109599
7109957
7110785
7117234
7119305
7121393
7121555
7127919
7131092
7134923
7142035
7144445
7146271
7147833
7150904
7151362
7153821
7153879
7154292
7159025
7162593
7162910
7169780
7173157
7174654
7178089
7181516
7185656
7188332
7196511
7196659
7203019
7206785
7211435
7212637
7213575
7214456
7222986
7225991
7228542
7229256
7233617
7235890
7239999
7240505
7242607
7248313
7262767
7263513
7265100
7275986
7280990
7289838
7290154
7290767
7291025
7292197
7292228
7295293
7299797
7299810
7299935
7301673
7301950
7302651
7306079
7308974
7312405
7315867
7322603
7329562
7334766
7337105
7340378
7342768
7345061
7345338
7345966
7347783
7352228
7358336
7360318
7363214
7364330
7367887
7373252
7375956
7377410
7380612
7380963
7381470
7385846
7386175
7386691
7388633
7391753
7396624
7397195
7397497
7399631
7410300
7412101
7416301
7419061
7431197
7432656
7440403
7443916
7450552
7450722
7453897
7453948
7456576
7457696
7460730
7464679
7464893
7472588
7472812
7474284
7476407
7478712
7479416
7479438
7480450
7487454
7489567
7492719
7497091
7497095
7503078
7505384
7505703
7506308
7509183
7509525
7510568
7512468
7513289
7516365
7517842
7520874
7524195
7526396
7529069
7529159
7529469
7530187
7533892
7538148
7539144
7542465
7552191
7553672
7558983
7561110
7566695
7583099
7584734
7593548
7593813
7604824
7607606
7611786
7619157
7624212
7626987
7628267
7628488
7629778
7632956
7635943
7637403
7640237
7640968
7642552
7661069
7664362
7671946
7673484
7675445
7675793
7676458
7679075
7681666
7681791
7687319
7688943
7689580
7690116
7691824
7693121
7695608
7696941
7700459
7702470
7702737
7703683
7707261
7708757
7709934
7710485
7711684
7716606
7717520
7719149
7719448
7721764
7725875
7727793
7729428
7731847
7732281
7732855
7741127
7742707
7746882
7756192
7761444
7766777
7766909
7774536
7777035
7780481
7781755
7782008
7782301
7788518
7795585
7795608
7803819
7804559
7810282
7818993
7819565
7824599
7824910
7826614
7828868
7830932
7833556
7838461
7840586
7855531
7861409
7863727
7865237
7866485
7879595
7879753
7881052
7881248
7884983
7888088
7888846
7894976
7899736
7903989
7908727
7909677
7913022
7914562
7917390
7920541
7922632
7923372
7929067
7929128
7930760
7931164
7932647
7936384
7937314
7938278
7938864
7942463
7943227
7944886
7948018
7949764
7957883
7962192
7964947
7966264
7966339
7966832
7974765
7981376
7981640
7982258
7982646
7994620
7995645
7996683
8001410
8006987
8007823
8012497
8013727
8013848
8014479
8017439
8018405
8027169
8027654
8028327
8030017
8030130
8032574
8037642
8038132
8041126
8045623
8051187
8055194
8057283
8057770
8058098
8059063
8064590
8065820
8069667
8071701
8076961
8079398
8081866
8090536
8091758
8093592
8097625
8098129
8103835
8106423
8111898
8112498
8112632
8115229
8116707
8116920
8117783
8128129
8129537
8138455
8149929
8159967
8163701
8163932
8165002
8170879
8171494
8171787
8185287
8186599
8188451
8191239
8192633
8194740
8201892
8202230
8204324
8207168
8208210
8212633
8214052
8215216
8216067
8217724
8219701
8234125
8234670
8235822
8240059
8240469
8240905
8247963
8251729
8256259
8263140
8266704
8267093
8270123
8270740
8271378
8274127
8276178
8278006
8278918
8281660
8283418
8287983
8290791
8291516
8293071
8293547
8295462
8298028
8301874
8302529
8307523
8309244
8310186
8310286
8311617
8316349
8324474
8327171
8327646
8330068
8333773
8334593
8348559
8352098
8352834
8354775
8355682
8357091
8360099
8360134
8362038
8363337
8364095
8364288
8369279
8371403
8371611
8371664
8372824
8374049
8377121
8387068
8400079
8400335
8401760
8413287
8420126
8421856
8422387
8423948
8434486
8438918
8439058
8446914
8448240
8453209
8458185
8461308
8462620
8465699
8467367
8471166
8471708
8471891
8472282
8478155
8482896
8490680
8493315
8499936
8502299
8502648
8510139
8514278
8514781
8516283
8520931
8522553
8523348
8523575
8524558
8533869
8536314
8539593
8541464
8547674
8550808
8553021
8554558
8560245
8565623
8566945
8571541
8574679
8574752
8577636
8577703
8580017
8582022
8587799
8590934
8592356
8593921
8595917
8598620
8600730
8603810
8606343
8608595
8617027
8618700
8625728
8626058
8628215
8639022
8641001
8641278
8642131
8649889
8654058
8657511
8662446
8665401
8666985
8686721
8687036
8692674
8692706
8692708
8693557
8698527
8699600
8699887
8700244
8709404
8709568
8713809
8714177
8717465
8720618
8729755
8734808
8738095
8739010
8739171
8739259
8740315
8741083
8744007
8748440
8749038
8753517
8754756
8759333
8761952
8768932
8769273
8770805
8779053
8780198
8781028
8783259
8794470
8797942
8800965
8802064
8802499
8803079
8803697
8803945
8805375
8816902
8817529
8819992
8820031
8820813
8826091
8827120
8828952
8831124
8835006
8840856
8844161
8846158
8851635
8852133
8854505
8857859
8859001
8876737
8879810
8880925
8886160
8889636
8890584
8894582
8895425
8900012
8900105
8901066
8904646
8908127
8908905
8912161
8915261
8915325
8920702
8926709
8927438
8932824
8939058
8943374
8946824
8948955
8950677
8951180
8963240
8969496
8970731
8971326
8973221
8973410
8974286
8975793
8977842
8979108
8982245
8991718
8995636
9008201
9012315
9017415
9017967
9018508
9026288
9032166
9032194
9034022
9036574
9039334
9042289
9043581
9050226
9051700
9054694
9058881
9061512
9061757
9063775
9068715
9072447
9076176
9079369
9084446
9085032
9093123
9094684
9099283
9102732
9108133
9109717
9118157
9118191
9119912
9125561
9128855
9132509
9136035
9145062
9150220
9156137
9159621
9159822
9162862
9176110
9181192
9181652
9185903
9186393
9196458
9199139
9199877
9201560
9201773
9206646
9207138
9207257
9210131
9210455
9210588
9210639
9217060
9218597
9222858
9238129
9238760
9241529
9246132
9266522
9271500
9272040
9276726
9279236
9279305
9280362
9282996
9284120
9291402
9298472
9306017
9307042
9311535
9319523
9319604
9327165
9329318
9333603
9339416
9341951
9343740
9344956
9347023
9347577
9351949
9364084
9364714
9365516
9368451
9371203
9373899
9374092
9375090
9376819
9376978
9392724
9394963
9395089
9401433
9404629
9410855
9411101
9415468
9417617
9418550
9420883
9425010
9425175
9427257
9429135
9430077
9430194
9430367
9430939
9432206
9437262
9438004
9438064
9443844
9443859
9449387
9450286
9451476
9451833
9456233
9456382
9456901
9458250
9463239
9465506
9475025
9478097
9480209
9482741
9491034
9491752
9491781
9492266
9492385
9495879
9505452
9508742
9508992
9512596
9515219
9517428
9521932
9522588
9525197
9536716
9539327
9539342
9540894
9553402
9557763
9558747
9558862
9567962
9568957
9580652
9582925
9583113
9584904
9590136
9590921
9592205
9593823
9596082
9596879
9601950
9607201
9612980
9620593
9623673
9624780
9627540
9627742
9630194
9633704
9636205
9638717
9639387
9642337
9645285
9645465
9647607
9647798
9650847
9651270
9651900
9651975
9655805
9657297
9659096
9659129
9666831
9675860
9676286
9685909
9686020
9687060
9689512
9691200
9692350
9697547
9701767
9706317
9712456
9716187
9717199
9720363
9723850
9736622
9737690
9739538
9740822
9746441
9747269
9748930
9749419
9751508
9753717
9759069
9761998
9762236
9764251
9768923
9769605
9769785
9776472
9776859
9776894
9779613
9784406
9786308
9788840
9791558
9791596
9801176
9803765
9817401
9822193
9827376
9838519
9839741
9840267
9841362
9841790
9843080
9859611
9860510
9861539
9863700
9864398
9865675
9872094
9873541
9875258
9878386
9880352
9887363
9891192
9893531
9902871
9905735
9907038
9912945
9916804
9917489
9919452
9921356
9924202
9927051
9931720
9933685
9934244
9939488
9940191
9945363
9948425
9949088
9958162
9961191
9961962
9962648
9963302
9963326
9967988
9968809
9972305
9973590
9974896
9976419
9986124
9988068
9995138
9997752
9998967
10004222
10004817
10006496
10007250
10011439
10017912
10020342
10020857
10020920
10022227
10030699
10040004
10043317
10046769
10047118
10047204
10049921
10052068
10052564
10054212
10057150
10060695
10061776
10062881
10063696
10066412
10067667
10069157
10073700
10077959
10078359
10092964
10094930
10096801
10100839
10103302
10104031
10105026
10105813
10110332
10110416
10114738
10117892
10120375
10128762
10130869
10131096
10131894
10132155
10139733
10140267
10140968
10141936
10142962
10145983
10146480
10147473
10148496
10151890
10152261
10156754
10158044
10158159
10162618
10164960
10167387
10167632
10170804
10172137
10173857
10177454
10191830
10192127
10194404
10195020
10196740
10202219
10204582
10205315
10207210
10207622
10207663
10208587
10211079
10213543
10214453
10218225
10221040
10225358
10226335
10227534
10236664
10237997
10238213
10243464
10249063
10250273
10251521
10254172
10257758
10258641
10268165
10270063
10273283
10273560
10273809
10276205
10276706
10279552
10280123
10283158
10285184
10286050
10291738
10291773
10292408
10304582
10306749
10308531
10308819
10312568
10316319
10316597
10318155
10322437
10324104
10324200
10325460
10326457
10330470
10343631
10345666
10345776
10346641
10346967
10353057
10355779
10355912
10357858
10358468
10359454
10360287
10361295
10362403
10365492
10366364
10366613
10367713
10368425
10374005
10375777
10381778
10386989
10391269
10394522
10398292
10400651
10402112
10402828
10407642
10412127
10415591
10417123
10418055
10420078
10420369
10424019
10425415
10426110
10430924
10431273
10439536
10445204
10449115
10456062
10456710
10457664
10460978
10462971
10464075
10465067
10468838
10469681
10480266
10485031
10489754
10492508
10496231
10499742
10499970
10502261
10503107
10514990
10518875
10527847
10532153
10534276
10535398
10537505
10537575
10539015
10543464
10549338
10551188
10551683
10553156
10554151
10558347
10558461
10560804
10568699
10576714
10579775
10583310
10583687
10585652
10591947
10592894
10593195
10595386
10599569
10601124
10601398
10606694
10610076
10610164
10613318
10615858
10616423
10620548
10625480
10626916
10627044
10630313
10634127
10636220
10639447
10642007
10642356
10644736
10645492
10647269
10648870
10649988
10653497
10655325
10666778
10667376
10668417
10669662
10671327
10673128
10673486
10675455
10677531
10679755
10681766
10684905
10693309
10696784
10698183
10698534
10700157
10703551
10705693
10706519
10708813
10717748
10719494
10724629
10732701
10735065
10737261
10737419
10738969
10744767
10746487
10753511
10757756
10760498
10760990
10761048
10762503
10762886
10765099
10767766
10768352
10770390
10771208
10771959
10773657
10776064
10780734
10782072
10783732
10788266
10788600
10796301
10797561
10799462
10802164
10805610
10814436
10819567
10821223
10821792
10822824
10828331
10834484
10834524
10835985
10837604
10840239
10841113
10841173
10848833
10851725
10852183
10857558
10858906
10861358
10862924
10867390
10869627
10884367
10889434
10893524
10897056
10899823
10905792
10908802
10909476
10912053
10912303
10912496
10913042
10915453
10917485
10925858
10927318
10934743
10934905
10936668
10937423
10937504
10938164
10940327
10942062
10944103
10947284
10947544
10949060
10953080
10954281
10954564
10957456
10959440
10961510
10962270
10973028
10977459
10983347
10984863
10988062
10992133
10995095
10995760
10997072
10998521
10998958
11006243
11013455
11016199
11019668
11019700
11021229
11021671
11028344
11030259
11030980
11032296
11034253
11036148
11036865
11042276
11042648
11045754
11049297
11055024
11056215
11057272
11059651
11060151
11060167
11061551
11065668
11072686
11075239
11076623
11077578
11079412
11079939
11082321
11085618
11092736
11101711
11106619
11107306
11107983
11118379
11120807
11121129
11121368
11127188
11128737
11128812
11134186
11139985
11140555
11140632
11141166
11141179
11145362
11161285
11167207
11169962
11171958
11174201
11175664
11179032
11180414
11183830
11184061
11185759
11186312
11188124
11189094
11199051
11199453
11206097
11208430
11209042
11212005
11212025
11213606
11216587
11217325
11221658
11223203
11226566
11226731
11227519
11229332
11235213
11241199
11242383
11244376
11244663
11249049
11249327
11254156
11259082
11266140
11268357
11268401
11278251
11280482
11283111
11289483
11292505
11294855
11303293
11304783
11321547
11323185
11328003
11330549
11331231
11332112
11334890
11337329
11337445
11337830
11340309
11346115
11352950
11353276
11354441
11355698
11358653
11359442
11363843
11364706
11365381
11365458
11365820
11366264
11372961
11378215
11379547
11380687
11381342
11385756
11387487
11388418
11390115
11391159
11391221
11391250
11392621
11393243
11393479
11396142
11398138
11402921
11408015
11408624
11410891
11414066
11416933
11417968
11420960
11421728
11423050
11423345
11423732
11424010
11425463
11426520
11427130
11434761
11434803
11436716
11437262
11437840
11440269
11445839
11460359
11460548
11463332
11464895
11465962
11466326
11466533
11472851
11475312
11477576
11480117
11483983
11488141
11494485
11497025
11497918
11499931
11500079
11501239
11506971
11507026
11511479
11512362
11516153
11516373
11518186
11520431
11524053
11525372
11526913
11529144
11529356
11536137
11536347
11536743
11537083
11538086
11538093
11543540
11547048
11557437
11564063
11583674
11585782
11586383
11589745
11593610
11593697
11593908
11602294
11609349
11609707
11624083
11624572
11625351
11626279
11626934
11630643
11635123
11635409
11636779
11648874
11649031
11654070
11660328
11666972
11673355
11674583
11679145
11680258
11682950
11688313
11692802
11697953
11703641
11704265
11705649
11707721
11711662
11711872
11712833
11712943
11714286
11715180
11715930
11716326
11717380
11718804
11722549
11725420
11725852
11731092
11740625
11742269
11747296
11753502
11764146
11772369
11774436
11778880
11779712
11780584
11785296
11790332
11794570
11795946
11797297
11798622
11805999
11806567
11820419
11820515
11827152
11828320
11834322
11843999
11845577
11849057
11854540
11854633
11855186
11859308
11860372
11863632
11865177
11867611
11868912
11869165
11874287
11874978
11877340
11877600
11881951
11884953
11887969
11888448
11890309
11890642
11890752
11892922
11898874
11915404
11917008
11920789
11923272
11925997
11930330
11935742
11937548
11940932
11941073
11948400
11949849
11952286
11953720
11955054
11961094
11961723
11964639
11965665
11965839
11973777
11975251
11975334
11975723
11978047
11981185
11981445
11982195
11986489
11990157
11997367
11997868
12004223
12004955
12008254
12009530
12010041
12010399
12011406
12017370
12020971
12032133
12032339
12035342
12037891
12038856
12042678
12046192
12046657
12047448
12051863
12055209
12057789
12058002
12061498
12062034
12066386
12067649
12067944
12068700
12071326
12078117
12078355
12082926
12086544
12092500
12095133
12097366
12097850
12098552
12102235
12109052
12110926
12112650
12118341
12118460
12123107
12131168
12132990
12139282
12140519
12140922
12142342
12146501
12159840
12162596
12166326
12173945
12174260
12174496
12177427
12179714
12181477
12183470
12185397
12187265
12193967
12199811
12202881
12204122
12205396
12208212
12212057
12218781
12219194
12220600
12221326
12226136
12235741
12237989
12238640
12239968
12242248
12243468
12248212
12248507
12251146
12253496
12254114
12256245
12258371
12258867
12261166
12271785
12275725
12276188
12289844
12291557
12292532
12295969
12304255
12304401
12304946
12306401
12307389
12314615
12318671
12320790
12321130
12323766
12330202
12331826
12334937
12336629
12339286
12341518
12348464
12349874
12352035
12361027
12365302
12368149
12370963
12373543
12377647
12379102
12379662
12379800
12386118
12388867
12390943
12391588
12391749
12401298
12410738
12411508
12414946
12416014
12416310
12425579
12437373
12441430
12442502
12445118
12448592
12452219
12456305
12459678
12460263
12464757
12465996
12471664
12471701
12478090
12482584
12487137
12489688
12507826
12514090
12515066
12519719
12521104
12525051
12525101
12525833
12527363
12527830
12532870
12541221
12551360
12553352
12556478
12567133
12567703
12571132
12575394
12577979
12580356
12582598
12586603
12588996
12589136
12589485
12589903
12590092
12590400
12590766
12591646
12592491
12597735
12601063
12601277
12601856
12602940
12603970
12605188
12607867
12608190
12608928
12610255
12616458
12617519
12619700
12621069
12624070
12624567
12626013
12626649
12641367
12644703
12646023
12667806
12669521
12670181
12672128
12675955
12677555
12682650
12685569
12692578
12702114
12702624
12703864
12712399
12718244
12722236
12723422
12726208
12727065
12732304
12732934
12734766
12737367
12738071
12746000
12756864
12757617
12758063
12760990
12766173
12767625
12767957
12773676
12774262
12774356
12775721
12778704
12786309
12786336
12786497
12788686
12790838
12792537
12803244
12812490
12815968
12817609
12818404
12820895
12821313
12824355
12825589
12830234
12834194
12836562
12839560
12840712
12842625
12848479
12856279
12859993
12864060
12867182
12870347
12880587
12882857
12893832
12896031
12896086
12902656
12902992
12904073
12907566
12907881
12911446
12916008
12921595
12936116
12941904
12944847
12950645
12952886
12963730
12964532
12965649
12973362
12984643
12985047
12987392
12988676
12993241
12995164
12999203
13000006
13001320
13006103
13014074
13017544
13018640
13023516
13023608
13024932
13031814
13035910
13037117
13038231
13039801
13041444
13044592
13048838
13060188
13066830
13067874
13068938
13071743
13078532
13081947
13082146
13087194
13088075
13088873
13094689
13094741
13098482
13098812
13100210
13105799
13110840
13112446
13114076
13115207
13115333
13120440
13130140
13139848
13142784
13146338
13152793
13153026
13156107
13156473
13157498
13167089
13168430
13169935
13176767
13180713
13181904
13185137
13187675
13188516
13190710
13192572
13194622
13194745
13196115
13201528
13201603
13203846
13206468
13223561
13226904
13230626
13231749
13233259
13237252
13240520
13240851
13242288
13245411
13247327
13248102
13249810
13250851
13252039
13254266
13255983
13259482
13269615
13270478
13277132
13279077
13280828
13281458
13282193
13282491
13287275
13289518
13292987
13294297
13294447
13299057
13303947
13304365
13306372
13307991
13308310
13315707
13322262
13327234
13333298
13333326
13333707
13337786
13342489
13344425
13355301
13367859
13376333
13377746
13383241
13384419
13385105
13388827
13389287
13389330
13392107
13403140
13406515
13409188
13410221
13410416
13411171
13411267
13412100
13416299
13422129
13422272
13424708
13432536
13434598
13441531
13441731
13449946
13450574
13450647
13451218
13456588
13458814
13459992
13460222
13460569
13461523
13463745
13470520
13473421
13478454
13488905
13489206
13495846
13497494
13505688
13506865
13508363
13508452
13517606
13518560
13518968
13522012
13522852
13526948
13529064
13530473
13533138
13553342
13560330
13566408
13578021
13582074
13583206
13583772
13585278
13591894
13594228
13594516
13595643
13599964
13605800
13606537
13612282
13612285
13613702
13614559
13615519
13617498
13618492
13621387
13635583
13636830
13637854
13639003
13639127
13639563
13644063
13646229
13648641
13649494
13653730
13654902
13658132
13660663
13663476
13663620
13663650
13678024
13679884
13685982
13691259
13693548
13700266
13700669
13702298
13703977
13706761
13709849
13711986
13715136
13717837
13730588
13739980
13745630
13751712
13752413
13759106
13764997
13765546
13768570
13774019
13774249
13777211
13783692
13787129
13787904
13789470
13790303
13795342
13803315
13803583
13806750
13811158
13812383
13813260
13815570
13822923
13825794
13827225
13829177
13829926
13830882
13831678
13837916
13849761
13851180
13854616
13857006
13857645
13859477
13859576
13860462
13867576
13874784
13875344
13875357
13877321
13879874
13883498
13885930
13886980
13894157
13894415
13905360
13906561
13908705
13911190
13915616
13916545
13921366
13922730
13924567
13924634
13928706
13929367
13938224
13938628
13943472
13944889
13945262
13945705
13946047
13971327
13971963
13977404
13981511
13984976
13989725
13990850
13991215
13991472
13993328
13993684
13997986
13999556
14002220
14003857
14004432
14005689
14008172
14009587
14010783
14017463
14020747
14021110
14023312
14023656
14030023
14030834
14034555
14036452
14040177
14045550
14045862
14046272
14047209
14047601
14047770
14050163
14051110
14051300
14051748
14052584
14053496
14055308
14056975
14058087
14058391
14060593
14060650
14060921
14062029
14062060
14069212
14070496
14071060
14071435
14077416
14079667
14080034
14085469
14091743
14093707
14094853
14096224
14096409
14100174
14100305
14102031
14102097
14106580
14109644
14111461
14111606
14113366
14121796
14123027
14123238
14129232
14140756
14142183
14147045
14147744
14148866
14157821
14158018
14158136
14161507
14165210
14165354
14167725
14168972
14177612
14178265
14179842
14181009
14187663
14189698
14193142
14212203
14215187
14216700
14218643
14219852
14223956
14230691
14234075
14235544
14236558
14238180
14238337
14240360
14242109
14242241
14242911
14250355
14252962
14254348
14254381
14255959
14256148
14258330
14258937
14262310
14266309
14266967
14268366
14268623
14273032
14278883
14279956
14280208
14280691
14293121
14300233
14304064
14304358
14304656
14305335
14310117
14317411
14320331
14321321
14323469
14337357
14339504
14342773
14346920
14353963
14356297
14357372
14358207
14358342
14360168
14365989
14367407
14371576
14374894
14387446
14390289
14397593
14397773
14399591
14404322
14411025
14411182
14411854
14418500
14419012
14420344
14422724
14425446
14425589
14426258
14427273
14429216
14432535
14435989
14436374
14439967
14440547
14444050
14451392
14451611
14452512
14453689
14455656
14456350
14456445
14464959
14468752
14470447
14477771
14480781
14483413
14487030
14491835
14495355
14499966
14500067
14502524
14508473
14519558
14521946
14528779
14531288
14533442
14533522
14537455
14538370
14539728
14543221
14545282
14549159
14549447
14549792
14550305
14551315
14554440
14558434
14565255
14568836
14570368
14575382
14576839
14577341
14583424
14584265
14592793
14599781
14603797
14606529
14607844
14609061
14611046
14611091
14616413
14623432
14623721
14624430
14626508
14628609
14630018
14634439
14635041
14639320
14640852
14647079
14651884
14653843
14662127
14666388
14672598
14674329
14676108
14677508
14678239
14680168
14680449
14698138
14702047
14702994
14704638
14708103
14708819
14709263
14713797
14719745
14722299
14722831
14724428
14724491
14727853
14727913
14728841
14731967
14735695
14743099
14743889
14746201
14746658
14750719
14756381
14757487
14759161
14759588
14769939
14776032
14779917
14782799
14783603
14785422
14788498
14789466
14790727
14790805
14791400
14792513
14798342
14800399
14804806
14814222
14817081
14820662
14821029
14821064
14821813
14827802
14827878
14829922
14830295
14830606
14831507
14843762
14846480
14852139
14859652
14861159
14863571
14870293
14873147
14874790
14878074
14881152
14887121
14889736
14891365
14895767
14898359
14900802
14902016
14903661
14907100
14909316
14911424
14913851
14915397
14928303
14928345
14929921
14930824
14930954
14940356
14944821
14946789
14949338
14950533
14951922
14951965
14952691
14952770
14953827
14957612
14960082
14964163
14964627
14967959
14968755
14968873
14973675
14975260
14984152
14993900
14996395
15000448
15000566
15004926
15006311
15010592
15014724
15018839
15021483
15023088
15024884
15041433
15052161
15062185
15065891
15066987
15068200
15068961
15078576
15078629
15079230
15088937
15090447
15091057
15091510
15091986
15097937
15101222
15103892
15108399
15112013
15112636
15112685
15113055
15125223
15126055
15135213
15135644
15135854
15139226
15139685
15143930
15144169
15152309
15153497
15153905
15157224
15157743
15160473
15160836
15162377
15164929
15165900
15169112
15173262
15180505
15191661
15195533
15199215
15199640
15208137
15210430
15210708
15211448
15214249
15215646
15217207
15217794
15221088
15224850
15227975
15230874
15236035
15248712
15252757
15265954
15266016
15266905
15269657
15277471
15281699
15284222
15286109
15287251
15293684
15294670
15296546
15309593
15313114
15313538
15313905
15316210
15316482
15317082
15321521
15326893
15327499
15332142
15334388
15337864
15339113
15340383
15346913
15352408
15353643
15354066
15357462
15359945
15361647
15361776
15362834
15364979
15365945
15366536
15366584
15368006
15369893
15385873
15389071
15392976
15396854
15398567
15401810
15401856
15402501
15405010
15409439
15412850
15420847
15421025
15421549
15424610
15427287
15427317
15430400
15431890
15432190
15436035
15436164
15438820
15443276
15447668
15447861
15451949
15455252
15457763
15475302
15478234
15483806
15484863
15489795
15489912
15492708
15502004
15507424
15507533
15515832
15523576
15526814
15528091
15528133
15530044
15530386
15532505
15533785
15537284
15539919
15540052
15540747
15541135
15548023
15549731
15551651
15558507
15564469
15571026
15571107
15573664
15573859
15578597
15583086
15585803
15587015
15587046
15589204
15590061
15591044
15596069
15596574
15599287
15600221
15608318
15609524
15610714
15615249
15618956
15620554
15621436
15622365
15623491
15632534
15637147
15641282
15644608
15645023
15645929
15658937
15661626
15663109
15675489
15677753
15681014
15681356
15683569
15684934
15685072
15691325
15692563
15698127
15701141
15708744
15708806
15710143
15718317
15719052
15719893
15721338
15730963
15732760
15734879
15737546
15749504
15751458
15753981
15756042
15760793
15766855
15767118
15770390
15772226
15772420
15773670
15774848
15774988
15778191
15778789
15782803
15784922
15787938
15790442
15794243
15796569
15804038
15819832
15820824
15831695
15836446
15838808
15839726
15846086
15850533
15851144
15853069
15855316
15860283
15861691
15866178
15866500
15878735
15879738
15885347
15893994
15894677
15896015
15897431
15898912
15905815
15910586
15912963
15913268
15913493
15913686
15915279
15920894
15922913
15931098
15931696
15939982
15946087
15946421
15952320
15955179
15955353
15957134
15957709
15957894
15960181
15967777
15974187
15975105
15977036
15983502
15985175
15989068
15994841
15994915
15995269
16001248
16002335
16002791
16011828
16014916
16026517
16031191
16032622
16036500
16042752
16051898
16052052
16052747
16055629
16057957
16061179
16065833
16069433
16073506
16076555
16078770
16085526
16086458
16086513
16092583
16093201
16100732
16101304
16105016
16108656
16109745
16120559
16133118
16133756
16134201
16136317
16136853
16139818
16140024
16142810
16146334
16148519
16150325
16155193
16162271
16163954
16164617
16165754
16168706
16171474
16173938
16176992
16177059
16178487
16180363
16181466
16182210
16187585
16188848
16190879
16191673
16193173
16195228
16197959
16198388
16199218
16203037
16205024
16206373
16211008
16212727
16213452
16214254
16216653
16220390
16232884
16236020
16236416
16237783
16247836
16249651
16260478
16260688
16261034
16276240
16278373
16279816
16281982
16282588
16293420
16298777
16298995
16301746
16302765
16306308
16312216
16312543
16316265
16319766
16328428
16334030
16340802
16342531
16343387
16343544
16343550
16356990
16359444
16363378
16363408
16364405
16366766
16371180
16373979
16375434
16377035
16378308
16381770
16384148
16385813
16389201
16391021
16396761
16396874
16399101
16403247
16407773
16407901
16409396
16416734
16423083
16428078
16428851
16429580
16432995
16435969
16438983
16443987
16445152
16447652
16454535
16455459
16459168
16459410
16466989
16468071
16476293
16476459
16478681
16479445
16482338
16484991
16489115
16490813
16500011
16501713
16510809
16515612
16516412
16516641
16518054
16518652
16519934
16528834
16530293
16535386
16540306
16542829
16545145
16545604
16556268
16556662
16558452
16565713
16574711
16575263
16576658
16583373
16585906
16590971
16592294
16593448
16601952
16605323
16609962
16610474
16618419
16619290
16620998
16622629
16625972
16627007
16628426
16635214
16636836
16637461
16645577
16646472
16647700
16650885
16651153
16653874
16654112
16656387
16656597
16661419
16661669
16662655
16664950
16665353
16667454
16668301
16668508
16671431
16672151
16673006
16673190
16674161
16674367
16675991
16681932
16690826
16691771
16695325
16696323
16697015
16697295
16697527
16700174
16702149
16708427
16708624
16712607
16712935
16713353
16714127
16714692
16715526
16717475
16717772
16717910
16718168
16719580
16724105
16725335
16725608
16733492
16735098
16735506
16736287
16736373
16746664
16748401
16751440
16753105
16756532
16760582
16762001
16776307
16779439
16779993
16782422
16790516
16791752
16793661
16795336
16800095
16801578
16806374
16809037
16809914
16816777
16820596
16822210
16825023
16834874
16836323
16843576
16849978
16865529
16865902
16866532
16873003
16875020
16877112
16879415
16885117
16885204
16889094
16894757
16896905
16903527
16904201
16908699
16909443
16920237
16924725
16925426
16931487
16933821
16937436
16938915
16944715
16949197
16949309
16950339
16959203
16973313
16973881
16973963
16986269
16986334
16988171
16991809
16995042
16998307
16999319
17005531
17005748
17010864
17011332
17011433
17011715
17011903
17015047
17018366
17027420
17037721
17046405
17048304
17053797
17054729
17055280
17058204
17060884
17065576
17068711
17069464
17079986
17080782
17082154
17082515
17087026
17095038
17100734
17105113
17106778
17107666
17108001
17112012
17112723
17121349
17123561
17127386
17132653
17134057
17134383
17135494
17136299
17137574
17139760
17139890
17140581
17142525
17143276
17143745
17145888
17150385
17150689
17151414
17151483
17152812
17158311
17159292
17164290
17174001
17182198
17182455
17184208
17186590
17188213
17204869
17208350
17212375
17213388
17216472
17221548
17223798
17224100
17227206
17230461
17231954
17233601
17235413
17237444
17240740
17241227
17242058
17242639
17242754
17244158
17245355
17255256
17255289
17257076
17259272
17261770
17269993
17274008
17298960
17302916
17303260
17311382
17311746
17312836
17313402
17313759
17313776
17318502
17319785
17319884
17321767
17323989
17330715
17336184
17337025
17338432
17340359
17342784
17348475
17349058
17349784
17363731
17368891
17369944
17374044
17374115
17375399
17376010
17380107
17380369
17380810
17384924
17385607
17387630
17401531
17401929
17404900
17405843
17406775
17409444
17409727
17410026
17412689
17417837
17419014
17421110
17421301
17425633
17426129
17427280
17431627
17434047
17435046
17435215
17437908
17440813
17443726
17452450
17456563
17457850
17458089
17458390
17460159
17460923
17465902
17469855
17473133
17473813
17479957
17485055
17486544
17488139
17489076
17490078
17494662
17500276
17500559
17502125
17503438
17503573
17505324
17506053
17506928
17508605
17509226
17513326
17517045
17518850
17524038
17524856
17524954
17528243
17528810
17532560
17533461
17533830
17534789
17541591
17543266
17549411
17550333
17550791
17550822
17555898
17556789
17563391
17578419
17579403
17581860
17584727
17588104
17590937
17592535
17593613
17597251
17599616
17601340
17604170
17614589
17627020
17629033
17629940
17633115
17633859
17635836
17638253
17645093
17645316
17645769
17648181
17653700
17655156
17660094
17661237
17661553
17664293
17666567
17670274
17670836
17671737
17677664
17677805
17678409
17688280
17689039
17695715
17700224
17700987
17704237
17705196
17707551
17710155
17714421
17724368
17727062
17732216
17733091
17734797
17740563
17748503
17751598
17751656
17754984
17755664
17757805
17758400
17760572
17766989
17770495
17775897
17779903
17792104
17793245
17794062
17795833
17796458
17803769
17814014
17814270
17815765
17819694
17826602
17829732
17831128
17833379
17833928
17835632
17836667
17837398
17838424
17842044
17847371
17851649
17854101
17854315
17857684
17861537
17874443
17875246
17876476
17877928
17878085
17880061
17880859
17883801
17884479
17886202
17886518
17888783
17889588
17891906
17899337
17899919
17900092
17902995
17904853
17909113
17910485
17912400
17913292
17919159
17923475
17928946
17932040
17935917
17936389
17938594
17939108
17940722
17950336
17962028
17963306
17965585
17968310
17972131
17972161
17974891
17979215
17992164
17999457
18001360
18001692
18013574
18014601
18018257
18019588
18021211
18024270
18026733
18028382
18037583
18040020
18040159
18040219
18042205
18045848
18048545
18052765
18059485
18062998
18075530
18076327
18080387
18084014
18086766
18089099
18089950
18094669
18101710
18106306
18108076
18110943
18116494
18117305
18121191
18122258
18123073
18131737
18133703
18133990
18134273
18138505
18140960
18141550
18147727
18152559
18153249
18157859
18181236
18181540
18183653
18184389
18185701
18187922
18190151
18191913
18196347
18198233
18203679
18207845
18208859
18209048
18209607
18211807
18212375
18214072
18215681
18216087
18217011
18217107
18217296
18219384
18222589
18223940
18224282
18225599
18226043
18226563
18232151
18232403
18237354
18238094
18247614
18247780
18252979
18259039
18261155
18269228
18274551
18277403
18291905
18295156
18300053
18300367
18304525
18314016
18319544
18320534
18324405
18325499
18325821
18328526
18332507
18334930
18335616
18337900
18339848
18344666
18352909
18352937
18353442
18354818
18358229
18360608
18367486
18372970
18376296
18385246
18387135
18387217
18389833
18392826
18393673
18394189
18395833
18396726
18403014
18406304
18409891
18414849
18419723
18420558
18422266
18422703
18423925
18424061
18425472
18425761
18427569
18429115
18437245
18439816
18440180
18450930
18453411
18457190
18460449
18460992
18461586
18462103
18463633
18467394
18467430
18471234
18472487
18472852
18474856
18475145
18480581
18482316
18483561
18484546
18487196
18487815
18489734
18490872
18492769
18498928
18503487
18504887
18506356
18507790
18514952
18527266
18528150
18529685
18531165
18531891
18534074
18541918
18545419
18546472
18549113
18554540
18558574
18561038
18561905
18565273
18569804
18577547
18579517
18581123
18584113
18586783
18597387
18598903
18599054
18603262
18605656
18605972
18609310
18612844
18612996
18614005
18617361
18618527
18618753
18630907
18632694
18633366
18633575
18634414
18637757
18639045
18641450
18643500
18652489
18656379
18661212
18661245
18664975
18667711
18671760
18672487
18674246
18679203
18679260
18680049
18680732
18684278
18687116
18687195
18693827
18693898
18695269
18697164
18699953
18701795
18702894
18707749
18710855
18713529
18721396
18722195
18727678
18728137
18730209
18732230
18732872
18735994
18737050
18737637
18738404
18738778
18741213
18745268
18750545
18750848
18752838
18755856
18755985
18763752
18765767
18766621
18766852
18768516
18773037
18774722
18775942
18777290
18778292
18779810
18780318
18784063
18785773
18788413
18789502
18790319
18791003
18796737
18796755
18802045
18803543
18809794
18810864
18817242
18819043
18821637
18822032
18825898
18829064
18832499
18841102
18846085
18855223
18855457
18859983
18863237
18870709
18880449
18882043
18897022
18899008
18899277
18901103
18908740
18910639
18913257
18918029
18920152
18922818
18928154
18928518
18930389
18931580
18932369
18938183
18938949
18939398
18939714
18940090
18946266
18947142
18950148
18951045
18953088
18953944
18958296
18961907
18966395
18968008
18969041
18975813
18976209
18979960
18981755
18986447
18987142
18991927
18993296
19005228
19007990
19012719
19016966
19019404
19019513
19020661
19020912
19032416
19036751
19038632
19042918
19051759
19051841
19052007
19060018
19061711
19061912
19063654
19076584
19077406
19078230
19086707
19087700
19088063
19089663
19095325
19095529
19101663
19103463
19106253
19111642
19122449
19124149
19127225
19130487
19132000
19132148
19136177
19138293
19140964
19143683
19146846
19147829
19151845
19153783
19154137
19155534
19156121
19156989
19157626
19165597
19169599
19175183
19181140
19186355
19192912
19197000
19198118
19201373
19211431
19211737
19214160
19215159
19218517
19219460
19221865
19225883
19226759
19227210
19227349
19234215
19235630
19242791
19243718
19253208
19255754
19257437
19266872
19271191
19273277
19275985
19277179
19292153
19293291
19294846
19295576
19298772
19302632
19312745
19314706
19316077
19329850
19335782
19338193
19342335
19342425
19344070
19347814
19354633
19356118
19357139
19359166
19359749
19366387
19367419
19368181
19368521
19369486
19374498
19379911
19395154
19397086
19399466
19402781
19405626
19411095
19414439
19415537
19416505
19417738
19419469
19422002
19426876
19429685
19433500
19433886
19434507
19434720
19438164
19439887
19441085
19442150
19444871
19445655
19446084
19448341
19452745
19452863
19453814
19460024
19471194
19476564
19479847
19479951
19483160
19484780
19485014
19487717
19487886
19495937
19496605
19500851
19502043
19502831
19504152
19508234
19511736
19512892
19515527
19517898
19523941
19526172
19536573
19536630
19536851
19538201
19549102
19551769
19552899
19554993
19556684
19559968
19562793
19563272
19568280
19570719
19572101
19573806
19576444
19576799
19580525
19581569
19582549
19585390
19590818
19595440
19597365
19599859
19607458
19608741
19612013
19614807
19615639
19618163
19626626
19630716
19632352
19634744
19636596
19637091
19640813
19641978
19642639
19643342
19652630
19653655
19656680
19659418
19659775
19660156
19664962
19668604
19673777
19675634
19676272
19687284
19688118
19691761
19696130
19697603
19698856
19706428
19718368
19720766
19721167
19722116
19723387
19724506
19725487
19728053
19730245
19733466
19735054
19736611
19740004
19740626
19743300
19746799
19746951
19749824
19758239
19770249
19773270
19775818
19778561
19780889
19790907
19791463
19792222
19793291
19793415
19796269
19796593
19802465
19807558
19811089
19813553
19818488
19821847
19823755
19823809
19830166
19832046
19838906
19840383
19841861
19843323
19846687
19848745
19850329
19854283
19858052
19858591
19865901
19878698
19884635
19890224
19890359
19896710
19896741
19897350
19909661
19911122
19914361
19915202
19916540
19925341
19930746
19931511
19932235
19933630
19937697
19949300
19949459
19954409
19954931
19962144
19962974
19965953
19967904
19974599
19975980
19978114
19978359
19982116
19993819
19997391
19997559
19997935
19998894
20001574
20007147
20011264
20012828
20014787
20016163
20028486
20029466
20030554
20030621
20034170
20034650
20037289
20042091
20059421
20061588
20064350
20064888
20067537
20069374
20069741
20071425
20073366
20076199
20077352
20079493
20085828
20088456
20089942
20093492
20105182
20105689
20106871
20108090
20109377
20110998
20115829
20116447
20117215
20118658
20124965
20130106
20131615
20137710
20139388
20142137
20142329
20143031
20143796
20145691
20147199
20148441
20149114
20151413
20152247
20166028
20169948
20170050
20170297
20171033
20173635
20182582
20185551
20185934
20186834
20190963
20191093
20194122
20195993
20199256
20199463
20203953
20205480
20210678
20222240
20224311
20228188
20230230
20231186
20232604
20232707
20233403
20233537
20233634
20236318
20236622
20237631
20244267
20254384
20254615
20263234
20263329
20266469
20266966
20268559
20272542
20274003
20279131
20280977
20281198
20281660
20281716
20283806
20284524
20284888
20287105
20287606
20287679
20290084
20294874
20298881
20300366
20304448
20304588
20307350
20307743
20308195
20310523
20316869
20324210
20325263
20327204
20328876
20333499
20334797
20338932
20343421
20346923
20348887
20349118
20350879
20359462
20369659
20373119
20373923
20374986
20385187
20388022
20391620
20395239
20397598
20398825
20400804
20401061
20408454
20414321
20417880
20418695
20418780
20420389
20423480
20431890
20432467
20432571
20432982
20433359
20434709
20440469
20449331
20449973
20450609
20450924
20453557
20455599
20457901
20461174
20466863
20468019
20471283
20473562
20475513
20475669
20477400
20479258
20480531
20482018
20484560
20492022
20500183
20501042
20503468
20505767
20509127
20513706
20514391
20517226
20520563
20528461
20530763
20531593
20532648
20536677
20537759
20539029
20543236
20550124
20552224
20560589
20563718
20568191
20571400
20571819
20578747
20582660
20584451
20587599
20588683
20592142
20592954
20596817
20598591
20602472
20603739
20610670
20613383
20614352
20619381
20619588
20622191
20625891
20627359
20627831
20628650
20631859
20632861
20633027
20633430
20637245
20640643
20644174
20645792
20648613
20649949
20650441
20653904
20662867
20663142
20664298
20665914
20665944
20670601
20670667
20673002
20674094
20684243
20685142
20686118
20687572
20693509
20695414
20698130
20699272
20704225
20704818
20714063
20718844
20719213
20719232
20719467
20727429
20727666
20734363
20740004
20744232
20747074
20753068
20753530
20756636
20757296
20757860
20759120
20760537
20773870
20776848
20783435
20791864
20794236
20798403
20799126
20801095
20806232
20808167
20810412
20811457
20814827
20820590
20828587
20831531
20832336
20841142
20847902
20849968
20864717
20867974
20872191
20875095
20875317
20876510
20878700
20882715
20886430
20886609
20888005
20888090
20892593
20893393
20897567
20898755
20901333
20903220
20908310
20912137
20915112
20919646
20920043
20921328
20928478
20931839
20932982
20936972
20937728
20940576
20942277
20947637
20956298
20957259
20965227
20967918
20973797
20983553
20985492
20986316
20987615
20996910
20997516
20998167
20998859
21007481
21011009
21016047
21026719
21027206
21028613
21032195
21034052
21038836
21044661
21048829
21050156
21055733
21056529
21056875
21060478
21061260
21063140
21066256
21066362
21067164
21068558
21068625
21073527
21074397
21084667
21086834
21087728
21088524
21089301
21092477
21092979
21094204
21094842
21096609
21096722
21102199
21105051
21105345
21106677
21111956
21116438
21117940
21118165
21127289
21129241
21134996
21135210
21135261
21136112
21145266
21145648
21147565
21151650
21154244
21154495
21154735
21156333
21157121
21167686
21169881
21170661
21170985
21174249
21175715
21183637
21186315
21190833
21194610
21195006
21196705
21198787
21199789
21200815
21206123
21213033
21213130
21214501
21217162
21220040
21223721
21226351
21227120
21227439
21228077
21228277
21232885
21232928
21246651
21247171
21249117
21256208
21258162
21260302
21263546
21263653
21268872
21271674
21272589
21273189
21275770
21275997
21276038
21292132
21302979
21303423
21305384
21308828
21319303
21326730
21327378
21330342
21335796
21336359
21336907
21339616
21339923
21342065
21354650
21356292
21359569
21364603
21364618
21366026
21369480
21370701
21373073
21373837
21374144
21377857
21380564
21390305
21392028
21394795
21396422
21397654
21400233
21401982
21404006
21408745
21410220
21411851
21412171
21412684
21415815
21416165
21417241
21417512
21419654
21423477
21424475
21426915
21428536
21436429
21439763
21446092
21447367
21459075
21459094
21474874
21475524
21476254
21476751
21480163
21485444
21486280
21486362
21488697
21490767
21491613
21495743
21503720
21503899
21507418
21509463
21514102
21515821
21519233
21520567
21521280
21522014
21523612
21524325
21524416
21524836
21527088
21528117
21528381
21529679
21536729
21540934
21542043
21542821
21543002
21549288
21554176
21558636
21562526
21571118
21573156
21575029
21576779
21588454
21592791
21598830
21601512
21602367
21615036
21617174
21621170
21621495
21625087
21626481
21630693
21631589
21634345
21641694
21645840
21647805
21648916
21649138
21649602
21650399
21655568
21657786
21659595
21662654
21669670
21672015
21676742
21676998
21678931
21684799
21685637
21686688
21689783
21690474
21700170
21703806
21704545
21704649
21710413
21718807
21720108
21723523
21724089
21724107
21726247
21727187
21734154
21741032
21743206
21746923
21751503
21753981
21754297
21756729
21758502
21763362
21766629
21770381
21773091
21774570
21780304
21784584
21785673
21787373
21787495
21795902
21798696
21799308
21804128
21805196
21809356
21810004
21810123
21817499
21819797
21825069
21828199
21829737
21834384
21834559
21838878
21840608
21844436
21846943
21849511
21852972
21858731
21861618
21864321
21864857
21865696
21870516
21878394
21879699
21884718
21885906
21893979
21904594
21904949
21908576
21908578
21915137
21916742
21916856
21928343
21931065
21935094
21935305
21935462
21941757
21942884
21944144
21947607
21955889
21957368
21961534
21963551
21963770
21967190
21976479
21985976
21986323
21987918
21990931
21998588
22005293
22006953
22010732
22015739
22017225
22020765
22022121
22023920
22029802
22032821
22033262
22044808
22044991
22052622
22054495
22057024
22065790
22075247
22079821
22084319
22087893
22091998
22092916
22095051
22095232
22096525
22100160
22102879
22103009
22103507
22113720
22115887
22117634
22119067
22126596
22132641
22138085
22144908
22150004
22151325
22154156
22156741
22161661
22163786
22167591
22169140
22173803
22177971
22179046
22181207
22188295
22189331
22197795
22200092
22201663
22207833
22208871
22212470
22215193
22215234
22216538
22218511
22218937
22225838
22225863
22230843
22234062
22237095
22239408
22240776
22242890
22243804
22244264
22250400
22250412
22250785
22254282
22256131
22256381
22257306
22258354
22262660
22274734
22276543
22277689
22278106
22278755
22278859
22286057
22290456
22293274
22294148
22294859
22296022
22299062
22299922
22303525
22308322
22309404
22309646
22310579
22312798
22319579
22320439
22321056
22323204
22325226
22325462
22327291
22327336
22331041
22333099
22334666
22335063
22337112
22338581
22339734
22349688
22350778
22352502
22353779
22355207
22356050
22356266
22372142
22373457
22373970
22377055
22377944
22378787
22380304
22384991
22385304
22387206
22388707
22389053
22390225
22390724
22390777
22391524
22394278
22397329
22401653
22401661
22404836
22405565
22414548
22415458
22416140
22416832
22420381
22420605
22424400
22425628
22426507
22427278
22427765
22428720
22429327
22431810
22434423
22435372
22444296
22447158
22449207
22453038
22454778
22456290
22463924
22466236
22467022
22474970
22479811
22484004
22484225
22486728
22487430
22489922
22490121
22494626
22494971
22495145
22499506
22499782
22500525
22500966
22503046
22505133
22505218
22505297
22507419
22508911
22509057
22510469
22512019
22512110
22516484
22524545
22527619
22530482
22531161
22531274
22534269
22534612
22534865
22539388
22540608
22543010
22545465
22545870
22549263
22549525
22552487
22560523
22560859
22563343
22566042
22567074
22568025
22568032
22571762
22588889
22596825
22597253
22601351
22605028
22605515
22611059
22613559
22621825
22622347
22623583
22625606
22628644
22630645
22634399
22637491
22637514
22639123
22640264
22646136
22652454
22653312
22658208
22658832
22660627
22660743
22664269
22667331
22669353
22679507
22684611
22684912
22686363
22691236
22694278
22695380
22697341
22699146
22702157
22708043
22708470
22710760
22715666
22722168
22727252
22734299
22735025
22741836
22746776
22749548
22760684
22764122
22766955
22770584
22772696
22774161
22778576
22780158
22780803
22781938
22782064
22783409
22795820
22796673
22798797
22799088
22799885
22805935
22808042
22808794
22809187
22815799
22816008
22823774
22831907
22833703
22835436
22835800
22837555
22838304
22840174
22842218
22846183
22847467
22850750
22861488
22862642
22863597
22865456
22866724
22878626
22884299
22884693
22887438
22888084
22888699
22892513
22905817
22907467
22907823
22909242
22909972
22912082
22915858
22916034
22918162
22918185
22919032
22920596
22921768
22922095
22923799
22926771
22927536
22927851
22930498
22931795
22932980
22933971
22938053
22938428
22938527
22943346
22949978
22953122
22955205
22958113
22964988
22968264
22973217
22976710
22977160
22977651
22990595
22990685
22992355
22994538
22994869
23000001
23001261
23001917
23002799
23008332
23011746
23012075
23012217
23012300
23014076
23014541
23016178
23016555
23019748
23021169
23024387
23025254
23027327
23027379
23028403
23036396
23043379
23044324
23047829
23051262
23055175
23055582
23058080
23060912
23060960
23067644
23075187
23076983
23080005
23088938
23092361
23093821
23096857
23100665
23101228
23110418
23114042
23114692
23115432
23117885
23119972
23120529
23120956
23127348
23133619
23137003
23142263
23143694
23148771
23149897
23165765
23180201
23187291
23188335
23188764
23189709
23198110
23202831
23203336
23206439
23234654
23236587
23237700
23238437
23239314
23239598
23242730
23245389
23249071
23249206
23249652
23250838
23251432
23257167
23262444
23263397
23271828
23274202
23277887
23278832
23279611
23283546
23287160
23289503
23290608
23292509
23296719
23303582
23304954
23319294
23322025
23322145
23322394
23322522
23324851
23332219
23333888
23342099
23345359
23345368
23345847
23348984
23356216
23357344
23358719
23361445
23365035
23371656
23373217
23373411
23374053
23374750
23375747
23377069
23382504
23385666
23388128
23390156
23392887
23397135
23397479
23398461
23404993
23409359
23411338
23411563
23413802
23416881
23420450
23420548
23422944
23429365
23435375
23436542
23438706
23440280
23445013
23448629
23460331
23463903
23466929
23468532
23468788
23469577
23469598
23480711
23481117
23482757
23503355
23503894
23517133
23518487
23520805
23521326
23526027
23530140
23530331
23530893
23535179
23535428
23541263
23543964
23544632
23549048
23549699
23551353
23555066
23557505
23560701
23571479
23576639
23580401
23588983
23589334
23594848
23597573
23600370
23601350
23602904
23603926
23604067
23608914
23611704
23611835
23616519
23627648
23628884
23634416
23636788
23638295
23640744
23641342
23641681
23644221
23645924
23645932
23647242
23648422
23649031
23650586
23651343
23653218
23654426
23663028
23664906
23671177
23676263
23677376
23685820
23686741
23687650
23696082
23698884
23700345
23702820
23704331
23704559
23706568
23711734
23713500
23714510
23718545
23721388
23723296
23724190
23725392
23736273
23737463
23742969
23743847
23746715
23748859
23749978
23750849
23751186
23752285
23752814
23756320
23760304
23763899
23764734
23770153
23773658
23776630
23782172
23784520
23785790
23787832
23788296
23788533
23789922
23791705
23793635
23796271
23796588
23797003
23797632
23799680
23799983
23802353
23803042
23807018
23807723
23809090
23810773
23814570
23815023
23815072
23815846
23816303
23817149
23817993
23818691
23826177
23827545
23827849
23832509
23834629
23835759
23840645
23845668
23845834
23847247
23847543
23851585
23855235
23855833
23856686
23860874
23864735
23871270
23871521
23875042
23878366
23881475
23886561
23887023
23887264
23887858
23895988
23899180
23900028
23904053
23904777
23904780
23909125
23910000
23910193
23912881
23914292
23915214
23917006
23917492
23918462
23918902
23919080
23920568
23922663
23925783
23926135
23926308
23926598
23926722
23928005
23931277
23932233
23933300
23936367
23939944
23944145
23945168
23948071
23949168
23951451
23953250
23958290
23964012
23967677
23969381
23970907
23974253
23975692
23976405
23977894
23980585
23981814
23987515
23988518
23992595
23998479
24002554
24008079
24010000
24011019
24022259
24023478
24026254
24031949
24032955
24034896
24035527
24035670
24036991
24037165
24038244
24040184
24040968
24048569
24050459
24051063
24057416
24061235
24065569
24067015
24067669
24068150
24080474
24083332
24083971
24089106
24089895
24094737
24096711
24102461
24103563
24105401
24109946
24110098
24112162
24113376
24113399
24119585
24120250
24122813
24126889
24130293
24130565
24132892
24133645
24140618
24141468
24149315
24149664
24150341
24160257
24163595
24174493
24176698
24178076
24178149
24181905
24183953
24184469
24201782
24204264
24204592
24210532
24212977
24215281
24219225
24219637
24227052
24228793
24232005
24233191
24238012
24238633
24239433
24241059
24242355
24244054
24250496
24251944
24256225
24256845
24256915
24264570
24268549
24268871
24269052
24270379
24273602
24273748
24274883
24277958
24281587
24281749
24283103
24285115
24296614
24300554
24300567
24301164
24303565
24304066
24306821
24308788
24312900
24317303
24317744
24318603
24325956
24327231
24327308
24329201
24330051
24330339
24333970
24342808
24344914
24344977
24347252
24347835
24347880
24350088
24352825
24354445
24363652
24370522
24371642
24378070
24378863
24379096
24379759
24379920
24382385
24383806
24384640
24385446
24389525
24391066
24392042
24392289
24393741
24395019
24397531
24414884
24416628
24418124
24419126
24424056
24425665
24426915
24427559
24431675
24432094
24436252
24441565
24446264
24448413
24461232
24465898
24466340
24467790
24471859
24472355
24472644
24473325
24478100
24478871
24479016
24479202
24481046
24483390
24494944
24500550
24501515
24503892
24506133
24508059
24508858
24508912
24509798
24512491
24514667
24516468
24517784
24521097
24540383
24541840
24545513
24549263
24551051
24553232
24554638
24555804
24558459
24559724
24573713
24586380
24588043
24595782
24600037
24601978
24603226
24618064
24619433
24621001
24621713
24623507
24623738
24624409
24628216
24632666
24643597
24643751
24645087
24647899
24650537
24652189
24658310
24659215
24660659
24661393
24665361
24668192
24668834
24671491
24672128
24672604
24673089
24675955
24678204
24681099
24684139
24684795
24685464
24688728
24695147
24695245
24696148
24699146
24701190
24702152
24703465
24704099
24705266
24708202
24709364
24714959
24714984
24721421
24721899
24724696
24725956
24726837
24728148
24729638
24730743
24733813
24738288
24738388
24745805
24746635
24747621
24748171
24750004
24752435
24765663
24768069
24768417
24770929
24773007
24773377
24774663
24784164
24786638
24788453
24792680
24794611
24802779
24805378
24809262
24810820
24815337
24817155
24819524
24820486
24828735
24836429
24846142
24846272
24850374
24851398
24854825
24855524
24857133
24861631
24868441
24874282
24875614
24876532
24877419
24880540
24881357
24886411
24886631
24888323
24893062
24894619
24896310
24900526
24903494
24907356
24907780
24909182
24913046
24914079
24917112
24924144
24925528
24927808
24930946
24931585
24934584
24934825
24936133
24937102
24937692
24938194
24938347
24940973
24941441
24943190
24944294
24945748
24950874
24958552
24959795
24975494
24980605
24980707
24994412
24996761
25001226
25005786
25006796
25007466
25008568
25011528
25018266
25019585
25020406
25021843
25025105
25025788
25026728
25026738
25027089
25028273
25029032
25042160
25043951
25047218
25060922
25064768
25066742
25067394
25069628
25070102
25073087
25073744
25075804
25076543
25077120
25077264
25080012
25080020
25082510
25087613
25088352
25092409
25094170
25097437
25097751
25099162
25103229
25105049
25105659
25114927
25116940
25119484
25123073
25128100
25128887
25129348
25129838
25137766
25139974
25140613
25141304
25143078
25144998
25146858
25147015
25148372
25153921
25157472
25158812
25160271
25160751
25161739
25163322
25164062
25166744
25167774
25167853
25172422
25172990
25178095
25178693
25181249
25181968
25191469
25192648
25193922
25195271
25205404
25206757
25222505
25223377
25227721
25227987
25229950
25231029
25231473
25236270
25236779
25237874
25239486
25241379
25245221
25246248
25250463
25256223
25256297
25257884
25261458
25261841
25262409
25265174
25270109
25274212
25278550
25281352
25286415
25289810
25291213
25292824
25292910
25293846
25298260
25301417
25301800
25304949
25305564
25308549
25314352
25319059
25319085
25319883
25330719
25333407
25333426
25334446
25341159
25343800
25344209
25352649
25354683
25358862
25365332
25368820
25370586
25375064
25376713
25382327
25384191
25385345
25389603
25399264
25400372
25401864
25405119
25406062
25408842
25410268
25412746
25429139
25433831
25437751
25441482
25443675
25447676
25449696
25451604
25454457
25455908
25459240
25462914
25467746
25477098
25479684
25480745
25482356
25482780
25487865
25488323
25488388
25490973
25493026
25502728
25503844
25506794
25507459
25511932
25512930
25518343
25519249
25521517
25526075
25527052
25527857
25529131
25532246
25532326
25535750
25549810
25550780
25553333
25558700
25564142
25571189
25572632
25573940
25575688
25581864
25587178
25594991
25597579
25597963
25598228
25598483
25598854
25603637
25611437
25620301
25622159
25622657
25623377
25623684
25623948
25624596
25628527
25630833
25634916
25640332
25645179
25645877
25645944
25647388
25649374
25653098
25653706
25658389
25665230
25667498
25668016
25671256
25675393
25681295
25682877
25685270
25688552
25691364
25692682
25694634
25694733
25695693
25702421
25709544
25709780
25710893
25712801
25713109
25715416
25718322
25721604
25723746
25724217
25726803
25727150
25729226
25729476
25732949
25732951
25738702
25746058
25751573
25755773
25759082
25764847
25774473
25776467
25778186
25781655
25783670
25787759
25790686
25792095
25792767
25793333
25793421
25802552
25806456
25806510
25806525
25806826
25813054
25825944
25845913
25846351
25854640
25860796
25867437
25868490
25870087
25871003
25873464
25878401
25879695
25881499
25884878
25888566
25889153
25895550
25896384
25896736
25897200
25901544
25907216
25908033
25917685
25918952
25922816
25934341
25935824
25942027
25943342
25944185
25951523
25952896
25954425
25957053
25963724
25965799
25965833
25966453
25967811
25974014
25974670
25976633
25978510
25982954
25983812
25991804
26001120
26004394
26008483
26009379
26015727
26016155
26019493
26022429
26026122
26027914
26028535
26030301
26030366
26030450
26030928
26032152
26037746
26040700
26041816
26042767
26045973
26047842
26050928
26051470
26053791
26060962
26063413
26070022
26072821
26073377
26075574
26078102
26087417
26088643
26091564
26094160
26095706
26096031
26096078
26098168
26098736
26098766
26101601
26110049
26120985
26122560
26124524
26124873
26127067
26129327
26136834
26136839
26139543
26143849
26145651
26147904
26161278
26166181
26166835
26166903
26169173
26171668
26178399
26178863
26179176
26181986
26185663
26198248
26204075
26205765
26206357
26210570
26214554
26217659
26231786
26235677
26237844
26242251
26242458
26248882
26249760
26254470
26257547
26257717
26267071
26267336
26268354
26275107
26278973
26279098
26287352
26290642
26291238
26298582
26300980
26306457
26307022
26315112
26317209
26320516
26322282
26323652
26325439
26329436
26337000
26339173
26342788
26346402
26349064
26351202
26352720
26354263
26361620
26364365
26365727
26378760
26382334
26385551
26386501
26388232
26394634
26401928
26404689
26406739
26409665
26411080
26415230
26417092
26434066
26438309
26446751
26449109
26452778
26467931
26469323
26473487
26484548
26486041
26486958
26489861
26498936
26502111
26502192
26505927
26512188
26515785
26517522
26518600
26523529
26528200
26533184
26533800
26534744
26535212
26536464
26539623
26543200
26544974
26545221
26545510
26546898
26549488
26551195
26551340
26553510
26554630
26554817
26555586
26561867
26561993
26564582
26564973
26565351
26571920
26584071
26585445
26597666
26600201
26602522
26604716
26605487
26617004
26617328
26619159
26620808
26622044
26626687
26630706
26632602
26639978
26640691
26648164
26649818
26650263
26659641
26660313
26660890
26663554
26663755
26663808
26664710
26673494
26683247
26685119
26690240
26693984
26695121
26697235
26703518
26703645
26705269
26705329
26706021
26706555
26709270
26713503
26713517
26717928
26719178
26719741
26721359
26726178
26727544
26733875
26734141
26740048
26743647
26755170
26764503
26764505
26765424
26771987
26775587
26778461
26778867
26779712
26788847
26793023
26793946
26794864
26801031
26805285
26806137
26807391
26816974
26819828
26822900
26830907
26835991
26844792
26857528
26857708
26858315
26861649
26867863
26873175
26877151
26878014
26878187
26880209
26881235
26886391
26888505
26888547
26892960
26894992
26896256
26898662
26905164
26907798
26918881
26920263
26922253
26924016
26941111
26941616
26943788
26949373
26949650
26950220
26951705
26952842
26953011
26957273
26963049
26966939
26970720
26973375
26973593
26973661
26977004
26978834
26981960
26983793
26985999
26989024
26990082
26991068
26991146
26993919
26997009
27000313
27001894
27003762
27004549
27004857
27010460
27019299
27019845
27024838
27028622
27029980
27038623
27047902
27048693
27048842
27051278
27066472
27068768
27073652
27075793
27077850
27079797
27082103
27083372
27085770
27087959
27088055
27095082
27098298
27098915
27099779
27101641
27103172
27107149
27111283
27112912
27119727
27121959
27124195
27133718
27134752
27141209
27152506
27152791
27161168
27164910
27169343
27174024
27174661
27176748
27176832
27179600
27194612
27195576
27196429
27202125
27206184
27208090
27219024
27219611
27219978
27221337
27226931
27227871
27229004
27229418
27230077
27232751
27233087
27237494
27237682
27239849
27243198
27245875
27246654
27246903
27249260
27249384
27251944
27254969
27256900
27261065
27262345
27263135
27268120
27269038
27270021
27270833
27274031
27276626
27280130
27280724
27285322
27289694
27294000
27294038
27296053
27301205
27306115
27306430
27307331
27307475
27317113
27324971
27325149
27325337
27327586
27330173
27336183
27337116
27342405
27343038
27344340
27345268
27349965
27351832
27353536
27354020
27356641
27356656
27361186
27363280
27363340
27364004
27368343
27375355
27375699
27376344
27385761
27386102
27398602
27399087
27399804
27402182
27403500
27404922
27406657
27411460
27411538
27418084
27421382
27423794
27425332
27426789
27428706
27429158
27433296
27435202
27435541
27440368
27441078
27445275
27447672
27454112
27455415
27456573
27458102
27458139
27460400
27464110
27464298
27471902
27472162
27481987
27482238
27483596
27483738
27484877
27486544
27486656
27489487
27492492
27493728
27493772
27498055
27511102
27514522
27515607
27524022
27530192
27538233
27540299
27542175
27545239
27545672
27547997
27550472
27552851
27553911
27557584
27559925
27560303
27561177
27562935
27564629
27568577
27568614
27571194
27571416
27571679
27582674
27592110
27597338
27597963
27599594
27601048
27601682
27607285
27610638
27611623
27614584
27621313
27623158
27623828
27625426
27632046
27637693
27638961
27648846
27651473
27656570
27656710
27658781
27663551
27668237
27668413
27670956
27671957
27675397
27677205
27679804
27680565
27684278
27688370
27692698
27695557
27695811
27698349
27702498
27703808
27710188
27718652
27721230
27721548
27725908
27729014
27730966
27733064
27734225
27743744
27749972
27749992
27753718
27758207
27759689
27762159
27768612
27769303
27771542
27773495
27774477
27778178
27783799
27786812
27787842
27793415
27793657
27800815
27803073
27806253
27806891
27811506
27813587
27814341
27815343
27817050
27817440
27827660
27836156
27856984
27858375
27860006
27861252
27862165
27863902
27865425
27866823
27872500
27875020
27879179
27879242
27881058
27890324
27890354
27895185
27898166
27900421
27908633
27908662
27912761
27914318
27918355
27923298
27925723
27926372
27929152
27932576
27937959
27938620
27940116
27940119
27941792
27945707
27949310
27951689
27951896
27951996
27955039
27964121
27966159
27968858
27969278
27971586
27977382
27981232
27985058
28000710
28002312
28004390
28010716
28011217
28011543
28011675
28017995
28018276
28018393
28020105
28021291
28024390
28025051
28026071
28026627
28029670
28029842
28030002
28032330
28037714
28038680
28049237
28052985
28053072
28059778
28062611
28066403
28077132
28077353
28080000
28080656
28082608
28087839
28093611
28101984
28102076
28103980
28105280
28111382
28112084
28113333
28114988
28115970
28119787
28130327
28134490
28138355
28157316
28167096
28168748
28170189
28170198
28171473
28171864
28173760
28176698
28191613
28193124
28196639
28200077
28200926
28206927
28209898
28211318
28212029
28212583
28225050
28233961
28237652
28239392
28247419
28249832
28252468
28257821
28261526
28262370
28263404
28276635
28278895
28284327
28288220
28299819
28300604
28302610
28305755
28307301
28307345
28308770
28310288
28316016
28316300
28319473
28325207
28328578
28330741
28331892
28333640
28336374
28337819
28349472
28351058
28362776
28363313
28363716
28364572
28367578
28371468
28377277
28378185
28379673
28392546
28393061
28408496
28410429
28412258
28412655
28414433
28416899
28417340
28417651
28417913
28428195
28429796
28434544
28435653
28435808
28436010
28437332
28438581
28441191
28452823
28453903
28458456
28462460
28462705
28464830
28468423
28471219
28471351
28476116
28476298
28477111
28477252
28487129
28490482
28493867
28495643
28496153
28498771
28499003
28507396
28507486
28516735
28516980
28518480
28521941
28525712
28526779
28527894
28530484
28531262
28538735
28540493
28541539
28542686
28546655
28549202
28550644
28568243
28570076
28570607
28576623
28595502
28600650
28603015
28609967
28610967
28611502
28615428
28616040
28622108
28627878
28629949
28631405
28644073
28644095
28645131
28646008
28652059
28652717
28655651
28655789
28657704
28662579
28663176
28666769
28667293
28675467
28675926
28686830
28687949
28688052
28693989
28695482
28697055
28707432
28713934
28715212
28715636
28726868
28729340
28732125
28735638
28738168
28743002
28743850
28744094
28745164
28745838
28746654
28751690
28754109
28754744
28759004
28763693
28764758
28768318
28769520
28771311
28774984
28779646
28780125
28783850
28784807
28789276
28797833
28807338
28808670
28809075
28809913
28811334
28813134
28813386
28816070
28816232
28816795
28817949
28820739
28823260
28824136
28828864
28830744
28831920
28832232
28832778
28833441
28839017
28847675
28848467
28854495
28855350
28857682
28865103
28871078
28875687
28880401
28882221
28886954
28889612
28897127
28901140
28906051
28912106
28915150
28918693
28919088
28920216
28920966
28922278
28927517
28937963
28938138
28939274
28939963
28942609
28943139
28944787
28950639
28957628
28958267
28962071
28965318
28967044
28969767
28973081
28973546
28976215
28977036
28978910
28979054
28981236
28985900
28986288
28988484
28998364
29001020
29010741
29012445
29023018
29024286
29025447
29025673
29027174
29030146
29053163
29054737
29057356
29058700
29062206
29063028
29064428
29065029
29073388
29079780
29081793
29089627
29092184
29093384
29098530
29103814
29116080
29120342
29124344
29126334
29127667
29128534
29128680
29133474
29141814
29151592
29153442
29153729
29155116
29161129
29161879
29163608
29164132
29167033
29167414
29171455
29172005
29175892
29177475
29178254
29184170
29192185
29194980
29199001
29202520
29202861
29203842
29204078
29204477
29206109
29206800
29207566
29211277
29214255
29215043
29215453
29218177
29220808
29221567
29221918
29221989
29233872
29235117
29237275
29237992
29240799
29241395
29241559
29246449
29246955
29250503
29252157
29257259
29259399
29261261
29262186
29264559
29268328
29270961
29272154
29278473
29281880
29283257
29287030
29289370
29293884
29298526
29304454
29306760
29311726
29317418
29317827
29320338
29320780
29321217
29321823
29332006
29333079
29336112
29337803
29346914
29358578
29358606
29359419
29361311
29361798
29363763
29365998
29370429
29375616
29377403
29379962
29384273
29385541
29385813
29390029
29391495
29393323
29394152
29394307
29396342
29397425
29404353
29406901
29408123
29409335
29413331
29414643
29415609
29415797
29417022
29419219
29419671
29420352
29421806
29428539
29440066
29443428
29445647
29446165
29450105
29451009
29452230
29453117
29456255
29460478
29462190
29481532
29483250
29487804
29488062
29489657
29490318
29494479
29500584
29505084
29512034
29517465
29519776
29520520
29529736
29535173
29538624
29542999
29546793
29547663
29551511
29552723
29559040
29563745
29565748
29570620
29572486
29576078
29578180
29579491
29579505
29585136
29591178
29595676
29596369
29600374
29601041
29602329
29605658
29612604
29622069
29622933
29624606
29625917
29628288
29633656
29633733
29636363
29638292
29642005
29646017
29647294
29648495
29650795
29657984
29666403
29668999
29670614
29671283
29673073
29673887
29675774
29679377
29685663
29687355
29689362
29697203
29701123
29701525
29702769
29707718
29712965
29714638
29719547
29723082
29726490
29727018
29727931
29731257
29731892
29732592
29732724
29736142
29745750
29748791
29749294
29750721
29751650
29752999
29754049
29756777
29760208
29761708
29765097
29767488
29772735
29775621
29780078
29780132
29788484
29795761
29795862
29796407
29805006
29805059
29806288
29808979
29811317
29812815
29813896
29818307
29823244
29831501
29834941
29841544
29846462
29850020
29857385
29863362
29865508
29867598
29871436
29874189
29875044
29877064
29881049
29881681
29886097
29886192
29888248
29902379
29903200
29920403
29933976
29939124
29950042
29950411
29951105
29952387
29953792
29954846
29961191
29966371
29975926
29981764
29993106
29993722
29994072
29994082
29994669
29995094
30004265
30010808
30012746
30013351
30015310
30016974
30019523
30020714
30020769
30021997
30022013
30023950
30024662
30025144
30026221
30029521
30032065
30035570
30035972
30037243
30039577
30039674
30040578
30048950
30049517
30058357
30061554
30062700
30064247
30064936
30069717
30071127
30075854
30076013
30077887
30078371
30084985
30085713
30088539
30089094
30089814
30093916
30097366
30098375
30099874
30100717
30102006
30103822
30105055
30108446
30108510
30113747
30115637
30118392
30120405
30121607
30123305
30124856
30125298
30125728
30127047
30129138
30130932
30132707
30134362
30134906
30166535
30166987
30179186
30179555
30181062
30184944
30186001
30187152
30191381
30193975
30196900
30206762
30210762
30210994
30211474
30211669
30227834
30231986
30243780
30247502
30248380
30249652
30253237
30257141
30260558
30261592
30264699
30269847
30273858
30280636
30282347
30293943
30297676
30299153
30302872
30310466
30311220
30315221
30318109
30320422
30320952
30324500
30326355
30327070
30327172
30329845
30331008
30335305
30336214
30340106
30341466
30344537
30346006
30346622
30352913
30354984
30355662
30356367
30358936
30368917
30369855
30372552
30375316
30378575
30382638
30391461
30392402
30395172
30401212
30403061
30406786
30407571
30408823
30409174
30412417
30415128
30415810
30416385
30424382
30425027
