88153
90613
91516
92742
92912
97708
98945
103608
103819
105131
105406
107380
108672
109101
245656
246022
246499
246606
247604
247713
247790
248248
248603
248838
249100
249454
249510
249560
250047
250112
250556
250576
251208
252243
252683
253385
253417
253732
253740
254203
255288
256091
256630
256849
257204
258695
259226
259570
260452
261657
261660
262141
262419
262598
262629
263594
263688
264098
264279
264704
265034
265215
265347
265724
265966
266311
266320
267011
267426
284146
284164
284826
284970
285029
285340
285873
287317
287499
287638
287724
288068
288095
288322
288488
288567
288669
288737
288962
289189
289706
289758
290459
290584
290715
291208
291540
291616
292197
292515
292875
293035
293495
293662
293695
293994
294056
294256
294456
294699
295362
295513
295529
296084
296254
296757
296928
297199
297918
297932
298121
298243
298540
299190
299410
299911
300267
300528
300572
301018
301097
301137
301247
301441
302409
302684
303279
303427
303534
303586
303896
304027
304194
304235
304408
304631
304904
304953
305165
305286
305531
305691
305920
306029
306168
359228
359662
360318
360418
360450
360502
361198
361284
361430
361550
362143
362317
362490
362514
362819
363027
363382
363614
363994
364115
364373
364842
365859
366303
366415
366438
366571
366710
366988
367193
367263
367712
367807
367961
368738
368962
369980
370169
370275
370505
370830
370854
370882
370996
371029
371041
406096
407537
408450
408855
409863
410441
411462
411598
411799
412797
415321
416616
418207
419164
419650
419901
422196
422450
422903
423706
427623
428711
428887
428964
429015
525168
525972
526034
527841
528014
528444
528804
529113
529198
529500
531458
531562
535380
536639
538831
539357
539546
539683
540980
542927
543219
543270
543767
545379
545762
546059
546218
546255
590482
681774
681983
682583
682763
682792
682928
683280
683360
683582
684346
684372
684434
684553
684675
685181
685651
685728
686273
686438
687085
688095
688403
688773
689114
689165
689416
689947
690416
690785
691242
692043
692836
693292
693443
693677
694234
695028
695108
695333
695339
695517
696111
696431
696556
697379
697742
698109
698118
698158
698332
698710
699486
699664
699703
699764
700633
700697
701174
701189
701264
865187
865299
865423
866761
868488
868820
868920
870660
871013
872628
875019
876599
876977
1010527
1010621
1010699
1011129
1011182
1011277
1011494
1011751
1011829
1011940
1012003
1012094
1012722
1013068
1013258
1013579
1013738
1015085
1015304
1015797
1015905
1016034
1017131
1017252
1017329
1017805
1017845
1018051
1018664
1018722
1018791
1019116
1019136
1019895
1020036
1020411
1020499
1020719
1020991
1021254
1022284
1022476
1022772
1023111
1023461
1023463
1024499
1025002
1025256
1025377
1025697
1025809
1026006
1026226
1026325
1026448
1026481
1026605
1026815
1027127
1027250
1027415
1027958
1028090
1028207
1029114
1029157
1029757
1031361
1039733
1040387
1041602
1042900
1043775
1046139
1046565
1046615
1130264
1143486
1149917
1152762
1153291
1155417
1157839
1193667
1198159
1203359
1203583
1203591
1203607
1204364
1204595
1204830
1205597
1205612
1205793
1206083
1206089
1206667
1207282
1207373
1207443
1207522
1208119
1208306
1208623
1209180
1209263
1209425
1210286
1210391
1210831
1210979
1211208
1211417
1211455
1211548
1211633
1211836
1212015
1212032
1212175
1212256
1212335
1213002
1213629
1213812
1214130
1214303
1214806
1215156
1215356
1215442
1215666
1215773
1216207
1217500
1217660
1217759
1217899
1218172
1218437
1218479
1218528
1218589
1218627
1219196
1219219
1219273
1219285
1263832
1264070
1264403
1264566
1265075
1265095
1265359
1265405
1265608
1265962
1266642
1267303
1267833
1267981
1268407
1268623
1268808
1268945
1269020
1269083
1269389
1269393
1269444
1270701
1270889
1271057
1271202
1271599
1271972
1272001
1272019
1272049
1272054
1272064
1272192
1272246
1272301
1272581
1272665
1272733
1273256
1273281
1273860
1273864
1274015
1274321
1274399
1274561
1274599
1274698
1274849
1274997
1275439
1275569
1275702
1276760
1277210
1277402
1277499
1277568
1277599
1277715
1277907
1278109
1278230
1278475
1278539
1278877
1279008
1279036
1279218
1279290
1279594
1280117
1280168
1280452
1280475
1280624
1280818
1281407
1282155
1282229
1282339
1282347
1282956
1283205
1284036
1284722
1284797
1285059
1285066
1285962
1286131
1286324
1286381
1286424
1286570
1286626
1286763
1375442
1376380
1376773
1377098
1377635
1377668
1377800
1378246
1378625
1379208
1379432
1379619
1379646
1380749
1381054
1381251
1381562
1381750
1381843
1382218
1383048
1383549
1383691
1383986
1384239
1384297
1384412
1384550
1385020
1385066
1385087
1385381
1385752
1385945
1386176
1386577
1387142
1387233
1387407
1387467
1520656
1520727
1521185
1521884
1522299
1523130
1523158
1523281
1523454
1523658
1523779
1524086
1524985
1525037
1525165
1525976
1526071
1526394
1526684
1526863
1527306
1530144
1530250
1531913
1532634
1533406
1533436
1534530
1536690
1536835
1539501
1541267
1640349
1640801
1640842
1641292
1641702
1642328
1643705
1643958
1644244
1646931
1647853
1647862
1654736
1654745
1656637
1662435
1662655
1757073
1757766
1758204
1758438
1758537
1758687
1758799
1758985
1759309
1759321
1759428
1759451
1760350
1760617
1760941
1761043
1761749
1763634
1763774
1764307
1764561
1764997
1765339
1765998
1766065
1767206
1767290
1767311
1767620
1768496
1768913
1769310
1769575
1769998
1770034
1770127
1770296
1770654
1771295
1771378
1772062
1772187
1772199
1772584
1773324
1773435
1773441
1774031
1774229
1774480
1842113
1842363
1843055
1843187
1843306
1843679
1843986
1846783
1846803
1846934
1847419
1847638
1847994
1848106
1848520
1848620
1848683
1848868
1848937
1849084
1849293
1849478
1849743
1849906
1850362
1850812
1851455
1851466
1851495
1851516
1851702
1851772
1851815
1851980
1852231
1853206
1853514
1853517
1854770
1855025
1855039
1855500
1855613
1855788
1855929
1856196
1856512
1856826
1856834
1857201
1857345
1857446
1857558
1857718
1857753
1858532
1858962
1860183
1860332
1861168
1861342
1862019
1862059
1862383
1862412
1862715
1862815
1863361
1864062
1864241
2262115
2262573
2262784
2262985
2263902
2263919
2265061
2266061
2266422
2266444
2267032
2267254
2267268
2268309
2268661
2268758
2269083
2269092
2270344
2271235
2271510
2271553
2271688
2271708
2271760
2272399
2272601
2272741
2272960
2273001
2273163
2273547
2273796
2273834
2274278
2274358
2276611
2277013
2277610
2278608
2279270
2279311
2279709
2279730
2279811
2280187
2280295
2280615
2280783
2280794
2281430
2281897
2282177
2282254
2283350
2284041
2363345
2367644
2369331
2374055
2377024
2377276
2377484
2377953
2378121
2378266
2378413
2378460
2379471
2379753
2379786
2380286
2380408
2380422
2380613
2381383
2381588
2382214
2382279
2382515
2382675
2383168
2383714
2385041
2385171
2385356
2385471
2385800
2386361
2387390
2387844
2388552
2388648
2389269
2389366
2389532
2389666
2389939
2390242
2391377
2391455
2391814
2392137
2392347
2393462
2394342
2396129
2400363
2400708
2403625
2405884
2410444
2410836
2411743
2416210
2458828
2458960
2459038
2459240
2459281
2459770
2460718
2460817
2460881
2461094
2461268
2461691
2461773
2461819
2462269
2462379
2462507
2462757
2462822
2462942
2463071
2463163
2463480
2463506
2464900
2465023
2465094
2465146
2466049
2466110
2466191
2466203
2466334
2466353
2466542
2466638
2466638
2466725
2466730
2467145
2467480
2468193
2469343
2469525
2469955
2469984
2470166
2470280
2470361
2470444
2470537
2470905
2470985
2471664
2494001
2494034
2494490
2495636
2497240
2497287
2497294
2497655
2498000
2498340
2498453
2498478
2498577
2499413
2500098
2500319
2500425
2501168
2501279
2502091
2502182
2502240
2502374
2503271
2504115
2504165
2504388
2504509
2504762
2505751
2506295
2506759
2507192
2507193
2507393
2507411
2507655
2507989
2508385
2508511
2508570
2509066
2509580
2510068
2510959
2510993
2511128
2511361
2511987
2511999
2512058
2512379
2512794
2512834
2512892
2513093
2513311
2513621
2513880
2514631
2515222
2515350
2516635
2516648
2517019
2517140
2517173
2706483
2709584
2719052
2720083
2720565
2722167
2722716
2724121
2725443
2725889
2730069
2730373
2753656
2940188
2940200
2940289
2940348
2940567
2940638
2940690
2940854
2940904
2941077
2941360
2941361
2941366
2941424
2941585
2942029
2942209
2942407
2942763
2942890
2943123
2943193
2943461
2943463
2943568
2943653
2943714
2943993
2944428
2944682
2944699
2944731
2944957
2945382
2945471
2945834
2947162
2947538
2947633
2947942
2948495
2948710
2948924
2949256
2949298
2949682
2949987
2950065
2950229
2950256
2950872
2950880
2950911
2950976
2951286
2951421
2951448
2951966
2953261
2953311
2953647
2953718
2953787
2953944
2953978
2954310
2954313
2954429
2954548
2954552
2954849
2955632
2955676
2955879
2955969
2956399
2956455
2956489
2956631
2956680
2957026
2957665
2958102
2958344
2958731
2959053
2959202
2959579
2959688
2999162
3030841
3037747
3042542
3050061
3051121
3051829
3052534
3052571
3052824
3054762
3054785
3055550
3055697
3055736
3057039
3058921
3059506
3059536
3060181
3060869
3061710
3061975
3061986
3156364
3158656
3165857
3229972
3230244
3230339
3230378
3230787
3230807
3231104
3231337
3231343
3231403
3231710
3231872
3232306
3232414
3232569
3232939
3232947
3233636
3233840
3234260
3234836
3235212
3236821
3236936
3237142
3237413
3237754
3237782
3238196
3238547
3239470
3239525
3239982
3240186
3240434
3241824
3242227
3242512
3242846
3243026
3243160
3243286
3243333
3243664
3243687
3243709
3243836
3245154
3245623
3245810
3245891
3245897
3245939
3246018
3246420
3246572
3246788
3247022
3247151
3247763
3248110
3248272
3248525
3248993
3249063
3249379
3249868
3249956
3250131
3250299
3396622
3401038
3402310
3423068
3423086
3423770
3423808
3424015
3424102
3424373
3424461
3425549
3426282
3426326
3426636
3426954
3426984
3427045
3427120
3427232
3427336
3427473
3427839
3427893
3428601
3428846
3429421
3429692
3429888
3430096
3430165
3430429
3430463
3430824
3430914
3431011
3431164
3431177
3431240
3431339
3431521
3431692
3431884
3432146
3432515
3432692
3433200
3433462
3433602
3433842
3434522
3434874
3434938
3435202
3435388
3435467
3435526
3435693
3435803
3436014
3436050
3436062
3436297
3436774
3436897
3437004
3437061
3437254
3437648
3437655
3437906
3437933
3438193
3438597
3438627
3438672
3438901
3439255
3439265
3439482
3439541
3439990
3440047
3440102
3440313
3440392
3440491
3440509
3441003
3441201
3441291
3441504
3442020
3494600
3494730
3494775
3495334
3497025
3497197
3497327
3497439
3497538
3497845
3498040
3498046
3498318
3498967
3499154
3499373
3499605
3500397
3500922
3501121
3501122
3501306
3501585
3501756
3501911
3503133
3504739
3505174
3505697
3505891
3506042
3506257
3506382
3507537
3508245
3508288
3508940
3509275
3509413
3509938
3510181
3510217
3510554
3511003
3511138
3512218
3679401
3679430
3679526
3679675
3680035
3680713
3680860
3681519
3681653
3681688
3681953
3682410
3682787
3682957
3683434
3683632
3683715
3684166
3684584
3685157
3685394
3685409
3685510
3685997
3686000
3686137
3686457
3686494
3686872
3686878
3687041
3687290
3687404
3688070
3688101
3688137
3688549
3688598
3689566
3689871
3689880
3690899
3691642
3691853
3692869
3693509
3694042
3694736
3694871
3695381
3695458
3695482
3696479
3696490
3697188
3698011
3698219
3698459
3698584
3698837
3699076
3699575
3699928
3699939
3700107
3700387
3700509
3700520
3700621
3700635
3700677
3700948
3701344
3701424
3875233
3875448
3875853
3875883
3876154
3876961
3877024
3877440
3877739
3877740
3878183
3878598
3878986
3879033
3879352
3879852
3879975
3881058
3881279
3881412
3881770
3881954
3881965
3882001
3882032
3882314
3882707
3883573
3884429
3884498
3885120
3885287
3886076
3886323
3886683
3886929
3887009
3887056
3887101
3887424
3887905
3888022
3888043
3888148
3888262
3888300
3888491
3888646
3888785
3888963
3888991
3889005
3889225
3890028
3890034
3890137
3890313
3890394
3890918
3891181
3891274
3891645
3891887
3891897
3892520
3892790
3892840
4002533
4007078
4008301
4008447
4009488
4015753
4016508
4017608
4018812
4019280
4122947
4208751
4209826
4209872
4210067
4210123
4210454
4210487
4210893
4211989
4212091
4212718
4213022
4213432
4214144
4214309
4215004
4215362
4215400
4215441
4215633
4216157
4216836
4216956
4217499
4217649
4217774
4217859
4218291
4218808
4218839
4219340
4220206
4220277
4221130
4222150
4222279
4222511
4222512
4222872
4223777
4224003
4224856
4224994
4225383
4225599
4274824
4275288
4276312
4277053
4277080
4277276
4278489
4278560
4278578
4278749
4279029
4279200
4279312
4279561
4279632
4279965
4281592
4282663
4283578
4284274
4284459
4285430
4285546
4285591
4285608
4286796
4288200
4399728
4412107
4415699
4415912
4460505
4460518
4460590
4460708
4460877
4460951
4461002
4461281
4461381
4461635
4461713
4461715
4461739
4461752
4462685
4462688
4463093
4463101
4463233
4463422
4463752
4463876
4463977
4464514
4464567
4464661
4464861
4465395
4465428
4465452
4465489
4465824
4466058
4466101
4466488
4466551
4466960
4467011
4467783
4467844
4467937
4468424
4468746
4469345
4469364
4469419
4469541
4469728
4469749
4469870
4470354
4470429
4470838
4471330
4471843
4471883
4471932
4472209
4472708
4472885
4472954
4473849
4474517
4474649
4474895
4475080
4475685
4475771
4475801
4476197
4476272
4476373
4476735
4477347
4477364
4477430
4477599
4477650
4477720
4478469
4478594
4478641
4478671
4478757
4478821
4479159
4479200
4479269
4479294
4479941
4480631
4481002
4481776
4485382
4489075
4489079
4490632
4494127
4498430
4500726
4500950
4501917
4502720
4508840
4509878
4511962
4573828
4576327
4579995
4633773
4634745
4635108
4635519
4637697
4638128
4639495
4640337
4641813
4641981
4642190
4645946
4646432
4647600
4647692
4649555
4752733
4754325
4754705
4754986
4756292
4758372
4759218
4760414
4761870
4762645
4764998
4768462
4770260
4808711
4822999
4824732
4824865
4825255
4825789
4826418
4827124
4827481
4827813
4830656
4830742
4832308
4833301
4834369
4834830
4834974
4835384
4835973
4836444
4837741
4837993
4838231
4838832
4839074
4840390
4841201
4843993
4845411
4990439
4990976
4991175
4991316
4992163
4992196
4992383
4992593
4993377
4993714
4994037
4994238
4994507
4994572
4995187
4997142
4997664
4997669
4997733
4997919
4997964
4998019
4998513
4998557
4998817
4999415
4999427
4999456
4999548
4999919
5000014
5000190
5000511
5000710
5000775
5001882
5002125
5002217
5002404
5003248
5003279
5003299
5003304
5003550
5003571
5003654
5003739
5003764
5004048
5004515
5004528
5004891
5004995
5005007
5005497
5006005
5006180
5006566
5006627
5006793
5007556
5007880
5007898
5135476
5136961
5139228
5146788
5152569
5155285
5155358
5276986
5282345
5282564
5282983
5283383
5286501
5288515
5289065
5289078
5292583
5293163
5295310
5298655
5316894
5316926
5317151
5317282
5318204
5318477
5320891
5322334
5324152
5325065
5325495
5327120
5327717
5328511
5328590
5328851
5328898
5330685
5334965
5337814
5343769
5363422
5363592
5363664
5363884
5363976
5364003
5364025
5364442
5364464
5364690
5365123
5365236
5365313
5365617
5365797
5366304
5366734
5367595
5367618
5368294
5368374
5370384
5370516
5370702
5371543
5371668
5372088
5372161
5372282
5372783
5373455
5374007
5374202
5374288
5374299
5374784
5375032
5375278
5375315
5375365
5375440
5375877
5375971
5376008
5376094
5376160
5376867
5377165
5377345
5377793
5377900
5378189
5378243
5379022
5379063
5379131
5379692
5380230
5380244
5380367
5380694
5380753
5380804
5381096
5381296
5381453
5381759
5381764
5381916
5382071
5382234
5382352
5382778
5383297
5383380
5383385
5383503
5383635
5383819
5384048
5384436
5384541
5384851
5384950
5385111
5385206
5385376
5385523
5386322
5386429
5386642
5506496
5566311
5566631
5569540
5569673
5569847
5569909
5570033
5570851
5572676
5574257
5574373
5574683
5575061
5575836
5576159
5576243
5576644
5576861
5577376
5577485
5577650
5577788
5578886
5578985
5579604
5580318
5580633
5580691
5580817
5581329
5581893
5582937
5583704
5584431
5584475
5584607
5584783
5585118
5585345
5585511
5586463
5859626
5861074
5862341
5862719
5863622
5864143
5865048
5867348
5869913
5870311
5872012
5872629
5872659
5872732
5873901
5874547
5876092
5917908
5918415
5919753
5920775
5920786
5920896
5921048
5921075
5921977
5922006
5922452
5922788
5922835
5923989
5924043
5924151
5924285
5924369
5924655
5924958
5925677
5926000
5926112
5926175
5926178
5926233
5926369
5926692
5928008
5928538
5928924
5929326
5930245
5931062
5931155
5931902
5933507
5933672
5934331
5934341
5934360
5934411
5934904
6021026
6026207
6026831
6027949
6028997
6030790
6031224
6033930
6082331
6082394
6082819
6083440
6084051
6084125
6084441
6084667
6085107
6085267
6085498
6086072
6086256
6086292
6087365
6087449
6087937
6088126
6088300
6088703
6088967
6089058
6089107
6089237
6089285
6089394
6089594
6089739
6090259
6090378
6090548
6090989
6091073
6091522
6091973
6092220
6092340
6092877
6093350
6093450
6093467
6093677
6094610
6094745
6095000
6095203
6095207
6095384
6095446
6095486
6095532
6095735
6096142
6096349
6096398
6096406
6096494
6096501
6096894
6097115
6097609
6097716
6097856
6098173
6098281
6098544
6098869
6099192
6099538
6099587
6100324
6100457
6100771
6100847
6100870
6101146
6101176
6102073
6102731
6103273
6105050
6105725
6105954
6106142
6106263
6106282
6107427
6108017
6108179
6108591
6108754
6109210
6112434
6112477
6112908
6113028
6113183
6114142
6114628
6115038
6115445
6123514
6131592
6346302
6358953
6359213
6360161
6366141
6517441
6519246
6523661
6525591
6527391
6531946
6534186
6615261
6615582
6616088
6617082
6617398
6617903
6618375
6618726
6619065
6619405
6619910
6620377
6620670
6621475
6621723
6621806
6622563
6622587
6622614
6622634
6623104
6623220
6623315
6623423
6623658
6623796
6625371
6625824
6627220
6627262
6627534
6627592
6627731
6627759
6627938
6628319
6628411
6631179
6658521
6659391
6660354
6663568
6671624
6673060
6674160
6700156
6701079
6701257
6701379
6701647
6702385
6702526
6704336
6706781
6706887
6707101
6707509
6707636
6708824
6709113
6709292
6710664
6711296
6712237
6712258
6712261
6713895
6715614
6854742
6856083
6856246
6856695
6856870
6856997
6857013
6857083
6857174
6857602
6857632
6858157
6858538
6858603
6858675
6858840
6858871
6859044
6859763
6859854
6860046
6860339
6861253
6861891
6861955
6862016
6862262
6862272
6862502
6862842
6862966
6863145
6863208
6863996
6864371
6864496
6864790
6864830
6865010
6865106
6865614
6866093
6866463
6866603
6866772
6867522
6868855
6869105
6869426
6870036
6870663
6871569
6871702
6899874
6903494
6904761
6905194
6945864
6946781
6948825
6949438
6955629
7040412
7041854
7045832
7049972
7051403
7052473
7052963
7053866
7056633
7192470
7192600
7192623
7192744
7194131
7194440
7194925
7195977
7196801
7196818
7197180
7197552
7197598
7197692
7199189
7199783
7200283
7200380
7200632
7201191
7201443
7203238
7203770
7204092
7204466
7204477
7204877
7206266
7206505
7206874
7297508
7297913
7298226
7298433
7298578
7298637
7298714
7298747
7298773
7299037
7299679
7299994
7300055
7300074
7300210
7300247
7300680
7300994
7301336
7302387
7302422
7303019
7303054
7303312
7303694
7303740
7303843
7303949
7304181
7304334
7304979
7305185
7305397
7305992
7306005
7306319
7306365
7306596
7307344
7307439
7307696
7309069
7309362
7310020
7310034
7310641
7310943
7311002
7311086
7311179
7311258
7311573
7311687
7311814
7400477
7403805
7404068
7406036
7409212
7410184
7437836
7440038
7443569
7444162
7446205
7446896
7447027
7447670
7449528
7451321
7452342
7453021
7453799
7454050
7455685
7528006
7530295
7537954
7587726
7700917
7702035
7702493
7702516
7702559
7702563
7703053
7703108
7703140
7703259
7703561
7703603
7703795
7704327
7704447
7705046
7705050
7705177
7705222
7705233
7705263
7705566
7705754
7705781
7705924
7706201
7706230
7706328
7706455
7706595
7706974
7707854
7707897
7707968
7708091
7708138
7708207
7708473
7708777
7709511
7709708
7710242
7710359
7710369
7710698
7710876
7710926
7711458
7711535
7711843
7712072
7712177
7712248
7712301
7712378
7712409
7712436
7712675
7712823
7712827
7713518
7713635
7714086
7714270
7714517
7789491
7790390
7790534
7790965
7791188
7791841
7792078
7793318
7795352
7795798
7796115
7796173
7797647
7797809
7798123
7799154
7799879
7800970
7802764
7803117
7803922
7805613
7806816
7806902
7806916
7807037
7808692
7808765
7808882
7810370
7867616
7868041
7868384
7868837
7869750
7871629
7872809
7873021
7873034
7873529
7874539
7876393
7876707
7877142
7878396
7878656
7879020
7880120
7880238
8022443
8023405
8023704
8024080
8024670
8025538
8025910
8026546
8026662
8027456
8028184
8030350
8032428
8033777
8034193
8034742
8036449
8036952
8053935
8055748
8055978
8056307
8057401
8058067
8058089
8058537
8059091
8061536
8061961
8064264
8141319
8141435
8141454
8142070
8142485
8142916
8142944
8142958
8143212
8143732
8144291
8144316
8145043
8145485
8145753
8146420
8147006
8147283
8147780
8148032
8148198
8148460
8148499
8148630
8151037
8151188
8151855
8153063
8153120
8153417
8154066
8154352
8154605
8267902
8268252
8268375
8268534
8268569
8268863
8269179
8269604
8269820
8269936
8270198
8270363
8270452
8270499
8270564
8270932
8271460
8271895
8272581
8272653
8272929
8272996
8272999
8273185
8273198
8273412
8273640
8273778
8274023
8274238
8274888
8275585
8275979
8276212
8276453
8276811
8276883
8277062
8277836
8278193
8279021
8279536
8279629
8279731
8279895
8280156
8281040
8281230
8281307
8281574
8281746
8281925
8282056
8282299
8282424
8283267
8283369
8283736
8284479
8284734
8284865
8285750
8285760
8286509
8286854
8286913
8287433
8287516
8538180
8538306
8538999
8539207
8539442
8540355
8540416
8541220
8541983
8542389
8542593
8542821
8542915
8543205
8543572
8544481
8544594
8544925
8546617
8546782
8547003
8548247
8548639
8548712
8549211
8549659
8549808
8550939
8550978
8551706
8551743
8552257
8553785
8555619
8555943
8555988
8627429
8627818
8630018
8630702
8630826
8631736
8632443
8634305
8635805
8636536
8637275
8640857
8642130
8644369
8644878
8645074
8646328
8648567
8651259
8655367
8710608
8710964
8711217
8711568
8711601
8712123
8712329
8712378
8713090
8713312
8713450
8714111
8714311
8714735
8714860
8714950
8715180
8715193
8715503
8715581
8716002
8716102
8716450
8716994
8717044
8717095
8718577
8718724
8718843
8719026
8719027
8720736
8720842
8720981
8722029
8722182
8722750
8722982
8723003
8723542
8723973
8724110
8724235
8724365
8724410
8724691
8725075
8725082
8725228
8725338
8725437
8725484
8725491
8725512
8725880
8725953
8725957
8726034
8726673
8726863
8727067
8727149
8727257
8727320
8727830
8727978
8728160
8728258
8728309
8728516
8728659
8728951
8729024
8729040
8729402
8729498
8729851
8729959
8730231
8730493
8953756
8953850
8953977
8954110
8954355
8954589
8956077
8956386
8956561
8956584
8956676
8956998
8957633
8958080
8958353
8958395
8959154
8959435
8961089
8961334
8961420
8962522
8962550
8962592
8962660
8962794
8962910
8963370
8963631
8964022
8964373
8964389
8964843
8964917
8965613
8965698
8965877
8965944
8966161
8966254
8966431
8966911
8967218
8967383
8967565
8967857
8967976
8968029
8968160
8968628
8968668
8968695
8968882
8969459
8970657
8970990
8970993
8971173
8971655
9029668
9047718
9048524
9048729
9048910
9048978
9049545
9049559
9049873
9050059
9050267
9050722
9050921
9050971
9051047
9051271
9051529
9051756
9052024
9052187
9052205
9052248
9052637
9053202
9053328
9053453
9053506
9053569
9054100
9054176
9054226
9054554
9054831
9054849
9054858
9055807
9056407
9057400
9057409
9057585
9057599
9057671
9058115
9058408
9058550
9058792
9059287
9059502
9059765
9059787
9059825
9060006
9060068
9060267
9060406
9060631
9060659
9060790
9061641
9061781
9062234
9062356
9062600
9062790
9062954
9062983
9062999
9063147
9063189
9063438
9063480
9063565
9063848
9064031
9064130
9064194
9064260
9260832
9260914
9260947
9261316
9261349
9261916
9264200
9264364
9264462
9264733
9264775
9264991
9265135
9265297
9267519
9268361
9268633
9268982
9269502
9269802
9269872
9270558
9270921
9271542
9272007
9272070
9272803
9274029
9274433
9274444
9274764
9275220
9275251
9275829
9276194
9276657
9276849
9277117
9277517
9277741
9277855
9278092
9278139
9278181
9279280
9280190
9280305
9280550
9280721
9281097
9431678
9433111
9434405
9434717
9435885
9436780
9436899
9439744
9439813
9440713
9441149
9441431
9441535
9441793
9441872
9442375
9442705
9443412
9443591
9443918
9444098
9444790
9445176
9445210
9446466
9446757
9447196
9447699
9450082
9451310
9452005
9452037
9711888
9772206
9773760
9773898
9774995
9775863
9777368
9778161
9779275
9779341
9779378
9779855
9780872
9781244
9781664
9781902
9784883
9849829
9850235
9850541
9850621
9850769
9850954
9851001
9851760
9852126
9852321
9852341
9852668
9853401
9854456
9855145
9855241
9855289
9855291
9856228
9856334
9856667
9857664
9857684
9858855
9858863
9859158
9859291
9860160
9860203
9861295
9861502
9861851
9862010
9862633
9862687
9862797
9863518
9863972
9864074
9864586
9865203
9866046
9866267
9866405
9867115
9867278
9867843
9868227
9868387
10136888
10138435
10138509
10138520
10139345
10139508
10139768
10139885
10140058
10140744
10141143
10141239
10141342
10142729
10143321
10143357
10143474
10144152
10144250
10144344
10145240
10145942
10145966
10146149
10146635
10147878
10148885
10149268
10149823
10150004
10150141
10150430
10150474
10150922
10151620
10151884
10151970
10152257
10152281
10152519
10152776
10153186
10153619
10154243
10154446
10154860
10154882
10155306
10155369
10155569
10156011
10156589
10156712
10157105
10158017
10158186
10158229
10158301
10158456
10158651
10158665
10158682
10159007
10159211
10159656
10159790
10160172
10160971
10161226
10161455
10161480
10161488
10161521
10161687
10161688
10161716
10161783
10161992
10162015
10162612
10162706
10162861
10163039
10163122
10163306
10163425
10164440
10164868
10164896
10165251
10165803
10165868
10166203
10166675
10167634
10167824
10167861
10444683
10444836
10445475
10445919
10446031
10446321
10446625
10446836
10447274
10447615
10447734
10448318
10448350
10449288
10449528
10449532
10449645
10449928
10450750
10450795
10450865
10451707
10453186
10455516
10456457
10456606
10457883
10458035
10458106
10458290
10459167
10541095
10541264
10541778
10542518
10543331
10543527
10543582
10543905
10543929
10544190
10544412
10544584
10544696
10545045
10545467
10546065
10546453
10546570
10546768
10548091
10548231
10548424
10548606
10548806
10548914
10549103
10549270
10549986
10550254
10550337
10550523
10550877
10551148
10551656
10551773
10551793
10552271
10552358
10553122
10553540
10554216
10554223
10554553
10554557
10554843
10555299
10555779
10555949
10556208
10556586
10557156
10557565
10557804
10557837
10558177
10558242
10558315
10558763
10558941
10558944
10559152
10559822
10651699
10656805
10656840
10658597
10759024
10760146
10760392
10760969
10761103
10761565
10765225
10765997
10767873
10771964
10773203
10773950
10773960
10774073
10774309
10774486
10774756
10774758
10774796
10778386
10778485
10779487
10779531
10779599
10779728
10779956
10780159
10780369
10780412
10781592
10781756
10781925
10782285
10782433
10783408
10783626
10783643
10784915
10784958
10785280
10785472
10785969
10786141
10786978
10787380
10787727
10788278
10788942
10828116
10829447
10829579
10829627
10830311
10830831
10831380
10831494
10832386
10832482
10833149
10834244
10834320
10834439
10834671
10835235
10835461
10835633
10835703
10835813
10835966
10836071
10836461
10836465
10837010
10837154
10837521
10837761
10838548
10838573
10838936
10838955
10839364
10839665
10839972
10840184
10840731
10840750
10840971
10841006
10842079
10842095
10842100
10842433
10842549
10843018
10843061
10843062
10843180
10843248
10843743
10844135
10844306
10844855
10845146
10845166
10845244
10845809
10845810
10846146
10846402
10846449
10846617
10847006
10847593
10847862
10847935
10848382
10848647
10848820
10848823
10848843
10849017
10849080
10849209
10849327
10849977
11080957
11081245
11082751
11083209
11084029
11085268
11085988
11087200
11088725
11088739
11089864
11090751
11091827
11092174
11094154
11094441
11097950
11098576
11098657
11099006
11238717
11238907
11239537
11239883
11240344
11240569
11240953
11241685
11241688
11241854
11241944
11242035
11242646
11243084
11243771
11244767
11246120
11246366
11246462
11246478
11246779
11246850
11248218
11248554
11248626
11249046
11249494
11249585
11249829
11250053
11250482
11250612
11251198
11251513
11255747
11257470
11258482
11259233
11261247
11262004
11262325
11262592
11263694
11264165
11264279
11264818
11266714
11267956
11270110
11273153
11274274
11437075
11437299
11437881
11438206
11438210
11438479
11438642
11438857
11439009
11439253
11439681
11439762
11440040
11440049
11440317
11440673
11441846
11442492
11442504
11442520
11442737
11442785
11443261
11443373
11443493
11443752
11444206
11445175
11446424
11446431
11446941
11446985
11447138
11447145
11447264
11447583
11448692
11448754
11449251
11449614
11449800
11450333
11450366
11450495
11450572
11450757
11451100
11451371
11466735
11468181
11540908
11541564
11543552
11543598
11546215
11546500
11546687
11547293
11547366
11548131
11548738
11553769
11749719
11754054
11754211
11763994
11764309
11764641
11765518
11765699
11766095
11766167
11766304
11766515
11767098
11767166
11767227
11767610
11768145
11768152
11768400
11769882
11770007
11770760
11771121
11771335
11771945
11771990
11772446
11772985
11773064
11773439
11774150
11774184
11774353
11774521
11775573
11776117
11776240
11776287
11776720
11776900
11777107
11777279
11777344
11777632
11777932
11777995
11778719
11778841
11778982
11779013
11779212
11779574
11779699
11779737
11780160
11780363
11780437
11780457
11781198
11781518
11781810
11782082
11782327
11783112
11783164
11783242
11783766
11784835
11784970
11785016
11785035
11785038
11785277
11785855
11785892
11900376
11901460
11902652
11902699
11903796
11904639
11905268
11905603
11905852
11905920
11906183
11906410
11906490
11906721
11907298
11907342
11909094
11909236
11909355
11909802
11909949
11910673
11910939
11910963
11911232
11911793
11911811
11912096
11912121
11912362
11912688
11912910
11912983
11913003
11913170
11913225
11913564
11914634
11914968
11915022
11915833
11916049
11916070
11916101
11916241
11916427
11916725
11917509
11917542
11917595
11917680
11917696
11918406
11918518
11919831
11920008
11921152
11922174
11924609
11924840
11925975
11926437
11927575
11929274
11929566
11930132
11933086
12019870
12434138
12435514
12436383
12436481
12436725
12437053
12438086
12438144
12438413
12439892
12440369
12441082
12442063
12444791
12444877
12445172
12447948
12449162
12627982
12628846
12629140
12631395
12632029
12632614
12634154
12634327
12636570
12639509
12687884
12688458
12688485
12688736
12688761
12689296
12689696
12689833
12690091
12690208
12690673
12690831
12690919
12690942
12691156
12691752
12691872
12692351
12692711
12692852
12693104
12693536
12693582
12693706
12693791
12694013
12694085
12694098
12694615
12695754
12696478
12696712
12696893
12697258
12697308
12697670
12697793
12698263
12698295
12698606
12698780
12698847
12698906
12698957
12699058
12699325
12699497
12699537
12700073
12701089
12701445
12702469
12702474
12703002
12703252
12703607
12704353
12706614
12707222
12707414
12709675
12712347
12712672
12716054
12716323
12716798
12717562
12718438
12722080
12722367
12722972
12727278
12729744
12730870
12731363
12732056
12734335
12896529
12896972
12897957
12900353
12903732
12904192
12905164
12905656
12906755
12907751
12909150
12974111
12974848
12976259
12976377
12976669
12976752
12976845
12976915
12976943
12976998
12977125
12977228
12977321
12977346
12977812
12978102
12978329
12978999
12979179
12979245
12979325
12979585
12979881
12979991
12980210
12980312
12981130
12981214
12981364
12981662
12982381
12982563
12983090
12983539
12983963
12984107
12984634
12984779
12984908
12985144
12985773
12985911
12986187
12986346
12986699
12987452
12987560
12987745
12987984
12988379
12988604
12988954
12989214
12989992
12990050
12990201
12990258
12990530
12990545
12990625
12990643
12991379
12991625
12992328
12992404
12992668
12992989
13079541
13086123
13089260
13124699
13124709
13125184
13125206
13125832
13126102
13126198
13126938
13127362
13127682
13127809
13127889
13128028
13128540
13129124
13129161
13129517
13129664
13129789
13130279
13130369
13130418
13130488
13130603
13130724
13130923
13130939
13131430
13131775
13131843
13131849
13131868
13131988
13132026
13132084
13132615
13133012
13133023
13133135
13133419
13133649
13133790
13133875
13133973
13134021
13134148
13134534
13135394
13135440
13135482
13136863
13137300
13137538
13137652
13137664
13137809
13138011
13138088
13138183
13138435
13138567
13139322
13139385
13139396
13139577
13139885
13140352
13140589
13140827
13141135
13141330
13141381
13141498
13141590
13142673
13142845
13143061
13143108
13231735
13231783
13231866
13232022
13232296
13232409
13232758
13233036
13233071
13233336
13233503
13233605
13233771
13234246
13234266
13234801
13235144
13235357
13236098
13236109
13236123
13236374
13236506
13236938
13237051
13237132
13237217
13237572
13237817
13237836
13238116
13238240
13238650
13238660
13238724
13238970
13239186
13239232
13239751
13239787
13240030
13240360
13240364
13240427
13240518
13240523
13240805
13241124
13241356
13241621
13241808
13241922
13242186
13242219
13243224
13243310
13243511
13243647
13243667
13243736
13244035
13244277
13244495
13244582
13244628
13245044
13245058
13245130
13245384
13245616
13246088
13246782
13247005
13247514
13247969
13247983
13248016
13248035
13248074
13248306
13248309
13248467
13248547
13248593
13248628
13248807
13249317
13249489
13249631
13249809
13249926
13250027
13250111
13250236
13250240
13250620
13251078
13251869
13251960
13252012
13252079
13252253
13389461
13390406
13394765
13397177
13430938
13430959
13431282
13431562
13431734
13432191
13432763
13433475
13433748
13434093
13434291
13434301
13434781
13435731
13435743
13435924
13436061
13436343
13436387
13436627
13436934
13437352
13438502
13439147
13439294
13439388
13440023
13441358
13441512
13441715
13441804
13442024
13442590
13461453
13463576
13465016
13465566
13468454
13469129
13472465
13474106
13474428
13474478
13474720
13482296
13555619
13555922
13555954
13556458
13556705
13556771
13556780
13557235
13557299
13557376
13557659
13557740
13558329
13558338
13558656
13558787
13559476
13559749
13560201
13560343
13560431
13560494
13562158
13562185
13562347
13562378
13562554
13563531
13563805
13563925
13564965
13565001
13565032
13565883
13566175
13566220
13566281
13566688
13566795
13567664
13624966
13625465
13625494
13626562
13627319
13627490
13627865
13628139
13628329
13628753
13628765
13629951
13630454
13631776
13632274
13632869
13633121
13633340
13634213
13634315
13634497
13634520
13635044
13635065
13636708
13638551
13639407
13639876
13642105
13642686
13642701
13643722
13643784
13644048
13644461
13644689
13645054
13645112
13645587
13645631
13645681
13645998
13646252
13730804
13731346
13731814
13732342
13732573
13733051
13733280
13733526
13733928
13734835
13735196
13735700
13736229
13736456
13736702
13736955
13737551
13737581
13738224
13738600
13738618
13739194
13739308
13739554
13739778
13739956
13740842
13740858
13741010
13741082
13741092
13741285
13742377
13742849
13742865
13743165
13743852
13744082
13744276
13744874
13744908
13745245
13745480
13746115
13746129
13746312
13746533
13748571
13748686
13748704
13749705
13750026
13750766
13750822
13751850
13752260
13752520
13752628
13753623
13753664
13753741
13753943
13755419
13755565
13755755
13756071
13756127
13756358
13756791
13757093
13757387
13757436
13757583
13757976
13757996
13758185
13758241
13758526
13758808
13758936
13759370
13759879
13760104
13760356
13760515
13761006
13762093
13762638
13763025
13763030
13763198
13763221
13763257
13763263
13763332
13764105
13764181
13764309
13764839
13765654
13765706
13766080
13766278
13766447
13766796
13766972
13767778
13768190
13768385
13768722
13768889
13769160
13769363
13769642
13769763
13769796
13770192
13770743
13770826
13771370
13771379
13771530
13772048
13772108
13772441
13772723
13772805
13773081
13773311
13773546
13773835
13774031
13774209
13774681
13774799
13775019
13775179
13775370
13775425
13775444
13775469
13775507
13775524
13775965
13775984
13776218
13776443
13776455
13777790
13777868
13778004
13778352
13778643
13778793
13778839
13779040
13779520
13836321
13836378
13836903
13837346
13837428
13837430
13837540
13838248
13838277
13838279
13838613
13839133
13839831
13840414
13840461
13840594
13840983
13841108
13842534
13842678
13842792
13842973
13842977
13843005
13843760
13843821
13843949
13843956
13844248
13844329
13844438
13844470
13844963
13845124
13845168
13845237
13845253
13845750
13845882
13846027
13846751
13846792
13846891
13847032
13847288
13847439
13847510
13847848
13847915
13848001
13848186
13848538
13848645
13848985
13849511
13849647
14046554
14046636
14047033
14047857
14047863
14048585
14048590
14048703
14048777
14049017
14049086
14049270
14049705
14050099
14050494
14050869
14050888
14050957
14051078
14051144
14051834
14052741
14052858
14052902
14053612
14053646
14053772
14054346
14054405
14054511
14054906
14055115
14056507
14056579
14056800
14057217
14057548
14057996
14058077
14058567
14058800
14059030
14059117
14059152
14059305
14059948
14060754
14060891
14061886
14061959
14062397
14062931
14063289
14063306
14063754
14063932
14063962
14065189
14065300
14065635
14065786
14065959
14066177
14066267
14066976
14067412
14067486
14067937
14068059
14068213
14068320
14068493
14068581
14069308
14069354
14070160
14070485
14070813
14071032
14071550
14071906
14072325
14072467
14072487
14072913
14074030
14074043
14074614
14074715
14074835
14075352
14076710
14077764
14077782
14078172
14078444
14078550
14078782
14079335
14079392
14079568
14079882
14079933
14080199
14080302
14080429
14081009
14081191
14081240
14081629
14082020
14082797
14123776
14124475
14124747
14125331
14125538
14127054
14127104
14127355
14129269
14129330
14129798
14129941
14130686
14131018
14133235
14134095
14135804
14156172
14156232
14156351
14156797
14157086
14157263
14157688
14157761
14157925
14158121
14158142
14158218
14158528
14158811
14158868
14159227
14159329
14159743
14159833
14160679
14160869
14161021
14161033
14161169
14161593
14161674
14161776
14161967
14162767
14162831
14163028
14163386
14163440
14163514
14163586
14163744
14163986
14164032
14164110
14164126
14164462
14165063
14165244
14165303
14165343
14166368
14166436
14166492
14166543
14167411
14167542
14167618
14167715
14167906
14168071
14169103
14169640
14169923
14170178
14170189
14170688
14171318
14171324
14171520
14172551
14173048
14173481
14173734
14173958
14174006
14174296
14174803
14175263
14175680
14175682
14175730
14175820
14175906
14175993
14176147
14176218
14196194
14197021
14199807
14205088
14206152
14209379
14211499
14211836
14212268
14216293
14337253
14337315
14337407
14337593
14338368
14338800
14338930
14339202
14340785
14341024
14342568
14342778
14342873
14343280
14343408
14343624
14343680
14343860
14343898
14344239
14345069
14345132
14345431
14345712
14346925
14347335
14347684
14348079
14348581
14349263
14350271
14350730
14351885
14378170
14384442
14384520
14385073
14422619
14422650
14422732
14423098
14423174
14423330
14424089
14424171
14425448
14426545
14426664
14427268
14428093
14428448
14428619
14428657
14428677
14428764
14428948
14429295
14429508
14429968
14429991
14430163
14430946
14431104
14431629
14433406
14433475
14433942
14434464
14434814
14435558
14435701
14473095
14473298
14473666
14473674
14473733
14473852
14474901
14474918
14475264
14475418
14475421
14475658
14475692
14475860
14475942
14476072
14476114
14476282
14476292
14476592
14476613
14476646
14477543
14477654
14477955
14478027
14478076
14478235
14478477
14478580
14478793
14478830
14479168
14479441
14480172
14480322
14480398
14480905
14481056
14481140
14481442
14481543
14481694
14481799
14481897
14482045
14482246
14482289
14482361
14482382
14482483
14482706
14482767
14483204
14483542
14484088
14484523
14484525
14484646
14484913
14484962
14485536
14485575
14485677
14486107
14486570
14486658
14486952
14487353
14487893
14488137
14488194
14488259
14488971
14489067
14489135
14489141
14489350
14489483
14489963
14490079
14490431
14491894
14492002
14492018
14492144
14492288
14492357
14492404
14492990
14493351
14493405
14493673
14493915
14493994
14494152
14494369
14494799
14494843
14494974
14495494
14495503
14495785
14495896
14495952
14496058
14496076
14496082
14496178
14558161
14558321
14558568
14558614
14558705
14558917
14559387
14559867
14560399
14560533
14560625
14560636
14560653
14561529
14561556
14561590
14561842
14561985
14562250
14562942
14563062
14563091
14563245
14563479
14563613
14563874
14563988
14564460
14564935
14565045
14565241
14565633
14566719
14566878
14567212
14567492
14567728
14567942
14567973
14568268
14568305
14568586
14569319
14569462
14569631
14569682
14569741
14569856
14570213
14570287
14570384
14570586
14571170
14571344
14571401
14571660
14572013
14572031
14572033
14572465
14572606
14612748
14613078
14613214
14613385
14614363
14614585
14614647
14615209
14615706
14616354
14616637
14617133
14617179
14617855
14617940
14617973
14618582
14618968
14619676
14620006
14620776
14621507
14621675
14622743
14623049
14623279
14624104
14624579
14624612
14624789
14624808
14625022
14625242
14625629
14625935
14626243
14626273
14626575
14627364
14627859
14627933
14628213
14628327
14628842
14630175
14630415
14630418
14630457
14630619
14630854
14630919
14631067
14631324
14632082
14632233
14632410
14632442
14632548
14632577
14632860
14633395
14634329
14634658
14635294
14635361
14635551
14635574
14635750
14635901
14635919
14635985
14636005
14636149
14636194
14636507
14637027
14637148
14637258
14637807
14638117
14638405
14638662
14639011
14639065
14639572
14639635
14639765
14640360
14640988
14642035
14642444
14642887
14643108
14643288
14643562
14644557
14644621
14644627
14645006
14645891
14646061
14646392
14646403
14646467
14646517
14646684
14646757
14646845
14646921
14647006
14647035
14647201
14648020
14648110
14648244
14648426
14648589
14648713
14648720
14648929
14648954
14649141
14649233
14649459
14649843
14649872
14649914
14650373
14650657
14651346
14651991
14652085
14652840
14652974
14653447
14653780
14653889
14653906
14653999
14654208
14654271
14654605
14654910
14654915
14655240
14655769
14656968
14657051
14657101
14657470
14657916
14658670
14659146
14659520
14659763
14659953
14660639
14660653
14660749
14660856
14660937
14661564
14661819
14663021
14677041
14677422
14679058
14679102
14679204
14679745
14681481
14681640
14682098
14683792
14684594
14685609
14685673
14685685
14685807
14686200
14687633
14691982
14692163
14692246
14692663
14693256
14697733
14697985
14765514
14765941
14766396
14766401
14767235
14768788
14771260
14774186
14775757
14775903
14777919
14779219
14972045
14972143
14972216
14972486
14972661
14972785
14973626
14973820
14973929
14973983
14974683
14975582
14975721
14976010
14976014
14976511
14977319
14977808
14978487
14979459
14979736
14980089
14980311
14980323
14980567
14981035
14981126
14981350
14981696
14982453
14982530
14982779
14982866
14982871
14983234
14983371
14983537
14983611
14983754
14984369
14984566
14985454
14985760
14985965
14986064
14986246
14987140
14987253
14987528
14987669
14987877
14987897
14988202
14988604
14989300
14989335
14989499
14989679
14990281
14990608
14990796
14992370
14992656
14992833
14992900
14992905
14993043
14993599
14993657
14993780
14993838
14995169
14995387
14996646
14996803
14997129
14997232
14997252
14997574
14998081
14998820
14998983
14999080
15000182
15000527
15001130
15001190
15001282
15001515
15002086
15002242
15002273
15002290
15002296
15003154
15004053
15005568
15006505
15007343
15007477
15007597
15007614
15007661
15008046
15008603
15013836
15014310
15016426
15018094
15018115
15020205
15020416
15020596
15020706
15020982
15021084
15021390
15021576
15021623
15021697
15021719
15021779
15021861
15021902
15022308
15022691
15022874
15023089
15023757
15023803
15024019
15024228
15024363
15024715
15024848
15026231
15027022
15027526
15027719
15028569
15029071
15030299
15030469
15030490
15030741
15030751
15032128
15032134
15032154
15032253
15032277
15032384
15032527
15032882
15032973
15033281
15033302
15033409
15033491
15033880
15034077
15034169
15034182
15034684
15035210
15035883
15036275
15036490
15037149
15037735
15038014
15038138
15038336
15038479
15038501
15038678
15038755
15118346
15118373
15118853
15119127
15120270
15120948
15121114
15122427
15122551
15122735
15122779
15123163
15123508
15124046
15124333
15124442
15124678
15124740
15125197
15125601
15125717
15125785
15126301
15126384
15126750
15127959
15128242
15128359
15128618
15128740
15129541
15129562
15129654
15129982
15130248
15130296
15130427
15130534
15130694
15131110
15131297
15131463
15131540
15132083
15132267
15132569
15132718
15135369
15137695
15142213
15142325
15142826
15146194
15148090
15149684
15152383
15152756
15153195
15153721
15154359
15154681
15154937
15155956
15156031
15156607
15156619
15156977
15157324
15157668
15157755
15157803
15157892
15158080
15158236
15158245
15158511
15158678
15158711
15159049
15159189
15159541
15160084
15160146
15160216
15160227
15160244
15160399
15160480
15160517
15161067
15161253
15161267
15161482
15162190
15162202
15162215
15162337
15162664
15162815
15163368
15163844
15163980
15164089
15164244
15164415
15164420
15164568
15164959
15164997
15165242
15165858
15166026
15166039
15166203
15166963
15167359
15168200
15172302
15172583
15172876
15173203
15173734
15176718
15177196
15177326
15178780
15180299
15182294
15184127
15186657
15187850
15221116
15254475
15254817
15257130
15259236
15260447
15260810
15260811
15261415
15262599
15262718
15263078
15264565
15266855
15267346
15290422
15290431
15290437
15290487
15290617
15290700
15290868
15290966
15291461
15291677
15294130
15294967
15296765
15296957
15297275
15297437
15297527
15297557
15297574
15298311
15298506
15298755
15298872
15299058
15299392
15300524
15300896
15301546
15301562
15301805
15302103
15302370
15302743
15302798
15303028
15304157
15304256
15304331
15371265
15424164
15424621
15424649
15425233
15426046
15427148
15427570
15428170
15429364
15430030
15430048
15430063
15430277
15430665
15431424
15431684
15431954
15432032
15432329
15432745
15432840
15432987
15433377
15433393
15433424
15434020
15434154
15434296
15434386
15434487
15434561
15434972
15435074
15435758
15436543
15458764
15459197
15459618
15460273
15460388
15460454
15460969
15461467
15461704
15461711
15461776
15462418
15462434
15462458
15462524
15462666
15462887
15463437
15463660
15463727
15463826
15464444
15464803
15465221
15465456
15465550
15465700
15466059
15466321
15466397
15467078
15467393
15467408
15468439
15468626
15468694
15469323
15469374
15469411
15469645
15469659
15469990
15470528
15471585
15471593
15472126
15472665
15472677
15474284
15474408
15474560
15474686
15474781
15475014
15475738
15477265
15477279
15477921
15477931
15478022
15478329
15478494
15479136
15496809
15517163
15518217
15520199
15520568
15528541
15531043
15531796
15534263
15534380
15535321
15608871
15641262
15641426
15641501
15642621
15642798
15642875
15643073
15643303
15643687
15643723
15643925
15644042
15644154
15644262
15644447
15645012
15645158
15645593
15645607
15645812
15646027
15646047
15646209
15646523
15646672
15646943
15646995
15647120
15647382
15647421
15647451
15647674
15647943
15648225
15648588
15648637
15648666
15648761
15649126
15649718
15649834
15650095
15650874
15651288
15651361
15651586
15651721
15651801
15653079
15653122
15653178
15653288
15653298
15653427
15653454
15653643
15653671
15653719
15653902
15653914
15654125
15654897
15654922
15655335
15655833
15656342
15656960
15657027
15657261
15674700
15674812
15675655
15675754
15676405
15677342
15677808
15678586
15679234
15679360
15679501
15679645
15680114
15680440
15680908
15681893
15682274
15682443
15682495
15682590
15682834
15683214
15683304
15683451
15683465
15683877
15684730
15684873
15685108
15685731
15686093
15686552
15686668
15686697
15686749
15687062
15687289
15687737
15688003
15688405
15688471
15688521
15688888
15689232
15689539
15689574
15689690
15689826
15689997
15690234
15690287
15690563
15691106
15691440
15722005
15722670
15722778
15724620
15725217
15725284
15725440
15725786
15725892
15726910
15727007
15727504
15727781
15728441
15729129
15729515
15730287
15730675
15730740
15730967
15731142
15731355
15731412
15731823
15732040
15732054
15732280
15732335
15732961
15733210
15733649
15733657
15733790
15734082
15734200
15734542
15734786
15735213
15735912
15735999
15736287
15736312
15736383
15736384
15736385
15737273
15737580
15737623
15737780
15738538
15738776
15792548
15793088
15793394
15793496
15793735
15793934
15793944
15794338
15796119
15796520
15796780
15796984
15797021
15797357
15797968
15798041
15798190
15799315
15799399
15799529
15799556
15799744
15799825
15799922
15800326
15801481
15801514
15801880
15802305
15802350
15802886
15803010
15803643
15803818
15803889
15804009
15804234
15804274
15804540
15804602
15805002
15805252
15805458
15805917
15806417
15806795
15807047
15807078
15807305
15807447
15808235
15808629
15809006
15809277
15809495
15810100
15810391
15811382
15811672
15811898
15812350
15859261
15860175
15860730
15860818
15861688
15861698
15863026
15864140
15864920
15865051
15865252
15865391
15865444
15865476
15866324
15866539
15867024
15867574
15867611
15867854
15868916
15869082
15869185
15869342
15869789
15869860
15870151
15870375
15871039
15871121
15871204
15871675
15872030
15872324
15872395
15872524
15873995
15874024
15874094
15874373
15874545
15874885
15875253
15875308
15877033
15878177
15878273
15878443
15878501
15879173
15879244
15879704
15879755
15879811
15880179
15880635
15880892
15881394
15881895
15882796
15887956
15890822
15892131
15895759
15897050
15940610
15940923
15940993
15941236
15941916
15942014
15942332
15942474
15942721
15943271
15943476
15944005
15944055
15944267
15944327
15944563
15945042
15946403
15947367
15947806
15947828
15947972
15948307
15948409
15949227
15949457
15949571
15949607
15950358
15951390
15952132
15952147
15953347
15954305
15954788
15954943
15954954
15955094
15955552
15956140
15957147
15957786
15958194
15958967
15959976
15960544
15960671
15961120
15961324
15961336
15961683
15962961
15963008
15963138
15963744
15964580
15966302
15966313
15967447
15967512
15967577
15968074
15968243
15968608
15968889
15969064
15969407
15969630
15969940
15970112
15970416
15971147
15972215
15973194
15973794
15974432
15975517
15976836
15976942
15977013
15977182
15977812
15978781
15979453
15979551
15980551
15980771
15981170
15982537
15984225
15984432
15987789
15991615
15992246
15992299
15992626
15992945
15993145
15993322
15993591
15993965
15997459
15997598
15998675
15999374
16000236
16050586
16051633
16053386
16053548
16054861
16058126
16060733
16061554
16062907
16094943
16095507
16095668
16096595
16096774
16097085
16097427
16097714
16097861
16100557
16101088
16101526
16101803
16103026
16103533
16103534
16103544
16103801
16104424
16104741
16104745
16105845
16107141
16107369
16107558
16108467
16108588
16108964
16109592
16110111
16110185
16110901
16111220
16111437
16111481
16111652
16112765
16112952
16112956
16113165
16113579
16113676
16113945
16114306
16114667
16115028
16115117
16115482
16116292
16116640
16116764
16117193
16118113
16118580
16133552
16134586
16135509
16136018
16136108
16137173
16138463
16139293
16143537
16145845
16147792
16148153
16148680
16150932
16165830
16166661
16166868
16167158
16167458
16167706
16167989
16168897
16169031
16169041
16169206
16169244
16169270
16169420
16169734
16170336
16170672
16170982
16171325
16171725
16172321
16172577
16172721
16172747
16172806
16172850
16173299
16173712
16173765
16173829
16174073
16174400
16174481
16174635
16174780
16174807
16174896
16174992
16175321
16175374
16175648
16175658
16175858
16176109
16177247
16177296
16177602
16177627
16177696
16177807
16177887
16178193
16178410
16178465
16178648
16178963
16179054
16179164
16179575
16179658
16179725
16179764
16179814
16180298
16180808
16274253
16274404
16274607
16274660
16275055
16275123
16275253
16275351
16275834
16276153
16276458
16276497
16276828
16278013
16279131
16279317
16279384
16279537
16279542
16280986
16281050
16281227
16281691
16281835
16282792
16282980
16282985
16283305
16283647
16283897
16283987
16284270
16284864
16284922
16285675
16285776
16285919
16286310
16286627
16286655
16286751
16287198
16287350
16287363
16287683
16287819
16287863
16288134
16288193
16288711
16289144
16289288
16289993
16290509
16290534
16290622
16290728
16291574
16291806
16291924
16385888
16386967
16387469
16387840
16387989
16388931
16388943
16389245
16389795
16390583
16390822
16391498
16391687
16392210
16392895
16392895
16392951
16393376
16393788
16394378
16394452
16394497
16394930
16395499
16395828
16396044
16396124
16396340
16396454
16396842
16396842
16396998
16397107
16397403
16398016
16398389
16398842
16398985
16398988
16399296
16399706
16399774
16399844
16400053
16400476
16400795
16401111
16401488
16401719
16402253
16402475
16402894
16403050
16403091
16403107
16403141
16403627
16403692
16403744
16404489
16405102
16405342
16405457
16405538
16405578
16405672
16406270
16406837
16407029
16458331
16459177
16460809
16462217
16464253
16465528
16466497
16467502
16468502
16468586
16469622
16470335
16471792
16471806
16472530
16473505
16474522
16474691
16474824
16475435
16475439
16475478
16476009
16476028
16476090
16476368
16476410
16476661
16477030
16477518
16477544
16477699
16477704
16478069
16478264
16478298
16478301
16478468
16478634
16478671
16478818
16479086
16479182
16479333
16479370
16479469
16479499
16479788
16479948
16480349
16480396
16480526
16480931
16481333
16481522
16481524
16481787
16481971
16482481
16482488
16482567
16482596
16482629
16482665
16483200
16483431
16483496
16483797
16483931
16484045
16484970
16485725
16485838
16485843
16485997
16486456
16486474
16486573
16486605
16486675
16487225
16487363
16487429
16487687
16487999
16488158
16488182
16488306
16488383
16488385
16488407
16488965
16489095
16489162
16489284
16489349
16489368
16489465
16489543
16489742
16490068
16490476
16490819
16490830
16491043
16491725
16491913
16492356
16492446
16492675
16492707
16493184
16493465
16493540
16493646
16493899
16494041
16494479
16494870
16495079
16495685
16495819
16496245
16496324
16496474
16496521
16496618
16496727
16497619
16497730
16498174
16498596
16538344
16539048
16539631
16539926
16540596
16540659
16541318
16541390
16541440
16541868
16542203
16542533
16542754
16542895
16542962
16543775
16543849
16544934
16545080
16545273
16545670
16546068
16546334
16546712
16546789
16546948
16547271
16547471
16547820
16548733
16549148
16549938
16550111
16550340
16550342
16550628
16551082
16551872
16594963
16595124
16595453
16595513
16596632
16597364
16597381
16597858
16598736
16598750
16599413
16599476
16600680
16600710
16602667
16603384
16603598
16604144
16604392
16604404
16604410
16604943
16606512
16606750
16608937
16610931
16611514
16611834
16613036
16678888
16681497
16682279
16800694
16802263
16802284
16802752
16803027
16803752
16804315
16805598
16805716
16805785
16807609
16807645
16807835
16808795
16809203
16809578
16810229
16810424
16810847
16812729
16812855
16817018
16818239
16819081
16820060
16822928
16824029
16824510
16825164
16826154
16830166
16858309
16860184
16864165
16866023
16866817
16876309
17012756
17013511
17013592
17013644
17013682
17015028
17015332
17015336
17015698
17015760
17015865
17015872
17016146
17016663
17016681
17016836
17017765
17017887
17018126
17018434
17018793
17019064
17019584
17020195
17020427
17020509
17020540
17020847
17021149
17021492
17021527
17021694
17022023
17022545
17022672
17022781
17023089
17023755
17023904
17023995
17024131
17024572
17024680
17093553
17166504
17178591
17182909
17182928
17183015
17183130
17183811
17183980
17184070
17184320
17184456
17184948
17185138
17185138
17185235
17185318
17186343
17186638
17187011
17187538
17187550
17188118
17188125
17188384
17188494
17189287
17189645
17189659
17189810
17189906
17189967
17190118
17190320
17190480
17190586
17190589
17190641
17190762
17191304
17191467
17191698
17191712
17192318
17192438
17192474
17193145
17193506
17193546
17193582
17193652
17193790
17194710
17194946
17195281
17195599
17195702
17195919
17196017
17196066
17196144
17196198
17196524
17196544
17196960
17197387
17197540
17197653
17197770
17198193
17198514
17198695
17198764
17198808
17198981
17199171
17199312
17199520
17199528
17199533
17200089
17200177
17201759
17202016
17204840
17205030
17205499
17207636
17209207
17210806
17210843
17211063
17212007
17212649
17214933
17215145
17215557
17219118
17222287
17458237
17459275
17459850
17459888
17459897
17459973
17460299
17461121
17462230
17463001
17463014
17463834
17465032
17466134
17466137
17466276
17467787
17467920
17468166
17469171
17469323
17469471
17470423
17470746
17472687
17472829
17473122
17474347
17474639
17474866
17474984
17475034
17475274
17475849
17475946
17476732
17477723
17478331
17478734
17479051
17479090
17479242
17479368
17479889
17503623
17503637
17503693
17503998
17504054
17504258
17504644
17504807
17505358
17505395
17505464
17505595
17505602
17505674
17505886
17505950
17506032
17506333
17506341
17507382
17507632
17507946
17508074
17508595
17508682
17508808
17508868
17508984
17509067
17509092
17509128
17509287
17509765
17510095
17510721
17510749
17510907
17510921
17511623
17511680
17511966
17512186
17512306
17512621
17512918
17513666
17513858
17514211
17514271
17514518
17514583
17514586
17515186
17515275
17515325
17515479
17515784
17515974
17516635
17516667
17516753
17517201
17918379
17918666
17918820
17919066
17919088
17919408
17919421
17919491
17919527
17920113
17920210
17920555
17920703
17920760
17921395
17921858
17922171
17922216
17922705
17922910
17923030
17923189
17923213
17923216
17923692
17923720
17924098
17924135
17924327
17924450
17924807
17924859
17925772
17925872
17926187
17926769
17927022
17927411
17927879
17928287
17928406
17928468
17928889
17929165
17929364
17929722
17929938
17930388
17930408
17930435
17930499
17931343
17931543
17933354
17933371
17933527
17933703
17934236
17934242
17934315
17934359
17934651
17934815
17934825
17935199
17935452
17935493
17935498
17935876
17936288
17936339
17936531
17937246
17937540
17937690
17937803
17937822
17938019
17938128
17938277
17938413
17938674
17939067
17939378
17939769
17939961
17940427
17940888
17940952
17941173
18024645
18025225
18028923
18029264
18030713
18031079
18040776
18041280
18042420
18043071
18044461
18046530
18055855
18103163
18103419
18103674
18104438
18104451
18104803
18106076
18106244
18106376
18106634
18106758
18107099
18107580
18107634
18108080
18108249
18108310
18108426
18109892
18110179
18110426
18110567
18111245
18111409
18111607
18112010
18112135
18112511
18112656
18113134
18113313
18113324
18113968
18114432
18114957
18115585
18115748
18115867
18115899
18115998
18116914
18117289
18117531
18117765
18118239
18118351
18118383
18118635
18119019
18119506
18243501
18244033
18342721
18343498
18343689
18344387
18344467
18344590
18344728
18345486
18345813
18346127
18346255
18346401
18347108
18348079
18348227
18348384
18348482
18348566
18349058
18349677
18350211
18350280
18350291
18350543
18350666
18351074
18351125
18351269
18351814
18351900
18352456
18352490
18352574
18353004
18353640
18353922
18354059
18354166
18354755
18354798
18354811
18354815
18355059
18355664
18356078
18356098
18356176
18356534
18357393
18358054
18358101
18358801
18359313
18359811
18360030
18360101
18360270
18360320
18360365
18360977
18361219
18361452
18361511
18361733
18361857
18361943
18362316
18362553
18363538
18407443
18410860
18413241
18456001
18462824
18611889
18612537
18613022
18613193
18613248
18613378
18613543
18613705
18614650
18615311
18615435
18616015
18616040
18616124
18616818
18616907
18617456
18617848
18618073
18618175
18618562
18619291
18619544
18619750
18619781
18619872
18620247
18620267
18621698
18621957
18622197
18622228
18622307
18622857
18622869
18623408
18623950
18623999
18724569
18726005
18727974
18728060
18730022
18730332
18732683
18734697
18736286
18738564
18739354
18740932
18745089
18789809
18789936
18790077
18790078
18790517
18790701
18791463
18791695
18792035
18792769
18792814
18793469
18794311
18794364
18794432
18794598
18794661
18794969
18795126
18795543
18795795
18796493
18796764
18796889
18797061
18797342
18797956
18798050
18798301
18798456
18798765
18798881
18799414
18799454
18800413
18800428
18800466
18800984
18800987
18801146
18801802
18802088
18802968
18803376
18803744
18803799
18804550
18804953
18805229
18805665
18805993
18807010
18807354
18807589
18808208
18831532
18831744
18832586
18929651
18930837
18931193
18931793
18932127
18932176
18933101
18933713
18933810
18933811
18934389
18935122
18935124
18935545
18936183
18936866
18937376
18938240
18938396
18938432
18939241
18939248
18939341
18939408
18941099
18941364
18959823
18960553
18960645
18960922
18960944
18961142
18961416
18961895
18962091
18962148
18962213
18962720
18963181
18963345
18963347
18963647
18964019
18964879
18965931
18965992
18966994
18967122
18967299
18968178
18968295
18968509
18968562
18969171
18969483
18969856
18969965
18970297
18970527
18970837
18971020
18971534
18972176
18972430
18972776
18973181
18973186
18973529
18973671
18973899
18973954
18974213
18974715
18974940
18975483
18975503
18975583
18975623
18976064
18976193
18976317
18976647
18976675
18976937
18977117
18977217
18978119
18978303
18978933
18979772
18979861
18980274
18980413
18980479
18980593
18981104
18981927
18982231
19048281
19049463
19049821
19050746
19050815
19051901
19052004
19052231
19053193
19053698
19054007
19054733
19054895
19056725
19057413
19057790
19057865
19057866
19057999
19058810
19059089
19059137
19059761
19060339
19060757
19061056
19061206
19061295
19061518
19061916
19063435
19063561
19063962
19064006
19064346
19066046
19067553
19208755
19208968
19209185
19209332
19210159
19210525
19210817
19210990
19211252
19211543
19211649
19212722
19213362
19214815
19214935
19214972
19215665
19216796
19217562
19217691
19219180
19219748
19220660
19221116
19221507
19221639
19223471
19223498
19223629
19223800
19224090
19224407
19224636
19294000
19294039
19294389
19294848
19294880
19294974
19295090
19295108
19295293
19295583
19296235
19296281
19296536
19296668
19296672
19296990
19297255
19297511
19298053
19298316
19298782
19299266
19300178
19300504
19301440
19301445
19301482
19301853
19302424
19302654
19302846
19303284
19303367
19303897
19304313
19304411
19304421
19304680
19304902
19304984
19305081
19450491
19450583
19451599
19451843
19452319
19452870
19453052
19453314
19453910
19454842
19455187
19455424
19456180
19456530
19457161
19457412
19460110
19462389
19519137
19519159
19519209
19519357
19519924
19520486
19520734
19520739
19520974
19520993
19521212
19521826
19521864
19522135
19522147
19522320
19522383
19522531
19522694
19523597
19524197
19524267
19524322
19524487
19524531
19524565
19525114
19525797
19526606
19527998
19528029
19528922
19529563
19529767
19530023
19530116
19530192
19530236
19530261
19530271
19530304
19530341
19530417
19530457
19530463
19530508
19530611
19531020
19531257
19531397
19531526
19531989
19532663
19532748
19532795
19532859
19533186
19533767
19534079
19534131
19534139
19534526
19534782
19534807
19535136
19535365
19616808
19616851
19617130
19617503
19618240
19618739
19618836
19618849
19619229
19619312
19619857
19620245
19620364
19620911
19621529
19621762
19622338
19622438
19622580
19623159
19623547
19624591
19625337
19625400
19625696
19626424
19626970
19627327
19628678
19629122
19629398
19630004
19630476
19630949
19654820
19661633
19663731
19731143
19937237
19939637
19954334
19955255
19955419
19956084
19957819
19958217
19958687
19960703
19961058
19961418
19961991
19963955
19964357
19965122
19965260
19965715
19965828
19967233
19968338
19969731
19971678
19972143
19972508
20045879
20045986
20045987
20046005
20046052
20046410
20046636
20048599
20048620
20049587
20049772
20049890
20049899
20049965
20050053
20050181
20050245
20050525
20050606
20050818
20051218
20051414
20051685
20051994
20052004
20052029
20052145
20052357
20052800
20054036
20054129
20054142
20054224
20054701
20054869
20054991
20055181
20055886
20056294
20056442
20056575
20056647
20056653
20056979
20057260
20057455
20058002
20058083
20058645
20058705
20059020
20059461
20059485
20059631
20060335
20060351
20060610
20060635
20061317
20061327
20207159
20207578
20208680
20209708
20209826
20210107
20210317
20211404
20211530
20211601
20211668
20211778
20211883
20212305
20212305
20212428
20212523
20212796
20212997
20213475
20213631
20213688
20214141
20214401
20214621
20214899
20215085
20215538
20215837
20216559
20217006
20218496
20218750
20219253
20219505
20219920
20220495
20220561
20220783
20221087
20221438
20221489
20221681
20221791
20222311
20222603
20222775
20223120
20223765
20224321
20224530
20225632
20225825
20226186
20226404
20226667
20226724
20226746
20227114
20227461
20337024
20338012
20338121
20338123
20339810
20340946
20341436
20341917
20342476
20344373
20345945
20346429
20346864
20348450
20348684
20349013
20349605
20349676
20349824
20349850
20350002
20351489
20351883
20352050
20353252
20353737
20353847
20354292
20355525
20356174
20373344
20373858
20374580
20374885
20375001
20375184
20375982
20376084
20376711
20376920
20378041
20378455
20379137
20379376
20380974
20381487
20381878
20382001
20383219
20383879
20384125
20385602
20386111
20386231
20386816
20386913
20388617
20389909
20389931
20389958
20390469
20390766
20390818
20391927
20392105
20393006
20393300
20393873
20393953
20393963
20394282
20394837
20395117
20395220
20395244
20423267
20504415
20504419
20505218
20505518
20505752
20505762
20505765
20506311
20506506
20506810
20506821
20506829
20507431
20507697
20508708
20509058
20511140
20511187
20511230
20511390
20511610
20511963
20512535
20512803
20513180
20513444
20513493
20513600
20513944
20514023
20514822
20514823
20515004
20515256
20515357
20515922
20516406
20516665
20517619
20518003
20518145
20518976
20518993
20519227
20519335
20519468
20519543
20519732
20519870
20520320
20520659
20521030
20521188
20521304
20521333
20522084
20522270
20522643
20522654
20523018
20523616
20524187
20747102
20748835
20749206
20750309
20755038
20757606
20761222
20933820
20934459
20934685
20935651
20938223
20938594
20939138
20942458
20943447
20943765
20944057
20944258
20944918
20945321
20946658
20947022
20949404
20949906
20949909
20949931
20950997
20951861
20951887
20952377
20953767
20953778
21124739
21125332
21126568
21127181
21127246
21127292
21128777
21128975
21129166
21129271
21129300
21129384
21129967
21130105
21130710
21130837
21131794
21132063
21132689
21133321
21133495
21133671
21134536
21135549
21135554
21136838
21168337
21169017
21171441
21176731
21254600
21257618
21259599
21267852
21268552
21269347
21273524
21275144
21275293
21515418
21515598
21515658
21515850
21515918
21517322
21517437
21517497
21517612
21518115
21518433
21518718
21518835
21518892
21518937
21519577
21519748
21520001
21520231
21520339
21520536
21520694
21521021
21521130
21521495
21522169
21522224
21522231
21522353
21522954
21523011
21523115
21523163
21523279
21523725
21523809
21524339
21524356
21525438
21525479
21525704
21526254
21526738
21527300
21527390
21527680
21528057
21528627
21529207
21529319
21529404
21529442
21529553
21529733
21530375
21530498
21530541
21531022
21531090
21531497
21531942
21532437
21532878
21532923
21533192
21533686
21533753
21534549
21534942
21535067
21535084
21535105
21535705
21535757
21536394
21537292
21555291
21555712
21556373
21556409
21556774
21556813
21557639
21557704
21558266
21558427
21558606
21559164
21559643
21560149
21561334
21562164
21564171
21564205
21564745
21565027
21565688
21565756
21565993
21567167
21567375
21567877
21567904
21568100
21568111
21568350
21569078
21569303
21569897
21570376
21728996
21730214
21738785
21740621
21743664
21747208
21748479
21804371
21843398
21843898
21843974
21843990
21844004
21844791
21844972
21845421
21845472
21845629
21845704
21846065
21846198
21846610
21846729
21846782
21846846
21846869
21846916
21846940
21847110
21847341
21847474
21848358
21848418
21848439
21849861
21850424
21851125
21851308
21851480
21851521
21851737
21852007
21852070
21852252
21852611
21852947
21853189
21853219
21853609
21853832
21853836
21854420
21854928
21855059
21855315
21855669
21855689
21855745
21855784
21856032
21856119
21856132
21856186
21856209
21856371
21856753
21856764
21856796
21856864
21856877
21856945
21857097
21857458
21857482
21857593
21858213
21858292
21858392
21858413
21858561
21858690
21859046
21859643
21859714
21859934
21859985
21860064
22119650
22122030
22131876
22133193
22133729
22135233
22145102
22146071
22150075
22155269
22162685
22162886
22165036
22165134
22165578
22166257
22166595
22166854
22166942
22167101
22167341
22168457
22169182
22169291
22169334
22170473
22170496
22170724
22171739
22171813
22172485
22172818
22174722
22175456
22175640
22176753
22176938
22177313
22177767
22178253
22179000
22179487
22179876
22180259
22180648
22181000
22181012
22181084
22182525
22182898
22183734
22183786
22185246
22185809
22185850
22236681
22237565
22237723
22239150
22240477
22240838
22241296
22241503
22241682
22241895
22242096
22242269
22242292
22242767
22242853
22243837
22244424
22245005
22245817
22247196
22248040
22248619
22249108
22250109
22251539
22251604
22252286
22252836
22252840
22273046
22273072
22273104
22273258
22273947
22274105
22274289
22274877
22274878
22274934
22275135
22275285
22275733
22275741
22276021
22276369
22276483
22276844
22276935
22277056
22277634
22278005
22278631
22279219
22279725
22279863
22279964
22280084
22280605
22280863
22281100
22281803
22281845
22281998
22282094
22283244
22284438
22284636
22284689
22285003
22286543
22286827
22286840
22286861
22286926
22287341
22287404
22288356
22288358
22288497
22288581
22288634
22288970
22289300
22333204
22542411
22676921
22676969
22677249
22677401
22677708
22678565
22680155
22680161
22680623
22683191
22684275
22685183
22685419
22685510
22685702
22686002
22686363
22688212
22688879
22690308
22691046
22772989
22773625
22779916
22782790
22804856
22805907
22806381
22806738
22807267
22807353
22807939
22808134
22808168
22808205
22808211
22808283
22808878
22809285
22809554
22809694
22810092
22810207
22810265
22811296
22811932
22812019
22812330
22812597
22812676
22812768
22813894
22814049
22814111
22814454
22814514
22814594
22814773
22814846
22814981
22815301
22815366
22815873
22815937
22816750
22816804
22816980
22817034
22817101
22817608
22818070
22818385
22818747
22819031
22819156
22819299
22819376
22819462
22819619
22819656
22820120
22820174
22820207
22863784
22864189
22880765
22881174
22881266
22881576
22881812
22882270
22883308
22883416
22883659
22883906
22884367
22884437
22884605
22885193
22885739
22885993
22886231
22886473
22886633
22886826
22886997
22887092
22887251
22887707
22888051
22888171
22888308
22888331
22888615
22889036
22889330
22889498
22889588
22889607
22889652
22889670
22889708
22890130
22890673
22890719
22890891
22891212
22891515
22891649
22892088
22892138
22892583
22892622
22892750
22893381
22893441
22893642
22893689
22893697
22893989
22894149
22894206
22894523
22895031
22895119
22895181
22896358
22972967
22973745
22979344
22983121
22995104
22995230
22995575
22996594
22997314
22998429
23002629
23003894
23004327
23004859
23004865
23005028
23005090
23005595
23005846
23005943
23006457
23006529
23007046
23007332
23007690
23008142
23008163
23008246
23008247
23008269
23008371
23008397
23009347
23009484
23009609
23010475
23010508
23010706
23010896
23011311
23011829
23011921
23012131
23012490
23012871
23013457
23013568
23013588
23013655
23014164
23014684
23014763
23015526
23015619
23015863
23016397
23016683
23016859
23016902
23017145
23017783
23017838
23018060
23018098
23018394
23018639
23018671
23143416
23143423
23144219
23144323
23144380
23146318
23146417
23146483
23146863
23146914
23147704
23148319
23148385
23148648
23149193
23149280
23149683
23150348
23151633
23152071
23153340
23153574
23153663
23153858
23153932
23154076
23154867
23155057
23155722
23156089
23156359
23156454
23157324
23157477
23157731
23158215
23159014
23159035
23159144
23159860
23160069
23160130
23160222
23161557
23161981
23163136
23163911
23164040
23164880
23164961
23165424
23165556
23206249
23214108
23217919
23307053
23601553
23601569
23602215
23602402
23602434
23602720
23602907
23603237
23603484
23603529
23603838
23604106
23604130
23604561
23604801
23605153
23605164
23605356
23605439
23605753
23606149
23606330
23606675
23607371
23607632
23607971
23608287
23608618
23608861
23608888
23609457
23609643
23610835
23611330
23611364
23611639
23612066
23612234
23612341
23612989
23613033
23613429
23613643
23613707
23614104
23615416
23615589
23615854
23616780
23617399
23618184
23618261
23618364
23618769
23619049
23619067
23619068
23619195
23619851
23620917
23621360
23621524
23621807
23621950
23622114
23622146
23622197
23622529
23622633
23623090
23623123
23623523
23623652
23623720
23623789
23643104
23645913
23647088
23647106
23651228
23654953
23655942
23657696
23659211
23660129
23689473
23724136
23724188
23724191
23724252
23725436
23726565
23726840
23726937
23726973
23727931
23728355
23728966
23730583
23731243
23731486
23731572
23731794
23732911
23733165
23733512
23733737
23737360
23737580
23737673
23739742
23740115
23740223
23740543
23740699
23760433
23771528
23774885
23822934
23823472
23823563
23823904
23823949
23824196
23825055
23825663
23826087
23826603
23826884
23827316
23827369
23827722
23827897
23827949
23828614
23828626
23828759
23828779
23828845
23829459
23829529
23830015
23830255
23830791
23830999
23831122
23831464
23831497
23831860
23832042
23832079
23832469
23832628
23833960
23834220
23835274
23835418
23835583
23835945
23836007
23836352
23836757
23837378
23837470
23837772
23837787
23838456
23839008
23839535
23839787
23839806
23839845
23840119
23841024
23841235
23841235
23841891
23842542
23843227
23843370
23843577
23843582
23843703
23844149
23844279
23844672
23845200
23845630
23846408
23912872
23922446
23923792
23924966
23966570
23968521
23969329
23969381
23969778
23971389
23971780
23972412
23974572
23974654
23975021
23977181
23977516
23977676
23978184
23978462
23978519
23979398
23979423
23980033
23981284
23981659
23983006
24171748
24171778
24172102
24172392
24172707
24172851
24173339
24173405
24173480
24174052
24174354
24174484
24174751
24174833
24175110
24175146
24175233
24175369
24175723
24175812
24176275
24176750
24177310
24177372
24177819
24178332
24178975
24179204
24180563
24181074
24181187
24181381
24181589
24181821
24182170
24182225
24182715
24182736
24183124
24183747
24184902
24185062
24185372
24185408
24185469
24185808
24186069
24186150
24186343
24186671
24187198
24187274
24187532
24187746
24188279
24188639
24188699
24188839
24188851
24189290
24189419
24189496
24189653
24189690
24189965
24190835
24190968
24191288
24191644
24191793
24191822
24191908
24192309
24192914
24193140
24193204
24193648
24193738
24366420
24366884
24370228
24372719
24375828
24377835
24403614
24471562
24471835
24478983
24480483
24482796
24482851
24486155
24486218
24487974
24505285
24505708
24505987
24506905
24508562
24508797
24509881
24510063
24510315
24510384
24510740
24511187
24511230
24511694
24511725
24511863
24511964
24513293
24513526
24513842
24515459
24515882
24516173
24517081
24518126
24518711
24519293
24520338
24521188
24521743
24521981
24523229
24581164
24765894
24831043
24835091
24837105
24837150
24840104
24842195
24842369
24845232
24848280
24851358
24853216
24853224
24853309
24854386
24854412
24854782
24854909
24855121
24855154
24855353
24855533
24855578
24855661
24855857
24856009
24856210
24856532
24856717
24857657
24858925
24859151
24859764
24860479
24860555
24860737
24861522
24861985
24861987
24862158
24862397
24862550
24862678
24862894
24863393
24863909
24864215
24864232
24864437
24864737
24864909
24864928
24864971
24865185
24865238
24865392
24866032
24866317
24866617
24866658
24867089
24867243
24868473
24868496
24869476
24869625
24869784
24870100
24870296
24870798
24871232
24871753
24871852
24871886
24871903
24872065
24872286
24872494
24872600
24872847
24872916
24873207
24873370
24873404
24873428
24873500
24874024
24874037
24874157
24874894
24875116
24875211
24875912
24942486
24946067
24946110
24946211
24947172
24948304
25029332
25029364
25029372
25029554
25029942
25031105
25031160
25031515
25031712
25032074
25032112
25032150
25032248
25032275
25032596
25032754
25032812
25032875
25033157
25033356
25033374
25033554
25033598
25033901
25034068
25034883
25035837
25036626
25036949
25037060
25037243
25037274
25037332
25037383
25037632
25037961
25037974
25038378
25038514
25038958
25039063
25039650
25039927
25040347
25040678
25041106
25041397
25041482
25041501
25041745
25042295
25042903
25043016
25043311
25043668
25043720
25043786
25043983
25044134
25044365
25044679
25044750
25044787
25045028
25045175
25045366
25045476
25045525
25045586
25045725
25045902
25046508
25046953
25047083
25047144
25047565
25047729
25047744
25047801
25047928
25047929
25048302
25048484
25048838
25049780
25049799
25049930
25050337
25050370
25050948
25050988
25050998
25051426
25051653
25051830
25051924
25052183
25052478
25052947
25054788
25056288
25062613
25064555
25067917
25068147
25071873
25114446
25116546
25117258
25142540
25146351
25151617
25392369
25395329
25395359
25395778
25396131
25396379
25396487
25396955
25397182
25398883
25399043
25399160
25399837
25401009
25405110
25405131
25406644
25407389
25407636
25431985
25432227
25433427
25438190
25441089
25441231
25441875
25512862
25513044
25517172
25517480
25517726
25518377
25518481
25519868
25520216
25520481
25520984
25521452
25522310
25522459
25522600
25523213
25523329
25525890
25526118
25526314
25526648
25526979
25527302
25528439
25529493
25529557
25529670
25530362
25530907
25531378
25532032
25532314
25532692
25532818
25534436
25535295
25535688
25535834
25632221
25633789
25636293
25637176
25638157
25639833
25640716
25642584
25646356
25647389
25648037
25648267
25649252
25651302
25651676
25652397
25653091
25675138
25675897
25676786
25677774
25678485
25679010
25680375
25683652
25685761
25686651
25687267
25687716
25687889
25688991
25690277
25691095
25691508
25692229
25692294
25693967
25694613
25694623
26093694
26094241
26094406
26094967
26095786
26097186
26098152
26098815
26099903
26100131
26101082
26101419
26101587
26101594
26102023
26102050
26103308
26103595
26103735
26103752
26104728
26104824
26104935
26105161
26107330
26108861
26111032
26112617
26116213
26116786
26118774
26119128
26119150
26121197
26122643
26122770
26123784
26124308
26125256
26127096
26130048
26130398
26130631
26131343
26249857
26260727
26261030
26261150
26261610
26262099
26262126
26262281
26262699
26262891
26262952
26263243
26263251
26263777
26263831
26263946
26264095
26264098
26264114
26264485
26264698
26265488
26266320
26266358
26266444
26266697
26266724
26266934
26267086
26267274
26267648
26268892
26269236
26269638
26269687
26269970
26270184
26270249
26270286
26270371
26270613
26271262
26271365
26271495
26271557
26272346
26272718
26273143
26273257
26273306
26273367
26273673
26273915
26273935
26274317
26274346
26274445
26274460
26274628
26274651
26274900
26274928
26275301
26275736
26275757
26275758
26275938
26276318
26276386
26276484
26276711
26277117
26277158
26277456
26278134
26278623
26278714
26278751
26279104
26279963
26280105
26280387
26280407
26280721
26280798
26280865
26281435
26281744
26282636
26712989
26842575
26843177
26843576
26843856
26844583
26844719
26844973
26845285
26845339
26845996
26846307
26846657
26847130
26847977
26848401
26848627
26848976
26849296
26849304
26850015
26850304
26850336
26850887
26850983
26851241
26851606
26851729
26851959
26852235
26852462
26852476
26853006
26853151
26853819
26853839
26853855
26855358
26855643
26855896
26856427
26856466
26856559
26856734
26856926
26857038
26857422
26857573
26857704
26859052
26859865
26859958
26860141
26860883
26861109
26861196
26862283
26862410
26862447
26862845
26863256
26863373
26863941
26865730
26866038
26866596
26867818
26870477
26871110
26871285
26871549
26872386
26873004
26873969
26875364
26878576
26878614
26879023
27078381
27084204
27134839
27305616
27307481
27308353
27310737
27311076
27311837
27312933
27313118
27317353
27319630
27319899
27320009
27343945
27345239
27345973
27349562
27358643
27362239
27362240
27362667
27363033
27363285
27363591
27363765
27364307
27364535
27364772
27364865
27364932
27366020
27366296
27366607
27367255
27367307
27367351
27367655
27367788
27368247
27369456
27369608
27369646
27369958
27370860
27371060
27371218
27371457
27371844
27371966
27372568
27373021
27373618
27373706
27373983
27374120
27374241
27374587
27374615
27375403
27375436
27375582
27375775
27375962
27376185
27532228
27532278
27532328
27533216
27533395
27533462
27533555
27534026
27534684
27534688
27534954
27534975
27535110
27535357
27536306
27536817
27536824
27536977
27537184
27537256
27537282
27537909
27537921
27538055
27538307
27539106
27539228
27540798
27540917
27541013
27541836
27542185
27542383
27542417
27542627
27542879
27543577
27543658
27543700
27543795
27544043
27544919
27544989
27545330
27545851
27545986
27546696
27546798
27547100
27547596
27547845
27548238
27548290
27548298
27549040
27549700
27549793
27549829
27550757
27550982
27551160
27551205
27551532
27551643
27551673
27551944
27552242
27552318
27552550
27552564
27553312
27553359
27553509
27553992
27554576
27554837
27555060
27555078
27641154
27641610
27642038
27642697
27645239
27646052
27648374
27648410
27648540
27650169
27651569
27652366
27652490
27652996
27707487
27707528
27707610
27707741
27707913
27708047
27708479
27708890
27708929
27709216
27709276
27709303
27709943
27709976
27710161
27711434
27712427
27712764
27712878
27712963
27713087
27713124
27713288
27713388
27714804
27714816
27715627
27717246
27717284
27717725
27717836
27718572
27721073
27794583
27794707
27794804
27795042
27795336
27797181
27797707
27798667
27798736
27798985
27799298
27799609
27800000
27800015
27800570
27800734
27801352
27801742
27801845
27801969
27801993
27802115
27802123
27802308
27802560
27803416
27803880
27804214
27804404
27804792
27804826
27804845
27805173
27805495
27805986
27806208
27806457
27806654
27806705
27808447
27808825
27808880
27809051
27809410
27809440
27809514
27810203
27810532
27810600
27810635
27810680
27810687
27810816
27811048
27811287
27811562
27811951
27811992
28031114
28033879
28034886
28035427
28037136
28038467
28040279
28040614
28040949
28041839
28045557
28068567
28069231
28069379
28069649
28070234
28070730
28071652
28072169
28076544
28076777
28076809
28078763
28079342
28079561
28080069
28082622
28085599
28085947
28086746
28087252
28088032
28161288
28491589
28492196
28492561
28492889
28493604
28493679
28493692
28493997
28494227
28494493
28494769
28495126
28495231
28495279
28495723
28496073
28497133
28497664
28497831
28497983
28498048
28498084
28498124
28498229
28498298
28498338
28498456
28498493
28498832
28498889
28499541
28499768
28500007
28500044
28500150
28500631
28500649
28500676
28500708
28501056
28501105
28501688
28501699
28501744
28501785
28502147
28502252
28502267
28502841
28503040
28503261
28503484
28503543
28503545
28503849
28503949
28503993
28504168
28504433
28504618
28504829
28505071
28505203
28505254
28505514
28505551
28505599
28505627
28505743
28505753
28505759
28506240
28783251
28783439
28784364
28784609
28785134
28786764
28787121
28789326
28789527
28789755
28790535
28792387
28794512
28795056
28795240
28797760
28797800
28799992
28801083
28801134
28802768
29021725
29022164
29025735
29026235
29039166
29112918
29113197
29113750
29115190
29117068
29117115
29119430
29122537
29122552
29123238
29124075
29144662
29145508
29146151
29146534
29147362
29147485
29147519
29147849
29148472
29148859
29149351
29149370
29150290
29150366
29150412
29150676
29150694
29151859
29151904
29152252
29152456
29153365
29153957
29154115
29154124
29154567
29155039
29157460
29157770
29159201
29159436
29159444
29160317
29160456
29161425
29161563
29241546
29244816
29245325
29369365
29369693
29370029
29370053
29370192
29370981
29371004
29371703
29371835
29371876
29371878
29372242
29372322
29372514
29372554
29372560
29372943
29373002
29373449
29373533
29373625
29373747
29373903
29373917
29374017
29374242
29374469
29374657
29374803
29375390
29376080
29376371
29376443
29376704
29377088
29377368
29377887
29378045
29378455
29378655
29379114
29379433
29379951
29380146
29380477
29380504
29380525
29380532
29380881
29381244
29382234
29382256
29382755
29382974
29383086
29383304
29383353
29383578
29384007
29384099
29384252
29384563
29385444
29385918
29386054
29386723
29387227
29388679
29388825
29388830
29388941
29389629
29389988
29390046
29390307
29390359
29390387
29390866
29391507
29391670
29391946
29391996
29416545
29443977
29444250
29448092
29449234
29450270
29452743
29453268
29453786
29550501
29551305
29568929
29569568
29570628
29571132
29571279
29573155
29580902
29582265
29582874
29583155
29652198
29655047
29655165
29663758
29672555
29673224
29729759
29730626
29731014
29732037
29732091
29732201
29732506
29733004
29733099
29733395
29733421
29733510
29733531
29734377
29736249
29736275
29736506
29736707
29737010
29737468
29737651
29737875
29738016
29738058
29738071
29738080
29738701
29738758
29739699
29740367
29740692
29741227
29741285
29741323
29741575
29742780
29742988
29743493
29743552
29743941
29744039
29744144
29744283
29744297
29744302
29781694
29803697
29804191
29804317
29804390
29808450
29808853
29809961
29810112
29816141
29817437
29817583
29819483
29821083
29823704
29960009
29962216
29962579
29962830
29963320
29963436
29963491
29964313
29964535
29964584
29965522
29965581
29965685
29966090
29966374
29966626
29967706
29967717
29968109
29968346
29968870
29968931
29969317
29970520
29970532
29970679
29970862
29970990
29971780
29971790
29972461
29972476
29972599
29972653
29972967
29973094
29973818
29973959
29974155
29974241
29974342
29975699
29975911
29976465
29976646
29977786
29977837
29978820
29978888
30035107
30036333
30036394
30037208
30041540
30041563
30041612
30043721
30044324
30044537
30044741
30045587
30045961
30046964
30049732
30051672
30053550
30053995
30090084
30090749
30090759
30090794
30091306
30091657
30093851
30094458
30094693
30096674
30096881
30098194
30098441
30100015
30101022
30101343
30101398
30101584
30101686
30102104
30103159
30104256
30105343
30105481
30106863
30108043
30108101
30109709
30109836
30110315
30111607
30167754
30167948
30168089
30168107
30168879
30169644
30169714
30170064
30170560
30170736
30170944
30171049
30171432
30171509
30171780
30172022
30172180
30172491
30172599
30172894
30172976
30173036
30173037
30173092
30174293
30174303
30174507
30174785
30175401
30176686
30176704
30177810
30177879
30178272
30178353
30178621
30178987
30179458
30179605
30179724
30179760
30180402
30181323
30181766
30181991
30342640
30342761
30342958
30342959
30343039
30343233
30343303
30343488
30343527
30343755
30343800
30344016
30344202
30344449
30344805
30344983
30345088
30345149
30345490
30345724
30345981
30346003
30346550
30346955
30347075
30347817
30347917
30348061
30348074
30349121
30349214
30349754
30349954
30350185
30350378
30350491
30350579
30350611
30350662
30351161
30351162
30351704
30352153
30352345
30352577
30352972
30353143
30353197
30353258
30353281
30353283
30353406
30354487
30354641
30354765
30354898
30355432
30355703
30355747
30356300
30356903
30370464
30376934
