7166
9152
11521
12770
13685
14819
16412
27337
27343
29408
40084
41034
41391
46516
47933
48117
67840
67942
69272
69552
71829
72707
75144
76474
76917
78812
80657
81483
82203
86647
88257
88989
89412
91828
92969
96312
99815
101674
109770
110063
113714
113973
117318
117788
123273
135671
146242
146443
147612
154557
159548
160290
165199
165840
168825
169532
173004
175611
184996
185107
186105
188823
190266
193144
198466
198488
203100
203412
204009
206535
207016
210989
214878
215265
216569
219044
219715
219943
222800
226520
228052
230781
231514
233152
239583
239588
240582
248281
251464
253865
254445
263835
266838
271549
271668
275189
275624
278206
283479
283739
285103
295449
296265
301333
302777
312865
317686
320822
322427
324578
325187
327531
327737
335651
342734
346402
353550
358971
366028
369841
374091
374132
378261
378352
385244
386795
387470
389093
392002
396984
401255
402574
409189
409816
413599
413893
414927
416794
417700
426530
433548
439519
444234
444324
446734
462003
467844
468294
468377
471187
471921
472468
477796
479002
481438
493224
495835
495850
497402
517433
522784
523644
527046
529454
535155
544507
548290
548798
548848
563896
569013
570214
574379
575544
576585
587731
590183
591797
594139
599273
602818
608610
608826
610722
610946
619186
621921
626744
627949
629994
632677
633046
635055
635654
640655
649015
653736
659559
659951
661358
666299
666551
668749
671241
677656
680412
681937
682012
687554
687585
694699
698486
704016
707630
709552
717522
718883
719946
721928
723995
725027
729570
731268
731671
733848
735217
743121
746259
746332
749216
749283
751597
753602
759379
763723
764911
768605
771415
774118
777268
778128
778612
788251
789187
797285
801194
804021
815144
821665
823850
824820
825604
826345
827069
831010
831316
834389
852742
861106
864133
870856
877463
879808
879964
881075
883077
886020
892861
895129
895647
908233
908521
909992
914707
924434
925824
926856
934217
938289
942834
944385
953342
955036
956035
963640
969184
970389
974836
976474
981763
983105
983542
984809
993818
995318
996163
997275
998780
1000903
1001625
1006717
1008836
1018489
1023457
1024472
1024684
1028671
1029521
1032050
1035544
1036280
1041403
1042172
1050667
1053100
1058556
1059436
1070585
1078853
1084174
1088551
1098109
1102612
1103311
1105469
1106211
1109185
1115410
1123532
1127910
1129451
1136902
1137122
1139698
1141634
1142888
1151146
1155278
1165518
1166604
1169658
1172168
1172455
1176005
1178444
1178570
1178951
1179105
1184196
1184795
1193592
1196951
1201318
1201430
1202907
1214046
1215397
1219865
1233929
1235894
1237948
1247808
1255734
1256878
1257533
1263508
1265135
1273154
1274311
1275423
1276995
1280007
1280080
1281360
1283424
1289323
1289941
1294364
1294721
1295550
1295794
1297253
1298109
1300916
1306335
1310200
1325912
1327027
1336881
1337860
1339636
1343438
1343838
1346452
1350201
1364048
1368811
1371788
1373479
1374304
1375070
1379856
1381081
1386559
1390467
1390916
1391779
1391963
1393516
1400174
1407381
1409430
1409891
1417388
1420050
1423105
1425988
1426953
1428698
1429432
1430163
1431876
1434652
1441028
1442838
1448794
1450280
1452604
1453438
1454192
1456955
1458893
1459336
1459789
1460414
1466873
1474923
1476120
1487761
1487772
1488078
1491534
1494920
1499211
1499495
1507358
1507445
1513745
1515086
1516591
1525452
1526343
1531253
1531281
1531599
1534668
1539628
1542533
1548647
1550899
1553367
1558230
1560724
1561821
1562455
1565270
1567812
1569371
1573992
1574214
1574982
1580659
1582936
1583617
1584833
1587068
1588069
1588108
1588875
1590276
1597760
1598991
1605487
1606132
1611899
1612968
1613374
1615656
1624679
1630244
1637550
1640966
1643799
1647680
1660711
1662161
1662395
1665218
1667248
1669171
1670185
1671166
1673573
1676835
1683259
1684110
1688926
1696859
1703695
1703734
1705436
1710355
1711356
1712343
1719064
1721053
1725623
1728083
1730037
1731200
1736887
1742121
1742612
1753816
1755489
1755881
1756597
1758410
1759468
1762305
1764517
1770147
1772386
1774291
1777935
1779960
1781312
1783556
1784820
1787255
1789744
1791859
1792246
1793148
1796288
1796717
1798458
1802162
1802659
1803360
1803804
1806443
1806826
1810067
1811179
1815356
1815468
1822498
1822858
1825046
1825230
1827113
1831966
1833006
1834199
1834827
1836203
1837602
1839078
1839123
1848643
1850374
1851094
1860531
1866915
1867017
1873248
1877672
1878494
1878863
1880993
1885231
1886127
1886564
1888533
1891266
1892038
1893595
1894050
1894627
1898328
1900925
1901958
1912205
1914948
1922725
1926418
1929552
1930699
1931015
1933102
1935084
1935576
1941754
1944714
1946087
1948720
1950419
1951406
1953086
1956110
1961704
1965135
1965186
1966334
1966560
1970979
1971628
1976429
1976699
1984239
1986909
1988039
1990621
1990873
1993410
2002645
2003137
2003325
2008906
2009318
2009377
2009406
2009631
2010695
2011569
2011632
2012151
2014513
2014998
2017180
2018428
2019856
2022813
2024325
2037104
2037124
2044937
2048706
2050294
2052216
2055118
2060974
2062820
2067371
2071661
2073491
2075773
2076199
2082571
2083169
2087015
2093750
2096816
2097998
2100460
2100806
2109951
2111539
2118494
2125319
2125807
2127033
2130168
2133220
2135230
2136574
2136729
2140045
2140714
2142679
2150445
2152348
2153704
2153735
2153778
2158118
2163095
2163706
2164531
2172250
2175175
2182567
2184330
2186342
2192032
2199748
2200200
2204795
2206366
2208639
2210269
2212329
2216769
2220225
2232369
2244970
2245589
2248105
2250610
2254779
2255347
2255654
2256503
2256603
2259632
2260814
2262264
2262761
2269843
2276950
2278439
2286345
2287437
2293120
2294547
2300790
2302642
2304118
2304143
2305228
2305801
2306174
2309087
2319208
2319218
2319421
2319771
2323507
2335864
2336252
2336318
2336543
2336982
2337996
2338627
2354245
2354626
2356187
2360640
2365238
2367704
2370787
2371565
2374737
2376407
2377358
2379001
2379499
2380070
2381052
2382883
2385222
2386001
2389704
2393732
2394110
2403783
2407808
2408187
2411179
2412324
2413929
2415520
2415676
2419575
2421965
2427010
2427305
2427650
2430729
2441103
2441757
2442693
2445611
2450572
2450833
2451998
2453316
2454749
2458705
2460579
2462888
2468305
2469516
2471457
2472364
2473773
2476781
2476816
2478720
2480019
2480777
2480970
2485961
2488085
2488293
2488346
2489506
2490731
2494538
2496617
2497135
2497482
2504082
2508049
2508763
2510740
2512857
2515920
2518076
2520275
2523678
2525209
2525238
2528581
2533379
2537101
2542526
2547829
2547990
2548538
2549133
2551787
2556242
2556594
2556722
2561106
2563556
2565953
2570870
2570916
2574044
2574215
2576238
2577239
2577276
2581802
2585465
2592386
2600176
2600335
2603063
2606485
2608829
2610513
2616638
2617303
2617684
2618463
2625615
2627010
2629153
2633963
2634053
2640171
2650771
2650893
2654993
2655691
2658091
2661286
2670387
2673170
2676527
2677582
2679725
2680469
2681986
2685049
2685614
2687027
2691083
2691515
2698665
2701271
2702593
2702935
2703100
2712249
2714430
2716756
2717193
2717364
2718917
2719753
2722880
2723166
2723987
2724722
2729320
2732932
2734472
2737156
2737332
2741481
2746759
2748027
2750824
2751219
2751466
2751688
2751994
2755093
2757080
2757353
2757714
2758138
2759248
2761742
2772257
2779155
2779240
2780718
2781245
2787394
2790651
2792556
2801025
2803487
2805260
2817127
2818168
2821805
2822946
2827896
2828782
2833539
2834250
2837081
2837350
2847750
2856095
2858553
2860492
2863403
2867704
2868120
2869959
2873533
2873657
2875468
2876535
2881024
2881437
2884123
2889930
2890480
2893269
2897401
2899384
2899681
2902467
2904512
2904791
2907296
2908651
2908706
2909517
2913081
2914512
2914658
2915586
2920065
2931616
2932315
2933331
2935113
2944320
2944673
2948776
2949252
2950337
2950547
2951810
2953473
2955995
2957632
2960289
2960430
2962808
2962812
2963595
2964378
2968990
2970534
2972414
2975294
2975472
2988090
2990917
2991582
2992924
2994872
2995754
2999082
3001305
3007504
3007721
3019569
3026684
3026733
3026950
3028856
3030336
3036528
3036813
3043589
3052246
3053713
3057683
3067467
3069421
3072832
3084105
3089487
3089893
3091284
3093680
3095714
3096437
3099704
3100034
3102167
3104689
3104949
3106981
3112166
3118979
3120893
3123664
3125142
3125355
3126218
3136564
3139082
3145234
3148202
3151122
3158020
3164510
3167670
3168056
3170392
3172546
3178941
3179832
3183007
3186045
3187322
3190394
3194338
3194793
3200245
3203342
3203626
3203674
3208199
3221232
3221258
3222725
3222749
3231698
3232805
3235337
3235859
3243468
3245409
3245966
3251677
3253325
3256358
3258106
3260931
3262423
3267038
3267506
3278300
3281004
3281439
3284164
3284946
3288037
3289492
3293143
3293240
3309947
3313103
3317957
3324474
3333993
3337274
3341375
3342103
3347493
3348433
3352198
3354182
3354490
3354711
3356180
3362132
3362717
3362976
3364089
3364169
3365589
3367179
3370057
3372677
3379969
3384678
3388076
3395387
3396102
3396370
3396959
3404721
3405368
3406371
3407364
3409760
3410857
3411845
3413930
3415288
3415920
3417089
3417811
3421898
3426227
3427416
3427707
3429584
3435006
3437596
3443633
3444581
3445607
3450583
3452695
3453318
3457255
3457320
3463098
3469613
3470651
3471565
3472612
3482039
3489237
3491941
3494302
3497517
3502833
3506371
3506745
3508979
3509198
3510469
3512792
3514305
3518787
3519277
3520959
3522686
3527398
3528751
3537556
3537665
3540698
3542699
3551796
3551964
3553446
3553863
3559034
3564523
3567638
3575794
3578372
3580919
3582281
3585308
3590033
3592378
3596506
3602898
3606850
3611837
3612945
3617771
3621382
3623692
3624195
3625815
3625832
3629355
3631788
3639790
3645870
3646798
3646814
3656244
3659753
3662929
3667035
3669259
3669991
3672326
3682948
3683898
3693251
3697025
3697246
3697320
3707577
3711862
3713523
3713824
3714727
3715819
3721738
3727105
3733472
3733700
3737626
3738907
3744095
3748282
3750149
3751030
3753151
3756433
3756971
3757193
3762854
3765391
3765960
3768358
3769123
3769337
3769633
3769895
3771549
3773002
3775979
3777513
3777974
3781361
3792542
3797656
3799024
3800035
3804556
3804967
3807261
3809464
3817234
3817897
3820869
3821382
3822367
3822917
3823426
3823993
3825969
3826476
3838979
3846928
3848082
3848364
3849073
3854085
3865573
3869017
3878987
3880124
3881560
3891570
3900317
3902639
3904102
3905566
3913314
3917449
3917810
3924901
3925908
3928508
3934230
3936328
3939403
3940213
3944792
3945289
3946947
3947363
3948504
3951389
3954557
3957765
3957892
3958411
3963295
3968572
3968901
3972125
3972369
3977738
3978575
3978720
3981179
3983361
3984325
3987621
3989860
3993608
3997140
3997463
3998766
4000242
4020090
4026281
4026680
4030673
4030768
4033155
4036114
4036384
4039625
4040370
4042723
4045278
4045620
4051344
4053042
4060986
4061820
4063029
4063032
4066506
4071668
4076142
4079548
4084091
4094073
4094434
4097659
4098488
4107663
4108671
4109158
4111456
4113581
4113648
4121938
4122842
4124975
4128063
4128405
4129008
4132667
4136036
4138288
4144319
4146620
4150079
4152502
4158955
4170098
4172581
4172808
4173078
4179117
4182288
4184338
4188023
4191771
4192315
4192935
4193509
4196771
4197707
4198194
4199968
4203311
4205042
4209940
4211680
4211801
4212614
4213518
4214376
4218753
4219994
4221179
4221982
4222548
4223324
4227138
4227157
4230358
4232661
4233899
4236938
4237108
4242406
4243500
4250051
4250998
4259865
4260699
4272950
4274098
4274315
4277279
4277603
4278260
4282748
4289013
4289660
4295911
4297015
4304303
4308730
4312066
4314116
4325315
4326215
4326917
4333555
4335963
4340253
4341808
4341986
4342787
4347158
4350876
4351120
4354150
4355398
4362786
4363901
4364087
4368861
4369504
4378604
4394277
4395439
4397477
4398870
4399181
4407043
4416540
4416887
4418482
4420343
4422398
4425129
4425558
4426388
4430207
4432194
4433543
4438178
4440194
4445332
4445574
4457675
4459555
4464872
4474634
4477918
4480743
4481222
4486230
4489530
4494470
4497073
4499145
4502351
4506292
4506869
4507425
4513388
4516545
4516728
4516876
4523696
4525234
4525574
4527148
4527542
4533985
4534619
4534676
4538801
4546382
4548398
4558247
4559950
4560188
4560631
4560644
4560893
4562316
4563424
4574058
4574165
4575765
4577308
4580594
4581080
4581747
4582805
4582994
4583566
4585527
4587266
4587759
4588818
4588923
4589347
4596340
4596571
4600707
4603307
4605068
4608335
4608649
4610060
4614127
4615947
4616557
4621617
4627260
4628021
4633986
4635387
4636861
4637224
4643134
4650312
4650563
4653693
4656181
4658827
4660659
4668010
4669662
4672731
4676330
4677258
4678029
4681141
4683014
4683766
4685186
4685840
4687865
4690301
4695025
4697645
4699689
4702058
4705959
4707001
4707149
4708312
4710125
4710894
4712044
4714303
4723283
4725240
4729061
4737013
4739633
4740166
4743874
4744103
4748060
4748425
4749621
4752946
4761954
4765065
4768646
4773347
4773492
4775442
4775707
4777073
4782322
4785249
4791505
4796825
4798813
4805532
4806403
4808087
4812181
4812241
4813629
4813636
4814613
4816986
4825822
4838042
4841170
4842773
4846792
4851470
4859688
4863681
4864697
4868110
4870088
4876944
4877441
4878460
4878715
4888119
4893120
4893700
4894600
4897601
4900375
4903687
4906349
4909407
4909757
4915984
4917789
4923899
4924014
4924945
4928473
4935107
4937485
4940879
4942330
4942737
4944262
4950344
4951478
4953417
4955790
4956704
4956935
4965038
4967999
4968434
4968599
4970970
4971163
4977900
4980193
4982410
4982454
4992304
4994535
4997164
4999321
5001156
5001907
5006572
5007433
5007814
5008808
5010663
5011816
5011833
5012032
5012984
5013527
5017322
5023829
5024385
5024742
5028242
5028723
5030739
5032613
5039890
5046842
5048567
5052231
5052539
5059859
5072803
5074023
5076771
5078435
5080101
5081774
5081967
5088989
5100719
5103985
5109051
5109672
5110472
5112098
5113394
5115093
5121535
5122965
5125431
5129778
5130896
5137530
5137937
5140247
5155176
5166407
5171034
5171537
5172313
5182057
5186881
5188055
5197057
5199811
5201627
5205131
5207123
5217069
5220889
5224401
5235588
5237881
5239402
5240759
5249887
5254346
5255857
5259225
5264978
5267541
5267820
5268956
5269776
5273245
5274490
5277089
5277255
5282249
5283665
5285015
5288959
5294404
5301743
5311188
5312003
5315276
5316651
5319304
5321539
5328574
5331097
5344049
5347537
5352396
5354967
5355146
5359865
5365275
5365785
5366341
5366344
5368168
5368325
5372353
5373924
5379080
5385285
5385605
5387689
5389643
5392447
5393657
5398032
5399108
5400888
5403714
5406274
5414820
5426409
5426613
5428232
5446517
5448334
5450474
5450929
5455867
5457990
5460143
5461083
5462341
5472280
5472525
5472861
5479658
5479675
5484792
5489533
5499116
5502770
5513563
5515993
5520816
5522996
5526315
5529799
5537133
5539983
5546171
5547873
5549251
5551919
5562686
5565997
5580622
5581257
5581929
5586094
5587313
5592777
5594512
5597397
5603448
5607511
5615702
5616583
5624937
5628828
5630322
5630992
5632926
5633383
5641040
5641210
5641790
5642848
5644973
5650017
5659871
5663811
5664274
5673227
5675054
5684485
5684591
5686123
5688545
5694720
5696364
5697916
5699294
5700296
5702880
5704896
5705150
5713869
5718362
5728918
5729381
5736353
5740967
5751444
5754585
5756865
5758437
5765089
5766248
5766267
5769689
5773168
5773195
5775653
5776151
5776258
5777364
5781995
5782316
5786705
5788567
5789875
5792573
5795620
5801612
5803177
5805733
5806452
5816770
5817548
5819077
5820082
5822016
5824339
5828778
5829389
5831551
5832080
5832733
5833951
5836009
5849780
5856763
5857567
5859386
5862462
5863430
5864691
5864769
5865364
5866477
5872306
5874223
5875161
5881694
5881715
5881859
5884752
5887222
5889627
5890575
5893543
5898062
5906362
5911447
5916290
5916820
5918241
5918939
5926757
5931441
5937388
5947342
5947576
5952102
5955356
5960775
5963931
5964904
5967400
5970387
5971662
5972076
5983760
5984642
5985162
5986237
5988740
5990200
5993037
6000826
6003739
6003777
6008601
6010913
6014257
6014333
6014515
6015883
6019286
6025201
6028144
6033942
6036183
6045444
6053283
6059712
6060889
6064929
6067258
6070165
6071199
6078900
6087791
6088292
6088956
6089118
6093413
6098941
6101119
6101202
6103719
6105740
6108740
6109566
6117141
6117699
6124928
6127790
6129019
6130655
6131778
6134791
6135533
6135817
6136384
6137401
6137402
6146883
6149214
6151835
6152514
6153679
6153888
6154269
6154812
6165328
6169073
6169141
6173424
6180823
6182884
6191616
6195370
6195612
6200692
6201640
6202339
6203415
6203961
6204183
6205744
6208921
6210549
6211599
6212029
6212887
6213395
6213781
6214402
6214615
6218059
6219782
6220980
6222045
6224766
6232304
6233372
6235220
6236504
6242123
6242951
6244612
6245101
6246941
6251991
6256099
6259399
6260802
6263269
6267274
6268881
6269632
6269735
6274189
6277439
6278260
6285264
6288396
6288950
6291379
6299473
6300709
6307571
6310035
6321120
6326480
6337381
6340907
6349934
6355092
6359257
6363751
6368050
6368368
6371300
6375256
6375397
6375790
6376074
6379077
6379238
6382195
6384031
6385617
6392748
6404662
6411907
6416237
6417662
6420457
6421177
6423416
6428352
6432516
6435374
6444129
6444439
6450506
6451533
6452017
6460691
6466127
6467370
6470864
6483453
6485405
6487290
6489422
6491746
6492448
6497102
6499340
6508627
6509102
6509266
6509683
6510375
6512996
6513766
6514773
6517278
6519373
6520249
6520415
6522410
6536575
6536957
6540950
6541062
6543412
6545877
6546293
6554948
6556470
6560553
6561354
6563016
6564626
6565001
6566084
6566503
6571336
6577521
6581359
6583797
6584009
6589145
6592062
6592923
6605458
6606461
6609929
6611378
6618631
6628065
6628186
6629595
6631185
6636628
6640488
6641372
6641628
6643937
6650598
6658224
6659365
6664354
6687925
6697827
6698693
6704008
6704672
6706353
6707411
6710079
6710299
6717284
6717436
6719348
6721899
6723479
6726145
6731271
6736190
6738616
6745662
6757200
6757696
6761006
6761116
6762813
6772472
6773213
6776509
6777117
6777643
6778550
6782064
6785058
6788831
6789734
6790702
6790829
6799771
6802825
6805198
6809289
6820122
6825612
6825779
6826488
6830105
6832128
6843516
6845441
6851125
6853888
6859658
6869744
6870342
6871383
6872628
6874293
6876094
6876452
6878421
6880497
6882721
6883677
6883729
6888366
6890964
6891461
6898121
6899520
6904085
6906958
6909853
6912476
6913048
6918751
6926103
6926133
6932155
6933555
6934893
6935046
6935085
6940025
6944617
6944808
6946269
6946478
6952300
6953346
6957597
6958344
6958659
6963284
6964741
6967800
6967832
6968845
6970408
6971429
6976120
6982183
6984295
6989483
6998321
6998914
6999221
6999282
6999930
7003149
7004627
7004864
7006582
7006646
7011500
7012024
7012933
7014422
7016165
7020957
7022282
7025698
7026935
7032892
7034333
7037821
7040718
7045732
7046258
7047963
7051025
7063959
7066192
7068509
7081836
7081956
7086241
7087862
7090647
7091081
7094738
7100434
7104390
7104748
7105576
7112025
7114096
7116184
7116346
7122710
7125883
7129714
7136826
7139236
7141062
7142624
7145695
7146153
7148612
7148670
7149083
7153816
7157384
7157701
7164571
7167948
7169445
7172880
7176307
7180447
7183123
7191302
7191450
7197810
7201576
7206226
7207428
7208366
7209247
7217777
7220782
7223333
7224047
7228408
7230681
7234790
7235280
7235340
7243000
7245892
7246350
7251725
7253073
7255525
7257091
7267453
7268199
7269786
7280672
7285676
7294524
7294840
7295453
7295711
7296883
7296914
7299979
7304483
7304496
7304621
7306359
7306636
7307337
7310765
7313660
7317692
7318912
7323656
7323951
7326590
7328940
7329558
7331689
7333815
7334311
7336610
7340250
7342589
7345862
7348252
7350545
7350822
7351450
7353267
7357712
7363820
7365802
7368698
7369814
7373371
7378736
7381440
7382894
7386096
7386447
7386954
7391330
7391659
7392175
7394117
7397237
7402108
7402679
7402981
7405115
7415784
7417585
7421785
7424545
7436681
7438140
7445887
7449400
7456036
7456206
7459381
7459432
7462060
7463180
7466214
7470163
7470377
7478072
7478296
7479768
7481891
7484196
7484900
7484922
7485934
7491832
7495375
7501283
7501610
7505332
7507423
7509729
7510048
7510653
7513528
7513870
7514913
7516813
7517634
7520710
7522187
7525219
7528540
7530741
7533414
7533504
7533814
7534532
7537596
7544607
7548436
7550775
7560372
7560531
7565481
7566003
7573941
7590345
7591980
7600794
7601059
7612070
7614852
7619032
7626403
7631458
7634233
7635513
7635734
7637024
7640202
7643189
7644649
7647483
7648214
7649798
7668315
7671608
7679192
7680730
7682691
7683039
7683704
7686321
7688912
7689037
7694565
7696189
7696826
7697362
7699070
7700367
7702854
7704187
7707705
7709716
7709983
7710929
7714507
7716003
7717180
7717731
7718930
7723852
7724766
7726395
7726694
7729010
7733121
7735039
7736674
7739093
7739527
7740101
7748373
7749953
7754128
7763438
7768690
7774023
7774155
7781782
7784281
7787727
7789001
7789254
7789547
7795764
7802831
7802854
7811065
7811805
7817528
7826239
7826811
7831845
7832156
7833860
7836114
7838178
7840802
7845707
7847832
7862777
7868655
7870973
7872483
7873731
7886841
7886999
7888298
7888494
7892229
7895334
7896092
7902222
7906982
7911235
7915973
7916923
7920268
7921808
7924636
7927787
7929878
7930618
7936313
7936374
7938006
7938410
7939893
7943630
7944560
7945524
7946110
7949709
7950473
7952132
7955264
7957010
7965129
7969438
7972193
7973510
7973585
7974078
7982011
7988622
7988886
7989504
7989892
8001866
8002891
8003929
8008656
8014233
8015069
8019743
8020973
8021094
8021725
8024685
8025651
8034415
8034900
8035573
8037263
8037376
8039820
8044888
8045378
8048372
8052869
8058433
8062440
8064529
8065016
8065344
8066309
8071836
8073066
8076913
8078947
8084207
8086644
8089112
8097782
8099004
8100838
8104871
8105375
8111081
8113669
8119144
8119744
8119878
8122244
8122510
8125306
8134337
8136537
8145455
8156929
8166967
8170701
8170932
8172002
8177879
8178494
8178787
8192287
8193599
8195451
8198239
8199633
8201740
8208892
8209230
8211324
8214168
8215210
8219633
8221052
8222216
8223067
8224724
8226701
8241125
8241670
8242822
8247059
8247469
8247905
8254963
8258729
8263259
8270140
8273704
8274093
8277123
8277740
8278378
8282267
8285192
8295281
8298089
8298814
8300369
8300845
8302760
8305326
8309172
8309827
8314821
8316542
8317484
8317584
8318915
8323647
8331772
8334469
8334944
8337366
8341071
8341891
8355857
8359396
8360446
8361251
8361861
8377349
8377845
8384248
8394195
8407206
8407462
8408887
8420414
8427253
8428983
8429514
8431075
8441613
8446045
8446185
8454041
8455367
8460336
8465312
8468435
8469747
8472826
8474494
8478293
8478835
8479018
8479409
8485195
8485863
8486733
8488921
8491950
8492256
8493044
8496813
8499448
8506069
8508432
8508781
8516272
8520411
8520914
8522416
8527064
8528686
8529481
8529708
8530691
8540002
8542447
8545726
8547597
8553807
8556941
8559154
8560691
8566378
8571756
8573078
8576299
8576449
8576862
8578899
8579655
8579903
8581534
8583389
8587828
8588308
8595750
8597172
8598737
8600733
8603436
8605546
8608626
8611159
8613411
8619268
8621891
8624100
8628604
8629260
8631869
8635790
8646597
8648576
8648853
8649706
8657464
8661633
8665086
8670021
8672976
8674560
8694296
8694611
8700249
8700281
8700283
8701132
8706102
8707175
8707462
8707819
8716979
8717143
8721384
8721752
8725040
8728193
8737330
8742383
8745670
8746585
8746746
8746834
8747890
8750403
8752550
8753046
8754694
8757632
8761177
8762258
8763363
8764178
8772140
8772481
8774013
8782261
8783406
8784236
8786524
8787302
8790558
8793658
8793722
8799099
8804603
8805101
8807473
8810827
8811969
8821369
8825367
8826210
8830797
8830890
8831851
8835431
8842585
8845890
8847887
8852411
8854921
8854990
8856047
8858681
8859805
8867087
8869120
8870219
8870654
8871234
8871852
8872100
8873530
8885057
8885684
8888983
8894861
8894889
8896717
8899269
8903218
8903804
8911895
8913456
8918055
8922969
8927156
8929787
8930032
8932050
8934760
8936276
8939475
8943546
8947835
8959046
8962518
8971773
8976855
8977315
8981566
8982056
8991495
8992914
8996350
8998740
8999379
9001211
9001310
9002196
9007725
9008454
9013840
9020074
9029056
9032974
9038522
9041477
9042769
9049414
9050888
9052911
9053697
9061645
9066486
9070548
9071172
9072556
9074628
9078569
9078779
9079740
9079850
9081193
9082087
9082837
9083233
9084287
9085711
9089589
9094557
9098018
9101590
9117974
9118547
9119142
9121037
9121226
9122102
9123609
9125658
9126924
9130061
9143900
9146973
9148088
9153323
9156799
9164086
9168200
9173300
9173852
9174393
9182090
9187491
9189075
9198186
9203164
9203704
9207584
9207908
9208041
9208092
9214513
9216050
9220311
9230365
9236621
9244792
9247473
9248211
9249894
9250107
9254980
9255472
9255591
9261108
9261142
9262863
9268512
9271806
9274151
9274190
9274972
9280250
9281279
9283111
9285283
9289165
9295663
9303208
9304233
9308726
9316714
9316795
9324356
9326509
9330794
9336607
9339142
9340931
9342147
9344214
9344768
9349140
9361275
9361905
9362707
9365642
9368394
9371090
9371283
9372281
9374010
9374169
9389915
9392154
9392280
9398624
9401820
9408046
9408292
9412659
9414808
9415741
9418074
9422201
9422366
9424422
9428740
9429717
9430916
9440046
9441379
9441595
9445670
9446569
9447759
9448116
9452516
9452665
9453184
9454533
9459522
9461789
9471308
9474380
9476492
9479024
9487317
9488035
9488064
9488549
9488668
9492162
9501735
9505025
9505275
9511933
9513616
9514279
9515416
9518368
9521136
9523494
9525622
9527818
9529902
9535148
9538348
9538812
9541547
9542216
9543428
9548158
9552519
9553503
9553618
9562718
9563713
9575408
9577681
9577869
9579660
9584892
9585677
9586961
9588579
9590838
9591635
9596706
9601957
9607736
9615349
9618429
9619536
9622296
9622498
9624950
9628460
9630961
9633473
9634143
9637093
9640041
9640221
9642363
9642554
9645603
9646026
9646656
9646731
9650561
9652053
9653852
9653885
9661587
9670616
9671042
9680665
9680776
9681816
9684268
9685956
9687106
9692303
9696523
9701073
9707212
9710943
9711955
9715119
9718606
9724997
9725630
9729121
9733867
9741434
9743314
9743835
9744319
9745441
9746720
9748929
9754281
9757210
9757448
9759463
9764135
9764817
9764997
9771684
9772071
9772106
9774825
9779618
9781520
9784052
9786770
9786808
9796388
9798977
9812613
9817405
9822588
9833731
9834953
9835479
9836574
9837002
9838292
9854823
9855722
9856751
9858912
9859610
9860887
9867306
9868753
9870470
9873598
9876205
9880461
9881457
9884778
9897222
9900086
9901389
9907296
9911155
9911840
9913803
9915707
9918553
9921402
9926071
9928036
9928595
9933839
9934542
9939714
9942776
9943439
9952513
9955542
9956313
9956999
9957653
9957677
9962339
9963160
9966656
9967941
9969247
9970770
9980475
9982419
9989489
9992103
9993318
9998573
9999168
10000847
10001601
10005790
10012263
10014693
10015208
10015271
10016578
10025050
10034355
10037668
10041120
10041469
10041555
10042527
10045451
10049884
10050482
10054961
10056200
10060777
10063396
10065130
10066385
10067875
10072418
10076677
10077077
10091682
10093648
10095519
10099557
10102020
10102749
10103744
10104531
10109050
10109134
10113456
10116610
10119093
10127480
10129587
10129814
10130612
10130873
10138451
10138985
10139686
10140654
10141680
10144701
10145198
10146191
10147214
10150608
10150979
10155472
10156762
10156877
10161336
10163678
10166105
10166350
10169522
10170855
10172575
10176172
10190548
10190845
10193122
10193738
10195458
10200937
10203300
10204033
10205928
10206340
10206381
10207305
10209797
10212261
10213171
10216943
10219784
10221662
10222604
10222721
10222894
10223466
10224733
10229789
10230531
10230591
10236371
10236386
10243090
10248689
10249899
10251147
10253798
10257384
10258267
10267791
10269689
10272909
10273186
10273435
10275831
10276332
10279855
10282609
10286332
10289843
10290071
10292362
10293208
10298083
10298127
10298703
10302614
10304193
10307792
10315517
10315843
10321933
10324655
10324788
10326734
10327344
10328330
10329163
10330171
10331279
10334368
10335240
10335489
10339746
10341492
10346627
10354841
10356834
10357938
10358930
10362701
10363544
10365106
10378267
10380302
10380412
10383862
10386226
10388422
10388580
10390130
10395564
10398703
10407107
10410582
10411981
10412332
10414535
10416648
10419800
10424172
10424176
10431621
10434682
10438217
10438594
10440559
10446854
10447801
10448102
10450293
10456030
10460336
10462459
10463581
10465688
10465758
10467198
10468860
10471748
10474061
10474591
10478139
10479994
10480709
10480811
10489821
10490716
10491944
10495129
10495397
10498118
10498356
10500631
10500841
10502973
10503668
10508482
10508831
10517094
10521421
10522133
10527713
10529485
10535486
10540697
10542758
10545318
10545667
10548047
10548803
10550580
10552181
10553299
10556808
10558636
10563428
10563542
10565885
10573780
10583072
10587557
10591021
10592553
10593485
10595508
10595799
10599449
10600538
10601103
10605228
10610160
10611596
10611724
10614993
10618807
10620900
10623064
10623352
10627101
10630852
10631130
10632688
10636970
10638637
10638733
10639993
10640990
10647002
10650913
10657860
10658508
10659462
10663638
10665193
10665467
10670763
10674145
10674233
10677387
10681035
10684429
10686571
10687397
10689691
10696341
10696912
10699947
10701973
10702839
10708527
10708562
10709197
10721376
10726141
10737675
10739842
10742663
10744383
10751407
10755652
10758394
10758886
10758944
10760399
10760782
10762995
10765662
10766248
10768286
10769104
10769855
10771553
10773960
10778630
10779968
10781628
10786162
10786496
10794197
10795457
10797358
10800060
10803506
10812332
10817463
10819119
10819688
10820720
10826227
10832380
10832420
10833881
10835500
10838135
10839025
10841127
10846833
10855391
10857628
10872368
10877435
10881525
10885057
10887824
10893793
10896803
10897477
10900054
10900304
10900497
10901043
10903454
10905486
10913859
10915319
10922744
10922906
10924669
10925424
10925505
10926165
10928328
10930063
10932104
10935285
10935545
10937061
10941081
10942282
10942565
10945457
10947441
10949511
10950271
10961029
10965460
10973290
10976774
10976975
10980015
10986363
10987028
10988340
10989789
10990226
10997511
11004723
11007467
11010936
11010968
11012497
11012939
11019612
11021527
11022248
11023564
11025521
11027416
11028133
11033544
11033916
11037022
11040565
11046292
11047483
11048540
11050919
11051419
11051435
11052819
11056936
11063954
11066507
11067891
11068846
11070680
11071207
11073589
11076886
11084004
11092979
11097887
11098574
11099251
11109647
11112075
11112397
11112636
11118456
11120005
11120080
11125454
11131253
11131823
11131900
11132434
11132447
11136630
11152553
11158475
11161230
11163226
11165469
11166932
11170300
11171682
11175098
11175329
11177027
11177580
11179392
11180362
11190319
11190721
11197365
11199698
11200310
11203273
11203293
11204874
11207855
11208593
11212926
11214471
11217834
11217999
11218787
11220600
11226481
11232467
11233651
11235644
11235931
11240317
11240595
11245424
11250350
11256780
11257528
11264238
11266150
11266397
11267519
11267788
11268417
11268706
11269698
11270236
11271225
11271686
11272967
11273708
11277546
11284431
11287453
11289803
11298241
11299731
11316495
11318133
11322951
11325497
11326179
11327060
11329838
11332277
11332393
11332778
11335257
11341063
11347898
11348224
11349389
11350646
11353601
11354390
11358791
11359654
11360329
11360406
11360768
11361212
11367909
11373163
11374495
11375635
11376290
11380704
11382435
11383366
11385063
11386107
11386169
11386198
11387569
11388191
11388427
11391090
11393086
11397869
11402963
11403572
11405839
11409014
11413810
11420865
11421223
11430751
11430793
11432706
11433252
11433830
11436259
11441829
11456349
11456538
11459322
11460885
11461952
11462316
11462523
11468841
11471302
11473566
11476107
11479973
11486151
11492213
11492476
11495748
11497584
11497778
11499028
11500206
11500346
11503549
11504147
11504779
11510511
11510566
11515019
11515902
11519693
11519913
11521726
11523971
11527593
11528912
11530453
11532684
11532896
11539677
11539887
11540283
11540623
11541626
11541633
11547080
11550588
11560977
11567603
11587214
11589322
11589923
11593285
11597150
11597237
11597448
11611418
11614669
11624381
11624870
11625649
11626577
11627232
11630941
11635421
11635707
11637077
11649172
11649329
11654368
11660626
11667270
11673653
11674881
11679443
11680556
11683248
11688611
11693100
11698251
11702076
11704845
11709448
11727076
11729947
11730379
11735619
11745152
11746796
11751823
11758029
11768673
11776896
11778963
11783407
11784239
11785111
11789823
11794859
11799097
11800473
11801824
11803149
11810526
11811094
11824946
11825042
11831679
11832847
11838849
11848526
11850104
11853584
11859067
11859160
11859713
11863835
11864899
11868159
11869704
11872138
11873439
11873692
11878814
11879505
11881867
11882127
11886478
11889480
11892496
11892975
11894836
11895169
11895279
11897449
11903401
11906695
11908126
11910078
11910827
11911783
11912579
11918817
11924264
11925868
11929649
11932132
11934857
11939190
11944602
11946408
11949792
11949933
11957260
11958709
11961146
11962580
11963914
11969954
11970583
11973499
11974525
11974699
11982637
11984111
11984194
11984583
11986907
11990045
11990305
11991055
11995349
11999017
12006227
12006728
12013083
12013815
12017114
12018390
12018901
12019259
12020266
12026230
12029831
12040993
12041199
12044202
12046751
12047716
12056879
12058865
12059134
12060960
12068597
12070496
12073114
12077347
12078610
12078905
12079661
12082287
12089078
12089316
12093887
12097505
12103461
12106094
12108327
12108811
12109513
12113196
12120013
12121887
12123611
12129302
12129421
12134068
12142129
12142581
12142638
12142909
12144017
12144048
12151200
12152484
12153048
12153423
12159404
12164904
12167660
12171390
12179009
12179324
12179560
12182491
12184778
12186541
12188534
12190461
12192329
12199031
12204875
12207945
12209186
12210460
12213276
12220347
12221117
12224555
12225623
12225919
12235648
12235988
12238624
12245060
12246684
12249795
12251487
12254144
12256376
12262876
12264469
12264876
12266614
12272800
12276580
12279394
12281974
12286078
12287533
12288093
12288231
12296525
12297935
12300096
12309088
12313363
12317821
12320570
12322646
12323291
12323452
12333001
12338424
12339017
12348262
12349822
12353284
12360020
12366979
12379843
12381556
12382531
12385968
12394254
12394400
12394945
12396400
12397388
12404614
12408670
12412315
12421920
12424168
12424819
12426147
12427168
12438962
12443019
12444091
12446707
12450181
12453808
12457894
12461267
12461852
12466346
12467585
12473253
12473290
12479679
12484173
12488726
12491277
12509415
12515679
12516655
12521308
12522693
12526640
12526690
12527422
12528952
12529419
12534459
12542810
12552949
12554941
12558067
12568722
12569292
12572721
12576983
12579568
12581945
12584187
12588192
12590585
12590725
12591074
12591492
12591681
12591989
12592355
12593235
12594080
12599324
12602652
12602866
12603445
12604529
12605559
12606777
12609456
12609779
12610517
12611844
12618047
12619108
12621289
12622658
12625659
12626156
12627602
12628238
12642956
12646292
12647612
12669787
12669814
12669975
12672164
12674316
12676015
12682436
12693717
12694121
12696515
12696845
12698243
12703832
12708873
12710479
12712109
12713240
12713366
12716171
12722016
12726008
12727194
12734505
12736220
12736880
12738827
12745041
12754287
12758824
12769799
12771998
12772053
12786567
12787682
12788716
12790103
12791387
12792108
12793764
12803004
12803806
12804923
12813300
12814103
12815417
12820200
12828171
12831641
12832737
12835871
12837078
12838192
12839762
12841405
12844553
12848799
12860796
12864211
12864410
12869458
12870339
12871137
12876953
12877005
12882455
12889097
12890141
12891205
12894010
12897936
12906990
12917291
12918577
12929441
12930194
12930640
12933567
12938750
12940531
12955052
12956955
12960120
12970360
12974918
12975010
12976334
12983216
12988435
12992149
12996216
12998945
13000586
13001381
13003872
13004290
13007332
13008566
13013211
13017171
13019539
13022537
13023689
13025602
13031456
13037651
13037983
13043702
13044288
13044382
13045747
13048730
13053676
13054186
13055426
13065115
13066715
13071810
13074729
13081738
13087476
13087812
13088893
13092386
13092701
13096266
13100828
13106263
13107547
13112112
13114035
13120457
13130157
13139865
13142801
13146355
13152810
13153043
13156124
13156490
13157515
13167439
13177656
13181602
13182793
13186026
13188564
13189405
13191599
13193461
13195511
13195634
13197004
13202417
13202492
13204735
13207357
13224450
13227793
13231515
13232638
13234148
13238141
13241409
13241740
13243177
13246300
13248216
13248991
13250699
13251740
13252928
13255155
13256872
13260371
13270504
13271367
13278021
13279966
13281717
13282347
13283082
13283380
13288164
13290407
13293876
13295186
13295336
13299946
13304836
13305254
13307261
13308880
13309199
13316596
13323151
13328123
13334187
13334215
13334596
13338675
13343378
13345314
13356190
13368748
13377222
13378635
13384130
13385308
13385994
13389716
13390176
13390219
13392996
13404029
13407404
13410077
13411110
13411305
13412060
13412156
13412989
13417188
13423018
13423161
13425597
13433425
13435487
13442420
13442620
13450835
13451463
13451536
13452107
13457477
13459703
13460881
13461111
13461458
13462412
13464634
13471409
13474310
13479343
13489794
13490095
13496735
13498383
13506577
13507754
13509252
13509341
13518495
13519449
13519857
13522901
13523741
13527837
13529953
13531362
13534027
13554231
13561219
13567297
13578910
13582963
13584095
13584661
13586167
13592783
13595117
13595405
13596532
13600853
13606689
13607426
13613171
13613174
13614591
13615448
13616408
13618387
13619381
13622276
13636472
13637719
13638743
13639892
13640016
13640452
13644952
13647118
13649530
13650383
13654619
13655791
13659021
13661552
13664365
13664509
13664539
13678913
13680773
13682338
13684475
13687625
13690326
13703077
13711233
13711636
13713265
13714944
13717728
13727753
13733403
13740516
13745793
13748082
13752601
13753302
13759995
13765886
13766435
13769459
13774908
13775138
13778100
13784581
13788018
13788793
13790359
13791192
13796231
13804204
13804472
13807639
13812047
13813272
13814149
13816459
13823812
13842778
13846510
13850239
13853432
13862275
13869483
13870043
13870056
13872020
13874573
13878197
13880629
13881679
13888856
13889114
13900059
13901260
13903404
13905889
13910315
13911244
13916065
13917429
13919266
13919333
13923405
13924066
13932923
13933327
13938171
13939588
13939961
13940404
13940746
13966026
13966662
13972103
13976210
13979675
13984424
13985549
13985914
13986171
13988027
13988383
13992685
13994255
13996919
13998556
13999131
14000388
14002871
14004286
14005482
14012162
14015446
14015809
14018011
14018355
14027149
14037173
14040879
14041975
14044756
14048549
14050244
14057568
14060578
14070145
14070798
14072375
14073542
14079145
14080530
14084811
14088943
14093058
14096830
14104234
14105024
14107336
14107793
14111854
14117516
14118622
14122075
14125984
14126931
14128575
14132040
14132756
14133200
14137235
14137404
14139797
14140744
14140934
14141382
14142218
14143130
14144942
14146609
14147721
14148025
14150824
14153439
14155068
14159470
14162062
14164505
14165719
14179077
14182061
14186064
14187137
14187389
14187872
14201632
14208465
14210974
14213128
14213208
14217141
14218056
14219414
14222907
14226340
14231145
14233104
14237861
14238696
14238831
14240657
14246478
14247896
14257009
14259044
14262488
14276024
14276221
14276339
14279710
14283413
14283557
14285928
14287175
14288951
14290894
14292103
14296207
14304315
14310607
14311844
14312247
14313667
14317826
14330447
14330911
14334243
14335039
14335157
14339959
14341544
14350436
14360184
14362679
14366732
14366850
14367682
14369827
14370793
14371384
14371432
14372854
14374741
14380755
14382287
14387301
14388758
14389260
14399001
14401719
14407902
14414945
14417279
14419114
14420851
14422374
14423772
14429449
14431969
14432739
14439851
14443682
14443976
14444274
14444953
14449271
14453270
14453928
14455327
14455584
14459993
14463472
14470985
14472492
14474904
14481666
14481955
14482664
14484742
14486843
14488252
14492673
14493275
14497554
14499086
14504217
14507071
14508714
14511998
14515076
14523683
14527944
14534154
14535885
14537664
14539064
14539795
14543637
14543679
14545255
14546158
14546288
14559479
14560290
14564011
14565908
14569633
14575006
14575318
14575728
14576665
14582371
14584978
14586364
14586397
14587975
14588164
14590346
14590953
14594078
14605602
14607029
14611891
14612590
14613712
14619435
14619615
14621433
14626164
14632090
14638453
14640303
14646106
14647494
14648749
14654881
14655012
14656738
14656804
14661287
14668687
14673185
14676759
14680864
14681782
14685093
14689558
14691526
14694075
14695270
14696659
14696702
14697428
14697507
14698564
14702349
14704819
14706060
14709471
14711850
14718728
14723046
14723903
14724886
14729911
14730416
14733129
14734063
14740280
14740561
14754915
14756732
14756877
14758637
14767067
14768298
14768509
14777869
14788954
14795733
14798026
14798304
14799044
14801845
14803242
14804803
14805390
14808684
14811480
14814150
14818657
14822271
14822894
14822943
14823313
14834360
14840308
14842862
14843394
14844991
14845054
14848416
14848476
14849404
14852530
14859341
14863213
14866895
14867320
14869946
14873264
14885816
14888659
14897755
14899236
14904547
14906674
14908536
14909368
14918526
14918957
14919167
14922539
14922998
14927467
14927894
14938245
14944338
14948223
14954296
14954515
14955416
14956593
14958560
14959254
14959349
14967122
14970999
14971287
14971632
14972145
14973155
14976280
14980274
14987095
15000735
15002882
15006151
15008911
15010854
15014173
15017627
15018012
15021605
15022185
15025688
15032677
15034908
15045309
15045366
15045587
15046937
15050677
15051518
15060046
15067034
15070983
15071744
15081359
15081412
15082013
15086230
15093524
15096444
15097434
15099582
15103586
15103825
15111965
15113153
15113561
15116880
15117399
15120129
15120492
15122033
15124585
15125556
15126858
15129590
15130905
15132122
15134107
15134152
15139474
15145677
15149294
15154099
15157619
15162230
15162331
15164788
15173573
15175083
15175693
15176146
15176622
15182573
15185194
15185561
15185596
15186345
15192334
15192410
15194454
15194827
15195138
15196039
15204257
15207382
15210281
15215442
15228119
15232164
15245361
15245423
15246312
15249064
15256878
15261106
15263629
15265516
15266658
15273091
15274077
15275953
15289000
15292521
15292945
15293312
15295617
15295889
15296489
15300928
15306300
15306906
15311549
15313795
15317271
15318520
15319790
15326320
15331815
15333050
15333473
15336869
15339352
15341054
15341183
15342773
15347180
15356596
15359455
15374127
15377325
15381230
15385108
15386821
15390064
15390110
15390755
15393264
15397693
15401104
15409101
15409279
15409803
15412864
15415541
15415571
15418654
15420144
15420444
15424289
15424418
15427074
15431530
15435922
15436115
15440203
15443506
15446017
15458601
15463048
15463659
15465584
15467831
15472798
15474206
15478693
15479015
15482925
15485044
15488060
15490564
15494365
15496691
15499204
15511162
15513116
15515639
15517700
15519544
15520972
15521815
15522031
15537907
15539222
15539735
15543458
15556237
15557842
15559638
15576187
15580701
15587045
15589585
15590478
15592491
15592639
15602618
15604415
15606534
15613338
15613455
15616251
15626399
15635017
15637036
15645221
15645819
15652759
15660043
15665669
15672922
15678342
15678451
15686750
15694494
15697732
15699009
15699051
15707752
15712503
15714865
15715783
15726474
15735121
15735804
15737142
15738558
15740039
15751663
15751725
15753062
15761236
15761971
15762812
15764257
15765052
15766037
15767961
15771196
15780324
15781689
15781827
15788080
15789318
15794882
15797896
15798815
15799157
15801276
15802556
15806055
15808690
15808823
15809518
15809906
15819036
15821968
15827540
15828597
15833056
15833137
15835694
15835889
15840627
15845116
15847833
15849045
15849076
15851288
15863668
15865932
15869193
15869535
15873156
15874864
15876784
15883640
15889602
15894421
15899192
15901569
15901874
15902099
15902292
15903885
15908273
15917316
15921929
15926064
15929390
15929805
15932362
15938467
15938801
15942568
15943013
15945129
15945665
15948630
15948836
15951622
15955146
15957331
15959137
15964005
15966432
15972842
15973760
15975691
15982157
15983830
15987723
15993496
15993570
15993924
15999903
16000990
16001446
16010483
16013571
16025172
16029846
16031277
16035155
16041407
16050553
16050707
16051402
16054284
16056612
16058712
16059527
16059612
16061221
16064312
16072722
16073299
16073403
16073814
16074191
16075541
16077594
16084350
16085282
16085337
16091407
16092025
16099556
16100128
16103840
16107480
16108569
16119383
16131942
16134712
16137571
16137745
16139526
16140101
16140286
16142573
16154341
16156014
16163042
16163372
16167337
16170391
16170458
16171886
16173762
16174865
16175609
16180984
16182247
16184278
16185072
16186567
16193945
16196083
16196926
16205482
16207667
16214750
16215695
16219249
16220247
16220939
16222449
16225585
16225981
16227348
16237401
16239216
16250043
16250253
16250599
16265805
16267938
16269381
16271547
16272153
16282985
16288342
16288560
16291311
16295585
16301459
16303309
16303804
16305277
16306272
16309904
16310170
16312133
16313212
16313656
16318453
16318962
16320057
16321669
16323562
16327224
16328953
16329809
16329966
16329972
16343412
16345866
16349800
16349830
16350827
16353188
16357602
16360401
16361856
16363457
16364730
16368192
16370570
16372235
16375623
16377443
16383183
16383296
16385523
16389669
16392740
16392990
16393976
16396271
16396674
16398775
16399622
16399829
16402752
16403472
16404714
16406389
16411148
16412631
16417427
16420090
16420967
16428603
16430301
16439499
16441201
16447978
16451349
16455988
16456500
16464445
16465316
16467024
16468655
16478019
16478571
16479966
16486681
16486983
16488442
16493535
16498455
16500978
16503294
16503753
16510248
16510576
16510994
16511768
16512333
16513167
16515116
16515413
16515551
16515809
16517221
16521746
16522976
16523249
16528838
16529022
16529993
16530199
16531823
16537764
16543340
16544946
16545354
16546135
16546221
16556512
16558249
16561288
16562953
16564858
16565631
16566360
16569775
16572749
16575763
16578857
16583922
16585245
16586399
16595427
16596222
16600355
16608540
16609051
16610183
16611432
16611673
16621743
16622908
16625408
16631418
16632143
16632945
16635344
16639081
16651420
16655239
16656853
16659666
16668520
16669444
16673153
16673395
16680974
16682056
16687724
16692527
16693327
16693556
16694969
16695567
16696849
16706451
16725315
16728568
16732338
16734697
16736158
16736874
16740709
16744759
16746178
16756324
16760239
16766543
16769669
16770321
16770465
16773189
16778361
16778755
16780545
16787806
16791161
16791349
16798953
16799213
16805002
16806037
16807456
16814244
16815866
16816491
16821654
16821782
16823277
16830615
16836964
16846389
16846555
16848777
16849541
16852434
16855087
16858142
16858515
16859145
16865616
16867633
16869725
16872028
16877730
16877817
16881707
16887370
16889518
16896140
16896814
16901312
16902056
16912850
16922162
16923862
16926938
16930200
16931713
16931861
16939478
16943960
16944072
16945102
16953966
16968076
16968644
16968726
16981032
16981097
16982934
16986572
16989805
16993070
16994082
17000294
17000511
17005627
17006095
17006196
17006478
17006666
17009810
17014899
17015756
17020995
17021625
17023457
17026058
17026762
17042089
17043988
17049481
17050413
17050964
17053888
17056568
17061260
17064395
17065148
17075670
17076466
17077838
17078199
17082710
17090722
17096418
17100797
17102462
17103350
17103685
17107696
17108407
17117033
17119245
17123070
17128337
17129741
17130067
17131178
17131983
17133258
17135444
17135574
17136265
17138209
17138960
17139429
17141572
17146069
17146373
17147098
17147167
17148496
17153995
17154976
17159974
17169685
17177882
17178139
17179892
17182274
17183897
17200553
17204034
17208059
17209072
17212156
17217232
17219482
17219784
17222890
17226145
17227638
17229285
17231097
17233128
17236424
17236911
17237742
17238323
17238438
17239842
17241039
17250940
17250973
17252760
17254956
17257454
17265677
17269692
17294644
17298600
17298944
17307066
17307430
17308520
17309086
17309443
17309460
17314186
17315469
17315568
17317451
17319673
17326841
17327798
17332267
17341034
17345147
17346434
17346673
17346974
17348743
17349507
17354486
17362456
17365962
17375598
17387268
17388321
17392421
17392492
17393776
17394387
17398484
17398746
17399187
17403937
17409406
17410247
17411654
17413581
17416006
17421697
17422280
17423791
17424210
17428368
17433681
17438380
17440529
17443896
17444119
17444572
17446984
17452503
17453959
17458897
17460040
17460356
17463096
17465370
17469077
17469639
17470540
17475330
17477343
17478250
17481425
17482169
17484146
17486563
17491230
17495496
17505827
17510411
17516025
17516308
17517874
17519187
17519322
17521073
17521802
17522677
17524354
17524975
17529075
17537322
17539335
17541879
17545468
17549102
17551796
17556950
17557825
17559531
17564492
17567325
17568923
17570001
17573639
17576004
17577728
17580558
17589343
17590327
17592784
17595651
17603238
17603379
17603983
17613854
17614613
17617258
17620536
17621216
17627360
17632458
17633947
17635542
17636479
17643069
17647578
17648341
17651591
17652550
17654905
17660296
17662101
17667289
17668107
17668205
17671494
17672061
17675811
17676712
17677081
17678040
17679190
17683196
17693044
17706991
17711452
17711850
17714821
17715764
17716696
17719365
17719648
17719947
17722610
17734189
17735864
17742009
17742931
17743389
17743420
17746454
17747137
17749160
17765079
17765970
17772572
17786624
17787765
17788582
17790353
17790978
17798289
17812028
17812989
17820957
17823648
17829770
17831474
17832509
17833240
17834266
17837886
17843213
17847491
17849943
17850157
17853526
17864229
17865221
17870231
17871034
17872264
17873716
17873873
17875849
17876647
17879589
17880267
17881990
17882306
17884571
17885376
17887694
17895125
17895707
17895880
17898783
17900641
17904901
17906273
17908188
17909080
17914947
17919263
17924734
17927828
17931705
17932177
17934382
17934896
17936510
17946124
17957816
17959094
17961373
17964098
17967919
17967949
17970679
17975003
17987952
17995245
17997148
17997480
18009362
18010389
18014045
18015376
18016999
18020058
18022521
18024170
18033371
18035808
18035947
18036007
18037993
18041636
18044333
18048553
18055273
18058786
18071318
18072115
18076175
18079802
18082554
18084887
18085738
18090457
18097498
18102094
18103864
18106731
18112282
18113093
18116979
18118046
18118861
18127525
18129491
18129778
18130061
18134293
18136748
18137338
18143515
18148347
18149037
18153647
18177024
18177328
18179441
18180177
18181489
18183710
18185939
18187701
18192135
18194021
18199467
18203633
18204647
18204836
18205395
18207595
18208163
18209860
18211469
18211875
18212799
18212895
18213084
18215172
18218377
18219728
18220070
18221387
18221831
18222351
18227939
18228191
18233142
18233882
18243402
18243568
18248767
18254827
18256943
18265016
18270339
18273191
18280180
18281215
18284207
18284975
18286297
18286592
18286979
18287257
18288710
18289767
18290377
18298041
18298355
18302513
18312004
18317532
18326243
18336216
18341034
18349277
18349305
18349810
18351495
18351862
18357297
18363571
18365535
18366681
18368052
18368237
18370346
18373672
18382622
18384511
18384593
18387209
18390202
18391049
18391565
18393209
18394102
18400390
18403680
18407267
18412225
18417099
18417934
18419642
18420079
18421301
18421437
18422848
18423137
18424945
18426491
18434621
18437192
18437556
18448306
18450787
18454566
18457825
18458368
18458962
18459479
18461009
18464770
18464806
18468610
18469863
18470228
18472232
18472521
18477957
18479692
18480937
18481922
18484572
18485191
18487110
18488248
18490145
18496304
18500863
18502263
18503732
18505166
18512328
18524642
18525526
18527061
18528541
18529267
18531450
18539294
18542795
18543848
18546489
18551916
18555950
18558414
18559281
18562649
18567180
18574923
18576893
18578499
18581489
18584159
18594763
18596279
18596430
18600638
18603032
18603348
18606686
18610220
18610372
18611381
18614737
18615903
18616129
18628283
18630070
18630742
18630951
18631790
18635133
18636421
18638826
18640876
18649865
18653755
18658588
18658621
18662351
18665087
18669136
18669863
18671622
18676579
18676636
18677425
18678108
18681654
18684492
18684571
18691203
18691274
18692645
18694540
18697329
18699171
18700270
18705125
18708231
18710905
18718772
18719571
18725054
18725513
18727585
18729606
18730248
18733370
18734426
18735013
18735780
18736154
18738589
18742644
18747921
18748224
18750214
18753232
18753361
18761128
18763143
18763997
18764228
18765892
18770413
18772098
18773318
18774666
18775668
18777186
18777694
18781439
18783149
18785789
18786878
18787695
18788379
18794113
18794131
18799421
18800919
18807170
18808240
18815158
18816954
18818687
18819051
18820806
18821555
18823425
18825469
18829434
18830718
18834034
18839194
18842956
18851770
18852911
18854407
18856037
18857959
18858828
18859798
18860987
18864682
18867447
18877187
18878781
18888419
18891933
18892398
18893189
18897604
18900950
18903530
18903743
18907239
18907775
18912666
18914789
18917455
18922791
18923155
18925026
18926217
18927006
18932820
18933586
18934035
18934351
18934727
18940903
18941779
18944785
18945682
18947725
18948581
18952933
18956544
18961032
18962645
18963678
18970450
18970846
18974597
18976392
18981084
18981779
18986564
18987933
18999865
19002627
19007356
19011603
19014041
19014150
19015393
19017245
19017740
19021462
19022627
19023288
19023991
19033279
19034304
19036405
19038286
19042572
19051413
19051495
19051661
19059672
19061365
19061566
19063308
19076238
19077060
19077884
19086361
19087354
19087717
19089317
19094979
19095183
19101317
19103117
19105907
19111296
19117279
19117980
19124041
19126375
19129990
19131469
19133681
19135797
19138468
19141187
19144350
19145333
19149349
19151287
19151641
19153038
19153625
19154493
19155130
19163101
19167103
19172687
19178644
19183859
19190416
19194504
19195622
19198877
19208935
19209241
19211664
19212663
19216021
19216964
19219369
19223387
19224263
19224714
19224853
19231719
19233134
19240295
19241222
19250712
19253258
19254941
19264376
19268695
19270781
19273489
19274683
19289657
19290795
19292350
19293080
19294957
19294972
19296380
19299834
19301055
19303427
19304191
19304498
19308211
19310918
19315962
19329735
19335667
19338078
19342220
19342310
19343955
19347699
19354518
19356003
19357024
19359051
19359634
19366272
19367304
19368066
19368406
19369371
19374383
19379796
19395039
19396971
19399351
19402666
19405511
19410980
19414324
19415422
19416390
19417623
19419354
19421887
19426761
19429570
19434260
19435502
19435879
19437388
19439329
19439987
19443896
19445723
19446134
19446301
19446730
19448987
19453391
19453509
19454460
19460670
19471840
19477210
19480493
19480597
19483806
19485426
19485660
19488363
19488532
19496583
19497251
19501497
19502689
19503477
19504798
19508880
19512382
19513538
19516173
19518544
19521794
19525944
19533187
19548446
19551113
19552243
19554337
19562694
19566784
19568420
19575119
19575742
19587194
19592622
19597244
19599169
19601663
19606215
19607597
19609302
19611940
19612295
19616021
19617065
19618045
19622103
19623386
19626658
19629452
19630284
19632808
19633874
19634125
19645629
19654014
19656641
19661738
19661878
19663949
19669975
19671832
19672470
19683482
19684316
19687959
19692328
19693801
19695054
19702626
19714566
19716964
19717365
19718314
19719585
19720704
19721685
19724251
19726443
19729664
19731252
19732809
19736202
19736824
19739498
19742997
19743149
19746022
19754437
19766447
19769468
19772016
19774759
19777087
19787105
19787661
19788420
19789489
19789613
19792467
19792791
19798663
19803756
19807287
19809751
19814686
19818045
19819953
19820007
19826364
19828244
19835104
19836581
19838059
19839521
19842885
19844943
19846527
19850481
19854250
19854789
19862099
19874896
19880833
19886422
19886557
19892908
19892939
19893548
19905859
19907320
19910559
19911400
19912738
19921539
19926944
19927709
19928433
19929828
19933895
19937775
19941214
19943430
19945538
19947965
19949511
19964083
19964913
19967892
19969843
19976538
19977919
19980053
19980298
19984055
19995758
19999330
19999498
19999874
20000833
20003513
20009086
20013203
20014767
20016726
20018102
20030425
20031405
20032493
20032560
20036109
20036589
20039228
20044030
20061360
20063527
20066289
20066827
20069476
20071313
20071680
20073364
20075305
20078138
20079291
20081432
20087767
20090395
20091881
20095431
20107121
20107628
20108810
20110029
20111316
20112937
20117768
20118386
20119154
20120597
20126904
20132045
20133554
20139649
20141806
20143215
20143887
20144453
20144541
20153672
20157687
20157991
20159000
20165636
20175753
20175984
20183387
20191548
20192212
20193895
20197692
20198145
20198194
20198968
20199425
20200271
20201115
20201813
20209299
20219026
20221097
20224974
20227016
20227972
20229390
20229493
20230189
20230323
20230420
20237441
20240410
20240793
20241693
20245822
20245952
20249511
20251870
20253097
20255076
20255333
20262726
20268593
20275355
20277201
20277422
20277884
20277940
20280030
20280748
20281112
20283329
20283830
20286916
20287998
20289268
20293475
20300363
20302463
20306463
20308414
20308570
20310301
20312159
20313432
20314919
20317461
20320104
20320916
20324779
20326553
20330434
20335863
20344725
20345367
20346003
20346318
20348951
20356252
20359381
20363854
20367473
20372127
20375727
20379800
20382849
20385583
20387885
20391158
20396847
20398003
20401267
20401991
20409889
20412191
20413021
20414076
20420674
20424594
20424696
20424943
20425679
20428281
20431247
20433833
20434894
20436505
20436929
20442014
20442472
20442537
20445122
20447175
20453011
20453430
20460358
20464271
20466062
20469210
20470294
20472681
20482882
20485717
20489315
20494196
20504393
20507853
20508657
20510025
20511896
20515159
20515366
20519856
20521383
20526581
20530333
20531386
20533327
20534999
20539622
20540920
20543832
20550178
20557009
20559758
20559950
20560652
20561417
20563312
20564820
20566062
20566735
20569034
20569868
20579779
20584268
20587770
20589734
20589965
20591726
20597622
20604553
20607266
20608235
20613264
20613471
20616074
20619774
20621242
20621714
20622533
20625742
20626744
20626910
20627313
20631128
20634526
20638057
20639675
20642496
20643832
20644324
20647787
20656750
20657025
20658181
20659797
20659827
20664484
20664550
20666885
20667977
20678126
20679025
20680001
20681455
20687392
20689297
20692013
20693155
20696535
20697901
20704232
20704498
20710405
20717915
20718284
20718303
20718538
20726500
20726737
20733434
20738557
20739019
20742125
20742785
20743349
20744609
20746026
20760736
20764964
20767806
20772941
20775919
20782506
20789760
20790347
20790714
20792073
20797667
20802175
20804110
20806355
20807400
20810770
20816533
20824530
20827474
20828279
20837085
20843845
20845911
20860660
20863917
20868134
20871038
20871260
20872453
20874643
20878658
20882373
20882552
20883948
20884033
20888536
20889336
20893510
20894698
20897276
20899163
20904253
20908080
20911055
20915589
20915986
20917271
20924421
20927782
20928925
20932915
20933671
20936519
20938220
20943580
20948747
20949003
20950498
20954427
20961335
20964465
20965861
20968112
20968418
20978174
20980113
20980937
20982236
20990849
20992518
21000729
21003989
21003998
21004477
21009700
21013228
21018266
21029754
21031066
21032032
21032220
21033445
21035642
21036094
21036775
21038229
21044962
21052455
21053782
21059359
21060155
21060501
21064104
21064886
21066766
21069882
21069988
21070790
21072184
21072251
21077153
21078023
21088293
21090460
21091354
21092150
21092927
21096103
21096605
21097830
21098468
21100235
21100348
21105825
21108677
21108971
21110303
21115582
21120064
21121566
21121791
21130915
21132867
21138622
21138836
21138887
21139738
21148892
21149274
21151191
21155276
21157870
21158121
21158361
21159959
21160747
21171312
21173507
21174287
21174611
21177875
21179341
21187263
21189941
21194459
21198236
21198632
21200331
21202413
21203415
21204441
21209749
21216659
21216756
21218127
21220788
21223666
21227347
21229977
21230746
21231065
21231703
21231903
21236511
21236554
21250277
21250797
21252743
21259834
21261788
21263928
21267172
21267279
21272498
21275300
21276215
21276815
21279396
21279623
21279664
21295758
21306605
21307049
21309010
21312454
21322929
21330356
21331004
21333968
21339422
21339985
21340533
21343242
21343549
21345691
21358276
21359918
21363195
21368121
21369298
21371394
21371585
21375917
21376413
21377564
21381911
21384331
21385330
21391355
21393078
21395845
21397472
21398704
21401283
21403032
21405056
21409795
21411270
21412901
21413221
21413734
21416865
21417215
21418291
21418562
21420704
21424527
21425525
21427965
21429586
21437479
21440813
21447142
21448417
21460125
21460144
21475924
21476574
21477304
21477801
21481213
21486494
21487330
21487412
21489747
21491817
21492663
21496793
21504770
21504949
21508468
21510513
21515152
21516502
21520392
21528984
21531022
21532895
21534645
21539877
21545641
21554035
21555336
21558489
21561901
21563235
21563948
21564682
21566280
21566993
21567084
21567504
21569756
21570785
21571049
21572347
21579397
21581791
21585508
21590088
21592566
21592882
21595314
21598407
21599516
21600294
21600475
21606761
21611649
21615911
21616133
21616597
21617394
21622563
21624781
21626590
21629649
21632633
21634709
21634959
21638432
21638434
21644185
21649575
21651713
21655709
21656034
21659626
21661020
21666689
21667527
21668578
21671673
21672364
21682060
21685696
21686435
21690674
21700139
21701003
21702676
21703987
21709451
21711796
21716523
21716779
21718712
21728016
21732353
21737762
21737983
21740630
21741286
21743238
21748469
21753432
21758292
21761559
21765311
21768021
21769500
21775234
21777546
21781695
21783005
21789385
21797849
21799241
21799853
21804673
21805741
21809901
21810549
21810668
21818044
21820342
21825614
21828744
21830282
21834929
21835104
21839423
21841153
21844981
21847488
21850056
21853517
21859276
21862163
21864866
21865402
21866241
21871061
21878939
21880244
21885263
21886451
21894524
21905139
21905494
21909121
21909123
21915682
21917287
21917401
21928888
21931610
21935639
21935850
21936007
21942302
21943429
21944689
21948152
21956434
21957913
21962079
21964096
21964315
21967735
21975044
21975737
21982255
21986352
21987045
21988793
21991528
21999185
22003180
22003205
22008185
22011404
22014437
22016750
22018118
22020232
22021146
22022158
22022869
22024032
22027072
22027932
22031535
22036332
22037414
22037656
22038589
22040808
22043573
22044462
22045305
22046822
22051509
22051822
22053724
22055225
22055571
22056743
22057242
22057295
22058042
22060796
22067547
22068407
22069024
22071172
22073194
22073430
22075259
22075304
22079009
22081067
22082634
22083511
22092277
22101734
22103080
22108000
22110125
22113930
22115479
22120142
22123263
22125010
22126443
22133972
22139672
22148596
22151458
22153507
22160190
22162487
22164058
22172420
22172577
22173249
22179895
22180407
22181739
22184119
22186841
22186984
22187653
22191425
22193165
22194677
22202311
22205565
22206771
22207961
22212496
22216203
22217801
22218683
22219612
22229114
22229297
22236928
22238801
22241055
22242093
22245692
22248415
22248456
22249760
22251733
22252159
22260878
22261788
22262470
22263162
22266711
22266935
22270730
22271958
22272837
22273608
22274095
22275050
22275657
22278140
22280753
22281640
22287776
22287788
22288161
22291658
22293507
22293757
22294682
22295730
22300036
22301645
22307089
22313912
22319008
22320329
22323160
22324651
22328101
22330232
22331954
22332457
22347833
22349642
22350788
22351205
22351854
22351958
22359156
22363555
22366373
22367996
22372320
22372328
22375503
22376232
22383007
22383188
22384481
22388116
22390835
22390965
22391463
22401676
22403242
22405041
22410923
22413942
22414383
22417476
22419525
22420994
22422147
22432101
22433191
22434915
22438031
22439106
22441267
22448355
22449391
22455295
22456955
22460734
22465741
22467227
22470767
22473949
22474170
22476673
22477375
22479867
22480066
22484571
22484916
22485090
22489451
22489727
22490470
22490911
22492878
22493782
22495003
22495890
22499028
22503251
22504963
22513900
22516974
22519837
22520516
22520629
22523624
22523967
22524220
22528743
22529963
22532365
22534820
22535225
22538618
22538880
22541842
22549878
22550214
22552698
22555397
22556429
22557380
22557387
22561117
22571754
22573614
22573771
22575128
22580677
22584228
22585568
22587027
22587507
22588495
22590078
22590818
22594266
22594753
22600297
22602797
22611063
22611585
22612821
22614844
22617882
22619883
22623637
22626729
22626752
22628361
22629502
22635374
22641692
22642550
22647446
22648070
22649865
22649981
22653507
22656569
22658591
22668745
22673849
22674150
22675601
22680474
22683516
22684618
22686579
22688384
22691395
22697281
22697708
22699998
22704904
22711406
22716490
22723537
22724263
22731074
22736014
22738786
22749922
22753360
22756193
22759822
22761934
22763399
22767814
22769396
22770041
22771176
22771302
22772647
22785058
22785911
22788035
22788326
22789123
22795173
22797280
22798032
22798425
22805037
22805246
22813012
22820605
22822406
22825000
22825395
22829261
22832427
22835862
22839819
22850557
22851711
22852666
22854525
22855793
22867695
22873368
22873762
22876507
22877153
22877768
22881582
22894886
22896536
22896892
22898311
22899041
22901151
22904927
22905103
22907231
22907254
22908101
22909665
22910837
22911164
22912868
22915840
22916605
22916920
22919567
22920864
22922049
22923040
22927122
22927497
22927596
22932415
22939047
22942191
22944274
22947182
22954057
22957333
22962286
22965779
22966229
22966720
22979664
22979754
22981424
22983607
22983938
22989070
22990330
22990986
22991868
22997401
23000815
23001144
23001286
23001369
23003145
23003610
23005247
23005624
23008817
23010238
23013456
23014323
23016396
23016448
23017472
23025465
23032448
23033393
23036898
23040331
23044244
23044651
23047149
23049981
23050029
23056713
23064256
23066052
23069074
23078007
23081430
23082890
23085926
23089734
23090297
23099487
23103111
23103761
23104501
23106954
23109041
23109598
23110025
23116417
23122688
23126072
23131332
23132763
23137840
23138966
23154834
23169270
23176360
23177404
23177833
23178778
23187179
23191900
23192405
23195508
23223723
23225656
23226769
23227506
23228383
23228667
23231799
23234458
23238140
23238275
23238721
23239907
23240501
23246236
23251513
23252466
23260897
23263271
23266956
23267901
23268680
23272615
23276229
23278572
23279677
23281578
23285788
23292651
23294023
23308363
23311094
23311214
23311463
23311591
23313920
23321970
23322576
23323227
23323919
23330455
23337687
23338815
23340190
23342916
23346506
23353127
23354688
23354882
23355524
23356221
23357218
23358540
23363975
23367137
23369599
23371627
23374358
23378606
23378950
23379932
23386464
23390830
23392809
23393034
23395273
23398352
23401921
23402019
23404415
23410836
23416846
23418013
23420177
23421751
23426484
23430100
23441802
23447558
23456220
23461822
23467760
23468056
23472098
23475748
23476346
23477199
23481387
23485248
23491158
23495018
23505131
23507092
23508088
23509324
23509368
23513651
23525631
23526069
23534358
23540514
23556640
23561306
23561748
23569529
23570359
23571345
23571895
23573728
23576159
23597221
23599151
23601787
23602104
23602519
23603148
23605196
23605499
23607869
23608558
23612534
23613239
23615104
23619173
23619669
23619958
23620639
23625414
23626185
23626330
23626516
23626714
23629740
23631343
23631599
23632388
23632409
23654468
23659160
23663080
23670087
23671461
23690378
23691732
23694050
23694571
23699272
23703385
23703576
23704138
23707297
23710099
23715162
23718557
23721397
23722672
23722749
23724642
23725492
23725780
23729411
23738249
23740355
23740418
23742718
23742946
23744955
23750121
23751887
23752897
23756932
23759775
23761683
23762577
23767116
23774810
23784523
23784653
23788993
23793443
23807117
23807906
23812748
23814722
23820472
23821574
23823412
23833851
23849040
23850651
23850737
23851673
23856087
23859244
23859627
23862776
23863391
23866556
23866610
23866625
23866926
23873154
23880289
23881451
23887046
23887071
23894095
23896885
23897016
23901700
23912829
23914188
23918469
23919089
23919159
23926814
23932029
23932680
23934334
23938047
23940486
23943682
23954494
23955521
23959736
23965496
23965570
23967882
23970226
23981780
23987386
23994760
23994858
23996388
23998601
23999646
24006595
24007692
24009975
24011774
24021960
24029725
24033213
24034979
24039457
24041106
24046720
24053505
24055863
24059532
24077022
24078479
24082152
24085902
24087690
24089871
24091277
24092443
24095817
24096037
24097729
24102468
24104025
24105716
24109932
24112900
24115713
24117880
24122287
24122494
24132328
24132677
24133354
24143270
24146608
24153129
24154132
24158209
24162386
24163342
24164409
24167476
24171053
24175254
24176277
24177510
24180341
24180983
24183640
24184277
24184753
24185238
24188104
24190353
24193248
24196288
24196944
24197613
24202915
24208430
24212630
24215939
24217384
24219761
24222002
24223928
24224727
24224781
24225667
24228360
24230536
24232337
24235271
24236106
24241525
24245030
24247904
24248208
24252868
24254988
24256118
24261004
24266027
24266193
24268057
24270105
24270621
24287102
24287486
24287751
24288006
24288377
24293160
24300960
24312018
24313387
24314955
24315667
24317461
24317692
24318363
24319094
24320248
24324506
24334167
24335275
24336767
24340022
24344224
24345344
24351772
24352565
24352798
24353461
24353622
24356087
24357508
24358342
24359148
24363350
24368792
24375839
24377282
24378590
24380338
24385091
24388610
24388951
24389932
24390168
24390567
24392199
24392890
24393656
24397367
24400345
24401133
24401543
24405335
24407329
24409048
24412517
24414532
24418621
24420252
24433380
24435171
24438438
24443952
24451998
24453535
24458440
24461303
24462568
24476557
24488147
24489263
24492213
24492878
24497351
24498349
24502817
24508233
24513080
24513778
24513845
24515289
24517275
24520999
24521607
24534501
24536706
24538084
24538157
24542398
24545210
24546528
24548480
24548579
24549539
24556267
24563168
24563646
24566443
24567703
24568584
24569895
24571385
24572490
24575560
24580035
24580135
24581605
24582014
24584525
24584967
24585404
24586010
24596193
24597266
24601660
24602084
24603486
24607350
24608383
24611416
24618448
24625924
24627587
24634560
24635590
24635669
24640238
24640806
24645911
24646942
24651079
24656981
24658563
24660956
24665655
24667101
24667755
24668236
24680560
24683418
24684057
24689723
24690729
24692670
24693301
24693444
24694765
24694939
24696018
24697958
24698742
24703971
24708374
24708815
24709674
24724382
24728228
24730202
24730854
24733088
24733562
24734603
24735360
24737235
24738443
24747045
24748923
24753363
24754020
24756080
24756819
24757396
24757540
24760288
24760296
24762786
24767889
24768628
24771800
24771880
24775304
24789364
24790334
24792887
24804369
24809480
24809582
24820542
24822286
24823782
24824784
24829714
24831323
24832573
24833217
24838173
24839094
24840003
24848435
24851237
24852698
24855173
24863869
24865727
24866225
24866945
24867252
24867516
24868164
24872095
24874401
24886459
24888808
24893273
24900106
24901130
24904557
24905256
24906865
24911363
24922659
24924549
24925153
24931506
24935325
24938532
24939319
24939780
24940270
24948198
24950406
24951045
24951736
24953510
24956775
24958809
24962988
24969724
24975256
24977628
24979135
24981584
24982182
24982521
24985061
24986764
24986772
24988082
24989262
24989871
24991562
25004570
25007259
25010241
25018181
25021276
25021334
25024662
25025342
25027483
25028078
25030250
25033407
25037662
25039603
25040851
25048843
25050384
25051360
25051607
25053059
25054337
25056849
25069940
25074015
25079540
25081461
25082480
25087124
25087475
25092989
25095714
25098511
25099491
25101045
25102067
25102208
25115834
25116706
25121928
25128347
25128445
25129348
25132346
25134390
25135352
25136665
25137299
25138466
25151116
25151655
25162164
25163039
25163232
25165920
25167331
25168253
25170045
25170531
25171501
25173255
25173577
25173758
25175085
25178308
25178454
25179589
25182664
25186293
25186455
25187809
25189821
25196587
25197493
25199761
25204319
25205296
25206101
25207375
25210253
25210819
25210837
25212977
25213917
25220884
25227762
25231235
25232131
25234887
25242236
25246382
25248347
25250329
25253109
25254535
25257013
25262896
25263048
25265112
25266326
25266349
25272535
25273200
25275763
25281039
25281275
25282388
25284296
25284604
25286911
25289817
25293099
25295241
25295712
25298298
25298698
25300149
25303481
25307155
25311987
25332439
25333658
25336434
25339224
25344350
25352028
25353271
25358919
25364641
25368306
25370010
25371536
25374882
25376321
25377034
25378523
25381214
25382443
25386762
25392076
25399889
25402093
25402676
25402721
25404929
25407666
25409286
25418493
25422664
25428467
25433174
25433200
25433998
25443728
25446154
25448453
25451813
25456392
25457077
25459912
25465108
25465359
25468880
25472204
25475313
25483746
25491682
25492110
25496208
25502947
25507930
25514098
25519640
25521988
25523258
25525300
25525764
25526001
25527390
25527877
25528031
25529367
25532179
25534817
25536469
25542590
25543495
25544939
25545673
25553583
25554045
25554286
25554880
25563010
25566202
25567050
25571075
25571799
25571802
25572894
25576468
25576851
25577419
25580184
25585119
25589222
25594290
25596772
25597100
25603040
25605485
25607789
25614314
25615192
25618060
25620204
25621323
25622194
25622531
25623630
25624159
25627665
25631649
25633762
25634772
25635442
25636544
25639504
25646242
25647561
25648382
25649819
25653081
25653764
25654704
25654714
25655065
25656249
25663719
25667659
25667672
25668269
25670670
25671171
25673926
25675893
25676843
25677021
25678509
25680604
25683724
25684076
25684249
25684539
25684663
25685946
25696375
25696470
25699610
25700107
25701700
25705683
25707144
25710060
25712748
25712767
25713787
25720500
25723141
25723550
25730375
25736216
25737548
25738466
25739353
25742474
25743291
25753186
25755592
25755940
25758452
25760530
25760900
25762186
25768649
25770929
25774067
25774706
25777705
25777946
25779254
25780223
25780813
25781315
25781468
25784094
25784562
25786311
25787415
25792563
25797649
25798762
25805916
25809229
25825488
25829372
25830930
25835447
25837265
25839634
25840596
25845259
25845665
25847305
25857950
25860143
25864144
25866164
25868072
25881808
25882313
25884485
25890070
25890347
25890917
25892402
25898155
25898335
25898942
25902276
25911199
25916427
25917052
25918683
25920137
25920771
25926374
25936832
25938100
25939261
25939487
25940988
25943960
25948069
25948646
25951310
25951511
25951564
25952466
25961250
25967073
25967951
25972661
25975738
25975908
25977242
25983445
25984760
25985603
25992941
25994314
25997794
25999020
26001941
26004537
26006083
26006408
26006455
26008545
26009113
26009143
26011978
26022694
26025984
26026580
26034490
26036264
26036511
26036800
26038188
26040778
26042485
26042630
26044800
26045920
26046107
26046876
26052707
26055468
26057518
26060444
26061859
26066009
26067871
26072588
26074278
26074870
26079083
26083067
26087052
26093313
26096910
26098647
26099725
26104654
26107499
26108992
26109909
26112812
26121887
26125062
26125143
26128485
26129408
26130326
26136493
26139284
26151869
26158009
26159062
26160659
26161575
26164036
26168973
26170267
26172071
26178310
26181884
26185101
26186051
26191557
26194831
26198920
26199816
26211933
26214106
26217721
26221335
26223997
26226135
26229414
26236138
26236551
26237957
26238683
26242800
26243228
26246566
26249502
26253195
26254987
26255608
26260009
26260551
26262872
26270043
26272494
26275384
26275449
26275533
26276011
26277235
26282829
26285783
26286899
26287850
26291056
26292925
26296263
26298159
26305535
26306248
26311723
26323248
26326351
26328153
26330406
26343780
26354054
26355708
26356153
26365531
26365664
26366318
26366386
26368656
26371151
26377882
26378346
26378659
26381469
26384127
26386224
26389531
26391297
26392667
26394454
26398451
26399333
26402187
26405259
26413266
26418350
26420603
26423258
26423476
26423544
26426887
26428717
26431843
26433676
26435882
26437554
26443956
26458529
26458794
26459812
26466565
26470431
26470556
26475535
26476927
26481091
26495159
26496541
26498531
26500294
26508556
26510131
26512095
26512444
26514638
26516898
26524405
26524410
26527114
26531069
26531474
26532312
26533733
26535533
26535785
26538469
26538631
26539194
26540348
26543138
26545659
26546337
26548965
26555636
26557711
26557745
26558365
26559723
26565926
26566582
26568545
26572736
26575370
26590970
26598685
26603129
26603987
26611979
26619105
26620242
26622356
26628639
26628766
26630390
26630450
26631142
26631676
26632790
26632792
26633711
26640274
26643874
26645014
26646040
26651196
26653310
26653352
26657765
26659797
26661061
26663467
26670083
26670935
26672189
26683921
26698048
26703454
26703778
26705609
26707258
26708494
26713137
26714343
26715522
26716796
26718145
26728278
26729631
26737722
26749232
26749481
26755316
26758017
26758685
26761179
26772060
26773250
26776700
26782372
26783189
26792841
26794108
26797819
26800293
26802108
26806335
26808266
26816434
26819877
26822275
26827752
26828317
26837646
26841334
26841921
26848318
26849152
26849504
26849968
26852813
26854356
26861713
26864458
26865820
26876715
26882027
26886003
26886866
26887039
26903960
26908203
26912201
26912370
26916632
26922408
26926298
26929955
26930361
26931206
26940341
26943749
26947982
26947996
26952407
26953657
26954220
26955838
26960681
26963216
26965537
26967731
26968502
26979502
26980560
26981546
26981624
26984397
26987487
26989669
27001192
27010968
27012549
27014417
27015204
27015512
27021115
27029954
27030500
27035493
27039277
27040635
27049278
27058557
27059348
27059497
27061933
27077127
27079423
27084307
27086448
27088505
27090452
27092758
27094027
27096425
27098614
27098710
27105737
27108953
27109570
27110434
27112296
27113827
27117804
27121938
27123567
27130382
27132614
27134850
27144373
27145407
27151864
27163161
27163446
27171823
27175565
27179998
27184679
27185316
27187403
27187487
27190255
27205267
27206231
27207084
27212780
27216839
27218745
27230854
27233226
27237393
27238116
27240085
27241654
27242787
27243201
27243860
27246534
27246870
27251277
27251465
27253632
27256981
27259658
27260437
27260686
27263043
27263167
27265727
27268752
27270683
27274848
27276128
27276918
27281903
27282821
27283804
27284616
27287814
27290409
27293913
27294507
27299105
27303477
27307783
27307821
27309836
27314988
27319898
27320213
27321114
27321258
27330896
27338754
27338932
27339120
27341369
27343956
27349966
27350899
27356188
27356821
27358123
27359051
27363748
27365615
27367319
27367803
27370424
27370439
27374969
27377063
27377123
27377787
27382126
27389138
27389482
27390127
27399544
27399885
27412385
27412870
27413587
27415965
27417283
27418705
27420440
27425243
27425321
27431867
27435165
27437577
27439115
27440572
27442489
27442941
27447079
27448985
27449324
27454151
27454861
27459058
27461455
27467895
27469198
27470356
27471885
27471922
27474183
27474740
27474972
27477619
27479594
27485872
27486069
27496561
27496812
27498170
27498312
27499451
27501118
27501230
27504061
27510289
27513088
27513644
27515841
27518369
27531701
27535121
27536206
27544621
27550791
27558832
27560898
27562774
27565838
27566271
27568596
27571071
27573450
27574510
27578183
27580524
27580902
27581776
27583534
27585228
27589176
27589213
27591793
27592015
27592278
27603273
27610665
27615649
27616265
27617209
27617677
27618929
27622088
27623025
27624010
27626971
27633700
27635545
27636215
27637813
27644433
27650080
27651348
27658107
27660845
27661202
27661583
27666389
27670031
27673948
27678634
27678810
27681353
27682354
27685794
27687602
27690201
27690962
27694675
27698767
27703095
27705954
27706208
27710714
27711803
27713503
27713625
27722032
27726012
27726330
27730690
27733796
27735748
27737846
27739007
27748526
27754754
27754774
27758500
27762989
27764471
27766941
27773394
27774085
27776324
27778277
27779259
27782960
27788581
27791594
27792624
27798197
27798439
27805597
27807855
27811035
27811673
27816288
27818369
27819123
27820125
27821832
27822222
27832442
27840938
27861766
27863157
27864788
27866034
27866476
27869860
27871329
27872343
27873965
27874122
27876145
27877894
27878026
27878696
27884658
27884721
27886537
27895803
27895833
27900664
27903645
27905900
27914112
27914141
27918240
27919797
27923834
27928777
27931202
27931851
27934631
27938055
27943438
27944099
27945595
27945598
27949106
27949621
27971440
27973478
27976177
27976597
27978905
27984701
27988551
27992377
28008029
28009631
28011709
28018035
28018536
28018862
28018994
28025314
28025595
28025712
28027424
28028610
28031709
28032370
28033390
28033946
28036989
28037161
28037321
28039649
28045033
28045999
28056556
28060304
28060391
28067097
28069930
28073722
28082838
28083250
28090665
28092406
28095618
28096804
28098443
28106816
28106908
28108812
28110112
28116214
28116916
28118165
28119820
28120802
28124619
28135159
28141224
28142091
28142263
28147425
28148921
28149178
28152200
28154232
28158103
28159197
28159519
28162224
28166205
28168628
28169314
28171598
28173353
28175005
28176446
28176455
28177730
28178121
28180017
28182955
28197870
28199381
28202896
28206334
28207183
28213184
28216155
28217575
28218286
28218840
28231307
28240218
28243909
28245649
28253676
28256089
28258725
28264078
28267783
28268627
28269661
28282892
28285152
28290584
28294477
28306076
28306861
28308867
28312012
28313558
28313602
28315027
28316545
28322273
28322557
28325730
28331464
28334835
28336998
28338149
28339897
28342631
28344076
28355729
28357315
28369033
28369570
28369973
28370829
28373835
28377725
28383534
28384442
28385930
28396968
28400883
28404486
28406865
28407072
28407172
28410215
28412913
28414846
28416675
28417072
28418850
28421316
28421757
28422068
28422330
28432612
28434213
28438961
28440070
28440225
28440427
28441749
28442998
28445608
28457240
28458320
28462873
28466877
28467122
28469247
28472840
28475636
28475768
28480533
28480715
28481528
28481669
28491546
28494899
28498284
28500060
28500570
28503188
28503420
28511813
28511903
28521152
28521397
28522897
28526358
28530129
28531196
28532311
28534901
28535679
28543152
28544910
28545956
28547103
28551072
28553619
28555061
28572660
28574493
28575024
28581040
28599919
28605067
28607432
28614384
28615384
28615919
28619845
28620457
28626525
28632295
28634366
28635822
28648490
28648512
28649548
28650425
28656476
28657134
28660068
28660206
28662121
28666996
28667593
28671186
28671710
28679884
28680343
28691247
28692366
28692469
28698406
28699899
28701472
28711849
28718351
28719629
28720053
28731285
28733757
28736542
28740055
28742585
28747419
28748267
28748511
28749581
28750255
28751071
28756107
28758526
28759161
28763421
28768110
28769175
28772735
28773937
28775728
28779401
28784063
28784542
28784817
28787510
28790415
28793328
28801842
28811347
28812601
28812727
28815316
28815707
28816085
28822654
28830718
28835446
28837326
28838502
28838814
28839360
28840023
28847612
28849432
28854165
28856823
28864338
28872318
28874190
28879311
28882410
28891068
28891860
28900419
28900814
28901942
28902692
28904004
28909243
28919715
28922334
28923678
28927184
28928006
28929406
28930007
28938366
28958264
28959812
28959987
28961123
28961812
28964458
28964988
28966636
28972488
28979667
28989388
28991092
28994839
28999987
29011725
29012190
29014859
29015680
29017554
29017698
29019880
29023935
29028846
29034901
29037945
29041792
29042180
29044376
29054256
29055746
29056601
29058933
29066354
29072329
29076938
29083423
29085436
29093270
29095827
29097027
29102173
29107457
29119723
29123985
29127987
29129977
29131310
29132177
29132323
29137117
29145457
29155235
29157085
29157372
29158759
29164772
29165522
29167251
29167775
29170676
29171057
29175098
29175648
29179535
29181118
29181897
29187813
29195828
29198623
29200701
29204105
29204377
29206704
29207457
29214430
29215280
29218147
29220778
29221537
29221888
29221959
29233842
29235087
29237245
29237962
29240769
29241365
29241529
29246419
29246925
29250473
29252127
29257229
29259369
29261231
29262156
29264529
29268298
29270931
29272124
29278443
29281850
29283227
29287000
29289340
29293854
29301137
29305148
29311926
29313637
29315412
29317817
29322607
29326614
29328099
29332181
29332321
29335083
29335476
29335928
29340562
29348156
29348910
29354599
29356910
29357654
29366870
29375426
29379311
29382976
29383135
29385009
29385493
29392107
29392835
29395661
29396216
29396936
29406117
29423912
29430455
29432393
29432998
29434957
29436621
29439170
29440361
29440416
29441644
29441660
29443497
29445548
29447376
29448288
29451030
29452788
29455460
29457075
29457744
29459534
29460348
29462235
29465838
29474926
29479426
29486376
29489892
29494446
29494704
29496299
29496960
29501121
29504520
29505683
29509980
29510889
29514781
29516141
29519988
29521134
29522681
29523370
29528151
29529561
29535454
29538989
29542397
29542925
29543838
29547164
29547799
29548499
29548631
29552224
29552768
29565088
29565575
29566982
29570564
29572421
29577205
29583030
29585835
29597177
29597793
29598143
29598153
29598740
29599165
29605569
29608322
29609177
29611197
29615182
29615814
29620230
29620325
29622381
29636512
29637333
29648614
29653794
29663349
29670088
29670727
29674531
29677778
29679504
29682227
29683404
29685407
29690279
29692145
29695737
29697839
29710486
29712469
29714769
29721958
29730377
29732032
29732535
29733962
29734891
29736240
29737290
29740018
29743449
29744949
29748419
29752571
29764365
29768087
29768965
29771460
29772050
29774407
29775121
29775498
29775693
29775870
29776691
29777381
29779576
29779996
29781075
29783101
29783115
29788746
29794788
29799647
29809628
29810566
29813263
29816027
29820918
29824369
29828744
29832538
29833408
29836844
29842772
29845078
29850044
29860271
29863633
29865852
29866370
29870423
29872510
29872595
29872674
29874796
29876288
29876434
29877846
29879396
29879487
29883861
29890422
29891115
29895120
29895787
29897075
29900404
29904279
29906613
29906710
29907614
29915986
29916553
29925393
29927941
29929632
29938743
29943830
29950433
29955351
29958909
29964860
29970047
29971834
29974393
29978704
29979972
29980244
29983860
29989228
29989305
29991935
29993864
29997577
30001589
30002866
30007929
30013906
30016052
30018142
30020043
30029651
30034293
30034662
30036169
30040051
30041108
30042259
30046488
30048832
30048886
30057238
30064515
30064616
30065161
30071499
30074181
30075036
30087718
30091718
30091950
30092430
30092625
30107783
30109252
30109868
30116159
30118230
30118908
30119613
30122989
30124879
30127634
30129647
30130849
30132547
30134098
30134540
30134970
30136289
30138380
30140174
30141949
30144935
30145304
30145998
30147280
30148685
30149739
30156692
30157904
30164221
30170387
30172778
30178025
30180911
30184578
30185290
30185772
30186849
30190149
30192693
30196198
30196600
30203409
30203437
30204250
30206142
30206629
30208594
30210829
30212902
30216487
30220391
30223808
30224842
30227949
30248937
30248990
30250219
30252910
30255248
30256746
30257827
30260156
30262867
30263549
30264124
30272121
30272766
30276458
30276860
30278104
30283053
30288300
30289973
30295373
30298823
30299832
30301331
30302174
30303463
30305279
30306512
30309903
30309967
30314583
30316275
30318282
30326123
30335547
30335999
30349033
30353970
30362227
30367670
30368611
30371381
30377421
30379270
30382995
30383780
30385032
30385383
30389989
30391455
30393283
30394112
30394267
30396302
30397385
30404313
30406861
30408083
30409295
30421589
30425322
30426799
