7166
9152
11521
12770
13685
14819
16412
27337
27343
29408
40084
41034
41391
46516
47933
48117
67840
67942
69272
69552
71829
72707
75144
76474
76917
78812
80657
81483
82203
86647
88257
88989
89412
91828
92969
96312
99815
101674
109770
110063
113714
113973
117318
117788
123273
135671
146242
146443
147612
154557
159548
160290
165199
165840
168825
169532
173004
175611
184996
185107
186105
188823
190266
193144
198466
198488
203100
203412
204009
206535
207016
210989
214878
215265
216569
219044
219715
219943
222800
226520
228052
230781
231514
233152
239583
239588
240582
248281
251464
253865
254445
263835
266838
271549
271668
275189
275624
278206
283479
283739
285103
295449
296265
301333
302777
312865
317686
320822
322427
324578
325187
327531
327737
335651
342734
351014
353476
355249
369629
373879
373920
378049
378140
385032
386583
387258
388881
391790
396772
401043
402362
408977
409604
413387
413681
414715
416582
417488
426318
433336
439307
444022
444112
446522
461791
471759
476583
477757
486946
489074
491270
493354
498600
501800
502264
504999
505668
506880
519133
524484
525344
528746
531154
536855
546207
549990
550498
550548
565596
570713
571930
577068
577310
589951
591565
593907
599041
602586
608378
608594
610490
610714
618954
621689
626512
627717
629762
632445
632814
634823
635422
640423
648783
653504
659327
659719
661126
666067
666319
668517
671009
677424
680180
681705
681780
687322
687353
694467
698254
703784
707398
709320
717290
718651
719714
721696
723763
724795
729338
731036
731439
733616
734985
741514
741664
742077
744114
744870
745118
746749
748604
753043
753523
762174
763362
767056
769866
772569
775719
776579
777063
786702
787638
795736
799645
802472
813595
820116
822301
823271
824055
824796
825520
829461
829767
832840
837541
840412
840844
846084
862367
865394
872117
878724
881069
881225
882336
884338
892704
892802
894332
896545
897590
911827
912115
913586
918301
928028
929418
930450
937811
941883
946428
947979
956936
958630
959629
967234
972778
973983
978430
980068
985357
986699
987136
988403
997412
998912
999757
1000869
1002374
1004497
1005219
1010311
1012430
1022083
1027051
1028066
1028278
1032265
1033115
1035644
1039138
1039874
1044997
1045766
1054261
1056694
1062089
1064102
1065009
1068184
1068928
1070905
1073322
1084797
1090118
1094495
1104053
1108556
1109255
1111413
1112155
1115129
1121354
1129476
1133854
1135395
1142846
1143066
1145642
1147578
1148832
1157090
1161222
1171462
1172548
1175602
1178112
1178399
1181949
1184388
1184514
1184895
1185049
1190140
1190739
1199536
1202895
1207262
1207374
1208851
1219990
1221341
1225809
1239873
1241838
1243892
1250183
1250193
1250396
1250746
1254482
1266839
1267227
1267293
1268785
1270412
1278431
1279588
1280700
1282272
1285284
1285357
1286637
1288701
1294600
1295218
1299641
1299998
1300827
1301071
1302530
1303386
1306193
1313514
1314381
1314553
1319715
1321211
1321468
1324490
1326403
1326704
1328155
1333028
1336070
1337172
1339133
1340031
1341010
1342786
1346588
1346988
1349602
1353351
1367198
1371961
1374938
1376629
1377454
1378220
1383006
1384231
1389709
1396879
1397347
1408141
1410845
1411280
1413934
1421082
1426503
1433560
1433740
1435453
1438229
1444605
1446415
1452371
1453857
1456181
1457015
1457769
1460532
1462470
1462913
1463366
1463991
1470450
1478500
1479697
1484926
1487489
1487768
1488904
1489724
1493193
1498640
1498924
1506787
1506874
1513507
1525753
1526644
1531554
1531582
1531900
1534969
1539929
1542834
1548948
1551200
1553668
1558531
1561025
1562122
1562756
1565571
1568113
1569672
1574293
1574515
1575283
1580960
1583237
1583918
1585134
1587369
1588370
1588409
1589176
1590577
1598061
1599292
1605788
1606433
1612200
1613269
1613675
1615957
1624980
1628975
1642006
1643456
1643690
1646513
1651754
1659060
1662476
1665309
1667549
1669472
1670486
1671467
1673874
1677136
1683560
1684411
1689227
1697160
1703996
1704035
1705737
1710656
1711657
1712644
1719365
1721354
1725924
1728384
1730338
1731501
1737188
1742422
1742913
1754117
1755790
1756182
1756898
1758711
1759769
1762606
1764818
1770448
1772687
1774592
1778236
1780261
1781613
1783857
1785121
1787556
1790045
1792160
1792547
1793449
1796589
1797018
1798759
1802463
1802960
1803661
1804105
1807042
1810653
1812963
1813466
1815086
1815103
1818626
1821059
1826645
1831498
1832538
1833731
1834359
1835735
1837134
1838610
1838655
1848175
1849906
1850626
1860063
1866447
1866549
1872780
1877204
1878026
1878395
1879030
1879281
1882411
1884899
1887545
1889377
1893337
1896518
1896778
1898294
1902314
1903515
1903798
1906690
1908674
1910744
1911504
1916786
1919920
1921067
1921383
1923470
1925452
1925944
1932122
1935082
1936455
1939088
1940787
1941774
1943454
1946478
1952072
1955503
1955554
1956702
1956928
1961347
1961996
1966797
1967067
1974607
1977277
1978407
1980989
1981241
1983778
1991822
1996112
1997942
2000224
2000650
2005551
2006043
2006231
2011812
2012224
2012283
2012312
2012537
2013601
2014475
2014538
2015057
2017419
2017904
2020086
2021334
2022762
2027879
2033735
2035581
2042794
2043392
2047238
2053973
2057039
2058221
2060683
2061029
2070174
2071762
2078717
2081794
2083306
2096085
2096105
2098081
2105847
2107750
2109106
2109137
2109180
2114355
2114843
2116069
2119204
2122256
2124266
2125610
2125765
2129081
2129750
2137552
2141321
2142909
2144831
2148486
2153463
2154074
2154899
2162618
2165543
2172935
2174698
2176710
2182400
2190116
2190568
2195163
2196734
2199007
2200637
2202697
2207137
2213690
2215725
2219169
2235464
2236083
2238599
2241104
2245273
2245841
2246148
2246997
2247097
2250126
2251308
2252758
2253255
2260337
2267444
2268933
2276839
2277931
2283614
2285041
2291284
2293136
2294612
2294637
2295722
2296295
2296668
2299581
2313271
2321197
2322341
2322996
2327704
2328143
2329157
2329788
2345406
2345787
2347348
2350564
2352788
2353520
2355855
2366477
2367427
2375288
2376126
2377177
2380272
2380963
2390659
2394295
2395034
2396195
2396490
2396835
2399914
2410288
2410942
2411878
2418006
2418167
2418715
2419310
2421964
2426419
2426771
2426899
2434152
2434820
2435690
2437878
2440907
2441213
2442001
2446785
2446961
2451110
2456388
2457656
2460453
2460848
2461095
2461317
2461623
2465291
2467953
2471011
2471361
2477588
2479393
2482973
2484912
2487823
2492124
2492540
2494379
2497953
2498077
2504401
2506582
2508908
2509345
2509516
2511069
2511905
2516571
2519021
2521418
2526335
2526381
2529509
2530026
2530724
2533124
2536319
2545420
2552246
2552331
2553809
2554336
2560485
2563742
2565647
2570628
2571773
2573378
2574969
2575125
2579024
2581414
2586155
2586960
2587570
2603058
2603554
2611036
2611701
2612082
2612861
2620013
2621408
2623551
2628361
2628451
2631099
2631477
2641150
2645175
2645554
2648074
2655864
2656023
2658751
2662173
2664517
2666201
2671982
2674061
2674579
2674926
2681526
2685493
2686207
2688184
2690301
2693073
2693534
2701031
2703693
2706748
2709631
2710596
2712341
2713075
2715077
2718434
2719489
2721632
2722376
2723893
2728641
2732363
2737788
2740127
2742283
2744482
2747885
2749416
2749445
2752788
2757764
2762362
2764828
2767911
2768689
2771861
2773531
2774482
2776125
2776623
2777194
2778176
2780007
2782346
2783125
2786828
2790649
2790935
2791756
2792491
2797089
2800701
2802241
2805017
2807004
2807277
2807638
2808062
2809172
2811666
2822181
2832774
2841119
2847490
2858090
2858212
2862270
2863337
2867826
2868239
2870925
2876732
2877282
2880071
2884203
2886186
2886483
2889269
2891314
2891593
2894098
2895453
2895508
2896319
2899883
2901314
2901460
2902388
2906867
2918418
2919117
2920133
2921915
2931122
2931475
2935578
2936054
2937139
2937349
2938612
2940275
2942797
2944434
2947091
2947232
2949610
2949614
2950397
2951180
2955792
2957336
2959216
2962096
2962274
2974892
2977719
2978384
2979726
2981674
2982556
2985884
2988107
2994306
2994523
3006371
3013486
3013535
3013752
3015658
3017138
3023330
3023615
3030391
3039048
3040515
3044485
3054269
3056223
3059634
3070907
3076289
3076695
3078086
3080482
3082516
3083239
3086506
3086836
3088969
3091491
3091751
3093783
3098968
3105781
3107695
3110235
3110501
3113297
3122328
3125638
3131790
3134758
3137678
3144576
3151066
3154226
3154612
3156948
3159102
3165848
3166297
3167160
3167344
3168897
3175555
3182762
3185177
3185203
3186670
3186694
3195643
3196750
3199282
3199804
3204204
3207301
3207585
3207633
3212158
3228088
3230029
3230586
3236297
3237945
3240978
3242726
3245551
3247043
3248045
3248936
3252111
3255149
3256426
3259498
3263442
3263897
3269969
3270751
3273842
3275297
3278948
3279045
3295752
3298908
3303762
3310279
3319798
3323079
3327180
3327908
3333298
3334238
3338003
3339987
3340295
3340516
3341985
3347937
3348522
3348781
3349894
3349974
3351394
3352984
3355862
3358482
3365774
3370483
3373881
3381192
3381907
3382175
3382764
3390526
3391173
3392176
3393169
3395565
3396662
3397650
3399735
3401093
3401725
3402894
3403616
3407703
3412032
3413221
3413512
3415389
3420811
3423401
3429438
3430386
3431412
3436388
3438500
3439123
3443060
3443125
3448903
3455418
3456456
3457370
3458417
3467844
3475042
3477746
3480107
3483322
3488638
3492176
3492550
3494784
3495003
3496274
3498597
3500110
3504592
3505082
3506764
3508491
3513203
3514556
3523361
3523470
3526503
3528504
3537601
3537769
3539251
3539668
3544839
3550328
3553443
3561599
3564177
3566724
3568086
3571113
3575838
3578183
3582311
3588703
3592655
3597642
3598750
3603278
3603661
3606902
3608014
3612191
3612303
3619333
3619693
3621881
3622065
3626364
3632444
3633372
3633388
3642818
3646327
3649503
3653255
3658216
3658477
3659642
3660960
3662393
3666349
3668223
3670532
3675949
3681220
3684994
3685215
3685289
3695546
3699831
3701492
3701793
3702696
3703788
3709707
3715074
3721441
3721669
3725595
3726876
3732064
3736251
3738118
3738999
3741120
3744402
3744940
3745162
3750823
3753360
3753929
3756327
3757092
3757306
3757602
3757864
3759518
3760971
3763948
3765482
3765943
3778343
3779089
3780676
3787875
3788886
3793407
3793818
3796112
3798315
3806085
3806748
3809720
3810233
3811218
3811768
3812277
3812844
3814820
3815327
3827830
3835779
3836933
3837215
3837924
3842936
3854424
3856297
3858320
3859321
3859358
3863884
3867547
3877805
3886552
3888874
3890337
3891801
3899549
3903684
3904045
3911136
3912143
3914743
3920465
3922563
3925638
3926448
3931027
3931524
3933182
3933598
3934739
3937624
3940792
3944000
3944127
3944646
3949530
3954807
3955136
3958360
3958604
3963973
3964810
3964955
3967414
3969596
3970560
3973856
3976095
3979843
3983375
3983698
3985001
3986477
3994633
3995467
3996676
3996679
4000153
4005315
4021643
4033118
4033479
4036704
4037533
4044513
4047919
4052462
4058064
4058968
4061101
4064189
4064531
4065134
4068793
4072162
4074871
4078556
4082304
4082848
4083468
4084042
4092289
4093297
4093784
4096082
4098207
4098274
4106657
4112688
4114989
4118448
4123019
4123276
4125029
4127411
4129034
4137649
4144102
4155245
4157728
4157955
4158225
4164264
4167435
4168031
4168430
4172423
4172518
4174905
4177864
4178134
4181548
4182484
4182971
4184745
4188088
4189819
4194717
4196457
4196578
4197391
4198295
4199153
4203530
4204771
4205956
4206759
4207325
4208101
4211915
4211934
4215135
4217438
4218676
4221715
4221885
4227183
4228277
4234828
4235775
4244642
4245476
4257727
4258875
4259092
4262056
4262380
4263037
4267525
4273790
4274437
4280688
4281792
4289080
4293507
4296843
4298893
4310092
4310992
4311694
4318332
4320740
4325030
4326585
4326763
4327564
4331935
4335653
4335897
4338927
4340175
4347563
4348678
4348864
4353638
4354281
4363381
4379054
4380216
4382254
4383647
4383958
4389840
4390533
4397051
4401148
4401841
4403589
4405167
4412545
4414683
4415526
4424082
4426267
4428564
4432729
4433894
4434935
4446081
4447993
4449873
4455190
4464613
4469072
4470583
4473951
4477163
4482103
4484706
4486778
4489984
4493925
4494502
4495058
4501021
4504178
4504361
4504509
4511329
4512867
4513207
4514781
4515175
4521618
4522252
4522309
4526434
4534015
4536031
4545880
4547583
4547821
4548264
4548277
4548526
4549949
4551057
4561691
4561798
4563398
4564941
4568227
4568713
4569380
4570438
4570627
4571199
4573160
4574899
4575392
4576451
4576556
4576980
4583973
4584204
4588340
4589713
4597759
4599296
4604201
4609775
4615418
4616179
4622144
4623545
4625019
4625382
4631292
4639965
4644203
4645099
4645536
4647505
4650238
4651010
4652567
4653022
4653599
4657300
4659897
4664620
4666272
4669341
4672940
4673868
4674639
4677751
4679624
4680376
4681796
4682450
4684475
4686911
4691635
4694255
4696299
4698668
4702569
4703611
4703759
4704922
4706735
4707504
4708654
4710913
4719893
4721850
4723407
4729753
4738681
4738910
4742867
4743232
4744428
4747753
4756761
4759872
4763453
4768154
4768299
4770249
4770514
4771880
4777129
4780056
4786312
4791632
4793620
4800339
4801210
4802894
4806988
4807048
4808436
4808443
4809420
4811793
4820629
4832849
4835977
4837580
4841599
4846277
4854495
4858488
4859504
4862917
4864895
4871751
4872248
4873267
4873522
4882926
4887927
4888507
4889407
4892408
4895182
4898443
4908413
4909550
4910986
4916866
4917073
4919676
4923376
4924844
4925316
4926135
4929344
4930346
4930512
4930915
4934730
4936028
4937479
4937886
4939411
4945493
4946627
4948566
4950939
4951853
4952084
4960187
4963148
4963583
4963748
4966119
4966312
4973049
4974714
4975462
4982172
4984084
4984331
4985453
4985722
4986351
4986640
4987632
4988170
4989159
4989620
4990901
4991642
4995480
4998150
4999985
5000736
5005401
5006262
5006643
5007637
5009492
5010645
5010662
5010861
5011813
5012356
5016151
5022658
5023214
5023571
5027071
5027552
5029568
5031442
5038719
5045671
5047396
5051060
5051368
5058688
5071632
5072852
5075600
5077264
5078930
5080603
5080796
5087818
5099548
5102814
5104072
5111356
5116982
5120613
5123079
5127426
5128544
5135178
5135585
5137895
5152824
5164055
5168682
5169185
5169961
5175578
5176028
5176111
5178921
5179655
5180202
5185530
5186736
5189172
5196187
5197269
5198539
5202746
5209634
5211734
5215240
5219060
5222572
5233759
5236052
5237573
5238930
5252068
5252691
5272127
5272138
5272444
5275900
5279286
5279375
5281974
5282140
5287134
5288550
5289900
5293844
5299289
5306628
5316073
5316888
5320161
5321536
5324189
5326424
5333459
5335982
5356017
5357875
5358373
5359093
5359400
5359664
5360312
5364243
5366549
5370027
5370537
5371093
5371096
5372920
5373077
5377105
5378676
5383832
5390037
5390357
5392441
5394395
5397199
5398409
5402784
5403860
5405640
5408466
5411026
5419572
5431161
5431365
5432984
5451269
5453086
5455226
5455681
5460619
5462742
5464895
5465835
5467093
5473676
5473842
5476064
5476828
5479721
5482374
5484700
5485265
5486678
5490734
5491166
5498316
5500922
5502244
5502586
5502751
5508828
5512482
5523275
5525705
5530528
5532708
5536027
5539511
5546845
5549695
5555883
5557585
5558963
5561631
5572398
5575709
5590334
5590969
5591641
5595806
5597025
5602489
5604224
5607109
5613144
5613734
5616091
5616805
5617182
5617377
5617554
5618375
5619065
5621260
5621680
5622759
5625151
5626032
5634386
5638277
5639771
5640441
5642375
5642832
5650489
5650659
5651239
5652297
5654422
5659466
5664657
5666250
5666657
5668395
5674581
5682143
5683970
5693401
5693507
5695039
5697461
5703636
5705280
5706832
5708210
5709212
5711796
5713812
5714066
5722785
5727278
5736564
5736591
5739049
5739547
5739654
5740760
5745391
5745712
5749855
5750793
5757326
5757347
5757491
5760384
5762854
5765259
5766207
5769175
5771792
5773654
5774962
5777660
5780707
5786699
5796977
5800118
5802398
5803970
5810622
5811781
5811800
5815222
5819319
5833090
5839119
5839582
5846554
5851168
5867874
5874237
5876087
5881890
5883278
5884533
5888987
5889765
5891294
5892299
5894233
5896556
5900995
5901606
5903768
5904297
5904950
5906168
5910476
5918776
5923861
5928704
5929234
5930655
5931353
5939171
5943855
5949802
5960482
5961623
5963119
5964749
5966671
5967540
5968510
5969699
5973394
5974106
5977262
5978235
5980731
5983718
5984993
5985407
5997091
5997973
5998493
5999568
6002071
6003531
6006368
6014157
6017070
6017108
6021932
6024244
6027588
6027664
6027846
6029214
6032617
6043270
6044385
6045419
6046806
6048090
6048811
6050467
6058124
6065963
6072392
6073569
6077609
6079938
6082845
6083879
6091580
6100471
6100972
6101636
6101798
6106093
6111621
6113799
6113882
6116399
6118420
6121420
6122246
6129821
6130379
6137608
6140470
6141699
6143335
6144458
6147471
6148213
6148497
6149064
6150081
6150082
6159563
6161894
6164515
6165194
6166359
6166568
6166949
6167492
6178008
6181753
6181821
6186104
6193503
6195564
6204296
6208050
6208292
6213372
6214320
6215019
6216095
6216641
6216863
6218424
6221601
6223229
6224279
6224709
6225567
6226950
6228192
6228569
6230078
6232019
6232677
6236586
6238413
6238824
6239364
6239997
6243488
6248234
6255801
6257681
6258202
6258686
6259808
6260838
6265888
6269996
6273296
6274699
6275853
6276610
6278485
6279693
6288295
6290173
6293037
6296952
6303256
6306382
6307034
6307178
6309902
6316121
6318585
6329670
6335030
6345710
6350678
6354139
6357711
6362311
6366805
6371104
6371422
6374354
6378310
6378451
6378844
6379128
6382131
6382292
6385249
6387085
6388671
6395802
6407716
6414961
6419291
6420716
6423511
6424231
6426470
6431406
6435570
6438428
6447183
6447493
6453560
6454587
6455071
6463745
6469181
6470424
6473918
6486507
6488459
6490344
6492476
6494800
6495502
6500156
6502394
6513154
6513275
6514684
6516274
6521717
6525577
6526461
6526717
6529026
6533007
6533579
6539282
6549828
6550731
6551699
6551826
6559569
6563186
6565209
6576597
6578522
6582811
6584210
6588775
6591648
6594543
6595025
6595077
6599714
6602312
6602809
6615462
6622595
6622639
6623215
6627126
6628705
6632304
6640155
6654320
6654702
6661163
6662029
6667344
6668008
6669689
6670747
6673415
6673635
6684200
6703777
6708755
6709295
6720546
6726036
6726203
6726297
6726327
6732349
6733749
6735087
6735240
6735279
6740219
6744811
6745002
6745300
6761831
6762730
6763759
6765920
6766618
6767895
6769302
6769414
6771764
6774229
6774645
6783300
6788266
6791029
6796799
6798290
6803209
6805635
6812681
6819068
6820053
6821977
6825212
6837882
6845508
6846649
6848725
6851779
6854152
6858243
6865111
6868949
6871387
6871599
6876735
6879652
6880513
6881574
6885657
6886458
6888120
6889730
6890105
6891188
6891607
6896440
6900397
6900872
6901036
6901453
6902145
6904766
6905536
6906543
6909048
6911143
6912019
6912185
6918905
6919401
6922711
6922821
6924518
6927776
6928571
6932704
6940889
6941400
6942532
6943781
6944022
6951155
6951364
6957186
6958232
6962483
6963230
6963545
6968170
6969627
6972686
6972718
6973731
6975294
6976315
6981006
6987069
6989181
6994369
7003207
7003800
7004107
7004168
7004816
7008035
7009513
7009750
7011468
7011532
7016386
7016910
7017819
7019308
7021051
7025843
7027168
7030584
7031821
7037778
7039219
7042707
7045604
7050618
7051144
7052849
7055911
7068845
7071078
7073395
7086722
7086842
7091127
7092748
7095533
7095967
7099624
7105320
7109276
7109634
7110462
7116911
7118982
7121070
7121232
7127596
7130769
7134600
7141712
7144122
7145948
7147510
7150581
7151039
7153498
7153556
7153969
7158702
7162270
7162587
7169457
7172834
7174331
7177766
7181193
7185333
7188009
7196188
7196336
7202696
7206462
7211112
7212314
7213252
7214133
7222663
7225668
7228219
7228933
7233294
7235567
7239676
7240182
7242284
7247990
7253431
7264612
7269726
7274781
7279785
7288633
7288949
7289562
7289820
7290992
7291023
7294088
7298592
7298605
7298730
7300468
7300745
7301446
7304874
7307769
7311200
7314662
7321398
7328357
7333561
7335900
7339173
7341563
7343856
7344133
7344761
7346578
7351023
7357131
7359113
7362009
7363125
7366682
7372047
7374751
7376205
7379407
7379758
7380265
7384641
7384970
7385486
7387428
7390548
7395419
7395990
7396292
7398426
7409095
7410896
7413449
7414864
7416060
7422740
7426024
7426387
7428589
7428933
7434736
7434960
7436432
7438555
7440860
7441564
7441586
7442598
7451666
7455179
7461815
7461985
7465160
7465211
7467839
7468959
7471993
7475942
7476156
7481577
7484337
7496473
7497932
7502645
7504951
7505270
7505875
7508750
7509092
7510135
7512035
7512856
7515932
7517409
7520441
7523762
7525963
7528636
7528726
7529036
7529754
7533328
7535021
7535222
7536964
7551332
7552813
7558124
7560251
7565836
7582240
7583875
7592689
7592954
7603965
7606747
7610927
7618298
7623353
7626128
7627408
7627629
7628919
7632097
7635084
7636544
7639378
7640109
7641693
7660210
7663503
7671087
7672625
7674586
7674934
7675599
7678216
7680807
7680932
7686460
7688084
7688721
7689257
7690965
7692262
7694749
7696082
7699600
7701611
7701878
7702824
7706402
7707898
7709075
7709626
7710825
7715747
7716661
7718290
7718589
7720905
7725016
7726934
7728569
7730988
7731422
7731996
7740268
7741848
7746023
7755333
7760585
7765918
7766050
7773677
7776176
7779622
7780896
7781149
7781442
7787659
7794726
7794749
7802960
7803700
7809423
7818134
7818706
7823740
7824051
7825755
7828009
7830073
7832697
7837602
7839727
7854672
7860550
7862868
7864378
7865626
7869543
7871124
7872992
7873779
7874087
7879690
7888529
7889075
7894182
7898942
7903195
7907933
7908883
7912228
7913768
7916596
7919747
7921838
7922578
7928273
7928334
7929966
7930370
7931853
7935590
7936520
7937484
7938070
7941669
7942433
7944092
7947224
7948970
7957089
7961398
7964153
7965470
7965545
7966038
7973971
7980582
7980846
7981464
7981852
7993826
7994851
7995889
8000616
8006193
8007029
8011703
8012933
8013054
8013685
8016645
8017611
8026375
8026860
8027533
8029223
8029336
8031780
8036848
8037338
8040332
8044829
8050393
8054400
8056489
8056976
8057304
8058269
8063796
8065026
8068873
8070907
8076167
8078604
8081072
8089742
8097090
8098834
8100330
8101332
8106262
8107871
8109121
8109765
8115108
8116586
8116799
8117662
8128008
8129416
8138334
8149808
8159846
8163580
8163811
8164881
8170758
8171373
8171666
8185166
8186478
8188330
8191118
8192512
8194619
8201771
8202109
8204203
8207047
8208089
8212512
8213931
8215095
8215946
8217603
8219580
8234004
8234549
8235701
8239938
8240348
8240784
8247842
8251608
8256138
8263019
8266583
8266972
8270002
8270619
8271257
8274006
8276057
8277885
8278797
8281539
8283297
8287862
8290670
8291395
8292950
8293426
8295341
8297907
8301753
8302408
8307402
8309123
8310065
8310165
8311496
8316228
8324353
8327050
8327525
8329947
8333652
8334472
8348438
8351977
8352713
8354654
8355561
8356970
8359978
8360013
8361917
8363216
8363974
8364167
8369158
8371282
8371490
8371543
8372703
8373928
8377000
8386947
8399958
8400214
8401639
8413166
8420005
8421735
8422266
8423827
8434365
8438797
8438937
8446793
8448119
8453088
8458791
8462790
8463448
8464847
8465104
8469513
8476837
8481578
8489362
8491997
8498618
8500981
8501330
8508821
8512960
8513463
8514965
8519613
8521235
8522030
8522257
8523240
8531834
8536195
8537179
8537294
8546394
8547389
8550186
8551723
8557410
8562788
8564110
8568706
8571844
8571917
8574801
8574868
8577182
8579187
8584964
8588099
8589521
8591086
8593082
8595785
8597895
8600975
8603508
8605760
8614192
8615865
8622893
8623223
8625380
8636187
8638166
8638443
8639296
8647054
8651223
8654676
8659611
8662566
8664150
8683886
8684201
8689839
8689871
8689873
8690722
8695692
8696765
8697052
8697409
8706569
8706733
8710974
8711342
8714630
8717783
8726920
8731973
8735260
8736175
8736336
8736424
8737480
8738248
8741172
8745605
8746203
8750682
8751921
8756498
8759117
8766097
8766438
8767970
8776218
8777363
8778193
8780424
8791635
8795107
8798130
8799229
8799664
8800244
8800862
8801110
8802540
8814067
8814694
8821291
8821801
8823041
8832668
8834019
8834361
8835678
8836122
8836642
8842230
8842482
8848283
8848781
8851153
8854507
8855649
8873385
8876458
8877573
8882808
8886284
8887232
8891230
8892073
8896660
8896753
8897714
8901294
8904775
8905553
8908809
8911909
8911973
8917350
8923357
8924086
8929472
8935706
8940022
8943472
8945603
8947325
8947828
8959888
8966144
8967379
8967974
8969869
8970058
8970934
8972441
8974490
8975756
8978893
8988366
8992284
9004849
9008963
9014063
9014615
9015156
9022936
9028814
9028842
9030670
9033222
9035982
9038937
9040229
9046874
9048348
9051342
9055529
9058160
9058405
9060423
9065363
9069095
9072824
9076017
9081094
9081680
9089771
9091332
9095931
9099380
9104781
9106365
9114805
9114839
9116560
9122209
9125503
9129157
9132683
9141710
9146868
9152785
9156269
9156470
9159510
9172758
9177840
9178300
9182551
9183041
9193106
9195787
9196525
9198208
9198421
9203294
9203786
9203905
9206779
9207103
9207236
9207287
9213708
9215245
9219506
9234777
9235408
9238177
9242780
9259858
9260010
9261922
9264473
9266053
9268719
9275470
9277980
9278049
9279106
9281740
9282864
9290146
9297216
9304761
9305786
9310279
9318267
9318348
9325909
9328062
9332347
9338160
9340695
9342484
9343700
9345767
9346321
9350693
9362828
9363458
9364260
9367195
9369947
9372643
9372836
9373834
9375563
9375722
9391468
9393707
9393833
9400177
9403373
9409599
9409845
9414212
9416361
9417294
9419627
9423754
9423919
9426001
9427879
9428821
9428938
9429111
9429683
9430950
9436006
9436748
9436808
9442588
9442603
9448131
9449030
9450220
9450577
9454977
9455126
9455645
9456994
9461492
9462391
9463367
9464821
9470758
9472663
9475379
9476521
9479945
9482477
9490770
9491488
9491517
9492002
9492121
9495615
9505188
9508478
9508728
9512332
9514955
9517164
9521668
9522324
9524933
9536452
9539063
9539078
9540630
9553855
9556300
9559579
9561450
9567660
9570794
9581905
9584178
9584366
9586157
9591389
9592174
9593458
9595076
9597335
9598132
9603203
9608454
9614233
9621846
9624926
9626033
9628793
9628995
9631447
9634957
9637458
9639970
9640640
9643590
9646538
9646718
9648860
9649051
9652100
9652523
9653153
9653228
9657058
9658550
9660349
9660382
9668084
9677113
9677539
9687162
9687273
9688313
9690765
9692453
9693603
9698800
9703020
9707570
9713709
9717440
9718452
9721616
9725103
9737875
9738943
9740791
9742075
9747694
9748522
9750183
9750672
9752761
9754970
9760322
9763251
9763489
9765504
9770176
9770858
9771038
9777725
9778112
9778147
9780866
9785659
9787561
9790093
9793069
9794585
9797784
9801855
9815719
9820511
9825694
9836837
9838059
9838585
9839680
9840108
9848802
9849543
9852839
9853447
9853973
9854880
9858394
9861388
9867509
9868956
9870673
9873801
9875767
9882778
9886607
9888946
9898286
9901150
9902453
9908360
9912219
9912904
9914867
9916771
9919617
9922466
9927135
9929100
9929659
9934903
9935606
9940778
9943840
9944503
9953577
9956606
9957377
9958063
9958717
9958741
9963403
9964224
9967720
9969005
9970311
9971834
9981539
9983483
9990553
9993167
9994382
9999637
10000232
10001911
10002665
10006854
10013327
10015757
10016272
10016335
10017642
10026114
10035419
10038732
10042184
10042533
10042619
10045336
10047483
10047979
10049627
10052565
10056110
10057191
10058296
10059111
10061827
10063082
10064572
10069115
10073374
10073774
10088379
10090345
10092216
10096254
10098717
10099446
10100441
10101228
10105747
10105831
10110153
10113307
10115790
10124177
10126284
10126511
10127309
10127570
10135148
10135682
10136383
10137351
10138377
10141398
10141895
10142888
10143911
10147305
10147676
10152169
10153459
10153574
10158033
10160375
10162802
10163047
10166219
10167552
10169272
10172869
10187245
10187542
10189819
10190435
10192155
10197634
10199997
10200730
10202625
10203037
10203078
10204002
10206494
10208958
10209868
10213640
10216455
10220773
10221750
10222949
10232079
10233412
10233628
10238879
10244478
10245688
10246936
10249587
10253173
10254056
10263580
10265478
10268698
10268975
10269224
10271620
10272121
10274967
10275538
10278573
10280599
10281465
10287153
10287188
10287823
10299997
10302164
10303946
10304234
10307983
10311734
10312012
10313570
10317852
10319519
10319615
10320875
10321872
10325885
10339046
10341081
10341191
10342056
10342382
10348472
10351194
10351327
10353273
10353883
10354869
10355702
10356710
10357818
10360907
10361779
10362028
10363128
10363840
10369420
10371192
10377193
10382404
10386684
10389937
10393707
10396066
10397527
10398243
10403057
10407542
10411006
10412538
10413470
10415493
10415784
10419434
10420830
10421525
10426339
10426688
10434951
10440619
10444530
10451477
10452125
10453079
10456393
10458386
10459490
10460482
10464253
10465096
10475681
10480446
10485169
10487923
10491646
10495157
10495385
10497676
10498522
10504386
10505855
10506471
10512762
10514833
10515511
10516216
10518113
10532060
10537994
10543868
10545718
10546213
10547686
10548681
10552877
10552991
10555334
10563229
10571244
10574305
10577840
10578217
10580182
10586477
10587424
10587725
10589916
10594099
10595654
10595928
10601224
10604606
10604694
10607848
10612732
10613356
10614740
10616812
10620753
10620963
10621924
10622034
10623377
10624271
10625021
10625417
10626471
10627895
10631852
10634412
10634761
10637141
10637897
10639674
10641275
10642393
10645902
10647730
10659183
10659781
10660822
10662067
10663732
10665533
10665891
10667860
10669936
10672160
10674171
10677310
10685714
10689189
10690588
10690939
10692562
10695956
10698098
10698924
10701218
10710153
10711899
10717034
10725106
10727470
10729666
10729824
10731374
10737172
10738892
10745916
10750161
10752903
10753395
10753453
10754908
10755291
10757504
10760171
10760757
10762795
10763613
10764364
10766062
10768469
10773139
10774477
10776137
10780671
10781005
10788706
10789966
10791867
10794569
10798015
10806841
10811972
10813628
10814197
10815229
10820736
10826889
10826929
10828390
10830009
10832644
10833518
10833578
10841238
10844130
10844588
10849963
10851311
10853763
10855329
10859795
10862032
10876772
10881839
10885929
10889461
10892228
10898197
10901207
10901881
10904458
10904708
10904901
10905447
10907858
10909890
10918263
10919723
10927148
10927310
10929073
10929828
10929909
10930569
10932732
10934467
10936209
10946456
10949199
10956976
10966145
10970576
10976206
10976244
10985824
10988413
10991147
10991812
10993124
10994573
10995010
11002295
11009507
11012251
11015720
11015752
11017281
11017723
11024396
11026311
11027032
11028348
11031849
11031877
11032258
11036337
11041040
11042976
11050530
11051721
11052778
11055157
11055657
11055673
11057057
11061174
11068192
11070745
11072129
11073084
11074918
11075445
11077827
11081124
11088242
11097217
11102125
11102812
11103489
11113885
11116313
11116635
11116874
11122694
11124243
11124318
11129692
11133488
11135378
11138133
11140146
11141348
11143046
11144597
11145039
11145469
11146788
11148879
11150673
11152448
11156463
11162385
11165140
11167136
11169379
11170842
11174210
11175592
11179008
11179239
11180937
11181490
11183302
11184272
11194229
11194631
11201275
11203608
11204220
11207183
11207203
11208784
11211765
11212503
11216836
11218381
11221744
11221909
11222697
11224510
11230391
11236377
11237561
11239554
11239841
11244227
11244505
11249334
11254260
11261318
11263535
11263579
11273429
11275660
11278289
11284661
11287683
11290033
11298471
11299961
11316725
11318363
11323181
11325727
11326409
11327290
11330068
11332507
11332623
11333008
11335487
11341293
11348128
11348454
11349619
11350876
11353831
11354620
11359021
11359884
11360559
11360636
11360998
11361442
11368139
11373393
11374725
11375865
11376520
11380934
11382665
11383596
11385293
11386337
11386399
11386428
11387799
11388421
11388657
11391320
11393316
11398099
11403193
11403802
11406069
11409244
11412111
11413146
11416138
11416906
11418228
11418523
11418910
11419188
11420641
11421698
11422308
11429939
11429981
11431894
11432440
11433018
11435447
11441017
11455537
11455726
11458510
11460073
11461140
11461504
11461711
11468029
11470490
11472754
11475295
11479161
11483319
11489663
11492203
11493096
11495109
11495257
11496417
11502149
11502204
11506657
11507540
11511331
11511551
11513364
11515609
11519231
11520550
11522091
11524322
11524534
11531315
11531525
11531921
11532261
11533264
11533271
11538718
11542226
11552615
11559241
11574070
11574636
11574654
11576794
11577734
11584701
11591579
11598171
11605226
11605584
11619960
11620449
11621228
11622156
11622811
11626520
11631000
11631286
11632656
11644751
11644908
11649947
11656205
11662849
11669232
11670460
11675022
11676135
11678827
11684190
11688679
11693830
11697174
11697739
11701864
11706796
11708232
11708360
11711629
11715443
11717536
11719139
11721426
11723189
11725182
11727109
11728977
11735280
11737086
11740470
11740611
11747938
11749387
11752041
11758333
11759570
11759973
11761393
11765552
11776059
11781095
11785333
11786709
11790043
11790775
11794074
11795350
11795861
11796219
11797226
11803190
11806791
11808148
11809449
11809702
11814824
11815515
11817877
11818137
11822488
11828655
11831411
11835141
11842760
11843075
11843311
11849852
11849945
11850498
11854620
11855684
11858944
11860489
11862902
11866520
11872476
11875109
11877342
11877826
11878528
11882211
11885898
11887542
11892569
11898775
11908322
11909756
11911090
11917130
11917759
11920675
11921701
11921875
11929813
11931287
11931370
11931759
11934083
11937221
11937481
11938231
11941158
11948201
11950535
11969343
11977566
11979633
11984077
11984909
11985781
11990160
11993176
11993655
11995516
11995849
11995959
11998129
12004081
12006649
12007573
12011282
12011524
12019103
12020185
12023402
12023498
12030135
12031303
12039713
12043381
12050591
12051092
12058432
12059695
12059990
12060746
12063372
12070163
12070401
12089452
12091263
12100940
12102518
12105998
12118281
12118487
12121490
12124039
12125004
12128988
12130313
12137690
12138258
12155226
12157100
12158824
12164613
12168127
12168592
12169383
12173798
12177144
12179724
12179937
12183433
12183969
12187501
12193345
12196415
12197656
12198930
12201746
12205591
12212315
12212728
12214134
12214860
12219670
12229275
12231523
12232174
12233502
12235782
12237002
12241746
12242041
12244680
12247030
12247648
12249779
12251905
12252401
12254700
12265319
12269259
12269722
12283378
12285091
12286066
12289503
12297789
12297935
12298480
12299935
12300923
12308149
12312205
12314831
12319238
12328654
12331513
12340286
12341696
12343857
12352849
12357124
12359971
12362785
12365365
12369469
12370924
12371484
12371622
12377940
12380689
12382765
12383410
12383571
12393120
12398092
12398320
12400329
12405495
12407261
12408271
12412306
12415149
12417057
12417951
12418448
12430242
12434299
12435371
12437987
12441461
12445088
12449174
12452547
12453132
12457626
12458865
12464533
12464570
12470959
12475453
12480006
12482557
12500695
12506959
12507935
12512588
12513973
12517920
12517970
12518702
12520232
12520699
12525739
12534090
12544229
12546221
12549347
12560002
12560572
12564001
12568263
12570848
12573225
12575467
12579472
12581865
12582005
12582354
12582772
12582961
12583269
12583635
12584515
12585360
12590604
12593932
12594146
12594725
12595809
12596839
12598057
12600736
12601059
12601797
12603124
12609327
12610388
12612569
12613938
12616939
12617436
12618882
12619518
12634236
12637572
12638892
12660675
12662390
12663050
12664997
12668824
12670424
12675519
12678438
12685447
12690849
12690888
12691670
12696948
12697977
12699809
12701981
12705863
12707625
12713470
12717462
12718648
12721434
12722291
12727530
12728160
12729992
12732593
12733297
12741226
12752090
12752843
12753289
12756216
12761399
12762851
12763183
12768902
12769488
12769582
12770947
12773930
12781535
12781562
12781723
12783912
12786064
12787763
12798470
12807716
12811194
12812835
12813630
12816121
12816539
12819581
12820815
12825460
12829420
12831788
12834786
12835938
12837851
12843705
12851505
12855219
12859286
12862408
12865573
12875813
12878083
12889058
12891257
12891312
12897882
12898218
12899299
12902792
12903107
12906672
12911234
12916821
12931342
12937130
12940073
12945871
12948112
12958956
12959758
12960875
12968588
12979869
12980273
12982618
12983902
12988467
12990390
12994429
12995232
12996546
13001329
13009300
13012770
13013866
13018742
13018834
13020158
13027040
13031136
13032343
13033457
13035027
13036670
13039818
13044064
13055414
13062056
13063100
13064164
13066969
13073758
13077173
13077372
13082420
13083301
13084099
13089915
13089967
13093708
13094038
13095436
13101025
13106066
13107672
13109302
13110433
13110559
13115666
13125366
13135074
13138010
13141564
13148019
13148252
13151333
13151699
13152724
13162315
13163656
13165161
13171993
13175939
13177130
13180363
13182901
13183742
13185936
13187798
13189848
13189971
13191341
13196754
13196829
13199072
13201694
13218787
13222130
13225852
13226975
13228485
13232478
13235746
13236077
13237514
13240637
13242553
13243328
13245036
13246077
13247265
13249492
13251209
13254708
13264841
13265704
13272358
13274303
13276054
13276684
13277419
13277717
13282501
13284744
13288213
13289523
13289673
13294283
13299173
13299591
13301598
13303217
13303536
13310933
13317488
13322460
13326980
13328875
13329592
13335003
13335375
13338481
13342024
13351073
13363631
13372105
13373518
13379013
13380191
13380877
13384599
13385059
13385102
13387879
13398912
13402287
13404960
13405993
13406188
13406943
13407039
13407872
13412071
13417901
13418044
13420480
13428308
13430370
13437303
13437503
13445718
13446346
13446419
13446990
13452360
13454586
13455764
13455994
13456341
13457295
13459517
13466292
13469193
13474226
13484677
13484978
13491618
13493266
13501460
13502637
13504135
13504224
13513378
13514332
13514740
13517784
13518624
13522720
13524836
13526245
13527119
13538643
13540070
13544932
13545631
13546753
13551101
13558089
13564620
13565512
13571379
13575695
13581166
13584260
13588391
13590725
13591013
13592140
13596461
13602297
13603034
13608779
13608782
13610199
13611056
13612016
13613995
13614989
13617884
13632080
13633327
13634351
13635500
13635624
13636060
13640560
13642726
13645138
13645991
13650227
13651399
13654629
13657160
13659973
13660117
13660147
13674521
13676381
13682479
13687756
13690045
13696763
13697166
13698795
13700474
13703258
13706346
13708483
13711633
13714334
13727085
13736477
13742127
13748209
13748910
13755603
13761494
13762043
13765067
13770516
13770746
13773708
13780189
13783626
13784401
13785967
13786800
13791839
13799812
13800080
13803247
13807655
13808880
13809757
13812067
13819420
13822291
13823722
13825674
13826423
13827379
13828175
13834413
13846258
13847677
13851113
13853503
13854142
13855974
13856073
13856959
13864073
13871281
13871841
13871854
13873818
13876371
13879995
13882427
13883477
13890654
13890912
13898559
13908167
13912362
13913291
13918112
13919476
13921313
13921380
13925452
13926113
13934970
13935374
13940218
13943381
13945794
13948430
13953783
13957488
13958332
13963389
13964025
13969466
13973573
13977038
13981787
13982912
13983277
13983534
13985390
13985746
13990048
13991618
13994282
13995919
13996494
13997751
14001275
14003388
14006540
14010912
14010916
14016158
14016531
14016974
14017316
14042563
14043948
14048229
14052361
14056476
14061749
14062822
14063074
14063557
14078724
14086721
14086899
14087423
14095057
14095119
14096008
14098760
14106574
14110802
14113325
14117630
14121539
14122486
14124130
14127595
14128311
14128755
14139044
14144539
14145774
14146197
14149593
14152076
14153778
14153907
14159379
14167616
14175129
14176636
14179048
14184172
14186849
14186879
14189962
14191452
14191752
14195597
14195726
14198382
14202838
14207230
14208548
14208915
14214350
14220624
14222588
14223734
14225105
14225290
14226921
14227646
14228448
14230847
14234584
14248965
14250673
14252593
14259449
14265411
14274951
14275013
14276350
14284524
14285259
14286100
14287545
14292405
14297825
14297934
14303350
14315308
14317262
14319785
14321846
14323468
14326786
14339338
14342181
14347531
14354364
14356873
14359027
14359107
14363040
14363955
14365313
14368806
14375829
14377512
14378175
14379312
14382264
14385032
14386151
14388821
14393328
14396942
14397565
14397614
14397984
14408592
14409449
14410432
14415457
14415962
14418675
14419609
14428578
14429042
14432374
14433170
14433288
14438090
14439675
14446053
14449492
14451708
14453816
14456243
14457789
14476655
14478788
14480231
14482397
14483003
14484679
14488584
14492462
14494175
14497418
14497464
14498109
14500618
14505047
14505392
14517772
14520036
14523297
14523639
14526718
14530868
14538111
14545795
14546627
14555785
14556216
14556426
14559798
14560257
14565346
14568867
14569291
14569658
14571963
14572235
14572835
14577274
14582953
14584095
14590528
14591514
14593390
14604909
14617917
14620606
14622431
14629187
14630119
14630174
14636244
14636862
14644391
14653434
14658047
14662182
14665508
14665923
14675314
14675468
14676163
14679045
14681373
14683263
14683956
14687961
14688628
14689916
14693245
14697760
14700614
14702257
14705541
14708619
14713988
14717372
14718841
14719855
14721477
14721634
14723657
14725406
14725538
14726208
14730380
14735151
14737528
14737833
14738058
14738251
14739844
14750784
14752294
14752904
14753357
14753833
14759784
14773496
14776829
14778494
14781882
14783702
14789442
14789555
14791782
14795928
14802904
14803101
14803219
14806590
14810293
14810437
14812808
14814055
14816260
14820137
14820425
14820770
14821283
14822293
14825418
14829412
14836233
14840183
14842202
14850387
14850985
14860264
14870012
14872507
14876560
14876678
14885271
14892966
14904567
14918868
14921015
14924284
14932933
14935226
14935504
14936244
14939045
14940442
14942003
14942590
14945884
14949141
14950673
14955687
14957144
14957646
14973568
14974571
14977561
14989705
14992863
14994806
14998125
15001579
15001964
15005557
15006137
15009640
15018853
15028877
15032583
15033679
15035852
15037283
15041161
15047413
15049987
15050791
15052610
15055686
15056654
15057915
15057993
15058588
15059701
15065530
15066394
15067229
15067364
15069190
15075011
15076429
15083829
15088090
15094300
15096031
15097810
15099210
15099941
15106576
15106795
15107696
15108873
15110840
15111534
15111629
15119003
15121058
15123789
15124218
15125048
15128867
15130854
15132203
15136838
15138237
15142684
15143295
15145220
15147467
15152434
15153842
15158329
15158651
15160413
15164878
15166846
15169395
15170590
15171979
15172022
15172748
15172827
15173884
15177669
15180139
15182619
15186412
15188107
15195431
15198441
15201889
15202178
15202887
15204965
15207066
15208475
15212896
15213498
15217777
15219309
15224475
15230885
15231803
15233734
15238280
15240399
15243415
15245919
15249720
15252046
15256257
15260911
15264511
15268584
15271633
15277400
15288485
15291109
15298513
15299303
15301615
15302072
15306133
15311795
15312901
15315978
15316020
15317596
15318499
15318629
15327289
15329434
15330400
15330991
15331039
15332461
15334348
15339347
15343435
15346738
15349249
15362425
15364368
15365577
15369681
15376293
15379416
15380728
15383807
15385475
15389274
15389816
15389999
15390390
15396469
15397280
15401001
15402898
15406623
15411996
15412308
15412718
15413655
15416523
15419382
15419556
15421337
15421912
15422097
15424384
15432405
15441067
15446669
15455159
15455290
15457016
15457082
15461565
15466369
15467734
15467872
15474125
15475363
15480927
15483941
15486815
15487656
15496184
15503172
15506891
15508495
15512276
15514759
15517484
15521817
15525715
15527320
15529116
15545665
15557762
15559559
15561678
15569697
15571370
15575263
15581036
15581110
15581464
15581981
15582150
15584543
15585490
15585680
15586128
15586964
15587876
15589688
15591355
15592467
15592771
15595183
15601131
15603685
15604217
15605814
15605877
15609239
15609299
15610227
15613353
15627556
15630540
15636725
15639443
15644259
15645963
15646998
15647729
15648755
15652375
15661465
15662552
15663008
15672045
15675029
15675396
15675431
15676180
15682169
15682245
15684289
15684662
15684973
15685874
15693762
15694001
15702141
15703329
15703737
15707056
15707575
15710305
15710668
15712209
15714761
15715732
15719767
15725829
15726092
15729364
15731200
15731394
15732644
15733822
15733962
15737165
15737763
15738868
15742411
15748319
15748646
15752368
15757937
15758054
15760850
15766875
15770492
15775297
15778817
15783428
15783529
15785986
15788271
15788716
15790832
15791368
15794333
15794539
15797325
15800849
15803034
15804840
15809708
15813745
15815560
15826387
15826597
15826943
15838329
15842201
15845883
15846308
15849263
15850024
15859639
15859692
15860293
15865190
15868244
15868311
15869739
15871615
15872718
15873462
15878837
15880100
15882131
15882925
15884005
15884035
15885032
15887393
15891807
15894606
15896061
15897662
15898935
15902397
15904047
15904387
15907023
15913459
15915083
15918194
15919886
15922543
15924775
15928159
15931284
15934183
15939344
15950255
15950336
15952893
15953088
15957826
15962315
15965032
15966244
15966275
15968366
15970183
15970328
15972088
15980518
15981749
15981960
15991039
15991219
15993037
15997768
16003213
16010507
16013427
16014417
16016565
16026113
16030864
16033226
16034144
16047960
16048613
16050190
16051357
16053813
16054094
16069144
16071876
16073191
16074408
16076393
16076438
16081760
16089447
16107378
16107720
16109839
16111119
16114618
16117253
16117386
16118081
16118469
16127599
16130531
16136103
16137160
16143385
16147430
16157181
16160317
16160713
16162080
16170312
16170739
16181090
16187183
16191068
16191690
16192262
16195974
16199614
16200703
16207448
16208654
16209844
16214379
16218086
16219684
16220566
16221495
16225328
16233072
16236310
16237587
16237629
16240625
16242354
16243210
16243367
16243373
16256813
16259267
16263174
16263780
16268423
16270669
16274145
16275394
16276664
16279761
16284566
16286525
16296599
16299206
16300592
16300625
16302203
16302392
16304574
16305181
16318096
16323453
16323671
16326422
16329691
16334494
16335294
16335523
16336936
16337534
16338816
16352425
16361072
16361755
16363093
16364509
16365990
16377839
16390398
16393304
16393461
16394133
16400779
16401291
16402623
16405003
16407725
16407868
16408537
16413786
16413914
16415409
16422747
16429096
16434091
16434864
16435593
16439008
16441982
16444996
16450000
16451165
16453665
16459313
16459432
16464079
16472140
16481102
16481347
16481683
16488480
16488497
16490503
16492201
16501399
16503101
16509597
16509654
16509925
16511033
16511064
16518216
16519500
16520064
16520439
16526420
16527461
16528920
16534013
16538933
16541456
16543772
16544231
16554895
16555289
16557079
16564340
16573338
16573890
16575285
16582000
16584533
16589598
16590921
16592075
16606906
16607697
16607846
16610282
16625314
16626349
16627768
16634556
16636178
16636803
16644919
16645814
16647042
16650227
16650495
16653216
16653454
16655729
16655939
16660761
16661011
16661997
16664292
16664695
16666796
16667643
16667850
16670773
16671493
16672348
16672532
16673503
16673709
16675333
16681274
16690168
16691113
16694667
16695665
16696357
16696637
16696869
16699516
16701491
16707769
16707966
16711949
16712277
16712695
16713469
16714034
16714868
16716817
16717114
16717252
16717510
16718922
16723447
16724677
16724950
16732834
16734440
16734848
16735629
16735715
16746006
16747743
16750782
16752447
16755874
16759924
16761343
16775649
16778781
16779335
16781764
16789858
16791094
16793003
16794678
16799437
16800920
16805716
16808379
16809256
16816119
16819938
16821552
16824365
16834216
16835665
16842918
16849320
16864871
16865244
16865874
16872345
16874362
16876454
16878757
16884459
16884546
16888436
16894099
16896247
16902869
16903543
16908041
16908785
16919579
16924067
16924768
16930829
16933163
16936778
16938257
16944057
16948539
16948651
16949681
16958545
16972655
16973223
16973305
16985611
16985676
16987513
16991151
16994384
16997649
16998661
17004873
17005090
17010206
17010674
17010775
17011057
17011245
17014389
17017708
17026762
17037063
17045747
17047646
17053139
17054071
17054622
17057546
17060226
17064918
17068053
17068806
17079328
17080124
17081496
17081857
17086368
17094380
17100076
17104455
17106120
17107008
17107343
17111354
17112065
17120691
17122903
17126728
17131995
17133399
17133725
17134836
17135641
17136916
17139102
17139232
17139923
17141867
17142618
17143087
17145230
17149727
17150031
17150756
17150825
17152154
17157703
17163145
17170192
17171635
17172943
17174691
17177631
17178376
17180729
17183284
17183626
17189350
17191048
17204821
17208302
17212327
17213340
17216424
17221500
17223750
17224052
17227158
17230413
17231906
17233553
17235365
17237396
17240692
17241179
17242010
17242591
17242706
17244110
17245307
17255208
17255241
17257028
17259224
17261722
17269945
17273960
17294531
17295584
17299684
17299755
17301039
17301650
17305747
17306009
17306450
17310588
17310986
17313957
17314900
17315832
17318501
17318784
17319083
17321746
17332371
17336677
17338800
17339922
17342029
17342099
17343539
17351595
17355551
17355895
17364241
17364924
17366947
17381460
17386929
17387770
17389177
17391104
17393529
17399220
17399803
17400383
17403076
17405981
17408894
17414243
17415420
17417516
17417707
17422039
17422535
17423686
17428033
17430453
17431452
17435092
17439205
17440492
17440731
17441032
17442801
17443565
17448544
17452566
17452930
17454020
17454586
17454943
17454960
17459686
17460969
17461068
17462951
17465173
17469413
17473997
17479611
17479894
17481460
17482773
17482908
17484659
17485388
17486263
17487940
17488561
17492661
17494869
17498147
17498827
17504971
17510069
17511558
17513153
17514090
17518160
17519965
17525153
17525971
17526069
17529358
17529925
17533675
17534576
17534945
17535904
17542706
17544381
17550526
17551448
17551906
17551937
17557013
17557904
17564506
17579534
17580518
17582975
17585842
17589219
17592052
17593650
17594728
17598366
17600731
17602455
17605285
17615704
17628196
17629076
17640225
17643858
17644081
17644534
17646946
17652465
17653921
17658859
17660002
17660318
17663058
17665332
17669039
17669601
17670502
17676429
17676570
17677174
17687045
17687804
17694480
17698989
17699752
17703002
17703961
17706316
17708920
17713186
17723133
17725827
17730981
17731856
17733562
17739328
17747268
17750363
17750421
17753749
17754429
17756570
17757165
17759337
17765754
17769260
17774662
17778668
17790869
17792010
17792827
17794598
17795223
17802534
17812779
17813035
17814530
17818459
17825367
17828497
17829893
17832144
17834690
17840795
17841129
17846251
17850529
17852981
17853195
17856564
17860417
17873323
17874126
17875356
17876808
17876965
17878941
17879739
17882681
17883359
17885082
17885398
17887663
17888468
17890786
17898217
17898799
17898972
17901875
17903733
17907993
17909365
17910827
17922440
17926493
17927625
17928191
17929697
17936059
17936531
17938736
17939250
17940864
17950478
17962170
17963448
17972937
17979920
17980865
17984370
17989090
17990732
17994009
18000601
18000933
18012815
18013842
18017498
18018829
18020452
18023511
18025974
18027623
18036824
18039261
18039400
18039460
18041446
18045089
18047786
18052006
18058726
18062239
18074771
18075568
18079628
18083255
18086007
18088340
18089191
18093910
18100951
18105547
18107317
18110184
18115735
18116546
18120432
18121499
18122314
18130978
18132944
18133231
18133514
18137746
18140201
18140791
18146968
18151800
18152490
18157100
18180477
18180781
18182894
18183630
18184942
18187163
18189392
18191154
18195588
18197474
18202920
18207086
18208100
18208289
18208848
18211048
18211616
18213313
18214922
18215328
18216252
18216348
18216537
18218625
18224826
18228131
18230128
18234755
18235495
18245015
18245181
18250380
18256440
18258556
18266629
18271952
18274804
18289306
18292557
18297454
18297768
18301926
18311417
18316945
18317935
18321806
18322900
18323222
18325927
18329908
18332331
18333017
18335301
18337249
18342067
18350310
18350338
18350843
18352219
18355630
18358009
18364887
18370371
18373697
18382647
18384536
18384618
18387234
18390227
18391074
18391590
18393234
18394127
18400415
18403705
18407292
18412250
18417124
18417959
18419952
18423168
18423785
18424649
18426511
18428042
18432019
18436153
18447362
18449843
18453622
18456881
18457424
18458018
18458535
18460065
18463826
18463862
18467666
18468919
18469284
18471288
18471577
18477013
18478748
18479993
18480978
18483628
18484247
18486166
18487304
18489201
18495360
18499919
18501319
18502788
18504222
18511384
18523698
18524582
18526117
18527597
18528323
18530506
18538350
18541851
18542904
18545545
18550972
18555006
18557470
18558337
18561705
18566236
18573979
18575949
18577555
18580545
18583215
18593819
18595335
18595486
18599694
18602088
18602404
18605742
18609276
18609428
18610437
18613793
18614959
18615185
18627339
18629126
18629798
18630007
18630846
18634189
18635477
18637882
18639932
18648921
18652811
18657644
18657677
18661407
18664143
18668192
18668919
18670678
18675635
18675692
18676481
18677164
18680710
18683548
18683627
18690259
18690330
18691701
18693596
18696385
18698227
18699326
18704181
18707287
18709961
18717828
18718627
18724110
18724569
18726641
18728662
18729304
18732426
18733482
18734069
18734836
18735210
18737645
18741700
18743758
18749186
18753808
18755733
18758227
18765296
18767311
18768165
18768396
18770060
18774581
18776266
18777486
18778834
18779836
18781354
18781862
18785607
18787317
18789957
18791046
18791863
18792547
18798281
18798299
18803589
18805087
18811338
18812408
18818786
18820587
18823181
18823576
18827442
18830608
18834043
18842646
18847629
18856767
18857001
18861527
18864781
18872253
18881993
18883587
18898566
18900552
18900821
18902647
18910284
18912183
18914801
18919573
18921696
18924362
18929698
18930062
18931933
18933124
18933913
18939727
18940493
18940942
18941258
18941634
18947810
18948686
18951692
18952589
18954632
18955488
18959840
18963451
18967939
18969552
18970585
18977357
18977753
18981504
18983299
18987991
18988686
18993471
18994840
19006772
19009534
19014263
19018510
19020948
19021057
19022205
19022456
19033960
19038295
19040176
19044462
19053303
19053385
19053551
19059878
19069634
19071573
19072397
19073696
19081209
19082031
19082855
19091332
19092325
19092688
19094288
19099950
19100154
19106288
19108088
19110878
19116267
19127074
19128774
19131850
19135112
19136625
19136773
19140802
19142918
19145589
19148308
19151471
19152454
19156470
19158408
19158762
19160159
19160746
19161614
19162251
19170222
19174224
19179808
19185765
19190980
19197537
19201625
19202743
19205998
19216056
19216362
19218785
19219784
19223142
19224085
19226490
19230508
19231384
19231835
19231974
19238840
19240255
19247416
19248343
19257833
19260379
19262062
19271497
19275816
19277902
19280610
19281804
19296778
19297916
19299471
19300201
19303397
19307257
19317370
19319331
19320702
19334475
19340407
19342818
19346960
19347050
19348695
19352439
19359258
19360743
19361764
19363791
19364374
19371012
19372044
19372806
19373146
19374111
19379123
19384536
19399779
19401711
19404091
19407406
19410251
19415720
19419064
19420162
19421130
19422363
19424094
19426627
19431501
19434310
19438125
19438511
19439132
19439345
19442789
19444512
19445710
19446775
19449496
19450280
19450709
19452966
19457370
19457488
19458439
19464649
19475819
19481189
19484472
19484576
19487785
19489405
19489639
19492342
19492511
19500562
19501230
19505476
19506668
19507456
19508777
19512859
19516361
19517517
19520152
19522523
19528566
19530797
19541198
19541255
19541476
19542826
19553727
19556394
19557524
19559618
19561309
19564593
19567418
19567897
19572905
19575344
19576726
19578431
19581069
19581424
19585150
19586194
19587174
19593234
19593537
19595527
19598545
19598674
19606971
19608254
19611526
19614320
19615152
19617676
19626139
19630229
19631865
19634257
19636109
19636604
19640326
19641491
19642152
19642855
19652143
19653168
19656193
19658931
19659288
19659669
19664475
19668117
19673290
19675147
19675785
19686797
19687631
19691274
19695643
19697116
19698369
19705941
19717881
19720279
19720680
19721629
19722900
19724019
19725000
19727566
19729758
19732979
19734567
19736124
19739517
19740139
19742813
19746312
19746464
19749337
19757752
19769762
19772783
19775331
19778074
19780402
19790420
19790976
19791735
19792804
19792928
19795782
19796106
19801978
19807071
19810602
19813066
19818001
19821360
19823268
19823322
19829679
19831559
19838419
19839896
19841374
19842836
19846200
19848258
19849842
19853796
19857565
19858104
19863256
19866707
19871082
19874876
19875746
19878172
19884109
19889698
19889833
19896184
19896215
19896824
19909135
19910596
19913835
19914676
19916014
19924815
19930220
19930985
19931709
19933104
19937171
19948774
19948933
19953883
19954405
19961618
19962448
19965427
19967378
19974073
19975454
19977588
19977833
19981590
19993293
19996865
19997033
19997409
19998368
20001048
20006621
20010738
20012302
20014261
20015637
20027960
20028940
20030028
20030095
20033644
20034124
20036763
20041565
20058895
20061062
20063824
20064362
20067011
20068848
20069215
20070899
20072840
20075673
20076826
20078967
20085302
20087930
20089416
20092966
20104656
20105163
20106345
20107564
20108851
20110472
20115303
20115921
20116689
20118132
20124439
20129580
20131089
20137184
20138862
20141611
20141803
20142505
20143270
20145165
20146673
20147915
20148588
20150887
20151721
20165502
20169422
20169524
20169771
20170507
20173109
20182056
20185025
20185408
20186308
20190437
20190567
20193596
20195467
20198730
20198937
20203427
20204954
20210152
20221714
20223785
20227662
20229704
20230660
20232078
20232181
20232877
20233011
20233108
20235792
20236096
20237105
20243741
20253858
20254089
20262708
20262803
20265943
20266440
20268033
20272016
20273477
20278605
20280451
20280672
20281134
20281190
20283280
20283998
20284362
20286579
20287080
20287153
20289558
20294348
20298355
20299840
20303922
20304062
20306824
20307217
20307669
20312261
20320213
20322833
20323366
20325487
20326540
20328481
20330153
20334776
20336074
20340209
20344698
20348200
20350164
20350395
20352156
20360739
20370936
20374396
20375200
20376263
20386464
20389299
20392897
20396516
20398875
20400102
20402081
20402338
20409731
20415598
20419157
20419972
20420057
20421666
20424757
20433167
20433744
20433848
20434259
20434636
20435986
20440375
20441850
20443481
20443801
20444314
20447445
20447795
20448871
20449142
20451284
20452704
20455006
20458279
20463968
20465124
20468388
20470667
20472618
20472774
20474505
20476363
20477636
20479123
20481665
20489127
20497288
20498147
20500573
20502872
20506232
20510811
20511496
20514331
20517668
20525566
20527868
20528698
20529753
20532470
20535224
20537040
20540544
20542536
20557341
20560470
20564943
20568152
20568571
20575499
20579412
20581203
20584351
20585435
20588894
20589706
20593569
20595343
20599224
20600491
20607422
20610135
20611104
20618152
20618267
20619198
20622726
20629360
20631738
20637232
20640763
20642381
20645202
20646538
20647030
20650493
20659456
20659731
20660887
20662503
20662533
20667190
20667256
20669591
20670683
20681323
20683590
20693109
20696181
20699822
20700415
20709660
20714441
20714810
20714829
20715064
20723026
20723263
20729960
20735601
20739829
20742671
20748665
20749127
20752233
20752893
20753457
20754717
20756134
20769467
20772445
20779032
20787461
20789833
20794000
20794723
20796692
20803471
20805194
20807961
20809588
20810820
20813399
20815148
20817172
20822345
20830342
20833286
20834091
20842897
20849657
20851723
20866472
20869729
20873946
20876850
20877072
20878265
20880455
20884470
20888185
20888364
20889760
20889845
20894348
20895148
20899322
20900510
20903088
20904975
20910065
20913892
20916867
20921401
20921798
20923083
20930233
20933594
20934737
20938727
20939483
20942331
20944032
20949392
20958053
20959014
20966982
20969673
20975937
20979852
20983455
20985834
20986041
20986141
20989184
20995666
20996272
20996923
20997615
21006237
21009765
21014803
21025475
21025962
21027369
21030951
21032808
21037592
21043417
21047585
21048912
21054489
21055285
21055631
21059234
21060016
21061896
21065012
21065118
21065920
21067314
21067381
21072283
21073153
21083423
21085590
21086484
21087280
21088057
21091233
21091735
21092960
21093598
21095365
21095478
21100955
21103807
21104101
21105433
21110712
21115194
21116696
21116921
21126045
21127997
21133752
21133966
21134017
21134868
21144022
21144404
21146321
21150406
21153000
21153251
21153491
21155089
21155877
21166442
21168637
21169417
21169741
21173005
21174471
21182393
21185071
21189589
21193366
21193762
21195461
21197543
21198545
21199571
21204879
21211789
21211886
21213257
21215918
21218796
21222477
21225107
21225876
21226195
21226833
21227033
21231641
21231684
21245407
21245927
21247873
21254964
21256918
21259058
21262302
21262409
21267628
21270430
21271345
21271945
21274526
21274753
21274794
21290888
21301735
21302179
21304140
21307584
21318059
21325486
21326134
21329098
21334552
21335115
21335663
21338372
21338679
21340821
21359853
21367146
21367491
21367506
21368914
21372368
21373589
21375961
21376725
21377032
21380745
21383452
21391551
21393486
21395731
21396776
21400146
21406846
21415708
21416350
21416986
21417301
21419934
21424379
21425377
21427817
21429438
21437331
21440665
21446994
21448269
21459977
21459996
21475776
21476426
21477156
21477653
21481065
21486346
21487182
21487264
21489599
21491669
21492515
21496645
21504622
21504801
21508320
21510365
21515004
21516723
21520135
21521469
21522182
21522916
21524514
21525227
21525318
21525738
21527990
21529019
21529283
21530581
21537631
21541836
21542945
21543723
21543904
21550190
21555078
21559538
21563428
21572020
21574058
21575931
21577681
21589356
21593693
21599732
21602414
21603269
21615938
21618076
21622072
21622397
21625989
21627383
21631595
21632491
21635247
21642596
21646742
21648707
21649818
21650040
21650504
21651301
21656470
21658688
21660497
21663556
21670572
21672917
21677644
21677900
21679833
21683846
21684887
21688524
21689665
21694615
21695501
21700258
21700969
21703800
21704069
21705428
21711192
21719586
21720887
21729084
21731192
21731793
21735155
21739020
21739107
21739318
21743286
21747003
21751583
21754061
21754377
21756809
21758582
21763442
21766709
21770461
21773171
21774650
21780384
21784664
21785753
21787453
21787575
21795982
21798776
21799388
21804208
21805276
21809436
21810084
21810203
21817579
21819877
21825149
21828279
21829817
21834464
21834639
21838958
21840688
21844516
21847023
21849591
21853052
21858811
21861698
21864401
21864937
21865776
21870596
21878474
21879779
21884798
21885986
21894059
21904674
21905029
21908656
21908658
21915217
21916822
21916936
21928423
21931145
21935174
21935385
21935542
21941837
21942964
21944224
21947687
21955969
21957448
21961614
21963631
21963850
21967270
21976559
21986056
21986403
21987998
21991011
21998668
22005373
22007033
22010812
22015819
22017305
22020845
22022201
22024000
22029882
22032901
22033342
22044888
22045071
22052702
22054575
22057104
22065870
22075327
22079901
22084399
22087973
22092078
22092996
22096471
22097746
22097823
22099716
22100566
22100854
22104485
22113323
22115429
22115492
22117792
22119539
22120972
22128501
22134546
22139990
22146813
22151909
22153230
22156061
22159899
22160974
22163135
22170223
22171259
22179062
22179922
22180539
22182687
22184709
22184945
22186774
22186819
22190524
22192582
22194149
22200215
22202512
22204083
22210934
22215854
22217979
22221784
22223333
22227996
22234630
22239029
22241847
22242561
22242586
22247566
22250785
22253818
22256131
22257499
22259613
22260527
22261539
22262250
22263413
22266453
22267313
22270916
22275713
22276795
22277037
22277970
22280189
22282167
22283205
22286804
22289527
22289568
22290872
22292845
22293271
22310652
22312461
22313607
22314024
22314673
22314777
22317377
22323513
22323525
22323898
22327395
22329244
22329494
22330419
22331467
22335773
22336968
22339017
22340486
22341639
22351593
22352683
22354407
22355684
22357112
22357955
22358171
22374047
22375362
22375875
22378960
22379849
22380692
22382209
22386896
22387209
22389111
22390612
22390958
22392130
22392629
22392682
22393429
22396183
22399234
22403558
22403566
22406741
22407470
22416453
22417363
22418045
22418737
22422286
22422510
22426305
22427533
22428412
22429183
22429670
22430625
22431232
22433715
22436328
22437277
22446201
22449063
22451112
22454943
22456683
22458195
22465829
22468141
22468927
22476875
22481716
22485909
22486130
22488633
22489335
22491827
22492026
22496531
22496876
22497050
22501411
22501687
22502430
22502871
22504951
22507038
22507123
22507202
22509324
22510816
22510962
22512374
22513924
22514015
22518389
22526450
22529524
22532387
22533066
22533179
22536174
22536517
22536770
22541293
22542513
22544915
22547370
22547775
22551168
22551430
22554392
22562428
22562764
22565248
22567947
22568979
22569930
22569937
22573667
22590794
22598730
22599158
22603256
22606933
22607420
22612964
22615464
22623730
22624252
22625488
22627511
22630549
22632550
22636304
22639396
22639419
22641028
22642169
22648041
22654359
22655217
22660113
22660737
22662532
22662648
22666174
22669236
22671258
22681412
22691107
22692222
22702983
22705994
22711880
22712307
22714597
22719503
22726005
22731089
22738136
22738862
22745673
22750613
22753385
22764521
22767959
22770792
22774421
22776533
22777998
22782413
22783995
22784640
22785775
22785901
22787246
22799657
22800510
22802634
22802925
22803722
22809772
22811879
22812631
22813024
22819636
22819845
22827611
22835744
22837540
22839273
22839637
22841392
22842141
22844011
22846055
22850020
22851304
22854587
22865325
22866479
22867999
22873541
22875889
22877159
22879201
22879665
22879902
22881291
22882602
22883248
22883863
22887677
22900981
22902631
22902987
22904406
22905136
22907246
22911022
22911198
22913326
22913349
22914196
22915760
22916932
22917259
22918963
22921935
22922700
22923015
22925662
22926959
22928144
22929135
22933217
22933592
22933691
22938510
22945142
22948286
22950369
22953277
22960152
22963428
22968381
22971874
22972324
22972815
22985759
22985849
22987519
22989702
22990033
22995165
22996425
22997081
22997963
23003496
23006910
23007239
23007381
23007464
23009240
23009705
23011342
23011719
23014912
23016333
23019551
23020418
23022491
23022543
23023567
23024350
23027075
23030896
23030926
23033656
23037980
23043195
23047108
23047515
23050013
23052845
23052893
23059577
23067120
23068916
23071938
23080871
23084294
23085754
23088790
23092598
23093161
23102351
23105975
23106625
23107365
23109818
23111905
23112462
23112889
23119281
23125552
23128936
23134196
23135627
23140704
23141830
23157698
23172134
23179224
23180268
23180697
23181642
23190043
23194764
23195269
23198372
23226587
23228520
23229633
23230370
23231247
23231531
23234663
23237322
23241004
23241139
23241585
23242771
23243365
23249100
23254377
23255330
23263761
23266135
23269820
23270765
23271544
23275479
23279093
23281436
23282541
23284442
23288652
23295515
23296887
23311227
23313958
23314078
23314327
23314455
23316784
23324152
23325821
23334032
23337292
23337301
23337780
23340917
23348149
23349277
23350652
23353378
23356968
23363589
23365150
23365344
23365986
23366683
23367680
23369002
23374437
23377599
23380061
23382089
23384820
23389068
23389412
23390394
23396926
23401292
23403271
23403496
23405735
23408814
23412383
23412481
23414877
23421298
23427308
23428475
23430639
23432213
23437424
23439768
23451322
23456928
23463945
23465299
23467617
23468138
23472839
23476952
23477143
23477705
23481586
23484376
23484507
23489191
23500320
23501742
23502148
23503788
23513419
23516445
23518048
23518304
23519093
23519114
23530041
23535573
23537945
23539452
23541901
23542499
23542838
23545378
23547081
23547089
23548399
23549579
23550188
23554133
23554382
23560217
23562918
23563586
23576120
23576659
23585843
23586494
23588148
23591861
23594300
23597496
23608274
23613434
23617196
23625778
23626129
23631643
23634368
23637165
23638145
23639699
23640721
23640862
23645037
23649042
23650649
23651400
23651503
23655957
23659207
23660028
23666279
23671365
23672478
23680922
23681843
23682752
23691184
23693986
23695447
23697922
23703901
23704671
23708109
23709177
23709473
23719447
23730328
23731518
23737024
23737902
23740770
23742914
23744033
23744904
23745241
23746340
23746869
23750375
23754359
23757954
23758789
23764208
23767713
23770120
23771979
23773247
23785149
23790822
23791216
23794433
23796363
23798999
23799316
23799731
23800360
23802408
23802711
23805081
23805770
23809746
23810451
23811818
23813501
23817298
23817751
23817800
23818574
23819031
23819877
23820721
23821419
23828905
23834009
23834471
23834712
23835306
23843436
23846628
23847476
23851501
23852225
23852228
23852728
23853024
23857066
23860716
23861314
23862167
23866355
23870216
23874605
23880327
23883992
23885696
23887222
23890568
23892007
23892720
23894209
23896900
23898129
23903830
23904833
23908910
23913087
23914043
23915110
23918177
23921754
23925955
23926978
23929836
23931139
23932297
23933826
23933863
23936124
23940832
23941707
23941900
23944588
23945999
23946921
23948713
23949199
23950169
23951334
23951638
23956298
23958418
23959548
23964434
23969457
23969623
23973195
23974292
23976575
23978374
23985560
23985811
23989332
23992656
23995765
23998338
24002413
24007938
24009859
24010878
24022118
24023337
24026113
24031808
24032814
24034755
24035386
24035529
24036850
24037024
24038103
24040043
24040827
24048428
24050318
24050922
24057275
24061094
24065428
24066874
24067528
24068009
24080333
24083191
24083830
24088965
24089754
24094596
24096570
24102320
24103422
24105260
24109805
24109957
24112021
24113235
24113258
24119444
24120109
24122672
24126748
24130152
24130424
24132751
24133504
24140477
24141327
24149174
24149523
24150200
24160116
24163454
24174352
24176557
24177935
24178008
24181764
24183812
24184328
24201641
24204123
24204451
24210391
24212836
24215140
24219084
24219496
24226911
24228652
24231864
24233050
24237871
24238492
24239292
24240918
24242214
24243913
24250355
24251803
24256084
24256704
24256774
24264429
24268408
24268730
24268911
24270238
24273461
24273607
24274742
24277817
24281446
24281608
24282962
24284974
24296473
24300413
24300426
24301023
24303424
24303925
24306680
24308647
24312759
24317162
24317603
24318462
24324475
24324656
24325949
24329584
24332303
24332433
24332931
24343144
24345286
24345869
24345914
24348122
24350859
24352479
24361686
24368556
24369676
24376104
24376897
24377130
24377793
24377954
24380419
24381840
24382674
24383480
24387559
24389100
24390076
24390323
24391775
24393053
24395565
24406792
24408626
24412659
24413163
24418869
24421457
24426932
24427532
24427666
24429036
24429455
24433613
24438926
24443625
24445774
24458593
24463259
24463701
24465151
24469220
24469716
24470005
24470686
24475461
24476232
24476377
24476563
24477929
24481545
24493247
24497671
24500048
24502289
24504215
24505014
24505068
24505954
24508647
24510823
24512624
24513940
24517253
24536539
24537996
24541669
24545419
24547207
24549388
24550794
24551960
24554615
24555880
24569869
24582536
24584199
24591938
24596193
24598134
24599382
24614220
24615589
24617157
24617869
24619663
24619894
24620565
24624372
24628822
24639753
24639907
24641243
24644055
24646693
24648345
24654466
24655371
24656815
24657549
24661517
24664348
24664990
24667647
24668284
24668760
24669245
24672111
24674360
24677255
24680295
24680951
24681620
24684884
24691303
24691401
24692304
24695302
24697346
24698308
24699621
24700255
24701422
24704358
24705520
24711115
24711140
24717577
24718055
24720852
24722112
24722993
24724304
24725794
24726899
24729969
24734444
24734544
24741961
24742791
24743777
24744327
24746160
24748591
24761819
24764225
24764573
24767085
24769163
24769533
24770819
24780320
24782794
24784609
24788836
24790767
24798935
24801534
24805418
24806976
24811493
24813311
24815680
24816642
24824891
24832585
24842298
24842428
24846530
24847554
24850981
24851680
24853289
24857787
24864597
24870438
24871770
24872688
24873575
24876696
24877513
24882567
24882787
24884479
24889218
24890775
24892466
24896682
24899650
24903512
24903936
24905338
24909202
24910235
24913268
24920300
24921684
24923964
24927102
24927741
24930740
24930981
24932289
24933258
24933848
24934350
24934503
24937129
24937597
24939346
24940450
24941904
24947030
24954708
24955951
24971650
24976761
24976863
24990568
24992917
24997382
25001942
25002952
25003622
25004724
25007684
25014422
25015741
25016562
25017999
25021261
25021944
25022884
25022894
25023245
25024429
25025188
25038316
25040107
25043374
25057078
25060924
25062898
25063550
25065784
25066258
25069243
25069900
25071960
25072699
25073276
25073420
25076168
25076176
25078666
25083769
25084508
25088565
25090326
25093593
25093907
25095318
25099385
25101205
25101815
25111083
25113096
25115640
25119229
25124256
25125043
25125504
25125994
25133922
25136130
25136769
25137460
25139234
25141154
25143014
25143171
25144528
25150077
25153628
25154968
25156427
25156907
25157895
25159478
25160218
25162900
25163930
25164009
25168578
25169146
25174251
25174849
25177405
25178124
25189657
25192410
25193265
25195285
25199270
25199902
25204318
25204413
25206469
25221672
25222544
25226888
25227154
25229117
25230196
25230640
25235437
25235946
25237041
25238653
25240546
25244388
25245415
25249630
25255390
25255464
25257051
25260625
25261008
25261576
25264341
25269276
25273379
25277717
25280519
25285582
25288977
25290380
25291991
25292077
25293013
25297427
25300584
25300967
25304116
25304731
25307716
25313519
25318226
25318252
25319050
25329886
25332574
25332593
25333613
25340326
25342967
25343376
25351816
25353850
25358029
25364499
25367987
25369753
25374231
25375880
25381494
25383358
25384512
25388770
25398431
25399539
25401031
25404286
25405229
25408009
25409435
25411913
25428306
25432998
25436918
25440649
25442842
25446843
25448863
25450771
25453624
25455075
25458407
25462081
25466913
25476265
25478851
25479912
25481523
25481947
25487032
25487490
25487555
25490140
25492193
25501895
25503011
25505961
25506626
25511099
25512097
25517510
25518416
25520684
25525242
25526219
25527024
25528298
25531413
25531493
25534917
25548977
25549947
25552500
25557817
25558798
25563796
25573507
25581879
25587193
25595006
25597594
25597978
25598243
25598498
25598869
25603652
25611452
25613233
25616721
25621580
25624151
25624330
25629049
25635064
25640480
25645327
25646025
25646092
25647536
25649522
25653246
25653854
25658537
25665378
25667646
25668164
25671404
25675541
25681443
25683025
25685418
25688700
25691512
25692830
25694782
25694881
25695841
25702569
25709692
25709928
25711041
25712949
25713257
25715564
25718470
25721752
25723894
25724365
25726951
25727298
25729374
25729624
25733097
25733099
25738850
25746206
25751721
25755921
25759230
25764995
25774621
25776615
25778334
25781803
25783818
25787907
25790834
25792243
25792915
25793481
25793569
25802700
25806604
25806658
25806673
25806974
25813202
25826092
25846061
25846499
25854788
25860944
25867585
25868638
25870235
25871151
25873612
25878549
25879843
25881647
25885026
25888714
25889301
25895698
25896532
25896884
25897348
25901692
25907364
25908181
25917833
25919100
25922964
25934489
25935972
25942175
25943490
25944333
25951671
25953044
25954573
25957201
25963872
25965947
25965981
25966601
25967959
25974162
25974818
25976781
25978658
25983102
25983960
25991952
26001268
26004542
26008631
26009527
26014399
26014902
26016329
26017258
26018607
26019657
26022385
26025816
26027316
26028886
26028951
26029035
26029513
26030737
26036331
26039285
26040401
26041352
26044558
26046427
26049513
26050055
26052376
26059547
26061998
26068607
26071406
26071962
26074159
26076687
26086002
26087228
26090149
26092745
26094291
26094616
26094663
26096753
26097321
26097351
26100186
26108634
26119570
26121145
26123109
26123458
26125652
26127912
26135419
26135424
26138128
26142434
26144236
26146489
26159863
26164766
26165420
26165488
26167758
26170253
26176984
26177448
26177761
26180571
26184248
26196833
26202660
26204350
26204942
26209155
26213139
26216244
26230371
26234262
26236429
26240836
26241043
26247467
26248345
26253055
26256132
26256302
26265656
26265921
26266939
26273692
26277558
26277683
26285937
26289227
26289823
26297167
26299565
26305042
26305607
26313697
26315794
26319101
26320867
26322237
26324024
26328021
26335585
26337758
26341373
26344987
26347649
26349787
26351305
26352848
26360205
26362950
26364312
26377345
26380919
26384136
26385086
26386817
26393219
26400513
26403274
26405324
26408250
26409665
26413815
26415677
26432651
26436894
26445336
26447694
26451363
26466516
26467908
26472072
26483133
26484626
26485543
26488446
26497521
26500696
26500777
26504512
26510773
26514370
26516107
26517185
26522114
26526785
26531769
26532385
26533329
26533797
26535049
26538208
26541785
26543559
26543806
26544095
26545483
26548073
26549780
26549925
26552095
26553215
26553402
26554171
26560452
26560578
26563167
26563558
26563936
26570505
26585200
26585451
26586809
26586951
26588090
26589757
26589869
26592700
26595105
26597640
26599961
26602155
26602926
26614443
26614767
26616598
26618247
26619483
26624126
26628145
26630041
26637417
26638130
26645603
26647257
26647702
26657080
26657752
26658329
26660993
26661194
26661247
26662149
26670933
26680686
26682558
26687679
26691423
26692560
26694674
26700957
26701084
26702708
26702768
26703460
26703994
26706709
26710942
26710956
26715367
26716617
26717180
26718798
26723617
26724983
26731314
26731580
26737487
26741086
26752609
26761942
26761944
26762863
26769426
26773026
26775900
26776306
26777151
26786286
26790462
26791385
26792303
26798470
26803324
26803512
26811116
26811376
26814969
26817823
26820895
26828902
26833986
26835254
26837869
26839498
26843900
26846492
26848935
26850149
26856193
26856373
26856980
26860314
26866528
26871840
26875816
26876679
26876852
26878874
26879900
26885056
26887170
26887212
26891625
26893657
26894921
26897327
26903829
26906463
26917546
26918928
26920918
26922681
26939776
26940281
26942453
26948038
26948315
26948885
26950370
26951507
26951676
26955938
26961714
26965604
26969385
26972040
26972258
26972326
26975669
26977499
26980625
26982458
26984664
26987689
26988747
26989733
26989811
26992584
26995674
27008171
27008329
27009628
27009824
27013559
27016664
27017422
27023438
27027222
27028580
27037223
27040175
27043546
27048185
27048697
27056642
27057513
27059221
27060852
27064357
27066653
27071537
27073678
27075735
27077682
27079988
27081257
27083655
27085844
27085940
27092682
27093119
27094341
27094477
27095888
27096177
27097985
27099531
27107661
27110232
27110596
27111766
27118581
27120813
27123049
27132572
27133606
27140063
27151360
27151645
27160022
27163764
27168197
27172878
27173515
27175602
27175686
27178454
27193466
27194430
27195283
27200979
27205038
27206944
27217878
27218465
27218832
27220191
27225785
27226725
27227858
27228272
27228931
27231605
27231941
27236348
27236536
27238703
27242052
27245782
27246004
27246267
27257262
27266698
27271926
27272551
27274182
27275636
27276270
27281873
27285297
27287363
27289239
27292303
27292736
27295061
27297536
27299915
27306398
27309025
27314122
27314262
27316333
27317983
27318773
27323758
27324676
27325659
27326471
27329669
27332264
27335768
27336362
27344387
27344565
27344753
27347002
27349589
27355599
27356532
27358241
27362613
27366919
27366957
27368972
27374124
27384621
27388041
27389126
27396134
27396312
27397800
27399895
27403015
27403367
27403540
27403830
27403954
27405237
27408468
27411766
27414178
27415716
27417173
27419090
27419542
27423680
27425586
27425925
27430074
27430089
27434619
27436713
27436773
27437437
27441776
27448788
27449132
27449777
27454715
27456089
27469808
27475978
27483948
27484933
27487894
27494623
27505093
27505434
27517934
27518419
27519569
27520279
27524476
27526873
27533446
27534298
27535552
27544859
27548532
27550873
27551251
27552125
27553883
27555577
27559525
27559562
27561036
27562272
27562316
27566599
27578095
27578728
27580030
27580958
27585655
27587522
27589226
27589710
27592576
27594954
27596272
27597694
27599429
27604232
27604310
27611218
27611997
27612246
27614603
27614727
27617287
27620312
27622243
27626408
27630808
27635494
27635670
27638213
27639214
27640352
27640667
27641568
27641712
27651350
27655083
27655753
27657351
27663971
27669618
27670886
27677710
27679518
27682117
27682878
27686591
27690683
27695011
27697870
27698124
27700662
27704811
27706121
27712501
27720965
27723543
27723861
27728221
27731327
27733279
27735377
27736538
27746057
27754066
27756899
27760691
27770934
27771625
27773864
27775817
27776799
27780500
27786121
27789134
27790164
27795737
27795979
27803137
27805395
27808575
27809213
27813828
27815909
27816663
27817665
27819372
27819762
27829982
27838478
27859306
27860697
27862328
27863574
27864487
27866224
27867747
27869145
27874822
27877342
27881501
27881564
27883380
27892646
27892676
27897507
27900488
27902743
27910955
27910984
27915083
27916640
27920677
27925620
27928045
27928694
27931474
27934898
27940281
27940942
27942438
27942441
27945544
27949800
27950796
27954117
27966787
27968825
27971524
27971944
27974252
27980048
27983898
27987724
28003376
28004978
28007056
28013382
28013883
28014209
28014341
28020661
28020942
28021059
28022771
28023957
28027056
28027717
28028737
28029293
28032336
28032508
28032668
28034996
28040380
28041346
28051903
28055651
28055738
28060663
28060683
28064409
28068898
28070380
28072850
28079789
28080010
28082657
28083313
28085265
28090496
28096268
28104641
28104733
28106637
28107937
28114039
28114741
28115990
28117645
28118627
28122444
28132984
28137147
28141012
28159973
28169753
28171405
28172846
28172855
28174130
28174521
28176417
28179355
28194270
28195781
28199296
28202734
28203583
28209584
28212555
28213975
28214686
28215240
28227707
28236618
28240309
28242049
28248739
28255851
28259682
28259976
28260274
28260953
28264577
28277808
28280068
28285500
28289393
28300992
28301777
28303783
28306928
28308474
28308518
28309943
28311461
28317189
28317473
28320646
28326380
28329751
28331914
28333065
28334813
28337547
28338992
28350645
28352231
28363949
28364486
28364889
28365745
28368751
28372641
28378450
28379358
28380846
28393719
28394234
28409669
28411602
28413431
28413828
28415606
28418072
28418513
28418824
28419086
28429368
28430969
28435717
28436826
28436981
28437183
28438505
28439754
28442364
28453996
28455076
28459629
28463633
28463878
28466003
28469596
28472392
28472524
28477289
28477471
28478284
28478425
28488302
28491655
28495040
28496816
28497326
28499944
28500176
28508569
28508659
28517908
28518153
28519653
28523114
28526885
28527952
28529067
28531657
28532435
28539908
28541666
28542712
28543859
28547828
28550375
28551817
28569416
28571249
28571780
28577796
28596675
28601823
28604188
28611140
28612140
28612675
28616601
28617213
28623281
28629051
28631122
28632578
28645246
28645268
28646304
28647181
28653232
28653890
28656824
28656962
28658877
28663752
28664349
28667942
28668466
28676640
28677099
28688003
28689122
28689225
28695162
28696655
28698228
28708605
28715107
28716385
28716809
28728041
28730513
28733298
28736811
28739341
28744175
28745023
28745267
28746337
28747011
28747827
28752863
28755282
28755917
28760177
28764866
28765931
28769491
28770693
28772484
28776157
28780819
28781298
28785023
28785980
28790449
28799006
28808511
28809843
28810248
28811086
28812507
28814307
28814559
28817243
28817405
28817968
28819122
28821912
28824433
28825309
28830037
28831917
28833093
28833405
28833951
28834614
28840190
28848848
28849640
28855668
28856523
28858855
28866276
28872251
28876860
28881574
28883394
28888127
28890785
28898300
28902313
28907224
28913279
28916323
28919866
28920261
28921389
28922139
28923451
28928690
28939136
28939311
28940447
28941136
28943782
28944312
28945960
28951812
28958801
28959440
28963244
28966491
28968217
28970940
28974254
28974719
28977388
28978209
28980083
28980227
28982409
28987073
28987461
28989657
28999537
29002193
29011914
29013618
29024191
29025459
29026620
29026846
29028347
29031319
29054336
29055910
29058529
29059873
29063379
29064201
29065601
29066202
29074561
29080953
29082966
29090800
29093357
29094557
29099703
29104987
29117253
29121515
29125517
29127507
29128840
29129707
29129853
29134647
29142987
29152765
29154615
29154902
29156289
29162302
29163052
29164781
29165305
29168206
29168587
29172628
29173178
29177065
29178648
29179427
29185343
29193358
29196153
29200174
29203693
29204034
29205015
29205251
29205650
29207282
29207973
29208739
29212450
29215428
29216216
29216626
29219350
29221981
29222740
29223091
29223162
29235045
29236290
29238448
29239165
29241972
29242568
29242732
29247622
29248128
29251676
29253330
29258432
29260572
29262434
29263359
29265732
29269501
29272134
29273327
29279646
29283053
29284430
29288203
29290543
29295057
29299699
29305627
29307933
29312899
29318591
29319000
29321511
29321953
29322390
29322996
29333179
29334252
29337285
29338976
29348087
29359751
29359779
29360592
29362484
29362971
29364936
29367171
29371602
29376789
29378576
29381135
29385446
29386714
29386986
29391202
29392668
29394496
29395325
29395480
29397515
29398598
29405526
29408074
29409296
29410508
29414504
29415816
29416782
29416970
29418195
29420392
29420844
29421525
29422979
29429712
29441239
29444601
29446820
29447338
29451278
29452182
29453403
29454290
29457428
29461651
29463363
29482705
29484423
29488977
29489235
29490830
29491491
29495652
29501757
29506257
29513207
29518638
29520949
29521693
29530909
29538504
29552723
29553935
29560252
29564957
29566960
29571832
29573698
29577290
29579392
29580703
29580717
29586348
29592390
29605101
29606093
29614251
29623716
29624580
29626253
29627564
29629935
29635303
29635380
29638010
29639939
29643652
29647664
29648941
29650142
29652442
29659631
29668050
29670646
29672261
29672930
29674720
29675534
29677421
29681024
29687310
29689002
29691009
29698850
29702770
29703172
29704416
29709365
29714612
29716285
29721194
29724729
29728137
29728665
29729578
29732904
29733539
29734239
29734371
29741087
29742288
29744432
29746917
29751665
29752093
29755431
29758367
29762060
29763852
29764473
29768058
29770449
29775696
29778582
29783039
29783093
29791445
29798722
29798823
29799368
29807967
29808020
29809249
29811940
29814278
29815776
29816857
29821268
29826205
29834462
29837902
29844505
29849423
29852981
29860346
29866323
29868469
29870559
29872365
29873544
29874818
29876167
29886300
29887653
29902329
29903150
29920353
29933926
29939074
29949992
29950361
29951055
29952337
29953742
29954796
29961141
29966321
29975876
29981714
29993056
29993672
29994022
29994032
29994619
29995044
30004215
30010758
30012696
30013301
30015260
30016924
30019473
30020664
30020719
30021947
30021963
30023900
30024612
30025094
30026171
30029471
30032015
30035520
30035922
30037193
30039527
30039624
30040528
30048900
30049467
30058307
30061504
30062650
30064197
30064886
30069667
30071077
30075804
30075963
30077837
30078321
30084935
30085663
30088489
30089044
30089764
30093866
30097316
30098325
30099824
30100667
30101956
30103772
30105005
30108396
30108460
30115700
30116270
30116347
30116881
30116894
30121077
30134640
30135184
30166813
30167265
30179464
30179833
30181340
30185222
30186279
30187430
30191659
30194253
30197178
30207040
30211040
30211272
30211752
30211947
30228112
30232264
30244058
30247780
30248658
30249930
30253515
30257419
30260836
30261870
30264977
30270125
30274136
30280914
30282625
30294221
30297954
30299431
30303150
30310744
30311498
30315499
30318387
30320700
30321230
30324778
30326633
30327348
30327450
30330123
30331286
30335583
30336492
30340384
30341744
30350834
30354719
30358936
30368917
30369855
30372552
30375316
30378575
30382638
30391461
30392402
30395172
30401212
30403061
30406786
30407571
30408823
30409174
30412417
30415128
30415810
30416385
30424382
30425027
