88153
90613
91516
92742
92912
97708
98945
103608
103819
105131
105406
107380
108672
109101
245656
246022
246499
246606
247604
247713
247790
248248
248603
248838
249100
249454
249510
249560
250047
250112
250556
250576
251208
252243
252683
253385
253417
253732
253740
254203
255288
256091
256630
256849
257204
258695
259226
259570
260452
261657
261660
262141
262419
262598
262629
263594
263688
264098
264279
264704
265034
265215
265347
265724
265966
266311
266320
267011
267426
284146
284164
284826
284970
285029
285340
285873
287317
287499
287638
287724
288068
288095
288322
288488
288567
288669
288737
288962
289189
289706
289758
290459
290584
290715
291208
291540
291616
292197
292515
292875
293035
293495
293662
293695
293994
294056
294256
294456
294699
295362
295513
295529
296084
296254
296757
296928
297199
297918
297932
298121
298243
298540
299190
299410
299911
300267
300528
300572
301018
301097
301137
301247
301441
302409
302684
303279
303427
303534
303586
303896
304027
304194
304235
304408
304631
304904
304953
305165
305286
305531
305691
305920
306029
306168
359228
359662
360318
360418
360450
360502
361198
361284
361430
361550
362143
362317
362490
362514
362819
363027
363382
363614
363994
364115
364373
364842
365859
366303
366415
366438
366571
366710
366988
367193
367263
367712
367807
367961
368738
368962
369980
370169
370275
370505
370830
370854
370882
370996
371029
371041
406096
407537
408450
408855
409863
410441
411462
411598
411799
412797
415321
416616
418207
419164
419650
419901
422196
422450
422903
423706
427623
428711
428887
428964
429015
525655
526459
526521
528328
528501
528931
529291
529600
529685
529987
531945
532049
535867
537126
539318
539844
540033
540170
541467
543414
543706
543757
544254
545866
546249
546546
546705
546742
590969
682261
682470
683070
683250
683279
683415
683767
683847
684069
684833
684859
684921
685040
685162
685668
686138
686215
686760
686925
687572
688582
688890
689260
689601
689652
689903
690434
690903
691272
691729
692530
693323
693779
693930
694164
694721
695515
695595
695820
695826
696004
696598
696918
697043
697866
698229
698596
698605
698645
698819
699197
699973
700151
700190
700251
701120
701184
701661
701676
701751
865674
865786
865910
867248
868975
869307
869407
871147
871500
873115
875506
877086
877464
1011014
1011108
1011186
1011616
1011669
1011764
1011981
1012238
1012316
1012427
1012490
1012581
1013209
1013555
1013745
1014066
1014225
1015572
1015791
1016284
1016392
1016521
1017618
1017739
1017816
1018292
1018332
1018538
1019151
1019209
1019278
1019603
1019623
1020382
1020523
1020898
1020986
1021206
1021478
1021741
1022771
1022963
1023259
1023598
1023948
1023950
1024986
1025489
1025743
1025864
1026184
1026296
1026493
1026713
1026812
1026935
1026968
1027092
1027302
1027614
1027737
1027902
1028445
1028577
1028694
1029601
1029644
1030244
1031848
1040220
1040874
1042089
1043387
1044262
1046626
1047052
1047102
1130395
1193816
1198308
1203508
1203732
1203740
1203756
1204513
1204744
1204979
1205746
1205761
1205942
1206232
1206238
1206816
1207431
1207522
1207592
1207671
1208268
1208455
1208772
1209329
1209412
1209574
1210435
1210540
1210980
1211128
1211357
1211566
1211604
1211697
1211782
1211985
1212164
1212181
1212324
1212405
1212484
1213151
1213778
1213961
1214279
1214452
1214955
1215305
1215505
1215591
1215815
1215922
1216356
1217649
1217809
1217908
1218048
1218321
1218586
1218628
1218677
1218738
1218776
1219345
1219368
1219422
1219434
1263981
1264219
1264552
1264715
1265224
1265244
1265508
1265554
1265757
1266111
1266791
1267452
1267982
1268130
1268556
1268772
1268957
1269094
1269169
1269232
1269538
1269542
1269593
1270850
1271038
1271206
1271351
1271748
1272121
1272150
1272168
1272198
1272203
1272213
1272341
1272395
1272450
1272730
1272814
1272882
1273405
1273430
1274009
1274013
1274164
1274470
1274548
1274710
1274748
1274847
1274998
1275146
1275588
1275718
1275851
1276909
1277359
1277551
1277648
1277717
1277748
1277864
1278056
1278258
1278379
1278624
1278688
1279026
1279157
1279185
1279367
1279439
1279743
1280266
1280317
1280601
1280624
1280773
1280967
1281556
1282304
1282378
1282488
1282496
1283105
1283354
1284185
1284871
1284946
1285208
1285215
1286111
1286280
1286473
1286530
1286573
1286719
1286775
1286912
1377152
1378090
1378483
1378808
1379345
1379378
1379510
1379956
1380335
1380918
1381142
1381329
1381356
1382459
1382764
1382961
1383272
1383460
1383553
1383928
1384758
1385259
1385401
1385696
1385949
1386007
1386122
1386260
1386730
1386776
1386797
1387091
1387462
1387655
1387886
1388287
1388852
1388943
1389117
1389177
1522366
1522437
1522895
1523594
1524009
1524840
1524868
1524991
1525164
1525368
1525489
1525796
1526695
1526747
1526875
1527686
1527781
1528104
1528394
1528573
1529016
1531854
1531960
1533623
1534344
1535116
1535146
1536240
1538400
1538545
1541211
1542977
1754848
1755541
1755979
1756213
1756312
1756462
1756574
1756760
1757084
1757096
1757203
1757226
1758125
1758392
1758716
1758818
1759524
1761409
1761549
1762082
1762336
1762772
1763114
1763773
1763840
1764981
1765065
1765086
1765395
1766271
1766688
1767085
1767350
1767773
1767809
1767902
1768071
1768429
1769070
1769153
1769837
1769962
1769974
1770359
1771099
1771210
1771216
1771806
1772004
1772255
1839888
1840138
1840830
1840962
1841081
1841454
1841761
1844558
1844578
1844709
1845194
1845413
1845769
1845881
1846295
1846395
1846458
1846643
1846712
1846859
1847068
1847253
1847518
1847681
1848137
1848587
1849230
1849241
1849270
1849291
1849477
1849547
1849590
1849755
1850006
1850981
1851289
1851292
1852545
1852800
1852814
1853275
1853388
1853563
1853704
1853971
1854287
1854601
1854609
1854976
1855120
1855221
1855333
1855493
1855528
1856307
1856737
1857958
1858107
1858943
1859117
1859794
1859834
1860158
1860187
1860490
1860590
1861136
1861837
1862016
2260058
2260516
2260727
2260928
2261845
2261862
2263004
2264004
2264365
2264387
2264975
2265197
2265211
2266252
2266604
2266701
2267026
2267035
2268287
2269178
2269453
2269496
2269631
2269651
2269703
2270342
2270544
2270684
2270903
2270944
2271106
2271490
2271739
2271777
2272221
2272301
2274554
2274956
2275553
2276551
2277213
2277254
2277652
2277673
2277754
2278130
2278238
2278558
2278726
2278737
2279373
2279840
2280120
2280197
2281293
2281984
2363874
2368173
2369860
2374584
2397249
2401483
2401828
2404745
2407004
2411564
2411956
2412863
2417330
2459948
2460080
2460158
2460360
2460401
2460890
2461838
2461937
2462001
2462214
2462388
2462811
2462893
2462939
2463389
2463499
2463627
2463877
2463942
2464062
2464191
2464283
2464600
2464626
2466020
2466143
2466214
2466266
2467169
2467230
2467311
2467323
2467454
2467473
2467662
2467758
2467758
2467845
2467850
2468265
2468600
2469313
2470463
2470645
2471075
2471104
2471286
2471400
2471481
2471564
2471657
2472025
2472105
2472784
2495121
2495154
2495610
2496756
2498360
2498407
2498414
2498775
2499120
2499460
2499573
2499598
2499697
2500533
2501218
2501439
2501545
2502288
2502399
2503211
2503302
2503360
2503494
2504391
2505235
2505285
2505508
2505629
2505882
2506871
2507415
2507879
2508312
2508313
2508513
2508531
2508775
2509109
2509505
2509631
2509690
2510186
2510700
2511188
2512079
2512113
2512248
2512481
2513107
2513119
2513178
2513499
2513914
2513954
2514012
2514213
2514431
2514741
2515000
2515751
2516342
2516470
2517755
2517768
2518139
2518260
2518293
2721895
2722377
2723979
2724528
2725933
2727255
2727701
2731881
2732185
2755468
2947742
2947754
2947843
2947902
2948121
2948192
2948244
2948408
2948458
2948631
2948914
2948915
2948920
2948978
2949139
2949583
2949763
2949961
2950317
2950444
2950677
2950747
2951015
2951017
2951122
2951207
2951268
2951547
2951982
2952236
2952253
2952285
2952511
2952936
2953025
2953388
2954716
2955092
2955187
2955496
2956049
2956264
2956478
2956810
2956852
2957236
2957541
2957619
2957783
2957810
2958426
2958434
2958465
2958530
2958840
2958975
2959002
2959520
2960815
2960865
2961201
2961272
2961341
2961498
2961532
2961864
2961867
2961983
2962102
2962106
2962403
2963186
2963230
2963433
2963523
2963953
2964009
2964043
2964185
2964234
2964580
2965219
2965656
2965898
2966285
2966607
2966756
2967133
2967242
3006716
3038028
3044934
3049729
3057248
3058308
3059016
3059721
3059758
3060011
3061949
3061972
3062737
3062884
3062923
3064226
3066108
3066693
3066723
3067368
3068056
3068897
3069162
3069173
3163551
3165843
3173044
3237159
3237431
3237526
3237565
3237974
3237994
3238291
3238524
3238530
3238590
3238897
3239059
3239493
3239601
3239756
3240126
3240134
3240823
3241027
3241447
3242023
3242399
3244008
3244123
3244329
3244600
3244941
3244969
3245383
3245734
3246657
3246712
3247169
3247373
3247621
3249011
3249414
3249699
3250033
3250213
3250347
3250473
3250520
3250851
3250874
3250896
3251023
3252341
3252810
3252997
3253078
3253084
3253126
3253205
3253607
3253759
3253975
3254209
3254338
3254950
3255297
3255459
3255712
3256180
3256250
3256566
3257055
3257143
3257318
3257486
3403809
3408225
3409497
3430255
3430273
3430957
3430995
3431202
3431289
3431560
3431648
3432736
3433469
3433513
3433823
3434141
3434171
3434232
3434307
3434419
3434523
3434660
3435026
3435080
3435788
3436033
3436608
3436879
3437075
3437283
3437352
3437616
3437650
3438011
3438101
3438198
3438351
3438364
3438427
3438526
3438708
3438879
3439071
3439333
3439702
3439879
3440387
3440649
3440789
3441029
3441709
3442061
3442125
3442389
3442575
3442654
3442713
3442880
3442990
3443201
3443237
3443249
3443484
3443961
3444084
3444191
3444248
3444441
3444835
3444842
3445093
3445120
3445380
3445784
3445814
3445859
3446088
3446442
3446452
3446669
3446728
3447177
3447234
3447289
3447500
3447579
3447678
3447696
3448190
3448388
3448478
3448691
3449207
3675698
3675727
3675823
3675972
3676332
3677010
3677157
3677816
3677950
3677985
3678250
3678707
3679084
3679254
3679731
3679929
3680012
3680463
3680881
3681454
3681691
3681706
3681807
3682294
3682297
3682434
3682754
3682791
3683169
3683175
3683338
3683587
3683701
3684367
3684398
3684434
3684846
3684895
3685863
3686168
3686177
3687196
3687939
3688150
3689166
3689806
3690339
3691033
3691168
3691678
3691755
3691779
3692776
3692787
3693485
3694308
3694516
3694756
3694881
3695134
3695373
3695872
3696225
3696236
3696404
3696684
3696806
3696817
3696918
3696932
3696974
3697245
3697641
3697721
3871607
3871822
3872227
3872257
3872528
3873335
3873398
3873814
3874113
3874114
3874557
3874972
3875360
3875407
3875726
3876226
3876349
3877432
3877653
3877786
3878144
3878328
3878339
3878375
3878406
3878688
3879081
3879947
3880803
3880872
3881494
3881661
3882450
3882697
3883057
3883303
3883383
3883430
3883475
3883798
3884279
3884396
3884417
3884522
3884636
3884674
3884865
3885020
3885159
3885337
3885365
3885379
3885599
3886402
3886408
3886511
3886687
3886768
3887292
3887555
3887648
3888019
3888261
3888271
3888894
3889164
3889214
3956104
3959915
3965181
3999685
4004230
4005453
4005599
4006640
4012905
4013660
4014760
4015964
4016432
4127403
4213207
4214282
4214328
4214523
4214579
4214910
4214943
4215349
4216445
4216547
4217174
4217478
4217888
4218600
4218765
4219460
4219818
4219856
4219897
4220089
4220613
4221292
4221412
4221955
4222105
4222230
4222315
4222747
4223264
4223295
4223796
4224662
4224733
4225586
4226606
4226735
4226967
4226968
4227328
4228233
4228459
4229312
4229450
4229839
4230055
4279280
4279744
4280768
4281509
4281536
4281732
4282945
4283016
4283034
4283205
4283485
4283656
4283768
4284017
4284088
4284421
4286048
4287119
4288034
4288730
4288915
4289886
4290002
4290047
4290064
4291252
4292656
4404184
4416563
4420155
4420368
4464961
4464974
4465046
4465164
4465333
4465407
4465458
4465737
4465837
4466091
4466169
4466171
4466195
4466208
4467141
4467144
4467549
4467557
4467689
4467878
4468208
4468332
4468433
4468970
4469023
4469117
4469317
4469851
4469884
4469908
4469945
4470280
4470514
4470557
4470944
4471007
4471416
4471467
4472239
4472300
4472393
4472880
4473202
4473801
4473820
4473875
4473997
4474184
4474205
4474326
4474810
4474885
4475294
4475786
4476299
4476339
4476388
4476665
4477164
4477341
4477410
4478305
4478973
4479105
4479351
4479536
4480141
4480227
4480257
4480653
4480728
4480829
4481191
4481803
4481820
4481886
4482055
4482106
4482176
4482925
4483050
4483097
4483127
4483213
4483277
4483615
4483656
4483725
4483750
4484397
4485087
4485458
4486232
4489838
4493531
4493535
4495088
4498583
4502886
4505182
4505406
4506373
4507176
4513296
4514334
4516418
4578284
4580783
4584451
4708791
4723880
4738168
4794075
4794612
4794811
4794952
4795799
4795832
4796019
4796229
4797013
4797350
4797673
4797874
4798143
4798208
4798823
4800778
4801300
4801305
4801369
4801555
4801600
4801655
4802149
4802193
4802453
4803051
4803063
4803092
4803184
4803555
4803650
4803826
4804147
4804346
4804411
4805518
4805761
4805853
4806040
4806884
4806915
4806935
4806940
4807186
4807207
4807290
4807375
4807400
4807684
4808151
4808164
4808527
4808631
4808643
4809133
4809641
4809816
4810202
4810263
4810429
4811192
4811516
4811534
4963672
4963704
4963929
4964060
4964982
4965255
4967669
4969112
4970930
4971843
4972273
4973898
4974495
4975289
4975368
4975629
4975676
5090016
5091501
5093768
5101328
5107109
5109825
5109898
5133388
5134980
5135360
5135641
5136947
5139027
5139873
5141069
5142525
5143300
5145653
5149117
5150915
5382348
5382481
5382871
5383405
5384034
5384740
5385097
5385429
5388272
5388358
5389924
5390917
5391985
5392446
5392590
5393000
5393589
5394060
5395357
5395609
5395847
5396448
5396690
5398006
5398817
5401609
5403027
5458462
5458632
5458704
5458924
5459016
5459043
5459065
5459482
5459504
5459730
5460163
5460276
5460353
5460657
5460837
5461344
5461774
5462635
5462658
5463334
5463414
5465424
5465556
5465742
5466583
5466708
5467128
5467201
5467322
5467823
5468495
5469047
5469242
5469328
5469339
5469824
5470072
5470318
5470355
5470405
5470480
5470917
5471011
5471048
5471134
5471200
5471907
5472205
5472385
5472833
5472940
5473229
5473283
5474062
5474103
5474171
5474732
5475270
5475284
5475407
5475734
5475793
5475844
5476136
5476336
5476493
5476799
5476804
5476956
5477111
5477274
5477392
5477818
5478337
5478420
5478425
5478543
5478675
5478859
5479088
5479476
5479581
5479891
5479990
5480151
5480246
5480416
5480563
5481362
5481469
5481682
5629779
5630099
5633008
5633141
5633315
5633377
5633501
5634319
5636144
5637725
5637841
5638151
5638529
5639304
5639627
5639711
5640112
5640329
5640844
5640953
5641118
5641256
5642354
5642453
5643072
5643786
5644101
5644159
5644285
5644797
5645361
5646405
5647172
5647899
5647943
5648075
5648251
5648586
5648813
5648979
5649931
5777908
5782188
5785037
5790992
5799173
5804532
5804751
5805170
5805570
5808688
5810702
5811252
5811265
5814770
5815350
5817497
5820842
5882277
5883725
5884992
5885370
5886273
5886794
5887699
5889999
5892564
5892962
5894663
5895280
5895310
5895383
5896552
5897198
5898743
5940370
5940917
5941082
5941643
5942462
5943862
5944828
5945491
5946579
5946807
5947758
5948095
5948263
5948270
5948699
5948726
5949984
5950271
5950411
5950428
5951404
5951500
5951611
5951837
5954006
6040167
6045348
6045972
6047090
6048138
6049931
6050365
6053071
6101472
6101535
6101960
6102581
6103192
6103266
6103582
6103808
6104248
6104408
6104639
6105213
6105397
6105433
6106506
6106590
6107078
6107267
6107441
6107844
6108108
6108199
6108248
6108378
6108426
6108535
6108735
6108880
6109400
6109519
6109689
6110130
6110214
6110663
6111114
6111361
6111481
6112018
6112491
6112591
6112608
6112818
6113751
6113886
6114141
6114344
6114348
6114525
6114587
6114627
6114673
6114876
6115283
6115490
6115539
6115547
6115635
6115642
6116035
6116256
6116750
6116857
6116997
6117314
6117422
6117685
6118010
6118333
6118679
6118728
6119465
6119598
6119912
6119988
6120011
6120287
6120317
6121214
6121872
6122414
6124191
6124866
6125095
6125283
6125404
6125423
6126568
6127158
6127320
6127732
6127895
6128351
6131575
6131618
6132049
6132169
6132324
6133283
6133769
6134179
6134586
6142655
6150733
6365443
6378094
6378354
6379302
6385282
6534681
6536486
6540901
6542831
6544631
6549186
6551426
6632501
6632822
6633328
6634322
6634638
6635143
6635615
6635966
6636305
6636645
6637150
6637617
6637910
6638715
6638963
6639046
6639803
6639827
6639854
6639874
6640344
6640460
6640555
6640663
6640898
6641036
6642611
6643064
6644460
6644502
6644774
6644832
6644971
6644999
6645178
6645559
6645651
6648419
6675761
6676631
6677594
6680808
6688864
6690300
6691400
6717396
6718319
6718497
6718619
6718887
6719625
6719766
6721576
6724021
6724127
6724341
6724749
6724876
6726064
6726353
6726532
6727904
6728536
6729477
6729498
6729501
6731135
6732854
6768964
6770150
6770506
6771106
6771440
6771489
6772414
6773026
6773123
6773124
6773702
6774435
6774437
6774858
6775496
6776179
6776689
6777553
6777709
6777745
6778554
6778561
6778654
6778721
6780412
6780677
6869050
6870391
6870554
6871003
6871178
6871305
6871321
6871391
6871482
6871910
6871940
6872465
6872846
6872911
6872983
6873148
6873179
6873352
6874071
6874162
6874354
6874647
6875561
6876199
6876263
6876324
6876570
6876580
6876810
6877150
6877274
6877453
6877516
6878304
6878679
6878804
6879098
6879138
6879318
6879414
6879922
6880401
6880771
6880911
6881080
6881830
6883163
6883413
6883734
6884344
6884971
6885877
6886010
6914182
6917802
6919069
6919502
6959514
6960431
6962475
6963088
6969279
7070772
7071197
7071540
7071993
7072906
7074785
7075965
7076177
7076190
7076685
7077695
7079549
7079863
7080298
7081552
7081812
7082176
7083276
7083394
7238162
7238567
7238880
7239087
7239232
7239291
7239368
7239401
7239427
7239691
7240333
7240648
7240709
7240728
7240864
7240901
7241334
7241648
7241990
7243041
7243076
7243673
7243708
7243966
7244348
7244394
7244497
7244603
7244835
7244988
7245633
7245839
7246051
7246646
7246659
7246973
7247019
7247250
7247998
7248093
7248350
7249723
7250016
7250674
7250688
7251295
7251597
7251656
7251740
7251833
7251912
7252227
7252341
7252468
7271537
7274865
7275128
7277096
7280272
7281244
7305767
7305897
7305920
7306041
7307428
7307737
7308222
7309274
7310098
7310115
7310477
7310849
7310895
7310989
7312486
7313080
7313580
7313677
7313929
7314488
7314740
7316535
7317067
7317389
7317763
7317774
7318174
7319563
7319802
7320171
7383277
7384239
7384538
7384914
7385504
7386372
7386744
7387380
7387496
7388290
7389018
7391184
7393262
7394611
7395027
7395576
7397283
7397786
7399664
7401477
7401707
7402036
7403130
7403796
7403818
7404266
7404820
7407265
7407690
7409993
7725993
7726109
7726128
7726744
7727159
7727590
7727618
7727632
7727886
7728406
7728965
7728990
7729717
7730159
7730427
7731094
7731680
7731957
7732454
7732706
7732872
7733134
7733173
7733304
7735711
7735862
7736529
7737737
7737794
7738091
7738740
7739026
7739279
7741920
7744209
7751868
7796306
7797748
7801726
7805866
7807297
7808367
7808857
7809760
7812527
8024704
8051120
8052019
8052163
8052594
8052817
8053470
8053707
8054947
8056981
8057427
8057744
8057802
8059276
8059438
8059752
8060783
8061508
8062599
8064393
8064746
8065551
8067242
8068445
8068531
8068545
8068666
8070321
8070394
8070511
8071999
8151371
8154472
8163940
8194810
8195928
8196386
8196409
8196452
8196456
8196946
8197001
8197033
8197152
8197454
8197496
8197688
8198220
8198340
8198939
8198943
8199070
8199115
8199126
8199156
8199459
8199647
8199674
8199817
8200094
8200123
8200221
8200348
8200488
8200867
8201747
8201790
8201861
8201984
8202031
8202100
8202366
8202670
8203404
8203601
8204135
8204252
8204262
8204591
8204769
8204819
8205351
8205428
8205736
8205965
8206070
8206141
8206194
8206271
8206302
8206329
8206568
8206716
8206720
8207411
8207528
8207979
8208163
8208410
8289779
8290129
8290252
8290411
8290446
8290740
8291056
8291481
8291697
8291813
8292075
8292240
8292329
8292376
8292441
8292809
8293337
8293772
8294458
8294530
8294806
8294873
8294876
8295062
8295075
8295289
8295517
8295655
8295900
8296115
8296765
8297462
8297856
8298089
8298330
8298688
8298760
8298939
8299713
8300070
8300898
8301413
8301506
8301608
8301772
8302033
8302917
8303107
8303184
8303451
8303623
8303802
8303933
8304176
8304301
8305144
8305246
8305613
8306356
8306611
8306742
8307627
8307637
8308386
8308731
8308790
8309310
8309393
8561610
8561918
8562476
8563698
8566357
8566990
8567165
8567429
8568266
8568884
8569849
8571244
8574456
8574494
8574903
8726025
8726381
8726634
8726985
8727018
8727540
8727746
8727795
8728507
8728729
8728867
8729528
8729728
8730152
8730277
8730367
8730597
8730610
8730920
8730998
8731419
8731519
8731867
8732411
8732461
8732512
8733994
8734141
8734260
8734443
8734444
8736153
8736259
8736398
8737446
8737599
8738167
8738399
8738420
8738959
8739390
8739527
8739652
8739782
8739827
8740108
8740492
8740499
8740645
8740755
8740854
8740901
8740908
8740929
8741297
8741370
8741374
8741451
8742090
8742280
8742484
8742566
8742674
8742737
8743247
8743395
8743577
8743675
8743726
8743933
8744076
8744368
8744441
8744457
8744819
8744915
8745268
8745376
8745648
8745910
8964831
8964925
8965052
8965185
8965430
8965664
8967152
8967461
8967636
8967659
8967751
8968073
8968708
8969155
8969428
8969470
8970229
8970510
8972164
8972409
8972495
8973597
8973625
8973667
8973735
8973869
8973985
8974445
8974706
8975097
8975448
8975464
8975918
8975992
8976688
8976773
8976952
8977019
8977236
8977329
8977506
8977986
8978293
8978458
8978640
8978932
8979051
8979104
8979235
8979703
8979743
8979770
8979957
8980534
8981732
8982065
8982068
8982248
8982730
9040743
9058793
9059599
9059804
9059985
9060053
9060620
9060634
9060948
9061134
9061342
9061797
9061996
9062046
9062122
9062346
9062604
9062831
9063099
9063262
9063280
9063323
9063712
9064277
9064403
9064528
9064581
9064644
9065175
9065251
9065301
9065629
9065906
9065924
9065933
9066882
9067482
9068475
9068484
9068660
9068674
9068746
9069190
9069483
9069625
9069867
9070362
9070577
9070840
9070862
9070900
9071081
9071143
9071342
9071481
9071706
9071734
9071865
9072716
9072856
9073309
9073431
9073675
9073865
9074029
9074058
9074074
9074222
9074264
9074513
9074555
9074640
9074923
9075106
9075205
9075269
9075335
9266165
9266247
9266280
9266649
9266682
9267249
9269533
9269697
9269795
9270066
9270108
9270324
9270468
9270630
9272852
9273694
9273966
9274315
9274835
9275135
9275205
9275891
9276254
9276875
9277340
9277403
9278136
9279362
9279766
9279777
9280097
9280553
9280584
9281162
9281527
9281990
9282182
9282450
9282850
9283074
9283188
9283425
9283472
9283514
9284613
9285523
9285638
9285883
9286054
9286430
9437011
9438444
9439738
9440050
9441218
9442113
9442232
9445077
9445146
9446046
9446482
9446764
9446868
9447126
9447205
9447708
9448038
9448745
9448924
9449251
9449431
9450123
9450509
9450543
9451799
9452090
9452529
9453032
9455415
9456643
9457338
9457370
9494853
9497055
9500586
9501179
9503222
9503913
9504044
9504687
9506545
9508338
9509359
9510038
9510816
9511067
9512702
9637818
9648913
9652270
9710356
9770152
9771706
9771844
9772941
9773809
9775314
9776107
9777221
9777287
9777324
9777801
9778818
9779190
9779610
9779848
9782829
9847775
9848181
9848487
9848567
9848715
9848900
9848947
9849706
9850072
9850267
9850287
9850614
9851347
9852402
9853091
9853187
9853235
9853237
9854174
9854280
9854613
9855610
9855630
9856801
9856809
9857104
9857237
9858106
9858149
9859241
9859448
9859797
9859956
9860579
9860633
9860743
9861464
9861918
9862020
9862532
9863149
9863992
9864213
9864351
9865061
9865224
9865789
9866173
9866333
10122867
10124414
10124488
10124499
10125324
10125487
10125747
10125864
10126037
10126723
10127122
10127218
10127321
10128708
10129300
10129336
10129453
10130131
10130229
10130323
10131219
10131921
10131945
10132128
10132614
10133857
10134864
10135247
10135802
10135983
10136120
10136409
10136453
10136901
10137599
10137863
10137949
10138236
10138260
10138498
10138755
10139165
10139598
10140222
10140425
10140839
10140861
10141285
10141348
10141548
10141990
10142568
10142691
10143084
10143996
10144165
10144208
10144280
10144435
10144630
10144644
10144661
10144986
10145190
10145635
10145769
10146151
10146950
10147205
10147434
10147459
10147467
10147500
10147666
10147667
10147695
10147762
10147971
10147994
10148591
10148685
10148840
10149018
10149101
10149285
10149404
10150419
10150847
10150875
10151230
10151782
10151847
10152182
10152654
10153613
10153803
10153840
10430662
10430815
10431454
10431898
10432010
10432300
10432604
10432815
10433253
10433594
10433713
10434297
10434329
10435267
10435507
10435511
10435624
10435907
10436729
10436774
10436844
10437686
10439165
10441495
10442436
10442585
10443862
10444014
10444085
10444269
10445146
10527074
10527243
10527757
10528497
10529310
10529506
10529561
10529884
10529908
10530169
10530391
10530563
10530675
10531024
10531446
10532044
10532432
10532549
10532747
10534070
10534210
10534403
10534585
10534785
10534893
10535082
10535249
10535965
10536233
10536316
10536502
10536856
10537127
10537635
10537752
10537772
10538250
10538337
10539101
10539519
10540195
10540202
10540532
10540536
10540822
10541278
10541758
10541928
10542187
10542565
10543135
10543544
10543783
10543816
10544156
10544221
10544294
10544742
10544920
10544923
10545131
10545801
10678572
10680018
10723956
10724146
10724776
10725122
10725583
10725808
10726192
10726924
10726927
10727093
10727183
10727274
10727885
10728323
10729010
10730006
10731359
10731605
10731701
10731717
10732018
10732089
10733457
10733793
10733865
10734285
10734733
10734824
10735068
10735292
10735721
10735851
10736437
10736752
10792450
10793197
10793207
10793320
10793556
10793733
10794003
10794005
10794043
10797633
10797732
10798734
10798778
10798846
10798975
10799203
10799406
10799616
10799659
10800839
10801003
10801172
10801532
10801680
10802655
10802873
10802890
10804162
10804205
10804527
10804719
10805216
10805388
10806225
10806627
10806974
10807525
10808189
10923562
10928668
10928703
10930460
10983971
10985302
10985434
10985482
10986166
10986686
10987235
10987349
10988241
10988337
10989004
10990099
10990175
10990294
10990526
10991090
10991316
10991488
10991558
10991668
10991821
10991926
10992316
10992320
10992865
10993009
10993376
10993616
10994403
10994428
10994791
10994810
10995219
10995520
10995827
10996039
10996586
10996605
10996826
10996861
10997934
10997950
10997955
10998288
10998404
10998873
10998916
10998917
10999035
10999103
10999598
10999990
11000161
11000710
11001001
11001021
11001099
11001664
11001665
11002001
11002257
11002304
11002472
11002861
11003448
11003717
11003790
11004237
11004502
11004675
11004678
11004698
11004872
11004935
11005064
11005182
11005832
11024409
11025065
11027053
11027099
11029716
11030001
11030188
11030794
11030867
11031632
11032239
11037270
11277801
11277840
11278190
11278649
11278681
11278775
11278891
11278909
11279094
11279384
11280036
11280082
11280337
11280469
11280473
11280791
11281056
11281312
11281854
11282117
11282583
11283067
11283979
11284305
11285241
11285246
11285283
11285654
11286225
11286455
11286647
11287085
11287168
11287698
11288114
11288212
11288222
11288481
11288703
11288785
11288882
11309107
11309395
11310901
11311359
11312179
11313418
11314138
11315350
11316875
11316889
11318014
11318901
11319977
11320324
11322304
11322591
11326100
11326726
11326807
11327156
11539702
11562907
11564630
11565642
11566393
11568407
11569164
11569485
11569752
11570854
11571325
11571439
11571978
11573874
11575116
11577270
11580313
11581434
11666256
11667378
11667624
11668201
11668335
11668797
11672457
11673229
11675105
11679196
11682103
11684795
11688903
11775685
11777946
11778554
11778746
11781007
11783679
11784004
11787386
11787655
11788130
11788894
11789770
11792927
11793379
11793420
11793870
11794280
11794906
11796283
11796536
11796822
11799509
11800431
11800440
11807314
11807323
11809215
11815013
11815233
11897331
12097646
12099022
12099891
12099989
12100233
12100561
12101594
12101652
12101921
12103400
12103877
12104590
12105571
12108299
12108385
12108680
12111456
12112670
12114257
12114831
12114858
12115109
12115134
12115669
12116069
12116206
12116464
12116581
12117046
12117204
12117292
12117315
12117529
12118125
12118245
12118724
12119084
12119225
12119477
12119909
12119955
12120079
12120164
12120386
12120458
12120471
12120988
12122127
12122851
12123085
12123266
12123631
12123681
12124043
12124166
12124636
12124668
12124979
12125153
12125220
12125279
12125330
12125431
12125698
12125870
12125910
12126446
12127462
12127818
12128842
12128847
12129375
12129625
12129980
12199725
12200809
12202001
12202048
12203145
12203988
12204617
12204952
12205201
12205269
12205532
12205759
12205839
12206070
12206647
12206691
12208443
12208585
12208704
12209151
12209298
12210022
12210288
12210312
12210581
12211142
12211160
12211445
12211470
12211711
12212037
12212259
12212332
12212352
12212519
12212574
12212913
12213983
12214317
12214371
12215182
12215398
12215419
12215450
12215590
12215776
12216074
12216858
12216891
12216944
12217029
12217045
12217755
12217867
12219468
12223803
12223960
12344602
12345466
12345760
12348015
12348649
12349234
12350774
12350947
12353190
12356129
12408781
12408958
12410102
12411124
12413559
12413790
12414925
12415387
12416525
12418224
12418516
12419082
12422036
12635719
12636034
12636366
12637243
12637424
12637820
12637892
12638029
12638240
12638823
12638891
12638952
12639335
12639870
12639877
12640125
12641607
12641732
12642485
12642846
12643060
12643670
12643715
12644171
12644710
12644789
12645164
12645875
12645909
12646078
12646246
12647298
12647842
12647965
12648012
12648445
12648625
12648832
12649004
12649069
12649357
12649657
12649720
12650444
12650566
12650707
12650738
12650937
12651299
12651424
12651462
12651885
12652088
12652162
12652182
12652923
12653243
12653535
12653807
12654052
12654837
12654889
12654967
12655491
12656560
12656695
12656741
12656760
12656763
12657002
12657580
12657617
12796557
12796844
12797449
12801755
12804221
12805347
12805840
12806533
12808812
12911811
12912254
12913239
12915635
12919014
12919474
12920446
12920938
12922037
12923033
12924432
12988906
12989643
12991054
12991172
12991464
12991547
12991640
12991710
12991738
12991793
12991920
12992023
12992116
12992141
12992607
12992897
12993124
12993794
12993974
12994040
12994120
12994380
12994676
12994786
12995005
12995107
12995925
12996009
12996159
12996457
12997176
12997358
12997885
12998334
12998758
12998902
12999429
12999574
12999703
12999939
13000568
13000706
13000982
13001141
13001494
13002247
13002355
13002540
13002779
13003174
13003399
13003749
13004009
13004787
13004845
13004996
13005053
13005325
13005340
13005420
13005438
13006174
13006420
13007123
13007199
13007463
13007784
13111031
13111079
13111162
13111318
13111592
13111705
13112054
13112332
13112367
13112632
13112799
13112901
13113067
13113542
13113562
13114097
13114440
13114653
13115394
13115405
13115419
13115670
13115802
13116234
13116347
13116428
13116513
13116868
13117113
13117132
13117412
13117536
13117946
13117956
13118020
13118266
13118482
13118528
13119047
13119083
13119326
13119656
13119660
13119723
13119814
13119819
13120101
13120420
13120652
13120917
13121104
13121218
13121482
13121515
13122520
13122606
13122807
13122943
13122963
13123032
13123331
13123573
13123791
13123878
13123924
13124340
13124354
13124426
13124680
13124912
13125384
13126078
13126301
13126810
13127265
13127279
13127312
13127331
13127370
13127602
13127605
13127763
13127843
13127889
13127924
13128103
13128613
13128785
13128927
13129105
13129222
13129323
13129407
13129532
13129536
13129916
13130374
13131165
13131256
13131308
13131375
13131549
13200890
13200911
13201234
13201514
13201686
13202143
13202715
13203427
13203700
13204045
13204243
13204253
13204733
13205683
13205695
13205876
13206013
13206295
13206339
13206579
13206886
13207304
13208454
13209099
13209246
13209340
13209975
13211310
13211464
13211667
13211756
13211976
13212542
13238631
13239576
13243935
13246347
13301451
13303574
13305014
13305564
13308452
13309127
13312463
13314104
13314426
13314476
13314718
13322294
13452139
13458721
13461858
13495169
13495179
13495654
13495676
13496302
13496572
13496668
13497408
13497832
13498152
13498279
13498359
13498498
13499010
13499594
13499631
13499987
13500134
13500259
13500749
13500839
13500888
13500958
13501073
13501194
13501393
13501409
13501900
13502245
13502313
13502319
13502338
13502458
13502496
13502554
13503085
13503482
13503493
13503605
13503889
13504119
13504260
13504345
13504443
13504491
13504618
13505004
13505864
13505910
13505952
13507333
13507770
13508008
13508122
13508134
13508279
13508481
13508558
13508653
13508905
13509037
13509792
13509855
13509866
13510047
13510355
13510822
13511059
13511297
13511605
13511800
13511851
13511968
13512060
13513143
13513315
13513531
13513578
13574374
13574677
13574709
13575213
13575460
13575526
13575535
13575990
13576054
13576131
13576414
13576495
13577084
13577093
13577411
13577542
13578231
13578504
13578956
13579098
13579186
13579249
13580913
13580940
13581102
13581133
13581309
13582286
13582560
13582680
13583720
13583756
13583787
13584638
13584930
13584975
13585036
13585443
13585550
13586419
13643721
13644220
13644249
13645317
13646074
13646245
13646620
13646894
13647084
13647508
13647520
13648706
13649209
13650531
13651029
13651624
13651876
13652095
13652968
13653070
13653252
13653275
13653799
13653820
13655463
13657306
13658162
13658631
13660860
13661441
13661456
13662477
13662539
13662803
13663216
13663444
13663809
13663867
13664342
13664386
13664436
13664753
13665007
13749559
13750101
13750569
13751097
13751328
13751806
13752035
13752281
13752683
13753590
13753951
13754455
13754984
13755211
13755457
13755710
13756306
13756336
13756979
13757355
13757373
13757949
13758063
13758309
13758533
13758711
13759597
13759613
13759765
13759837
13759847
13760040
13761132
13761604
13761620
13761920
13762607
13762837
13763031
13763629
13763663
13764000
13764235
13764870
13764884
13765067
13765288
13767326
13767441
13767459
13768460
13768781
13769521
13769577
13770605
13771015
13771275
13771383
13772378
13772419
13772496
13772698
13774174
13774320
13774510
13774826
13774882
13775113
13775546
13775848
13776142
13776191
13776338
13776731
13776751
13776940
13776996
13777281
13777563
13777691
13778125
13778634
13778859
13779111
13779270
13779761
13780848
13781393
13781780
13781785
13781953
13781976
13782012
13782018
13782087
13782860
13782936
13783064
13783594
13784409
13784461
13784835
13785033
13785202
13785551
13785727
13786533
13786945
13787140
13787477
13787644
13787915
13788118
13788397
13788518
13788551
13788947
13789498
13789581
13790125
13790134
13790285
13790803
13790863
13791196
13791478
13791560
13791836
13792066
13792301
13792590
13792786
13792964
13793436
13793554
13793774
13793934
13794125
13794180
13794199
13794224
13794262
13794279
13794720
13794739
13794973
13795198
13795210
13796545
13796623
13796759
13797107
13797398
13797548
13797594
13797795
13798275
13855076
13855133
13855658
13856101
13856183
13856185
13856295
13857003
13857032
13857034
13857368
13857888
13858586
13859169
13859216
13859349
13859738
13859863
13861289
13861433
13861547
13861728
13861732
13861760
13862515
13862576
13862704
13862711
13863003
13863084
13863193
13863225
13863718
13863879
13863923
13863992
13864008
13864505
13864637
13864782
13865506
13865547
13865646
13865787
13866043
13866194
13866265
13866603
13866670
13866756
13866941
13867293
13867400
13867740
13868266
13868402
14058930
14059012
14059409
14060233
14060239
14060961
14060966
14061079
14061153
14061393
14061462
14061646
14062081
14062475
14062870
14063245
14063264
14063333
14063454
14063520
14064210
14065117
14065234
14065278
14065988
14066022
14066148
14066722
14066781
14066887
14067282
14067491
14068883
14068955
14069176
14069593
14069924
14070372
14070453
14070943
14071176
14071406
14071493
14071528
14071681
14072324
14073130
14073267
14074262
14074335
14074773
14075307
14075665
14075682
14076130
14076308
14076338
14077565
14077676
14078011
14078162
14078335
14078553
14078643
14079352
14079788
14079862
14080313
14080435
14080589
14080696
14080869
14080957
14081684
14081730
14082536
14082861
14083189
14083408
14083926
14084282
14084701
14084843
14084863
14085289
14086406
14086419
14086990
14087091
14087211
14087728
14089086
14090140
14090158
14090548
14090820
14090926
14091158
14091711
14091768
14091944
14092258
14092309
14092575
14092678
14092805
14093385
14093567
14093616
14094005
14094396
14095173
14136152
14136851
14137123
14137707
14137914
14139430
14139480
14139731
14141645
14141706
14142174
14142317
14143062
14143394
14145611
14146471
14148180
14168694
14168754
14168873
14169319
14169608
14169785
14170210
14170283
14170447
14170643
14170664
14170740
14171050
14171333
14171390
14171749
14171851
14172265
14172355
14173201
14173391
14173543
14173555
14173691
14174115
14174196
14174298
14174489
14175289
14175353
14175550
14175908
14175962
14176036
14176108
14176266
14176508
14176554
14176632
14176648
14176984
14177585
14177766
14177825
14177865
14178890
14178958
14179014
14179065
14179933
14180064
14180140
14180237
14180428
14180593
14181625
14182162
14182445
14182700
14182711
14183210
14183840
14183846
14184042
14185073
14185570
14186003
14186256
14186480
14186528
14186818
14187325
14187785
14188202
14188204
14188252
14188342
14188428
14188515
14188669
14188740
14208716
14209543
14212329
14217610
14218674
14221901
14224021
14224358
14224790
14228815
14349500
14349562
14349654
14349840
14350615
14351047
14351177
14351449
14353032
14353271
14354815
14355025
14355120
14355527
14355655
14355871
14355927
14356107
14356145
14356486
14357316
14357379
14357678
14357959
14359172
14359582
14359931
14360326
14360828
14361510
14362518
14362977
14364132
14390417
14396689
14396767
14397320
14434866
14434897
14434979
14435345
14435421
14435577
14436336
14436418
14437695
14438792
14438911
14439515
14440340
14440695
14440866
14440904
14440924
14441011
14441195
14441542
14441755
14442215
14442238
14442410
14443193
14443351
14443876
14445653
14445722
14446189
14446711
14447061
14447805
14447948
14485342
14485545
14485913
14485921
14485980
14486099
14487148
14487165
14487511
14487665
14487668
14487905
14487939
14488107
14488189
14488319
14488361
14488529
14488539
14488839
14488860
14488893
14489790
14489901
14490202
14490274
14490323
14490482
14490724
14490827
14491040
14491077
14491415
14491688
14492419
14492569
14492645
14493152
14493303
14493387
14493689
14493790
14493941
14494046
14494144
14494292
14494493
14494536
14494608
14494629
14494730
14494953
14495014
14495451
14495789
14496335
14496770
14496772
14496893
14497160
14497209
14497783
14497822
14497924
14498354
14498817
14498905
14499199
14499600
14500140
14500384
14500441
14500506
14501218
14501314
14501382
14501388
14501597
14501730
14502210
14502326
14502678
14504141
14504249
14504265
14504391
14504535
14504604
14504651
14505237
14505598
14505652
14505920
14506162
14506241
14506399
14506616
14507046
14507090
14507221
14507741
14507750
14508032
14508143
14508199
14508305
14508323
14508329
14508425
14590983
14591143
14591390
14591436
14591527
14591739
14592209
14592689
14593221
14593355
14593447
14593458
14593475
14594351
14594378
14594412
14594664
14594807
14595072
14595764
14595884
14595913
14596067
14596301
14596435
14596696
14596810
14597282
14597757
14597867
14598063
14598455
14599541
14599700
14600034
14600314
14600550
14600764
14600795
14601090
14601127
14601408
14602141
14602284
14602453
14602504
14602563
14602678
14603035
14603109
14603206
14603408
14603992
14604166
14604223
14604482
14604835
14604853
14604855
14605287
14605428
14624918
14625248
14625384
14625555
14626533
14626755
14626817
14627379
14627876
14628524
14628807
14629303
14629349
14630025
14630110
14630143
14630752
14631138
14631846
14632176
14632946
14633677
14633845
14634913
14635219
14635449
14636274
14636749
14636782
14636959
14636978
14637192
14637412
14637799
14638105
14638413
14638443
14638745
14639534
14640029
14640103
14640383
14640497
14641012
14642345
14642585
14642588
14642627
14642789
14643024
14643089
14643237
14643494
14644252
14644403
14644580
14644612
14644718
14644747
14645030
14645565
14646499
14646828
14647464
14647531
14647721
14647744
14647920
14648071
14648089
14648155
14648175
14648319
14648364
14648677
14649197
14649318
14649428
14649977
14650287
14650575
14650832
14651181
14651235
14651742
14651805
14651935
14652530
14653158
14654205
14654614
14655057
14655278
14655458
14655732
14656727
14656791
14656797
14657176
14658061
14658231
14658562
14658573
14658637
14658687
14658854
14658927
14659015
14659091
14659176
14659205
14659371
14660190
14660280
14660414
14660596
14660759
14660883
14660890
14661099
14661124
14661311
14661403
14661629
14662013
14662042
14662084
14662543
14662827
14663516
14664161
14664255
14665010
14665144
14665617
14665950
14666059
14666076
14666169
14666378
14666441
14666775
14667080
14667085
14667410
14667939
14669138
14669221
14669271
14669640
14670086
14670840
14671316
14671690
14671933
14672123
14672809
14672823
14672919
14673026
14673107
14673734
14673989
14675191
14689211
14689592
14691228
14691272
14691374
14691915
14693651
14693810
14694268
14695962
14696764
14697779
14697843
14697855
14697977
14698370
14699803
14704152
14704333
14704416
14704833
14705426
14709903
14710155
14777684
14778111
14778566
14778571
14779405
14780958
14783430
14786356
14787927
14788073
14790089
14791389
14816210
14816717
14818055
14819077
14819088
14819198
14819350
14819377
14820279
14820308
14820754
14821090
14821137
14822291
14822345
14822453
14822587
14822671
14822957
14823260
14823979
14824302
14824414
14824477
14824480
14824535
14824671
14824994
14826310
14826840
14827226
14827628
14828547
14829364
14829457
14830204
14831809
14831974
14832633
14832643
14832662
14832713
14833206
14976731
14976829
14976902
14977172
14977347
14977471
14978312
14978506
14978615
14978669
14979369
14980268
14980407
14980696
14980700
14981197
14982005
14982494
14983173
14984145
14984422
14984775
14984997
14985009
14985253
14985721
14985812
14986036
14986382
14987139
14987216
14987465
14987552
14987557
14987920
14988057
14988223
14988297
14988440
14989055
14989252
14990140
14990446
14990651
14990750
14990932
14991826
14991939
14992214
14992355
14992563
14992583
14992888
14993290
14993986
14994021
14994185
14994365
14994967
14995294
14995482
14997056
14997342
14997519
14997586
14997591
14997729
14998285
14998343
14998466
14998524
14999855
15000073
15001332
15001489
15001815
15001918
15001938
15002260
15002767
15003506
15003669
15003766
15004868
15005213
15005816
15005876
15005968
15006201
15006772
15006928
15006959
15006976
15006982
15007840
15008739
15010254
15011191
15012029
15012163
15012283
15012300
15012347
15012732
15013289
15018522
15018996
15021112
15022780
15022801
15024891
15025102
15025282
15025392
15025668
15025770
15026076
15026262
15026309
15026383
15026405
15026465
15026547
15026588
15026994
15027377
15027560
15027775
15028443
15028489
15028705
15028914
15029049
15029401
15029534
15030917
15031708
15032212
15032405
15033255
15033757
15034985
15035155
15035176
15035427
15035437
15036814
15036820
15036840
15036939
15036963
15037070
15037213
15037568
15037659
15037967
15037988
15038095
15038177
15038566
15038763
15038855
15038868
15039370
15039896
15040569
15040961
15041176
15041835
15042421
15042700
15042824
15043022
15043165
15043187
15043364
15043441
15123032
15123059
15123539
15123813
15124956
15125634
15125800
15127113
15127237
15127421
15127465
15127849
15128194
15128732
15129019
15129128
15129364
15129426
15129883
15130287
15130403
15130471
15130987
15131070
15131436
15132645
15132928
15133045
15133304
15133426
15134227
15134248
15134340
15134668
15134934
15134982
15135113
15135220
15135380
15135796
15135983
15136149
15136226
15136769
15136953
15137255
15137404
15140055
15142381
15146899
15147011
15147512
15150880
15152776
15154370
15157069
15157442
15157881
15158407
15159045
15159367
15159623
15160642
15160717
15161293
15161305
15161663
15162010
15162354
15162441
15162489
15162578
15162766
15162922
15162931
15163197
15163364
15163397
15163735
15163875
15164227
15164770
15164832
15164902
15164913
15164930
15165085
15165166
15165203
15165753
15165939
15165953
15166168
15166876
15166888
15166901
15167023
15167350
15167501
15168054
15168530
15168666
15168775
15168930
15169101
15169106
15169254
15169645
15169683
15169928
15170544
15170712
15170725
15170889
15171649
15172045
15172886
15176988
15177269
15177562
15177889
15178420
15181404
15181882
15182012
15183466
15184985
15186980
15188813
15191343
15192536
15231745
15231969
15232551
15232876
15232880
15233149
15233312
15233527
15233679
15233923
15234351
15234432
15234710
15234719
15234987
15235343
15236516
15237162
15237174
15237190
15237407
15237455
15237931
15238043
15238163
15238422
15238876
15239845
15241094
15241101
15241611
15241655
15241808
15241815
15241934
15242253
15243362
15243424
15243921
15244284
15244470
15245003
15245036
15245165
15245242
15245427
15245770
15246041
15260393
15260735
15263048
15265154
15266365
15266728
15266729
15267333
15268517
15268636
15268996
15270483
15272773
15273264
15296340
15296349
15296355
15296405
15296535
15296618
15296786
15296884
15297379
15297595
15300048
15300885
15302683
15302875
15303193
15303355
15303445
15303475
15303492
15304229
15304424
15304673
15304790
15304976
15305310
15306442
15306814
15307464
15307480
15307723
15308021
15308288
15308661
15308716
15308946
15310075
15310174
15310249
15328884
15329856
15330219
15330630
15332808
15333239
15334606
15335448
15336924
15337092
15337301
15341057
15341543
15342711
15342803
15344666
15370624
15419061
15419518
15419546
15420130
15420943
15422045
15422467
15423067
15424261
15424927
15424945
15424960
15425174
15425562
15426321
15426581
15426851
15426929
15427226
15427642
15427737
15427884
15428274
15428290
15428321
15428917
15429051
15429193
15429283
15429384
15429458
15429869
15429971
15430655
15431440
15453661
15454094
15454515
15455170
15455285
15455351
15455866
15456364
15456601
15456608
15456673
15457315
15457331
15457355
15457421
15457563
15457784
15458334
15458557
15458624
15458723
15459341
15459700
15460118
15460353
15460447
15460597
15460956
15461218
15461294
15461975
15462290
15462305
15463336
15463523
15463591
15464220
15464271
15464308
15464542
15464556
15464887
15465425
15466482
15466490
15467023
15467562
15467574
15469181
15469305
15469457
15469583
15469678
15469911
15470635
15472162
15472176
15472818
15472828
15472919
15473226
15473391
15474033
15491706
15512060
15513114
15515096
15515465
15523438
15525940
15526693
15529160
15529277
15530218
15637058
15637222
15637297
15638417
15638594
15638671
15638869
15639099
15639483
15639519
15639721
15639838
15639950
15640058
15640243
15640808
15640954
15641389
15641403
15641608
15641823
15641843
15642005
15642319
15642468
15642739
15642791
15642916
15643178
15643217
15643247
15643470
15643739
15644021
15644384
15644433
15644462
15644557
15644922
15645514
15645630
15645891
15646670
15647084
15647157
15647382
15647517
15647597
15648875
15648918
15648974
15649084
15649094
15649223
15649250
15649439
15649467
15649515
15649698
15649710
15649921
15650693
15650718
15651131
15651629
15652138
15652756
15652823
15653057
15670496
15670608
15671451
15671550
15672201
15673138
15673604
15674382
15675030
15675156
15675297
15675441
15675910
15676236
15676704
15677689
15678070
15678239
15678291
15678386
15678630
15679010
15679100
15679247
15679261
15679673
15680526
15680669
15680904
15681527
15681889
15682348
15682464
15682493
15682545
15682858
15683085
15683533
15683799
15684201
15684267
15684317
15684684
15685028
15685335
15685370
15685486
15685622
15685793
15686030
15686083
15686359
15686902
15687236
15717801
15718466
15718574
15720416
15721013
15721080
15721236
15721582
15721688
15722706
15722803
15723300
15723577
15724237
15724925
15725311
15726083
15726471
15726536
15726763
15726938
15727151
15727208
15727619
15727836
15727850
15728076
15728131
15728757
15729006
15729445
15729453
15729586
15729878
15729996
15730338
15730582
15731009
15731708
15731795
15732083
15732108
15732179
15732180
15732181
15733069
15733376
15733419
15733576
15734334
15734572
15788344
15788884
15789190
15789292
15789531
15789730
15789740
15790134
15791915
15792316
15792576
15792780
15792817
15793153
15793764
15793837
15793986
15795111
15795195
15795325
15795352
15795540
15795621
15795718
15796122
15797277
15797310
15797676
15798101
15798146
15798682
15798806
15799439
15799614
15799685
15799805
15800030
15800070
15800336
15800398
15800798
15801048
15801254
15801713
15802213
15802591
15802843
15802874
15803101
15803243
15804031
15804425
15804802
15805073
15805291
15805896
15806187
15807178
15807468
15807694
15808146
15808471
15809175
15809758
15810053
15810723
15810786
15811445
15811517
15811567
15811995
15812330
15812660
15812881
15813022
15813089
15813902
15813976
15815061
15815207
15815400
15815797
15816195
15816461
15816839
15816916
15817075
15817398
15817598
15817947
15818860
15819275
15820065
15820238
15820467
15820469
15820755
15821209
15821999
15846260
15847174
15847729
15847817
15848687
15848697
15850025
15851139
15851919
15852050
15852251
15852390
15852443
15852475
15853323
15853538
15854023
15854573
15854610
15854853
15855915
15856081
15856184
15856341
15856788
15856859
15857150
15857374
15858038
15858120
15858203
15858674
15859029
15859323
15859394
15859523
15860994
15861023
15861093
15861372
15861544
15861884
15862252
15862307
15864032
15865176
15865272
15865442
15865500
15866172
15866243
15866703
15866754
15866810
15867178
15867634
15867891
15868393
15868894
15869795
15874955
15877821
15879130
15882758
15884049
15927609
15927922
15927992
15928235
15928915
15929013
15929331
15929473
15929720
15930270
15930475
15931004
15931054
15931266
15931326
15931562
15932041
15933402
15934366
15934805
15934827
15934971
15935306
15935408
15936226
15936456
15936570
15936606
15937357
15938389
15939131
15939146
15940346
15941304
15941787
15941942
15941953
15942093
15942551
15943139
15944146
15944785
15945193
15945966
15946975
15947543
15947670
15948119
15948323
15948335
15948682
15949960
15950007
15950137
15950743
15951579
15953301
15953312
15954446
15954511
15954576
15955073
15955242
15955607
15955888
15956063
15956406
15956629
15956939
15957111
15957415
15958146
15959214
15960193
15960793
15961431
15962516
15963835
15963941
15964012
15964181
15964811
15965780
15966452
15966550
15967550
15967770
15968169
15969536
15971224
15971431
15974788
15978614
15979245
15979298
15979625
15979944
15980144
15980321
15980590
15980964
15984458
15984597
15985674
15986373
15987235
16037585
16038632
16040385
16040547
16041860
16045125
16047732
16048553
16049906
16081942
16082506
16082667
16083594
16083773
16084084
16084426
16084713
16084860
16087556
16088087
16088525
16088802
16090025
16090532
16090533
16090543
16090800
16091423
16091740
16091744
16092844
16094140
16094368
16094557
16095466
16095587
16095963
16096591
16097110
16097184
16097900
16098219
16098436
16098480
16098651
16099764
16099951
16099955
16100164
16100578
16100675
16100944
16101305
16101666
16102027
16102116
16102481
16103291
16103639
16103763
16104192
16105112
16105579
16120551
16121585
16122508
16123017
16123107
16124172
16125462
16126292
16130536
16132844
16134791
16135152
16135679
16137931
16152829
16153660
16153867
16154157
16154457
16154705
16154988
16155896
16156030
16156040
16156205
16156243
16156269
16156419
16156733
16157335
16157671
16157981
16158324
16158724
16159320
16159576
16159720
16159746
16159805
16159849
16160298
16160711
16160764
16160828
16161072
16161399
16161480
16161634
16161779
16161806
16161895
16161991
16162320
16162373
16162647
16162657
16162857
16163108
16164246
16164295
16164601
16164626
16164695
16164806
16164886
16165192
16165409
16165464
16165647
16165962
16166053
16166163
16166574
16166657
16166724
16166763
16166813
16167297
16167807
16261252
16261403
16261606
16261659
16262054
16262122
16262252
16262350
16262833
16263152
16263457
16263496
16263827
16265012
16266130
16266316
16266383
16266536
16266541
16267985
16268049
16268226
16268690
16268834
16269791
16269979
16269984
16270304
16270646
16270896
16270986
16271269
16271863
16271921
16272674
16272775
16272918
16273309
16273626
16273654
16273750
16274197
16274349
16274362
16274682
16274818
16274862
16275133
16275192
16275710
16276143
16276287
16276992
16277508
16277533
16277621
16277727
16278573
16278805
16278923
16335606
16335713
16335714
16335732
16335779
16336137
16336363
16338326
16338347
16339314
16339499
16339617
16339626
16339692
16339780
16339908
16339972
16340252
16340333
16340545
16340945
16341141
16341412
16341721
16341731
16341756
16341872
16342084
16342527
16343763
16343856
16343869
16343951
16344428
16344596
16344718
16344908
16345613
16346021
16346169
16346302
16346374
16346380
16346706
16346987
16347182
16347729
16347810
16348372
16348432
16348747
16349188
16349212
16349358
16350062
16350078
16350337
16350362
16351044
16351054
16367012
16368091
16368593
16368964
16369113
16370055
16370067
16370369
16370919
16371707
16371946
16372622
16372811
16373334
16374019
16374019
16374075
16374500
16374912
16375502
16375576
16375621
16376054
16376623
16376952
16377168
16377248
16377464
16377578
16377966
16377966
16378122
16378231
16378527
16379140
16379513
16379966
16380109
16380112
16380420
16380830
16380898
16380968
16381177
16381600
16381919
16382235
16382612
16382843
16383377
16383599
16384018
16384174
16384215
16384231
16384265
16384751
16384816
16384868
16385613
16386226
16386466
16386581
16386662
16386702
16386796
16387394
16387961
16388153
16439455
16440301
16441933
16443341
16445377
16446652
16447621
16448626
16449626
16449710
16450746
16451459
16452916
16452930
16453654
16454629
16455646
16455815
16455948
16456559
16456563
16456602
16457133
16457152
16457214
16457492
16457534
16457785
16458154
16458642
16458668
16458823
16458828
16459193
16459388
16459422
16459425
16459592
16459758
16459795
16459942
16460210
16460306
16460457
16460494
16460593
16460623
16460912
16461072
16461473
16461520
16461650
16462055
16462457
16462646
16462648
16462911
16463095
16463605
16463612
16463691
16463720
16463753
16463789
16464324
16464555
16464620
16464921
16465055
16465169
16466094
16466849
16466962
16466967
16467121
16467580
16467598
16467697
16467729
16467799
16468349
16468487
16468553
16468811
16469123
16469282
16469306
16469430
16469507
16469509
16469531
16470089
16470219
16470286
16470408
16470473
16470492
16470589
16470667
16470866
16471192
16471600
16471943
16471954
16472167
16472849
16473037
16473480
16473570
16473799
16473831
16474308
16474589
16474664
16474770
16475023
16475165
16475603
16475994
16476203
16476809
16476943
16477369
16477448
16477598
16477645
16477742
16477851
16478743
16478854
16479298
16479720
16584884
16585045
16585374
16585434
16586553
16587285
16587302
16587779
16588657
16588671
16589334
16589397
16590601
16590631
16592588
16593305
16593519
16594065
16594313
16594325
16594331
16594864
16596433
16596671
16598858
16600852
16601435
16601755
16602957
16668809
16671418
16672200
16790181
16791750
16791771
16792239
16792514
16793239
16793802
16795085
16795203
16795272
16797096
16797132
16797322
16798282
16798690
16799065
16799716
16799911
16800334
16802216
16802342
16806505
16807726
16808568
16809547
16812415
16813516
16813997
16814651
16815641
16819653
16847796
16849671
16853652
16855510
16856304
16865796
16940267
16940847
16944545
16944886
16946335
16946701
16956398
16961194
16997043
16997798
16997879
16997931
16997969
16999315
16999619
16999623
16999985
17000047
17000152
17000159
17000433
17000950
17000968
17001123
17002052
17002174
17002413
17002721
17003080
17003351
17003871
17004482
17004714
17004796
17004827
17005134
17005436
17005779
17005814
17005981
17006310
17006832
17006959
17007068
17007376
17008042
17008191
17008282
17008418
17008859
17008967
17077840
17121248
17124057
17125232
17125250
17129372
17133097
17134086
17135840
17137355
17138273
17149531
17161618
17165936
17165955
17166042
17166157
17166838
17167007
17167097
17167347
17167483
17167975
17168165
17168165
17168262
17168345
17169370
17169665
17170038
17170565
17170577
17171145
17171152
17171411
17171521
17172314
17172672
17172686
17172837
17172933
17172994
17173145
17173347
17173507
17173613
17173616
17173668
17173789
17174331
17174494
17174725
17174739
17175345
17175465
17175501
17176172
17176533
17176573
17176609
17176679
17176817
17177737
17177973
17178308
17178626
17178729
17178946
17179044
17179093
17179171
17179225
17179551
17179571
17179987
17180414
17180567
17180680
17180797
17181220
17181541
17181722
17181791
17181835
17182008
17182198
17182339
17182547
17182555
17182560
17183116
17183204
17184786
17185043
17187867
17188057
17188526
17190663
17192234
17193833
17193870
17194090
17195034
17195676
17197960
17198172
17198584
17202145
17205314
17441271
17442309
17442884
17442922
17442931
17443007
17443333
17444155
17445264
17446035
17446048
17446868
17448066
17449168
17449171
17449310
17450821
17450954
17451200
17452205
17452357
17452505
17453457
17453780
17455721
17455863
17456156
17457381
17457673
17457900
17458018
17458068
17458308
17458883
17458980
17459766
17460757
17461365
17461768
17462085
17462124
17462276
17462402
17462923
17486657
17486671
17486727
17487032
17487088
17487292
17487678
17487841
17488392
17488429
17488498
17488629
17488636
17488708
17488920
17488984
17489066
17489367
17489375
17490416
17490666
17490980
17491108
17491629
17491716
17491842
17491902
17492018
17492101
17492126
17492162
17492321
17492799
17493129
17493755
17493783
17493941
17493955
17494657
17494714
17495000
17495220
17495340
17495655
17495952
17496700
17496892
17497245
17497305
17497552
17497617
17497620
17498220
17498309
17498359
17498513
17498818
17499008
17499669
17499701
17499787
17500235
17799728
17904870
17905157
17905311
17905557
17905579
17905899
17905912
17905982
17906018
17906604
17906701
17907046
17907194
17907251
17907886
17908349
17908662
17908707
17909196
17909401
17909521
17909680
17909704
17909707
17910183
17910211
17910589
17910626
17910818
17910941
17911298
17911350
17912263
17912363
17912678
17913260
17913513
17913902
17914370
17914778
17914897
17914959
17915380
17915656
17915855
17916213
17916429
17916879
17916899
17916926
17916990
17917834
17918034
17919845
17919862
17920018
17920194
17920727
17920733
17920806
17920850
17921142
17921306
17921316
17921690
17921943
17921984
17921989
17922367
17922779
17922830
17923022
17923737
17924031
17924181
17924294
17924313
17924510
17924619
17924768
17924904
17925165
17925558
17925869
17926260
17926452
17926918
17927379
17927443
17927664
18033126
18034266
18034917
18036307
18038376
18047701
18095009
18095265
18095520
18096284
18096297
18096649
18097922
18098090
18098222
18098480
18098604
18098945
18099426
18099480
18099926
18100095
18100156
18100272
18101738
18102025
18102272
18102413
18103091
18103255
18103453
18103856
18103981
18104357
18104502
18104980
18105159
18105170
18105814
18106278
18106803
18107431
18107594
18107713
18107745
18107844
18108760
18109135
18109377
18109611
18110085
18110197
18110229
18110481
18110865
18111352
18235347
18235879
18336345
18337122
18337313
18338011
18338091
18338214
18338352
18339110
18339437
18339751
18339879
18340025
18340732
18341703
18341851
18342008
18342106
18342190
18342682
18343301
18343835
18343904
18343915
18344167
18344290
18344698
18344749
18344893
18345438
18345524
18346080
18346114
18346198
18346628
18347264
18347546
18347683
18347790
18348379
18348422
18348435
18348439
18348683
18349288
18349702
18349722
18349800
18350158
18351017
18351678
18351725
18352425
18352937
18353435
18353654
18353725
18353894
18353944
18353989
18354601
18354843
18355076
18355135
18355357
18355481
18355567
18355940
18356177
18357162
18401067
18404484
18406865
18449625
18456448
18608911
18609559
18610044
18610215
18610270
18610400
18610565
18610727
18611672
18612333
18612457
18613037
18613062
18613146
18613840
18613929
18614478
18614870
18615095
18615197
18615584
18616313
18616566
18616772
18616803
18616894
18617269
18617289
18618720
18618979
18619219
18619250
18619329
18619879
18619891
18620430
18620972
18621021
18621752
18623703
18624511
18624563
18624960
18626571
18626962
18627594
18629754
18629836
18630203
18632363
18632698
18632858
18633366
18633644
18633701
18634580
18634605
18635215
18636466
18636841
18638188
18720015
18721451
18723420
18723506
18725468
18725778
18728129
18730143
18731732
18734010
18734800
18736378
18740535
18791413
18792143
18792235
18792512
18792534
18792732
18793006
18793485
18793681
18793738
18793803
18794310
18794771
18794935
18794937
18795237
18795609
18796469
18797521
18797582
18798584
18798712
18798889
18799768
18799885
18800099
18800152
18800761
18801073
18801446
18801555
18801887
18802117
18802427
18802610
18803124
18803766
18804020
18804366
18804771
18804776
18805119
18805261
18805489
18805544
18805803
18806305
18806530
18807073
18807093
18807173
18807213
18807654
18807783
18807907
18808237
18808265
18808527
18808707
18808807
18809709
18809893
18810523
18811362
18811451
18811864
18812003
18812069
18812183
18812694
18813517
18813821
18874712
18874924
18875766
18881601
18881728
18881869
18881870
18882309
18882493
18883255
18883487
18883827
18884561
18884606
18885261
18886103
18886156
18886224
18886390
18886453
18886761
18886918
18887335
18887587
18888285
18888556
18888681
18888853
18889134
18889748
18889842
18890093
18890248
18890557
18890673
18891206
18891246
18892205
18892220
18892258
18892776
18892779
18892938
18893594
18893880
18894760
18895168
18895536
18895591
18896342
18896745
18897021
18897457
18897785
18898802
18899146
18899381
18900000
19044881
19046063
19046421
19047346
19047415
19048501
19048604
19048831
19049793
19050298
19050607
19051333
19051495
19053325
19054013
19054390
19054465
19054466
19054599
19055410
19055689
19055737
19056361
19056939
19057357
19057656
19057806
19057895
19058118
19058516
19060035
19060161
19060562
19060606
19060946
19062646
19064153
19205355
19205568
19205785
19205932
19206759
19207125
19207417
19207590
19207852
19208143
19208249
19209322
19209962
19211415
19211535
19211572
19212265
19213396
19214162
19214291
19215780
19216348
19217260
19217716
19218107
19218239
19220071
19220098
19220229
19220400
19220690
19221007
19221236
19447166
19447258
19448274
19448518
19448994
19449545
19449727
19449989
19450585
19451517
19451862
19452099
19452855
19453205
19453836
19454087
19456785
19459064
19518745
19518767
19518817
19518965
19519532
19520094
19520342
19520347
19520582
19520601
19520820
19521434
19521472
19521743
19521755
19521928
19521991
19522139
19522302
19523205
19523805
19523875
19523930
19524095
19524139
19524173
19524722
19525405
19526214
19527606
19527637
19528530
19529171
19529375
19529631
19529724
19529800
19529844
19529869
19529879
19529912
19529949
19530025
19530065
19530071
19530116
19530219
19530628
19530865
19531005
19531134
19531597
19532271
19532356
19532403
19532467
19532794
19533375
19533687
19533739
19533747
19534134
19534390
19534415
19534744
19534973
19618986
19619029
19619308
19619681
19620418
19620917
19621014
19621027
19621407
19621490
19622035
19622423
19622542
19623089
19623707
19623940
19624516
19624616
19624758
19625337
19625725
19626769
19627515
19627578
19627874
19628602
19629148
19629505
19630856
19631300
19631576
19632182
19632654
19633127
19656998
19663811
19665909
19941350
19943750
19958447
19959368
19959532
19960197
19961932
19962330
19962800
19964816
19965171
19965531
19966104
19968068
19968470
19969235
19969373
19969828
19969941
19971346
19972451
19973844
19975791
19976256
19976621
20211243
20211662
20212764
20213792
20213910
20214191
20214401
20215488
20215614
20215685
20215752
20215862
20215967
20216389
20216389
20216512
20216607
20216880
20217081
20217559
20217715
20217772
20218225
20218485
20218705
20218983
20219169
20219622
20219921
20220643
20221090
20222580
20222834
20223337
20223589
20224004
20224579
20224645
20224867
20225171
20225522
20225573
20225765
20225875
20226395
20226687
20226859
20227204
20227849
20228405
20228614
20229716
20229909
20230270
20230488
20230751
20230808
20230830
20231198
20231545
20341108
20342096
20342205
20342207
20343894
20345030
20345520
20346001
20346560
20348457
20350029
20350513
20350948
20352534
20352768
20353097
20353689
20353760
20353908
20353934
20354086
20355573
20355967
20356134
20357336
20357821
20357931
20358376
20359609
20360258
20377428
20377942
20378664
20378969
20379085
20379268
20380066
20380168
20380795
20381004
20382125
20382539
20383221
20383460
20385058
20385571
20385962
20386085
20387303
20387963
20388209
20389686
20390195
20390315
20390900
20390997
20392701
20393993
20394015
20394042
20394553
20394850
20394902
20396011
20396189
20397090
20397384
20397957
20398037
20398047
20398366
20398921
20399201
20399304
20399328
20427351
20512961
20512965
20513764
20514064
20514298
20514308
20514311
20514857
20515052
20515356
20515367
20515375
20515977
20516243
20517254
20517604
20519686
20519733
20519776
20519936
20520156
20520509
20521081
20521349
20521726
20521990
20522039
20522146
20522490
20522569
20523368
20523369
20523550
20523802
20523903
20524468
20524952
20525211
20526165
20526549
20526691
20527522
20527539
20527773
20527881
20528014
20528089
20528278
20528416
20528866
20529205
20529576
20529734
20529850
20529879
20530630
20530816
20531189
20531200
20531564
20532162
20532733
20755648
20757381
20757752
20758855
20763584
20766152
20769768
20942261
20942441
20942501
20942693
20942761
20944165
20944280
20944340
20944455
20944958
20945276
20945561
20945678
20945735
20945780
20946420
20946591
20946844
20947074
20947182
20947379
20947537
20947864
20947973
20948338
20949012
20949067
20949074
20949196
20949797
20949854
20949958
20950006
20950122
20950568
20950652
20951182
20951199
20952281
20952322
20952547
20953097
20953581
20954143
20954233
20954523
20954900
20955470
20956050
20956162
20956247
20956285
20956396
20956576
20957218
20957341
20957384
20957865
20957933
20958340
20958785
20959280
20959721
20959766
20960035
20960529
20960596
20961392
20961785
20961910
20961927
20961948
20962548
20962600
20963237
20964135
21060971
21067402
21070247
21070776
21072902
21075324
21127847
21128440
21129676
21130289
21130354
21130400
21131885
21132083
21132274
21132379
21132408
21132492
21133075
21133213
21133818
21133945
21134902
21135171
21135797
21136429
21136603
21136779
21137644
21138657
21138662
21139946
21171445
21172125
21174549
21179839
21257708
21260726
21262707
21270960
21271660
21272455
21276632
21278252
21278401
21519560
21520199
21520425
21521391
21523963
21524334
21524878
21528198
21529187
21529505
21529797
21529998
21530658
21531061
21532398
21532762
21535144
21535646
21535649
21535671
21536737
21537601
21537627
21538117
21539507
21539518
21557451
21557872
21558533
21558569
21558934
21558973
21559799
21559864
21560426
21560587
21560766
21561324
21561803
21562309
21563494
21564324
21566331
21566365
21566905
21567187
21567848
21567916
21568153
21569327
21569535
21570037
21570064
21570260
21570271
21570510
21571238
21571463
21572057
21572536
21726597
21727815
21736386
21738222
21741265
21744809
21746080
21801972
21840856
21841356
21841432
21841448
21841462
21842249
21842430
21842879
21842930
21843087
21843162
21843523
21843656
21844068
21844187
21844240
21844304
21844327
21844374
21844398
21844568
21844799
21844932
21845816
21845876
21845897
21847319
21847882
21848583
21848766
21848938
21848979
21849195
21849465
21849528
21849710
21850069
21850405
21850647
21850677
21851067
21851290
21851294
21851878
21852386
21852517
21852773
21853127
21853147
21853203
21853242
21853490
21853577
21853590
21853644
21853667
21853829
21854211
21854222
21854254
21854322
21854335
21854403
21854555
21854916
21854940
21855051
21855671
21855750
21855850
21855871
21856019
21856148
21856504
21857101
21857172
21857392
21857443
21857522
22120335
22122715
22132561
22133878
22134414
22135918
22145787
22146756
22150760
22155954
22163370
22163571
22165721
22165819
22166263
22166942
22167280
22167539
22167627
22167786
22168026
22169142
22169867
22169976
22170019
22171158
22171181
22171409
22172424
22172498
22173170
22173503
22175407
22176141
22176325
22177438
22177623
22177998
22178452
22178938
22179685
22180172
22180561
22180944
22181333
22181685
22181697
22181769
22183210
22183583
22184419
22184471
22185931
22186494
22186535
22241053
22241937
22242095
22243522
22244849
22245210
22245668
22245875
22246054
22246267
22246468
22246641
22246664
22247139
22247225
22248209
22248796
22249377
22250189
22251568
22252412
22252991
22253480
22254481
22255911
22255976
22256658
22257208
22257212
22277418
22277444
22277476
22277630
22278319
22278477
22278661
22279249
22279250
22279306
22279507
22279657
22280105
22280113
22280393
22280741
22280855
22281216
22281307
22281428
22282006
22282377
22283003
22283591
22284097
22284235
22284336
22284456
22284977
22285235
22285472
22286175
22286217
22286370
22286466
22287616
22288810
22289008
22289061
22289375
22290915
22291199
22291212
22291233
22291298
22291713
22291776
22292728
22292730
22292869
22292953
22293006
22293342
22293672
22337576
22544333
22678843
22678891
22679171
22679323
22679630
22680487
22682077
22682083
22682545
22685113
22686197
22687105
22687341
22687432
22687624
22687924
22688285
22690134
22690801
22692230
22692968
22774911
22775547
22781838
22784712
22803252
22804303
22804777
22805134
22805663
22805749
22806335
22806530
22806564
22806601
22806607
22806679
22807274
22807681
22807950
22808090
22808488
22808603
22808661
22809692
22810328
22810415
22810726
22810993
22811072
22811164
22812290
22812445
22812507
22812850
22812910
22812990
22813169
22813242
22813377
22813697
22813762
22814269
22814333
22815146
22815200
22815376
22815430
22815497
22816004
22816466
22816781
22817143
22817427
22817552
22817695
22817772
22817858
22818015
22818052
22818516
22818570
22818603
22862180
22862585
22970917
22971695
22977294
22981071
22993054
22993180
22993525
22994544
22995264
22996379
23000579
23001844
23002277
23002809
23002815
23002978
23003040
23003545
23003796
23003893
23004407
23004479
23004996
23005282
23005640
23006092
23006113
23006196
23006197
23006219
23006321
23006347
23007297
23007434
23007559
23008425
23008458
23008656
23008846
23009261
23009779
23009871
23010081
23010440
23010821
23011407
23011518
23011538
23011605
23012114
23012634
23012713
23013476
23013569
23013813
23014347
23014633
23014809
23014852
23015095
23015733
23015788
23016010
23016048
23016344
23016589
23016621
23142721
23142728
23143524
23143628
23143685
23145623
23145722
23145788
23146168
23146219
23147009
23147624
23147690
23147953
23148498
23148585
23148988
23149653
23150938
23151376
23152645
23152879
23152968
23153163
23153237
23153381
23154172
23154362
23155027
23155394
23155664
23155759
23156629
23156782
23157036
23157520
23158319
23158340
23158449
23159165
23159374
23159435
23159527
23160862
23161286
23162441
23163216
23163345
23164185
23164266
23164729
23164861
23205554
23213413
23217224
23306358
23600858
23600874
23601520
23601707
23601739
23602025
23602212
23602542
23602789
23602834
23603143
23603411
23603435
23603866
23604106
23604458
23604469
23604661
23604744
23605058
23605454
23605635
23605980
23606676
23606937
23607276
23607592
23607923
23608166
23608193
23608762
23608948
23610140
23610635
23610669
23610944
23611371
23611539
23611646
23612294
23612338
23612734
23612948
23613012
23613409
23614721
23614894
23615159
23616085
23616704
23617489
23617566
23617669
23618074
23618354
23618372
23618373
23618500
23619156
23620222
23620665
23620829
23621112
23621255
23621419
23621451
23621502
23621834
23621938
23622395
23622428
23622828
23622957
23623025
23623094
23689023
23723686
23723738
23723741
23723802
23724986
23726115
23726390
23726487
23726523
23727481
23727905
23728516
23730133
23730793
23731036
23731122
23731344
23732461
23732715
23733062
23733287
23736910
23737130
23737223
23739292
23739665
23739773
23740093
23740249
23819134
23819672
23819763
23820104
23820149
23820396
23821255
23821863
23822287
23822803
23823084
23823516
23823569
23823922
23824097
23824149
23824814
23824826
23824959
23824979
23825045
23825659
23825729
23826215
23826455
23826991
23827199
23827322
23827664
23827697
23828060
23828242
23828279
23828669
23828828
23830160
23830420
23831474
23831618
23831783
23832145
23832207
23832552
23832957
23833578
23833670
23833972
23833987
23834656
23835208
23835735
23835987
23836006
23836045
23836319
23837224
23837435
23837435
23838091
23838742
23839427
23839570
23839777
23839782
23839903
23840349
23840479
23840872
23841400
23841830
23842608
23909072
23918646
23919992
23921166
24170492
24170522
24170846
24171136
24171451
24171595
24172083
24172149
24172224
24172796
24173098
24173228
24173495
24173577
24173854
24173890
24173977
24174113
24174467
24174556
24175019
24175494
24176054
24176116
24176563
24177076
24177719
24177948
24179307
24179818
24179931
24180125
24180333
24180565
24180914
24180969
24181459
24181480
24181868
24182491
24183646
24183806
24184116
24184152
24184213
24184552
24184813
24184894
24185087
24185415
24185942
24186018
24186276
24186490
24187023
24187383
24187443
24187583
24187595
24188034
24188163
24188240
24188397
24188434
24188709
24189579
24189712
24190032
24190388
24190537
24190566
24190652
24191053
24191658
24191884
24191948
24192392
24192482
24366098
24366562
24369906
24372397
24375506
24377513
24403292
24469663
24469787
24469884
24470122
24470416
24472261
24472787
24473747
24473816
24474065
24474378
24474689
24475080
24475095
24475650
24475814
24476432
24476822
24476925
24477049
24477073
24477195
24477203
24477388
24477640
24478496
24478960
24479294
24479484
24479872
24479906
24479925
24480253
24480575
24481066
24481288
24481537
24481734
24481785
24483527
24483905
24483960
24484131
24484490
24484520
24484594
24485283
24485612
24485680
24485715
24485760
24485767
24485896
24486128
24486367
24486642
24487031
24487072
24578852
24763582
24828731
24832779
24834793
24834838
24837792
24839883
24840057
24842920
24845968
24849046
24850904
24850912
24850997
24852074
24852100
24852470
24852597
24852809
24852842
24853041
24853221
24853266
24853349
24853545
24853697
24853898
24854220
24854405
24855345
24856613
24856839
24857452
24858167
24858243
24858425
24859210
24859673
24859675
24859846
24860085
24860238
24860366
24860582
24861081
24861597
24861903
24861920
24862125
24862425
24862597
24862616
24862659
24862873
24862926
24863080
24863720
24864005
24864305
24864346
24864777
24864931
24866161
24866184
24867164
24867313
24867472
24867788
24867984
24868486
24868920
24869441
24869540
24869574
24869591
24869753
24869974
24870182
24870288
24870535
24870604
24870895
24871058
24871092
24871116
24871188
24871712
24871725
24871845
24872582
24872804
24872899
24873600
24940174
24943755
24943798
24943899
24944860
24945992
25027020
25027052
25027060
25027242
25027630
25028793
25028848
25029203
25029400
25029762
25029800
25029838
25029936
25029963
25030284
25030442
25030500
25030563
25030845
25031044
25031062
25031242
25031286
25031589
25031756
25032571
25033525
25034314
25034637
25034748
25034931
25034962
25035020
25035071
25035320
25035649
25035662
25036066
25036202
25036646
25036751
25037338
25037615
25038035
25038366
25038794
25039085
25039170
25039189
25039433
25039983
25040591
25040704
25040999
25041356
25041408
25041474
25041671
25041822
25042053
25042367
25042438
25042475
25042716
25042863
25043054
25043164
25043213
25043274
25043413
25043590
25044196
25044641
25044771
25044832
25045253
25045417
25045432
25045489
25045616
25045617
25045990
25046172
25046526
25047468
25047487
25047618
25048025
25048058
25048636
25048676
25048686
25049114
25049341
25049518
25049612
25049871
25050166
25050635
25052476
25053976
25060301
25062243
25065605
25065835
25069561
25118420
25120520
25121232
25394596
25397556
25397586
25398005
25398358
25398606
25398714
25399182
25399409
25401110
25401270
25401387
25402064
25403236
25407337
25407358
25408871
25409616
25409863
25430141
25430383
25431583
25436346
25439245
25439387
25440031
25511018
25511200
25515328
25515636
25515882
25516533
25516637
25518024
25518372
25518637
25519140
25519608
25520466
25520615
25520756
25521369
25521485
25524046
25524274
25524470
25524804
25525135
25525458
25526595
25527649
25527713
25527826
25528518
25529063
25529534
25530188
25530470
25530848
25530974
25532592
25533451
25533844
25533990
25630377
25631945
25634449
25635332
25636313
25637989
25638872
25640740
25644512
25645545
25646193
25646423
25647408
25649458
25649832
25650553
25651247
25673294
25674053
25674942
25675930
25676641
25677166
25678531
25681808
25683917
25684807
25685423
25685872
25686045
25687147
25688433
25689251
25689664
25690385
25690450
25692123
25692769
25692779
25693351
25693481
25693526
25694085
25695776
25695948
25696078
25696190
25696289
25696596
25696791
25696797
25697069
25697718
25697905
25698124
25698356
25699148
25699673
25699872
25699873
25700057
25700336
25700507
25700662
25701884
25703490
25703925
25704448
25704642
25704793
25705008
25705133
25706288
25706996
25707039
25707691
25708026
25708164
25708689
25708932
25708968
25709305
25709754
25709889
25710969
26097012
26097401
26099601
26100285
26100409
26101319
26102026
26103888
26105388
26106119
26106858
26110440
26111713
26113952
26114461
26114657
26115911
26117398
26119569
26121154
26124750
26125323
26127311
26127665
26127687
26129734
26131180
26131307
26132321
26132845
26133793
26135633
26138585
26138935
26139168
26139880
26251163
26262033
26262336
26262456
26262916
26263405
26263432
26263587
26264005
26264197
26264258
26264549
26264557
26265083
26265137
26265252
26265401
26265404
26265420
26265791
26266004
26266794
26267626
26267664
26267750
26268003
26268030
26268240
26268392
26268580
26268954
26270198
26270542
26270944
26270993
26271276
26271490
26271555
26271592
26271677
26271919
26272568
26272671
26272801
26272863
26273652
26274024
26274449
26274563
26274612
26274673
26274979
26275221
26275241
26275623
26275652
26275751
26275766
26275934
26275957
26276206
26276234
26276607
26277042
26277063
26277064
26277244
26277624
26277692
26277790
26278017
26278423
26278464
26278762
26279440
26279929
26280020
26280057
26280410
26281269
26281411
26281693
26281713
26282027
26282104
26282171
26282741
26283050
26283942
26714295
26747483
26747609
26748302
26748510
26748745
26749658
26749719
26750523
26751286
26751692
26751896
26752124
26752218
26752508
26752875
26753784
26753897
26754228
26755920
26756085
26756306
26757550
26757942
26758015
26758514
26758962
26759111
26760242
26760281
26761009
26761046
26761560
26763088
26764922
26765246
26765291
26876047
26876649
26877048
26877328
26878055
26878191
26878445
26878757
26878811
26879468
26879779
26880129
26880602
26881449
26881873
26882099
26882448
26882768
26882776
26883487
26883776
26883808
26884359
26884455
26884713
26885078
26885201
26885431
26885707
26885934
26885948
26886478
26886623
26887291
26887311
26887327
26888830
26889115
26889368
26889899
26889938
26890031
26890206
26890398
26890510
26890894
26891045
26891176
26892524
26893337
26893430
26893613
26894355
26894581
26894668
26895755
26895882
26895919
26896317
26896728
26896845
26897413
27082162
27087985
27138620
27309397
27311262
27312134
27314518
27314857
27315618
27316714
27316899
27321134
27323411
27323680
27323790
27347726
27349020
27349754
27353343
27362424
27366020
27366021
27366448
27366814
27367066
27367372
27367546
27368088
27368316
27368553
27368646
27368713
27369801
27370077
27370388
27371036
27371088
27371132
27371436
27371569
27372028
27373237
27373389
27373427
27373739
27374641
27374841
27374999
27375238
27375625
27375747
27376349
27376802
27377399
27377487
27377764
27377901
27378022
27378368
27378396
27379184
27379217
27379363
27379556
27379743
27379966
27536009
27536059
27536109
27536997
27537176
27537243
27537336
27537807
27538465
27538469
27538735
27538756
27538891
27539138
27540087
27540598
27540605
27540758
27540965
27541037
27541063
27541690
27541702
27541836
27542088
27542887
27543009
27544579
27544698
27544794
27545617
27545966
27546164
27546198
27546408
27546660
27547358
27547439
27547481
27547576
27547824
27548700
27548770
27549111
27549632
27549767
27550477
27550579
27550881
27551377
27551626
27552019
27552071
27552079
27552821
27553481
27553574
27553610
27554538
27554763
27554941
27554986
27555313
27555424
27555454
27555725
27556023
27556099
27556331
27556345
27557093
27557140
27557290
27557773
27558357
27558618
27558841
27558859
27644935
27645391
27645819
27646478
27649020
27649833
27652155
27652191
27652321
27653950
27655350
27656147
27656271
27656777
27711268
27711309
27711391
27711522
27711694
27711828
27712260
27712671
27712710
27712997
27713057
27713084
27713724
27713757
27713942
27715215
27716208
27716545
27716659
27716744
27716868
27716905
27717069
27717169
27718585
27718597
27719408
27721027
27721065
27721506
27721617
27722353
27724854
27799941
27800214
27807362
27808862
27811175
27811230
27814534
27814597
27816353
27887947
27888370
27888649
27889567
27891224
27891459
27892543
27892725
27892977
27893046
27893402
27893849
27893892
27894356
27894387
27894525
27894626
27895955
27896188
27896504
27898121
27898544
27898835
27899743
27900788
27901373
27901955
27903000
27903850
27904405
27904643
27905891
28032595
28035360
28036367
28036908
28038617
28039948
28041760
28042095
28042430
28043320
28047038
28070048
28070712
28070860
28071130
28071715
28072211
28073133
28073650
28078025
28078258
28078290
28080244
28080823
28081042
28081550
28084103
28087080
28087428
28088227
28088733
28089513
28167101
28494220
28494827
28495192
28495520
28496235
28496310
28496323
28496628
28496858
28497124
28497400
28497757
28497862
28497910
28498354
28498704
28499764
28500295
28500462
28500614
28500679
28500715
28500755
28500860
28500929
28500969
28501087
28501124
28501463
28501520
28502172
28502399
28502638
28502675
28502781
28503262
28503280
28503307
28503339
28503687
28503736
28504319
28504330
28504375
28504416
28504778
28504883
28504898
28505472
28505671
28505892
28506115
28506174
28506176
28506480
28506580
28506624
28506799
28507064
28507249
28507460
28507702
28507834
28507885
28508145
28508182
28508230
28508258
28508374
28508384
28508390
28508871
28786249
28786437
28787362
28787607
28788132
28789762
28790119
28792324
28792525
28792753
28793533
28795385
28797510
28798054
28798238
28800758
28800798
28802990
28804081
28804132
28805766
28806253
28806662
28806754
28807064
28807300
28807758
28808796
28808904
28809147
28809394
28809855
28809925
28810093
28810681
28811227
28811481
28811719
28811961
28812121
28812314
28812485
28812580
28812739
28813195
28813539
28813659
28813796
28813819
28814103
28814524
28814818
28814986
28815076
28815095
28815140
28815158
28815196
28815618
28816161
28816207
28816379
28816700
28817003
28817137
28817576
28817626
28818071
28818110
28818238
28818869
28818929
28819130
28819177
28819185
28819477
28819637
28819694
28820011
28820519
28820607
28820669
28821846
29020837
29021276
29024847
29025347
29038278
29063757
29064009
29064217
29064686
29064854
29064999
29065146
29065193
29066204
29066486
29066519
29067019
29067141
29067155
29067346
29068116
29068321
29068947
29069012
29069248
29069408
29069901
29070447
29071774
29071904
29072089
29072204
29072533
29073094
29074123
29074577
29075285
29075381
29076002
29076099
29076265
29076399
29076672
29076975
29078110
29078188
29078547
29078870
29079080
29080195
29081075
29111439
29111718
29112271
29113711
29115589
29115636
29117951
29121058
29121073
29121759
29122596
29143183
29144029
29144672
29145055
29145883
29146006
29146040
29146370
29146993
29147380
29147872
29147891
29148811
29148887
29148933
29149197
29149215
29150380
29150425
29150773
29150977
29151886
29152478
29152636
29152645
29153088
29153560
29155981
29156291
29157722
29157957
29157965
29158838
29158977
29159946
29160084
29240067
29243337
29243846
29367886
29368214
29368550
29368574
29368713
29369502
29369525
29370224
29370356
29370397
29370399
29370763
29370843
29371035
29371075
29371081
29371464
29371523
29371970
29372054
29372146
29372268
29372424
29372438
29372538
29372763
29372990
29373178
29373324
29373911
29374601
29374892
29374964
29375225
29375609
29375889
29376408
29376566
29376976
29377176
29377635
29377954
29378472
29378667
29378998
29379025
29379046
29379053
29379402
29379765
29380755
29380777
29381276
29381495
29381607
29381825
29381874
29382099
29382528
29382620
29382773
29383084
29383965
29384439
29384575
29385244
29385748
29387200
29387346
29387351
29387462
29388150
29388509
29388567
29388828
29388880
29388908
29389387
29390028
29390191
29390467
29390517
29415066
29442498
29442771
29446613
29447755
29448791
29451264
29451789
29452307
29549022
29549826
29567450
29568089
29569149
29569653
29569800
29571676
29579423
29580786
29581395
29581676
29647402
29650251
29650369
29658962
29667759
29668428
29724963
29725830
29726218
29727241
29727295
29727405
29727710
29728208
29728303
29728599
29728625
29728714
29728735
29729581
29731453
29731479
29731710
29731911
29732214
29732672
29732855
29733079
29733220
29733262
29733275
29733284
29733905
29733962
29734903
29735571
29735896
29736431
29736489
29736527
29736779
29737984
29738192
29738697
29738756
29739145
29739243
29739348
29739487
29739501
29739506
29776898
29802439
29802933
29803059
29803132
29807192
29807595
29808703
29808854
29814883
29816179
29816325
29818225
29819825
29822446
29960009
29962216
29962579
29962830
29963320
29963436
29963491
29964313
29964535
29964584
29965522
29965581
29965685
29966090
29966374
29966626
29967706
29967717
29968109
29968346
29968870
29968931
29969317
29970520
29970532
29970679
29970862
29970990
29971780
29971790
29972461
29972476
29972599
29972653
29972967
29973094
29973818
29973959
29974155
29974241
29974342
29975699
29975911
29976465
29976646
29977786
29977837
29978820
29978888
30035107
30036333
30036394
30037208
30041540
30041563
30041612
30043721
30044324
30044537
30044741
30045587
30045961
30046964
30049732
30051672
30053550
30053995
30090084
30090749
30090759
30090794
30091306
30091657
30093851
30094458
30094693
30096674
30096881
30098194
30098441
30100015
30101022
30101343
30101398
30101584
30101686
30102104
30103159
30104256
30105343
30105481
30106863
30108043
30108101
30109709
30109836
30110315
30111607
30167754
30167948
30168089
30168107
30168879
30169644
30169714
30170064
30170560
30170736
30170944
30171049
30171432
30171509
30171780
30172022
30172180
30172491
30172599
30172894
30172976
30173036
30173037
30173092
30174293
30174303
30174507
30174785
30175401
30176686
30176704
30177810
30177879
30178272
30178353
30178621
30178987
30179458
30179605
30179724
30179760
30180402
30181323
30181766
30181991
30342640
30342761
30342958
30342959
30343039
30343233
30343303
30343488
30343527
30343755
30343800
30344016
30344202
30344449
30344805
30344983
30345088
30345149
30345490
30345724
30345981
30346003
30346550
30346955
30347075
30347817
30347917
30348061
30348074
30349121
30349214
30349754
30349954
30350185
30350378
30350491
30350579
30350611
30350662
30351161
30351162
30351704
30352153
30352345
30352577
30352972
30353143
30353197
30353258
30353281
30353283
30353406
30354487
30354641
30354765
30354898
30355432
30355703
30355747
30356300
30356903
30370464
30376934
