300
550
1242
1374
1493
1866
2173
4970
4990
5121
5606
5825
6181
6293
6707
6807
6870
7055
7124
7271
7480
7665
7930
8093
8549
8999
9642
9653
9682
9703
9889
9959
10002
10167
10418
11393
11701
11704
12957
13212
13226
13687
13800
13975
14116
14383
14699
15013
15021
15388
15532
15633
15745
15905
15940
16719
17149
18370
18519
19355
19529
20206
20246
20570
20599
20902
21002
21548
22249
22428
354038
361897
365708
475919
482825
487620
537715
544297
547434
578319
580270
581078
581130
581527
583138
583529
584161
586321
586403
586770
588930
589265
589425
589933
590211
590268
591147
591172
591782
593033
593408
594755
595854
596306
596347
596797
597207
597833
599210
599463
599749
602436
603358
603367
610241
610250
612142
617940
618160
661164
663371
663734
663985
664475
664591
664646
665468
665690
665739
666677
666736
666840
667245
667529
667781
668861
668872
669264
669501
670025
670086
670472
671675
671687
671834
672017
672145
672935
672945
673616
673631
673754
673808
674122
674249
674973
675114
675310
675396
675497
676854
677066
677620
677801
678941
678992
679975
680043
773915
777016
786484
787579
788036
788064
788648
789461
790563
790985
791585
792779
793445
793463
793478
793692
794080
794839
795099
795369
795447
795744
796160
796255
796402
796792
796808
796839
797435
797569
797711
797801
797902
797976
798387
798489
799173
799958
877554
883985
886830
887359
889485
891907
921489
921876
922182
922490
922520
922822
923611
924106
924180
924460
924574
925089
926422
926662
926665
926704
926866
927101
927166
927314
927571
928329
928480
928657
928689
928795
928824
929107
929642
930576
930905
931541
931608
931798
931821
931997
932148
932166
932232
932252
932396
932441
932754
933274
933395
933505
934054
934364
934652
934909
935258
935312
935819
935882
936012
936607
937235
938282
938691
939134
939355
939535
939809
940804
940868
940874
941253
1172223
1172573
1172696
1172855
1172890
1173184
1173500
1173925
1174141
1174257
1174519
1174684
1174773
1174820
1174885
1175253
1175781
1176216
1176902
1176974
1177250
1177317
1177320
1177506
1177519
1177733
1177961
1178099
1178344
1178559
1179209
1179906
1180300
1180533
1180774
1181132
1181204
1181383
1182157
1182514
1183342
1183857
1183950
1184052
1184216
1184477
1185361
1185551
1185628
1185895
1186067
1186246
1186377
1186620
1186745
1187588
1187690
1188057
1188800
1189055
1189186
1190071
1190081
1190830
1191175
1191234
1191754
1191837
1300031
1353239
1353595
1353848
1354199
1354232
1354754
1354960
1355009
1355721
1355943
1356081
1356742
1356942
1357366
1357491
1357581
1357811
1357824
1358134
1358212
1358633
1358733
1359081
1359625
1359675
1359726
1361208
1361355
1361474
1361657
1361658
1363367
1363473
1363612
1364660
1364813
1365381
1365613
1365634
1366173
1366604
1366741
1366866
1366996
1367041
1367322
1367706
1367713
1367859
1367969
1368068
1368115
1368122
1368143
1368511
1368584
1368588
1368665
1369304
1369494
1369698
1369780
1369888
1369951
1370461
1370609
1370791
1370889
1370940
1371147
1371290
1371582
1371655
1371671
1372033
1372129
1372482
1372590
1372862
1373124
1518605
1519253
1519738
1519909
1519964
1520094
1520259
1520421
1521366
1522027
1522151
1522731
1522756
1522840
1523534
1523623
1524172
1524564
1524789
1524891
1525278
1526007
1526260
1526466
1526497
1526588
1526963
1526983
1528414
1528673
1528913
1528944
1529023
1529573
1529585
1530124
1530666
1530715
1532746
1533382
1539673
1542547
1562557
1566368
1571634
1612020
1613589
1613610
1614078
1614353
1615078
1615641
1616924
1617042
1617111
1618935
1618971
1619161
1620121
1620529
1620904
1621555
1621750
1622173
1624055
1624181
1655582
1682088
1682182
1682260
1682690
1682743
1682838
1683055
1683312
1683390
1683501
1683564
1683655
1684283
1684629
1684819
1685140
1685299
1686646
1686865
1687358
1687466
1687595
1688692
1688813
1688890
1689366
1689406
1689612
1690225
1690283
1690352
1690677
1690697
1691456
1691597
1691972
1692060
1692280
1692552
1692815
1693845
1694037
1694333
1694672
1695022
1695024
1696060
1696563
1696817
1696938
1697258
1697370
1697567
1697787
1697886
1698009
1698042
1698166
1698376
1698688
1698811
1698976
1699519
1699651
1699768
1700675
1700718
1701318
1865141
1865155
1865211
1865516
1865572
1865776
1866162
1866325
1866876
1866913
1866982
1867113
1867120
1867192
1867404
1867468
1867550
1867851
1867859
1868900
1869150
1869464
1869592
1870113
1870200
1870326
1870386
1870502
1870585
1870610
1870646
1870805
1871283
1871613
1872239
1872267
1872425
1872439
1873141
1873198
1873484
1873704
1873824
1874139
1874436
1875184
1875376
1875729
1875789
1876036
1876101
1876104
1876704
1876793
1876843
1876997
1877302
1877492
1878153
1878185
1878271
1878719
1895980
1933498
1934421
1934599
1934721
1934989
1935727
1935868
1937678
1940123
1940229
1940443
1940851
1940978
1942166
1942455
1942634
1944006
1944638
1945579
1945600
1945603
1947237
1948956
1989740
1990333
1991569
1992182
1992247
1992293
1993778
1993976
1994167
1994272
1994301
1994385
1994968
1995106
1995711
1995838
1996795
1997064
1997690
1998322
1998496
1998672
1999537
2000550
2000555
2001839
2081867
2082698
2082905
2083195
2083495
2083743
2084026
2084934
2085068
2085078
2085243
2085281
2085307
2085457
2085771
2086373
2086709
2087019
2087362
2087762
2088358
2088614
2088758
2088784
2088843
2088887
2089336
2089749
2089802
2089866
2090110
2090437
2090518
2090672
2090817
2090844
2090933
2091029
2091358
2091411
2091685
2091695
2091895
2092146
2093284
2093333
2093639
2093664
2093733
2093844
2093924
2094230
2094447
2094502
2094685
2095000
2095091
2095201
2095612
2095695
2095762
2095801
2095851
2096335
2096845
2157326
2164149
2229488
2230548
2231256
2231961
2231998
2232251
2234189
2234212
2234977
2235124
2235163
2236466
2238348
2238933
2238963
2239608
2240296
2241137
2241402
2241413
2274901
2289189
2415742
2415834
2416850
2417094
2417570
2418121
2418303
2418565
2419161
2420093
2420438
2420675
2421431
2421781
2422412
2422663
2425361
2427640
2500933
2502055
2502301
2502878
2503012
2503474
2507134
2507906
2509782
2513873
2569240
2569404
2569479
2570599
2570776
2570853
2571051
2571281
2571665
2571701
2571903
2572020
2572132
2572240
2572425
2572990
2573136
2573571
2573585
2573790
2574005
2574025
2574187
2574501
2574650
2574921
2574973
2575098
2575360
2575399
2575429
2575652
2575921
2576203
2576566
2576615
2576644
2576739
2577104
2577696
2577812
2578073
2578852
2579266
2579339
2579564
2579699
2579779
2581057
2581100
2581156
2581266
2581276
2581405
2581432
2581621
2581649
2581697
2581880
2581892
2582103
2582875
2582900
2583313
2583811
2584320
2584938
2585005
2585239
2585945
2585961
2586607
2586794
2586826
2587112
2587299
2587629
2587876
2587921
2588230
2588498
2588522
2588953
2589193
2589545
2589556
2589748
2589831
2590145
2590541
2590722
2591067
2591763
2592024
2592363
2592679
2593010
2593253
2593280
2593849
2594035
2595227
2595722
2595756
2596031
2596458
2596626
2596733
2597381
2597425
2597821
2598035
2598099
2598496
2599808
2599981
2600246
2601172
2601791
2602576
2602653
2602756
2603161
2603441
2603459
2603460
2603587
2604243
2605309
2605752
2605916
2606199
2606342
2606506
2606538
2606589
2606921
2607025
2607482
2607515
2607915
2608044
2608112
2608181
2791650
2791762
2791886
2793224
2794951
2795283
2795383
2797123
2797476
2799091
2801482
2803062
2803440
2890655
2892857
2896388
2896981
2899024
2899715
2899846
2900489
2902347
2904140
2905161
2905840
2906618
2906869
2908504
2930129
2938207
3004105
3004393
3005899
3006357
3007177
3008416
3009136
3010348
3011873
3011887
3013012
3013899
3014975
3015322
3017302
3017589
3021098
3021724
3021805
3022154
3043760
3044081
3044587
3045581
3045897
3046402
3046874
3047225
3047564
3047904
3048409
3048876
3049169
3049974
3050222
3050305
3051062
3051086
3051113
3051133
3051603
3051719
3051814
3051922
3052157
3052295
3053870
3054323
3055719
3055761
3056033
3056091
3056230
3056258
3056437
3056818
3056910
3059678
3230694
3231663
3235667
3240861
3270804
3271247
3272232
3274628
3278007
3278467
3279439
3279931
3281030
3282026
3283425
3305952
3306386
3307042
3307142
3307174
3307226
3307922
3308008
3308154
3308274
3308867
3309041
3309214
3309238
3309543
3309751
3310106
3310338
3310718
3310839
3311097
3311566
3312583
3313027
3313139
3313162
3313295
3313434
3313712
3313917
3313987
3314436
3314531
3314685
3315462
3315686
3316704
3316893
3316999
3317229
3317554
3317578
3317606
3317720
3317753
3317765
3456738
3457165
3457620
3457625
3458459
3460012
3462484
3465410
3466981
3467127
3469143
3470443
3477538
3477868
3478004
3478175
3479153
3479375
3479437
3479999
3480496
3481144
3481427
3481923
3481969
3482645
3482730
3482763
3483372
3483758
3484466
3484796
3485566
3486297
3486465
3487533
3487839
3488069
3488894
3489369
3489402
3489579
3489598
3489812
3490173
3491313
3491964
3493354
3495423
3504748
3530134
3530250
3530269
3530885
3531300
3531731
3531759
3531773
3532027
3532547
3533106
3533131
3533858
3534300
3534568
3535235
3535821
3536098
3536595
3536847
3537013
3537275
3537314
3537445
3539852
3540003
3540670
3541878
3541935
3542232
3542881
3543167
3543420
3724142
3724175
3724631
3725777
3727381
3727428
3727435
3727796
3728141
3728481
3728594
3728619
3728718
3729554
3730239
3730460
3730566
3731309
3731420
3732232
3732323
3732381
3732515
3733412
3734256
3734306
3734529
3734650
3734903
3735892
3736436
3736900
3737333
3737334
3737534
3737552
3737796
3738130
3738526
3738652
3738711
3739207
3739721
3740209
3741100
3741134
3741269
3741502
3742128
3742140
3742199
3742520
3742935
3742975
3743033
3743234
3743452
3743762
3744021
3744772
3745363
3745491
3746776
3746789
3747160
3747281
3747314
3876972
3877098
3877443
3878462
3879182
3880297
3884497
3885560
3885816
3886071
3886835
3886848
3887200
3888473
3888641
3888773
3889031
3889155
3889496
3889977
3890031
3890477
3890646
3890707
3890823
3892289
3892576
3892823
3892964
3893642
3893806
3894004
3894407
3894532
3894908
3895053
3895531
3895710
3895721
3896365
3896829
3897354
3897982
3898145
3898264
3898296
3898395
3899311
3899686
3899928
3900162
3900636
3900748
3900780
3901032
3901416
3901903
3924283
3926454
3928039
3931635
3932208
3934196
3934550
3934572
3936619
3938065
3938192
3939206
3939730
3940678
3942518
3945470
3945820
3946053
3946765
3948547
3950360
3950590
3950919
3952013
3952679
3952701
3953149
3953703
3956148
3956573
3958876
4029282
4029321
4029671
4030130
4030162
4030256
4030372
4030390
4030575
4030865
4031517
4031563
4031818
4031950
4031954
4032272
4032537
4032793
4033335
4033598
4034064
4034548
4035460
4035786
4036722
4036727
4036764
4037135
4037706
4037936
4038128
4038566
4038649
4039179
4039595
4039693
4039703
4039962
4040184
4040266
4040363
4073591
4074073
4075675
4076224
4077629
4078951
4079397
4083577
4083881
4119586
4119608
4119658
4119806
4120373
4120935
4121183
4121188
4121423
4121442
4121661
4122275
4122313
4122584
4122596
4122769
4122832
4122980
4123143
4124046
4124646
4124716
4124771
4124936
4124980
4125014
4125563
4126246
4127055
4128447
4128478
4129371
4130012
4130216
4130472
4130565
4130641
4130685
4130710
4130720
4130753
4130790
4130866
4130906
4130912
4130957
4131060
4131469
4131706
4131846
4131975
4132438
4133112
4133197
4133244
4133308
4133635
4134216
4134528
4134580
4134588
4134975
4135231
4135256
4135585
4135814
4180824
4181371
4181536
4182097
4182916
4184316
4185282
4185945
4187033
4187261
4188212
4188549
4188717
4188724
4189153
4189180
4190438
4190725
4190865
4190882
4191858
4191954
4192065
4192291
4194460
4219496
4223795
4225482
4230206
4369876
4370285
4370377
4370687
4370923
4371381
4372419
4372527
4372770
4373017
4373478
4373548
4373716
4374304
4374850
4375104
4375342
4375584
4375744
4375937
4376108
4376203
4376362
4376818
4377162
4377282
4377419
4377442
4377726
4378147
4378441
4378609
4378699
4378718
4378763
4378781
4378819
4379241
4379784
4379830
4380002
4380323
4380626
4380760
4381199
4381249
4381694
4381733
4381861
4382492
4382552
4382753
4382800
4382808
4383100
4383260
4383317
4383634
4384142
4384230
4384292
4385469
4408635
4410358
4411370
4412121
4414135
4414892
4415213
4415480
4416582
4417053
4417167
4417706
4419602
4420844
4422998
4426041
4427162
4447580
4448080
4448156
4448172
4448186
4448973
4449154
4449603
4449654
4449811
4449886
4450247
4450380
4450792
4450911
4450964
4451028
4451051
4451098
4451122
4451292
4451523
4451656
4452540
4452600
4452621
4454043
4454606
4455307
4455490
4455662
4455703
4455919
4456189
4456252
4456434
4456793
4457129
4457371
4457401
4457791
4458014
4458018
4458602
4459110
4459241
4459497
4459851
4459871
4459927
4459966
4460214
4460301
4460314
4460368
4460391
4460553
4460935
4460946
4460978
4461046
4461059
4461127
4461279
4461640
4461664
4461775
4462395
4462474
4462574
4462595
4462743
4462872
4463228
4463825
4463896
4464116
4464167
4464246
4568946
4569218
4569313
4569352
4569761
4569781
4570078
4570311
4570317
4570377
4570684
4570846
4571280
4571388
4571543
4571913
4571921
4572610
4572814
4573234
4573810
4574186
4575795
4575910
4576116
4576387
4576728
4576756
4577170
4577521
4578444
4578499
4578956
4579160
4579408
4580798
4581201
4581486
4581820
4582000
4582134
4582260
4582307
4582638
4582661
4582683
4582810
4584128
4584597
4584784
4584865
4584871
4584913
4584992
4585394
4585546
4585762
4585996
4586125
4586737
4587084
4587246
4587499
4587967
4588037
4588353
4588842
4588930
4589105
4589273
4723290
4724096
4724508
4724703
4725040
4725207
4725478
4725681
4725960
4726081
4726114
4726510
4727061
4727144
4727688
4727697
4727848
4728366
4728426
4728759
4729041
4729123
4729399
4729629
4729864
4730153
4730349
4730527
4730999
4731117
4731337
4731497
4731688
4731743
4731762
4731787
4731825
4731842
4732283
4732302
4732536
4732761
4732773
4734108
4734186
4734322
4734670
4734961
4735111
4735157
4735358
4735838
4897201
4897590
4899790
4900474
4900598
4901508
4902215
4904077
4905577
4906308
4907047
4910629
4911902
4914141
4914650
4914846
4916100
4937461
4939266
4943681
4945611
4947411
4951966
4954206
4957605
4957657
4957660
4957721
4958905
4960034
4960309
4960406
4960442
4961400
4961824
4962435
4964052
4964712
4964955
4965041
4965263
4966380
4966634
4966981
4967206
4970829
4971049
4971142
4973211
4973584
4973692
4974012
4974168
5012620
5012829
5013429
5013609
5013638
5013774
5014126
5014206
5014428
5015192
5015218
5015280
5015399
5015521
5016027
5016497
5016574
5017119
5017284
5017931
5018941
5019249
5019619
5019960
5020011
5020262
5020793
5021262
5021631
5022088
5022889
5023682
5024138
5024289
5024523
5025080
5025874
5025954
5026179
5026185
5026363
5026957
5027277
5027402
5028225
5028588
5028955
5028964
5029004
5029178
5029556
5030332
5030510
5030549
5030610
5031479
5031543
5032020
5032035
5032110
5036310
5039580
5040089
5262128
5262240
5263083
5263182
5263833
5264770
5265236
5266014
5266662
5266788
5266929
5267073
5267542
5267868
5268336
5269321
5269702
5269871
5269923
5270018
5270262
5270642
5270732
5270879
5270893
5271305
5272158
5272301
5272536
5273159
5273521
5273980
5274096
5274125
5274177
5274490
5274717
5275165
5275431
5275833
5275899
5275949
5276316
5276660
5276967
5277002
5277118
5277254
5277425
5277662
5277715
5277991
5278534
5278868
5347482
5349942
5350845
5352071
5352241
5357037
5358274
5362937
5363148
5364460
5364735
5366709
5368001
5368430
5405806
5408186
5418032
5419349
5419885
5421389
5558776
5559378
5559777
5560057
5560784
5560920
5561174
5561486
5561540
5562197
5562508
5562858
5563331
5564178
5564602
5564828
5565177
5565497
5565505
5566216
5566505
5566537
5567088
5567184
5567442
5567807
5567930
5568160
5568436
5568663
5568677
5569207
5569352
5570020
5570040
5570056
5571559
5571844
5572097
5572628
5572667
5572760
5572935
5573127
5573239
5573623
5573774
5573905
5575253
5576066
5576159
5576342
5577084
5577310
5577397
5578484
5578611
5578648
5579046
5579457
5579574
5580142
5604463
5604675
5605517
5770026
5770045
5770132
5770247
5770928
5771097
5771187
5771437
5771573
5772065
5772255
5772255
5772352
5772435
5773460
5773755
5774128
5774655
5774667
5775235
5775242
5775501
5775611
5776404
5776762
5776776
5776927
5777023
5777084
5777235
5777437
5777597
5777703
5777706
5777758
5777879
5778421
5778584
5778815
5778829
5779435
5779555
5779591
5780262
5780623
5780663
5780699
5780769
5780907
5781827
5782063
5782398
5782716
5782819
5783036
5783134
5783183
5783261
5783315
5783641
5783661
5784077
5784504
5784657
5784770
5784887
5785310
5785631
5785812
5785881
5785925
5786098
5786288
5786429
5786637
5786645
5786650
5787206
5787294
5865654
5867495
5868995
5875320
5877262
5880624
5880854
5884580
5955090
5955216
5955909
5956117
5956352
5957265
5957326
5958130
5958893
5959299
5959503
5959731
5959825
5960115
5960482
5961391
5961504
5961835
5963527
5963692
5963913
5965157
5965549
5965622
5966121
5966569
5966718
5967849
5967888
5968616
5968653
5969167
5970695
5972529
5972853
5972898
6009279
6068707
6069287
6072985
6073326
6074775
6075141
6084838
6104076
6104094
6104778
6104816
6105023
6105110
6105381
6105469
6106557
6107290
6107334
6107644
6107962
6107992
6108053
6108128
6108240
6108344
6108481
6108847
6108901
6109609
6109854
6110429
6110700
6110896
6111104
6111173
6111437
6111471
6111832
6111922
6112019
6112172
6112185
6112248
6112347
6112529
6112700
6112892
6113154
6113523
6113700
6114208
6114470
6114610
6114850
6115530
6115882
6115946
6116210
6116396
6116475
6116534
6116701
6116811
6117022
6117058
6117070
6117305
6117782
6117905
6118012
6118069
6118262
6118656
6118663
6118914
6118941
6119201
6119605
6119635
6119680
6119909
6120263
6120273
6120490
6120549
6120998
6121055
6121110
6121321
6121400
6121499
6121517
6122011
6122209
6122299
6122512
6123028
6299444
6371754
6371772
6372434
6372578
6372637
6372948
6373481
6374925
6375107
6375246
6375332
6375676
6375703
6375930
6376096
6376175
6376277
6376345
6376570
6376797
6377314
6377366
6378067
6378192
6378323
6378816
6379148
6379224
6379805
6380123
6380483
6380643
6381103
6381270
6381303
6381602
6381664
6381864
6382064
6382307
6382970
6383121
6383137
6383692
6383862
6384365
6384536
6384807
6385526
6385540
6385729
6385851
6386148
6386798
6387018
6387519
6387875
6388136
6388180
6388626
6388705
6388745
6388855
6389049
6390017
6390292
6390887
6391035
6391142
6391194
6391504
6391635
6391802
6391843
6392016
6392239
6392512
6392561
6392773
6392894
6393139
6393299
6393528
6393637
6393776
6396034
6415665
6416329
6416477
6416747
6417332
6417828
6418750
6419267
6423642
6423875
6423907
6425861
6426440
6426659
6427167
6429720
6432697
6433045
6433844
6434350
6435130
6532129
6557239
6558156
6560200
6560813
6567004
6578938
6584044
6584079
6585836
6604779
6605741
6606040
6606416
6607006
6607874
6608246
6608882
6608998
6609792
6610520
6612686
6614764
6616113
6616529
6617078
6618785
6619288
6696090
6709508
6709517
6709523
6709573
6709703
6709786
6709954
6710052
6710547
6710763
6713216
6714053
6715851
6716043
6716361
6716523
6716613
6716643
6716660
6717397
6717592
6717841
6717958
6718144
6718478
6719610
6719982
6720632
6720648
6720891
6721189
6721456
6721829
6721884
6722114
6723243
6723342
6723417
6753679
6782164
6782589
6782932
6783385
6784298
6786177
6787357
6787569
6787582
6788077
6789087
6790941
6791255
6791690
6792944
6793204
6793568
6794668
6794786
6797061
6798827
6863921
6867338
6869719
6878856
6879430
6879457
6879708
6879733
6880268
6880668
6880805
6881063
6881180
6881645
6881803
6881891
6881914
6882128
6882724
6882844
6883323
6883683
6883824
6884076
6884508
6884554
6884678
6884763
6884985
6885057
6885070
6885587
6886726
6887450
6887684
6887865
6888230
6888280
6888642
6888765
6889235
6889267
6889578
6889752
6889819
6889878
6889929
6890030
6890297
6890469
6890509
6891045
6892061
6892417
6893441
6893446
6893974
6894224
6894579
6966057
6966344
6966949
6971255
6973721
6974847
6975340
6976033
6978312
7029914
7030065
7030268
7030321
7030716
7030784
7030914
7031012
7031495
7031814
7032119
7032158
7032489
7033674
7034792
7034978
7035045
7035198
7035203
7036647
7036711
7036888
7037352
7037496
7038453
7038641
7038646
7038966
7039308
7039558
7039648
7039931
7040525
7040583
7041336
7041437
7041580
7041971
7042288
7042316
7042412
7042859
7043011
7043024
7043344
7043480
7043524
7043795
7043854
7044372
7044805
7044949
7045654
7046170
7046195
7046283
7046389
7047235
7047467
7047585
7251726
7252034
7252592
7253814
7256473
7257106
7257281
7257545
7258382
7259000
7259965
7261360
7264572
7264610
7265019
7288900
7289111
7289291
7289401
7289677
7289779
7290085
7290271
7290318
7290392
7290414
7290474
7290556
7290597
7291003
7291386
7291569
7291784
7292452
7292498
7292714
7292923
7293058
7293410
7293543
7294926
7295717
7296221
7296414
7297264
7297766
7298994
7299164
7299185
7299436
7299446
7300823
7300829
7300849
7300948
7300972
7301079
7301222
7301577
7301668
7301976
7301997
7302104
7302186
7302575
7302772
7302864
7302877
7303379
7303905
7304578
7304970
7305185
7305844
7306430
7306709
7306833
7307031
7307174
7307196
7307373
7307450
7410233
7416056
7427583
7427910
7428098
7429672
7429958
7430135
7430202
7430207
7430345
7430901
7430959
7431082
7431140
7432471
7432689
7433948
7434105
7434431
7434534
7434554
7434876
7435383
7436122
7436285
7436382
7437484
7437829
7438432
7438492
7438584
7438817
7439388
7439544
7439575
7439592
7439598
7440456
7441355
7442870
7443807
7444645
7444779
7444899
7444916
7444963
7479347
7484528
7485152
7486270
7487318
7489111
7489545
7492251
7545269
7545973
7546556
7546851
7547521
7547584
7548243
7548315
7548365
7548793
7549128
7549458
7549679
7549820
7549887
7550700
7550774
7551859
7552005
7552198
7552595
7552993
7553259
7553637
7553714
7553873
7554196
7554396
7554745
7555658
7556073
7556863
7557036
7557265
7557267
7557553
7558007
7558797
7561679
7563554
7567535
7569393
7570187
7579679
7643124
7643854
7643946
7644223
7644245
7644443
7644717
7645196
7645392
7645449
7645514
7646021
7646482
7646646
7646648
7646948
7647320
7648180
7649232
7649293
7650295
7650423
7650600
7651479
7651596
7651810
7651863
7652472
7652784
7653157
7653266
7653598
7653828
7654138
7654321
7654835
7655477
7655731
7656077
7656482
7656487
7656830
7656972
7657200
7657255
7657514
7658016
7658241
7658784
7658804
7658884
7658924
7659365
7659494
7659618
7659948
7659976
7660238
7660418
7660518
7661420
7661604
7662234
7663073
7663162
7663575
7663714
7663780
7663894
7664405
7665228
7665532
7687379
7688815
7690784
7690870
7692832
7693142
7695493
7697507
7699096
7701374
7702164
7703742
7707899
7816847
7817835
7817944
7817946
7819633
7820769
7821259
7821740
7822299
7824196
7825768
7826252
7826687
7828273
7828507
7828836
7829428
7829499
7829647
7829673
7829825
7831312
7831706
7831873
7833075
7833560
7833670
7834115
7835348
7835997
7875404
7879896
7994338
7995524
7995880
7996480
7996814
7996863
7997788
7998400
7998497
7998498
7999076
7999809
7999811
8000232
8000870
8001553
8002063
8002927
8003083
8003119
8003928
8003935
8004028
8004095
8005786
8006051
8168966
8169399
8169820
8170475
8170590
8170656
8171171
8171669
8171906
8171913
8171978
8172620
8172636
8172660
8172726
8172868
8173089
8173639
8173862
8173929
8174028
8174646
8175005
8175423
8175658
8175752
8175902
8176261
8176523
8176599
8177280
8177595
8177610
8178641
8178828
8178896
8179525
8179576
8179613
8179847
8179861
8180192
8180730
8181787
8181795
8182328
8182867
8182879
8184486
8184610
8184762
8184888
8184983
8185216
8185940
8187467
8187481
8188123
8188133
8188224
8188531
8188696
8189338
8228056
8228624
8228751
8229200
8229404
8229416
8229763
8231041
8231088
8231218
8231824
8232660
8234382
8234393
8235527
8235592
8235657
8236154
8236323
8236688
8236969
8237144
8237487
8237710
8238020
8238192
8238496
8239227
8240295
8241274
8241874
8242512
8243597
8244916
8245022
8245093
8245262
8245892
8246861
8247533
8247631
8248631
8248851
8249250
8250617
8285450
8285482
8285707
8285838
8286760
8287033
8289447
8290890
8292708
8293621
8294051
8295676
8296273
8297067
8297146
8297407
8297454
8315548
8404475
8405140
8405248
8407090
8407687
8407754
8407910
8408256
8408362
8409380
8409477
8409974
8410251
8410911
8411599
8411985
8412757
8413145
8413210
8413437
8413612
8413825
8413882
8414293
8414510
8414524
8414750
8414805
8415431
8415680
8416119
8416127
8416260
8416552
8416670
8417012
8417256
8417683
8418382
8418469
8418757
8418782
8418853
8418854
8418855
8419743
8420050
8420093
8420250
8421008
8421246
8473937
8485032
8488389
8527880
8528545
8528555
8528590
8529102
8529453
8531647
8532254
8532489
8534470
8534677
8535990
8536237
8537811
8538818
8539139
8539194
8539380
8539482
8539900
8540955
8542052
8543139
8543277
8544659
8545839
8545897
8547505
8547632
8548111
8549403
8647112
8648597
8650864
8658424
8664205
8666921
8666994
8687890
8687902
8687991
8688050
8688269
8688340
8688392
8688556
8688606
8688779
8689062
8689063
8689068
8689126
8689287
8689731
8689911
8690109
8690465
8690592
8690825
8690895
8691163
8691165
8691270
8691355
8691416
8691695
8692130
8692384
8692401
8692433
8692659
8693084
8693173
8693536
8694864
8695240
8695335
8695644
8696197
8696412
8696626
8696958
8697000
8697384
8697689
8697767
8697931
8697958
8698574
8698582
8698613
8698678
8698988
8699123
8699150
8699668
8700963
8701013
8701349
8701420
8701489
8701646
8701680
8702012
8702015
8702131
8702250
8702254
8702551
8703334
8703378
8703581
8703671
8704101
8704157
8704191
8704333
8704382
8704728
8705367
8705804
8706046
8706433
8706755
8706904
8707281
8707390
8951874
8951901
8952381
8952655
8953798
8954476
8954642
8955955
8956079
8956263
8956307
8956691
8957036
8957574
8957861
8957970
8958206
8958268
8958725
8959129
8959245
8959313
8959829
8959912
8960278
8961487
8961770
8961887
8962146
8962268
8963069
8963090
8963182
8963510
8963776
8963824
8963955
8964062
8964222
8964638
8964825
8964991
8965068
8965611
8965795
8966097
8966246
8966617
8968878
8969486
8969678
8971939
8974611
8974936
8978318
8978587
8979062
8979826
8980702
8999298
9000890
9001270
9001551
9002857
9004937
9005783
9006979
9008435
9009210
9011563
9015027
9016825
9063625
9066317
9070425
9106967
9149731
9149838
9149839
9149857
9149904
9150262
9150488
9152451
9152472
9153439
9153624
9153742
9153751
9153817
9153905
9154033
9154097
9154377
9154458
9154670
9155070
9155266
9155537
9155846
9155856
9155881
9155997
9156209
9156652
9157888
9157981
9157994
9158076
9158553
9158721
9158843
9159033
9159738
9160146
9160294
9160427
9160499
9160505
9160831
9161112
9161307
9161854
9161935
9162497
9162557
9162872
9163313
9163337
9163483
9164187
9164203
9164462
9164487
9165169
9165179
9327555
9327637
9328034
9328858
9328864
9329586
9329591
9329704
9329778
9330018
9330087
9330271
9330706
9331100
9331495
9331870
9331889
9331958
9332079
9332145
9332835
9333742
9333859
9333903
9334613
9334647
9334773
9335347
9335406
9335512
9335907
9336116
9337508
9337580
9337801
9338218
9338549
9338997
9339078
9339568
9339801
9340031
9340118
9340153
9340306
9340949
9341755
9341892
9342887
9342960
9343398
9343932
9344290
9344307
9344755
9344933
9344963
9346190
9346301
9346636
9346787
9346960
9347178
9347268
9347977
9348413
9348487
9348938
9349060
9349214
9349321
9349494
9349582
9350309
9350355
9528274
9528768
9528894
9528967
9533027
9533430
9534538
9534689
9540718
9542014
9542160
9544060
9545660
9548281
9549100
9550541
9551454
9551859
9552867
9553445
9554466
9554602
9554803
9555801
9558325
9559620
9561211
9562168
9562654
9562905
9565200
9565454
9565907
9566710
9570627
9571715
9571891
9571968
9572019
9638243
9638375
9638453
9638655
9638696
9639185
9640133
9640232
9640296
9640509
9640683
9641106
9641188
9641234
9641684
9641794
9641922
9642172
9642237
9642357
9642486
9642578
9642895
9642921
9644315
9644438
9644509
9644561
9645464
9645525
9645606
9645618
9645749
9645768
9645957
9646053
9646053
9646140
9646145
9646560
9646895
9647608
9648758
9648940
9649370
9649399
9649581
9649695
9649776
9649859
9649952
9650320
9650400
9651079
9804469
9804756
9804910
9805156
9805178
9805498
9805511
9805581
9805617
9806203
9806300
9806645
9806793
9806850
9807485
9807948
9808261
9808306
9808795
9809000
9809120
9809279
9809303
9809306
9809782
9809810
9810188
9810225
9810417
9810540
9810897
9810949
9811862
9811962
9812277
9812859
9813112
9813501
9813969
9814377
9814496
9814558
9814979
9815255
9815454
9815812
9816028
9816478
9816498
9816525
9816589
9817433
9817633
9819444
9819461
9819617
9819793
9820326
9820332
9820405
9820449
9820741
9820905
9820915
9821289
9821542
9821583
9821588
9821966
9822378
9822429
9822621
9823336
9823630
9823780
9823893
9823912
9824109
9824218
9824367
9824503
9824764
9825157
9825468
9825859
9826051
9826517
9826978
9827042
9827263
9950603
9950607
9951406
9951706
9951940
9951950
9951953
9952499
9952694
9952998
9953009
9953017
9953619
9953885
9954896
9955246
9957328
9957375
9957418
9957578
9957798
9958151
9958723
9958991
9959368
9959632
9959681
9959788
9960132
9960211
9961010
9961011
9961192
9961444
9961545
9962110
9962594
9962853
9963807
9964191
9964333
9965164
9965181
9965415
9965523
9965656
9965731
9965920
9966058
9966508
9966847
9967218
9967376
9967492
9967521
9968272
9968458
9968831
9968842
9969206
9969804
9970375
9974014
9974884
9975847
9979061
9987117
9988553
9989653
10085137
10085141
10085180
10085711
10085730
10085792
10086070
10086112
10086363
10086732
10087220
10087246
10087401
10087406
10087771
10087966
10088000
10088003
10088170
10088336
10088373
10088520
10088788
10088884
10089035
10089072
10089171
10089201
10089490
10089650
10090051
10090098
10090228
10090633
10091035
10091224
10091226
10091489
10091673
10092183
10092190
10092269
10092298
10092331
10092367
10092902
10093133
10093198
10093499
10093633
10093747
10094672
10095427
10095540
10095545
10095699
10096158
10096176
10096275
10096307
10096377
10096927
10097065
10097131
10097389
10097701
10097860
10097884
10098008
10098085
10098087
10098109
10098667
10098797
10098864
10098986
10099051
10099070
10099167
10099245
10099444
10099770
10100178
10100521
10100532
10100745
10101427
10101615
10102058
10102148
10102377
10102409
10102886
10103167
10103242
10103348
10103601
10103743
10104181
10104572
10104781
10105387
10105521
10105947
10106026
10106176
10106223
10106320
10106429
10107321
10107432
10107876
10108298
10194450
10195632
10195990
10196915
10196984
10198070
10198173
10198400
10199362
10199867
10200176
10200902
10201064
10202894
10203582
10203959
10204034
10204035
10204168
10204979
10205258
10205306
10205930
10206508
10206926
10207225
10207375
10207464
10207687
10208085
10209604
10209730
10210131
10210175
10210515
10212215
10213722
10303654
10303787
10304177
10304711
10305340
10306046
10306403
10306735
10309578
10309664
10311230
10312223
10313291
10313752
10313896
10314306
10314895
10315366
10316663
10316915
10317153
10317754
10317996
10319312
10320123
10322915
10324333
10420454
10420991
10421190
10421331
10422178
10422211
10422398
10422608
10423392
10423729
10424052
10424253
10424522
10424587
10425202
10427157
10427679
10427684
10427748
10427934
10427979
10428034
10428528
10428572
10428832
10429430
10429442
10429471
10429563
10429934
10430029
10430205
10430526
10430725
10430790
10431897
10432140
10432232
10432419
10433263
10433294
10433314
10433319
10433565
10433586
10433669
10433754
10433779
10434063
10434530
10434543
10434906
10435010
10435022
10435512
10436020
10436195
10436581
10436642
10436808
10437571
10437895
10437913
10453398
10453588
10454218
10454564
10455025
10455250
10455634
10456366
10456369
10456535
10456625
10456716
10457327
10457765
10458452
10459448
10460801
10461047
10461143
10461159
10461460
10461531
10462899
10463235
10463307
10463727
10464175
10464266
10464510
10464734
10465163
10465293
10465879
10466194
10589844
10589904
10590023
10590469
10590758
10590935
10591360
10591433
10591597
10591793
10591814
10591890
10592200
10592483
10592540
10592899
10593001
10593415
10593505
10594351
10594541
10594693
10594705
10594841
10595265
10595346
10595448
10595639
10596439
10596503
10596700
10597058
10597112
10597186
10597258
10597416
10597658
10597704
10597782
10597798
10598134
10598735
10598916
10598975
10599015
10600040
10600108
10600164
10600215
10601083
10601214
10601290
10601387
10601578
10601743
10602775
10603312
10603595
10603850
10603861
10604360
10604990
10604996
10605192
10606223
10606720
10607153
10607406
10607630
10607678
10607968
10608475
10608935
10609352
10609354
10609402
10609492
10609578
10609665
10609819
10609890
10735438
10735568
10735591
10735712
10737099
10737408
10737893
10738945
10739769
10739786
10740148
10740520
10740566
10740660
10742157
10742751
10743251
10743348
10743600
10744159
10744411
10746206
10746738
10747060
10747434
10747445
10747845
10749234
10749473
10749842
10938677
10938687
10939162
10939184
10939810
10940080
10940176
10940916
10941340
10941660
10941787
10941867
10942006
10942518
10943102
10943139
10943495
10943642
10943767
10944257
10944347
10944396
10944466
10944581
10944702
10944901
10944917
10945408
10945753
10945821
10945827
10945846
10945966
10946004
10946062
10946593
10946990
10947001
10947113
10947397
10947627
10947768
10947853
10947951
10947999
10948126
10948512
10949372
10949418
10949460
10950841
10951278
10951516
10951630
10951642
10951787
10951989
10952066
10952161
10952413
10952545
10953300
10953363
10953374
10953555
10953863
10954330
10954567
10954805
10955113
10955308
10955359
10955476
10955568
10956651
10956823
10957039
10957086
11010000
11010048
11010328
11010480
11010787
11011644
11013234
11013240
11013702
11016270
11017354
11018262
11018498
11018589
11018781
11019081
11019442
11021291
11021958
11023387
11024125
11029483
11033763
11036612
11042567
11081731
11082370
11083430
11083934
11084081
11085957
11093704
11095067
11095676
11095957
11205877
11206243
11206720
11206827
11207825
11207934
11208011
11208469
11208824
11209059
11209321
11209675
11209731
11209781
11210268
11210333
11210777
11210797
11211429
11212464
11212904
11213606
11213638
11213953
11213961
11214424
11215509
11216312
11216851
11217070
11217425
11218916
11219447
11219791
11220673
11221878
11221881
11222362
11222640
11222819
11222850
11223815
11223909
11224319
11224500
11224925
11225255
11225436
11225568
11225945
11226187
11226532
11226541
11227232
11227647
11227798
11227841
11228120
11228493
11229230
11229729
11229826
11229839
11230219
11230302
11230847
11231235
11231354
11231901
11232519
11232752
11233328
11233428
11233570
11234149
11234537
11235581
11236327
11236390
11236686
11237414
11237960
11238317
11239668
11240112
11240388
11240994
11241466
11241939
11387837
11388614
11388805
11389503
11389583
11389706
11389844
11390602
11390929
11391243
11391371
11391517
11392224
11393195
11393343
11393500
11393598
11393682
11394174
11394793
11395327
11395396
11395407
11395659
11395782
11396190
11396241
11396385
11396930
11397016
11397572
11397606
11397690
11398120
11398756
11399038
11399175
11399282
11399871
11399914
11399927
11399931
11400175
11400780
11401194
11401214
11401292
11401650
11402509
11403170
11403217
11403917
11404429
11404927
11405146
11405217
11405386
11405436
11405481
11406093
11406335
11406568
11406627
11406849
11406973
11407059
11407432
11407669
11408654
11409181
11409194
11409266
11409384
11409553
11409627
11409678
11409957
11410057
11410311
11410389
11410391
11410415
11410428
11411361
11411364
11411769
11411777
11411909
11412098
11412428
11412552
11412653
11413190
11413243
11413337
11413537
11414071
11414104
11414128
11414165
11414500
11414734
11414777
11415164
11415227
11415636
11415687
11416459
11416520
11416613
11417100
11417422
11418021
11418040
11418095
11418217
11418404
11418425
11418546
11419030
11419105
11419514
11420006
11420519
11420559
11420608
11420885
11421384
11421561
11421630
11422525
11423193
11423325
11423571
11423756
11424361
11424447
11424477
11424873
11424948
11425049
11425411
11426023
11426040
11426106
11426275
11426326
11426396
11427145
11427270
11427317
11427347
11427433
11427497
11427835
11427876
11427945
11427970
11428617
11614155
11615206
11615680
11616037
11616566
11616652
11617238
11617433
11617467
11617504
11617510
11617582
11618177
11618584
11618853
11618993
11619391
11619506
11619564
11620595
11621231
11621318
11621629
11621896
11621975
11622067
11623193
11623348
11623410
11623753
11623813
11623893
11624072
11624145
11624280
11624600
11624665
11625172
11625236
11626049
11626103
11626279
11626333
11626400
11626907
11627369
11627684
11628046
11628330
11628455
11628598
11628675
11628761
11628918
11628955
11629419
11629473
11629506
11732291
11732543
11732751
11733220
11733388
11733533
11733680
11733727
11734738
11735020
11735053
11735553
11735675
11735689
11735880
11736650
11736855
11737481
11737546
11737782
11737942
11738435
11738981
11740308
11740438
11740623
11740738
11741067
11741628
11742657
11743111
11743819
11743915
11744536
11744633
11744799
11744933
11745206
11745509
11746644
11746722
11747081
11747404
11747614
11748729
11749609
11906503
11916077
11917423
11918597
11966752
11967556
11967618
11969425
11969598
11970028
11970388
11970697
11970782
11971084
11973042
11973146
11976964
11978223
11980415
11980941
11981130
11981267
11982564
11984511
11984803
11984854
11985351
11986963
11987346
11987643
11987802
11987839
12022499
12023155
12025143
12025189
12027806
12028091
12028278
12028884
12028957
12029722
12030329
12035360
12073621
12073834
12074051
12074198
12075025
12075391
12075683
12075856
12076118
12076409
12076515
12077588
12078228
12079681
12079801
12079838
12080531
12081662
12082428
12082557
12084046
12084614
12085526
12085982
12086373
12086505
12088337
12088364
12088495
12088666
12088956
12089273
12089502
12165056
12184415
12184630
12185035
12185065
12185336
12186143
12186206
12186622
12186921
12186922
12187365
12187780
12188168
12188215
12188534
12189034
12189157
12190240
12190461
12190594
12190952
12191136
12191147
12191183
12191214
12191496
12191889
12192755
12193611
12193680
12194302
12194469
12195258
12195505
12195865
12196111
12196191
12196238
12196283
12196606
12197087
12197204
12197225
12197330
12197444
12197482
12197673
12197828
12197967
12198145
12198173
12198187
12198407
12199210
12199216
12199319
12199495
12199576
12200100
12200363
12200456
12200827
12201069
12201079
12201702
12201972
12202022
12315959
12316737
12322336
12326113
12374141
12374321
12374381
12374573
12374641
12376045
12376160
12376220
12376335
12376838
12377156
12377441
12377558
12377615
12377660
12378300
12378471
12378724
12378954
12379062
12379259
12379417
12379744
12379853
12380218
12380892
12380947
12380954
12381076
12381677
12381734
12381838
12381886
12382002
12382448
12382532
12383062
12383079
12384161
12384202
12384427
12384977
12385461
12386023
12386113
12386403
12386780
12387350
12387930
12388042
12388127
12388165
12388276
12388456
12389098
12389221
12389264
12389745
12389813
12390220
12390665
12391160
12391601
12391646
12391915
12392409
12392476
12393272
12393665
12393790
12393807
12393828
12394428
12394480
12395117
12396015
12591645
12592491
12594123
12595531
12597567
12598842
12599811
12600816
12601816
12601900
12602936
12603649
12605106
12605120
12605844
12606819
12607836
12608005
12608138
12667537
12668755
12677326
12679162
12682205
12685749
12687020
12811143
12823522
12827114
12827327
12861554
12861987
12862519
12862525
12862688
12862750
12863255
12863506
12863603
12864117
12864189
12864706
12864992
12865350
12865802
12865823
12865906
12865907
12865929
12866031
12866057
12867007
12867144
12867269
12868135
12868168
12868366
12868556
12868971
12869489
12869581
12869791
12870150
12870531
12871117
12871228
12871248
12871315
12871824
12872344
12872423
12873186
12873279
12873523
12874057
12874343
12874519
12874562
12874805
12875443
12875498
12875720
12875758
12876054
12876299
12876331
12971493
12977765
12977843
12978396
13052022
13052529
13053867
13054889
13054900
13055010
13055162
13055189
13056091
13056120
13056566
13056902
13056949
13058103
13058157
13058265
13058399
13058483
13058769
13059072
13059791
13060114
13060226
13060289
13060292
13060347
13060483
13060806
13062122
13062652
13063038
13063440
13064359
13065176
13065269
13066016
13067621
13067786
13068445
13068455
13068474
13068525
13069018
13177668
13177947
13178500
13179940
13181818
13181865
13184180
13187287
13187302
13187988
13188825
13227883
13227965
13227998
13228367
13228400
13228967
13231251
13231415
13231513
13231784
13231826
13232042
13232186
13232348
13234570
13235412
13235684
13236033
13236553
13236853
13236923
13237609
13237972
13238593
13239058
13239121
13239854
13241080
13241484
13241495
13241815
13242271
13242302
13242880
13243245
13243708
13243900
13244168
13244568
13244792
13244906
13245143
13245190
13245232
13246331
13247241
13247356
13247601
13247772
13248148
13526299
13526419
13526879
13527368
13527395
13527550
13527968
13528160
13528221
13528512
13528520
13529046
13529100
13529215
13529364
13529367
13529383
13529754
13529967
13530757
13531589
13531627
13531713
13531966
13531993
13532203
13532355
13532543
13532917
13534161
13534505
13534907
13534956
13535239
13535453
13535518
13535555
13535640
13535882
13536531
13536634
13536764
13536826
13537615
13537987
13538412
13538526
13538575
13538636
13538942
13539184
13539204
13539586
13539615
13539714
13539729
13539897
13539920
13540169
13540197
13540570
13541005
13541026
13541027
13541207
13541587
13541655
13541753
13541980
13542386
13542427
13542725
13543403
13543892
13543983
13544020
13544373
13545232
13545374
13545656
13545676
13545990
13546067
13546134
13546704
13547013
13547905
13690294
13692159
13693031
13695415
13695754
13696515
13697611
13697796
13702031
13704308
13704577
13704687
14671990
14682860
14963468
16515447
16658996
16662324
16662587
16664555
16667731
16668703
16908605
16908646
16908728
16908859
16909031
16909165
16909597
16910008
16910047
16910334
16910394
16910421
16911061
16911094
16911279
16912552
16913545
16913882
16913996
16914081
16914205
16914242
16914406
16914506
16915922
16915934
16916745
16918364
16918402
16918843
16918954
16919690
16922191
17054164
17054991
17057777
17063058
17064122
17067349
17069469
17069806
17070238
17074263
17176006
17176130
17176227
17176465
17176759
17178604
17179130
17180090
17180159
17180408
17180721
17181032
17181423
17181438
17181993
17182157
17182775
17183165
17183268
17183392
17183416
17183538
17183546
17183731
17183983
17184839
17185303
17185637
17185827
17186215
17186249
17186268
17186596
17186918
17187409
17187631
17187880
17188077
17188128
17189870
17190248
17190303
17190474
17190833
17190863
17190937
17191626
17191955
17192023
17192058
17192103
17192110
17192239
17192471
17192710
17192985
17193374
17193415
17207591
17207617
17207649
17207803
17208492
17208650
17208834
17209422
17209423
17209479
17209680
17209830
17210278
17210286
17210566
17210914
17211028
17211389
17211480
17211601
17212179
17212550
17213176
17213764
17214270
17214408
17214509
17214629
17215150
17215408
17215645
17216348
17216390
17216543
17216639
17217789
17218983
17219181
17219234
17219548
17221088
17221372
17221385
17221406
17221471
17221886
17221949
17222901
17222903
17223042
17223126
17223179
17223515
17223845
17361964
17364924
17364954
17365373
17365726
17365974
17366082
17366550
17366777
17368478
17368638
17368755
17369432
17370604
17374705
17374726
17376239
17376984
17377231
17381088
17382382
17383116
17386705
17395786
17430609
17430739
17430784
17431343
17433034
17433206
17433336
17433448
17433547
17433854
17434049
17434055
17434327
17434976
17435163
17435382
17435614
17436406
17436931
17437130
17437131
17437315
17437594
17437765
17437920
17439142
17440748
17441183
17441706
17441900
17442051
17442266
17442391
17443546
17444254
17444297
17444949
17445284
17445422
17445947
17446190
17446226
17446563
17447012
17447147
17448227
17575347
17575904
17581137
17581611
17583727
17585395
17585416
17609963
17610288
17610616
17610835
17611353
17611709
17612128
17612270
17612290
17612716
17613833
17613846
17614417
17614518
17614638
17615155
17616513
17617567
17617585
17617975
17618247
17618353
17618585
17619138
17619195
17619371
17619685
17619736
17620002
17620105
17620232
17620812
17620994
17621043
17621432
17621823
17622600
17762534
17787693
17787725
17787733
17787915
17788303
17789466
17789521
17789876
17790073
17790435
17790473
17790511
17790609
17790636
17790957
17791115
17791173
17791236
17791518
17791717
17791735
17791915
17791959
17792262
17792429
17793244
17794198
17794987
17795310
17795421
17795604
17795635
17795693
17795744
17795993
17796322
17796335
17796739
17796875
17797319
17797424
17798011
17798288
17798708
17799039
17799467
17799758
17799843
17799862
17800106
17800656
17801264
17801377
17801672
17802029
17802081
17802147
17802344
17802495
17802726
17803040
17803111
17803148
17803389
17803536
17803727
17803837
17803886
17803947
17804086
17804263
17804869
17805314
17805444
17805505
17805926
17806090
17806105
17806162
17806289
17806290
17806663
17806845
17807199
17808141
17808160
17808291
17808698
17808731
17809309
17809349
17809359
17809787
17810014
17810191
17810285
17810544
17810839
17964997
17965756
17966645
17967633
17968344
17968869
17970234
17973511
17975620
17976510
17977126
17977575
17977748
17978850
17980136
17980954
17981367
17982088
17982153
17983826
17984472
17984482
17997987
17998383
17999224
18003326
18003607
18003900
18004227
18004758
18007742
18008220
18008350
18009804
18011323
18013318
18015151
18017681
18018874
18196260
18196461
18198611
18198709
18199153
18199832
18200170
18200429
18200517
18200676
18200916
18202032
18202757
18202866
18202909
18204048
18204071
18204299
18205314
18205388
18206060
18206393
18208297
18209031
18209215
18210328
18210513
18210888
18211342
18211828
18212575
18213062
18213451
18213834
18214223
18214575
18214587
18214659
18216100
18216473
18217309
18217361
18218821
18219384
18219425
18338380
18340669
18348328
18390257
18390451
18390592
18390610
18391382
18392147
18392217
18392567
18393063
18393239
18393447
18393552
18393935
18394012
18394283
18394525
18394683
18394994
18395102
18395397
18395479
18395539
18395540
18395595
18396796
18396806
18397010
18397288
18397904
18399189
18399207
18400313
18400382
18400775
18400856
18401124
18401490
18401961
18402108
18402227
18402263
18402905
18403826
18404269
18404494
18436597
18436654
18437179
18437622
18437704
18437706
18437816
18438524
18438553
18438555
18438889
18439409
18440107
18440690
18440737
18440870
18441259
18441384
18442810
18442954
18443068
18443249
18443253
18443281
18444036
18444097
18444225
18444232
18444524
18444605
18444714
18444746
18445239
18445400
18445444
18445513
18445529
18446026
18446158
18446303
18447027
18447068
18447167
18447308
18447564
18447715
18447786
18448124
18448191
18448277
18448462
18448814
18448921
18449261
18449787
18449923
18588314
18588856
18589324
18589852
18590083
18590561
18590790
18591036
18591438
18592345
18592706
18593210
18593739
18593966
18594212
18594465
18595061
18595091
18595734
18596110
18596128
18596704
18596818
18597064
18597288
18597466
18598352
18598368
18598520
18598592
18598602
18598795
18599887
18600359
18600375
18600675
18601362
18601592
18601786
18602384
18602418
18602755
18602990
18603625
18603639
18603822
18604043
18606081
18606196
18606214
18607215
18607536
18608276
18608332
18721423
18722649
18722710
18723524
18727856
18727879
18727928
18730037
18730640
18730853
18731057
18731903
18732277
18733280
18736048
18737988
18739866
18740311
18741815
18741863
18741946
18742102
18742376
18742489
18742838
18743116
18743151
18743416
18743583
18743685
18743851
18744326
18744346
18744881
18745224
18745437
18746178
18746189
18746203
18746454
18746586
18747018
18747131
18747212
18747297
18747652
18747897
18747916
18748196
18748320
18748730
18748740
18748804
18749050
18749266
18749312
18749831
18749867
18750110
18750440
18750444
18750507
18750598
18750603
18750885
18751204
18751436
18751701
18751888
18752002
18752266
18752299
18753304
18753390
18753591
18753727
18753747
18753816
18754115
18754357
18754575
18754662
18754708
18755124
18755138
18755210
18755464
18755696
18756168
18756862
18757085
18757594
18758049
18758063
18758096
18758115
18758154
18758386
18758389
18758547
18758627
18758673
18758708
18758887
18759397
18759569
18759711
18759889
18760006
18760107
18760191
18760316
18760320
18760700
18761158
18761949
18762040
18762092
18762159
18762333
18999664
18999694
19000018
19000308
19000623
19000767
19001255
19001321
19001396
19001968
19002270
19002400
19002667
19002749
19003026
19003062
19003149
19003285
19003639
19003728
19004191
19004666
19005226
19005288
19005735
19006248
19006891
19007120
19008479
19008990
19009103
19009297
19009505
19009737
19010086
19010141
19010631
19010652
19011040
19011663
19012818
19012978
19013288
19013324
19013385
19013724
19013985
19014066
19014259
19014587
19015114
19015190
19015448
19015662
19016195
19016555
19016615
19016755
19016767
19017206
19017335
19017412
19017569
19017606
19017881
19018751
19018884
19019204
19019560
19019709
19019738
19019824
19020225
19020830
19021056
19021120
19021564
19021654
19076971
19077377
19077683
19077763
19077911
19078096
19078143
19078902
19079268
19079463
19079483
19079810
19080543
19081598
19082287
19082383
19082431
19082433
19083370
19083476
19083809
19084806
19084826
19085997
19086005
19086300
19086433
19087302
19087345
19088437
19088644
19088993
19089152
19089775
19089829
19089939
19090660
19091114
19091216
19091728
19092345
19093188
19093409
19093547
19094257
19094420
19094985
19095369
19095529
19238733
19239372
19239598
19240564
19243136
19243507
19244051
19247371
19248360
19248678
19248970
19249171
19249831
19250234
19251571
19251935
19254317
19254819
19254822
19254844
19255910
19256774
19256800
19257290
19258680
19258691
19298215
19364514
19364535
19364858
19365138
19365310
19365767
19366339
19367051
19367324
19367669
19367867
19367877
19368357
19369307
19369319
19369500
19369637
19369919
19369963
19370203
19370510
19370928
19372078
19372723
19372870
19372964
19373599
19374934
19375088
19375291
19375380
19375600
19376166
19397586
19401634
19403648
19403693
19406647
19408738
19408912
19411775
19414823
19417901
19450996
19455412
19456684
19544662
19547427
19548434
19548975
19550684
19552015
19553827
19554162
19554497
19555387
19559105
19588628
19590175
19590249
19590260
19591085
19591248
19591508
19591625
19591798
19592484
19592883
19592979
19593082
19594469
19595061
19595097
19595214
19595892
19595990
19596084
19596980
19597682
19597706
19597889
19598375
19599618
19600625
19601008
19601563
19601744
19601881
19602170
19602214
19602662
19603360
19604363
19608698
19608855
19649053
19650499
19668569
19668738
19669252
19669992
19670805
19671001
19671056
19671379
19671403
19671664
19671886
19672058
19672170
19672519
19672941
19673539
19673927
19674044
19674242
19675565
19675705
19675898
19676080
19676280
19676388
19676577
19676744
19677460
19677728
19677811
19677997
19678351
19678622
19679130
19679247
19679267
19679745
19679832
19680596
19681014
19681690
19681697
19682027
19682031
19682317
19682773
19683253
19683423
19683682
19684060
19684630
19685039
19685278
19685311
19685651
19685716
19685789
19686237
19686415
19686418
19686626
19687296
19747220
19752579
19752798
19753217
19753617
19756735
19758749
19759299
19759312
19762817
19763397
19765544
19768889
19770765
19772198
19773492
19773804
19774972
19775867
19775986
19778831
19778900
19779800
19780236
19780518
19780622
19780880
19780959
19781462
19781792
19782499
19782678
19783005
19783185
19783877
19784263
19784297
19785553
19785844
19786283
19786786
19789169
19790397
19791092
19791124
19811798
19812665
19813053
19814076
19814130
19814240
19814545
19815043
19815138
19815434
19815460
19815549
19815570
19816416
19818288
19818314
19818545
19818746
19819049
19819507
19819690
19819914
19820055
19820097
19820110
19820119
19820740
19820797
19821738
19822406
19822731
19823266
19823324
19823362
19823614
19824819
19825027
19825532
19825591
19825980
19826078
19826183
19826322
19826336
19826341
19878845
19879102
19881926
19882116
19882585
19884722
19886293
19887892
19887929
19888149
19889093
19889735
19892019
19892231
19892643
19896204
19899373
19928273
19956897
19956905
19956990
19958067
19958093
19958463
19958590
19958802
19958835
19959034
19959214
19959259
19959342
19959538
19959690
19959891
19960213
19960398
19961338
19962606
19962832
19963445
19964160
19964236
19964418
19965203
19965666
19965668
19965839
19966078
19966231
19966359
19966575
19967074
19967590
19967896
19967913
19968118
19968418
19968590
19968609
19968652
19968866
19968919
19969073
19969713
19969998
19970298
19970339
19970770
19970924
19972154
19972177
19973157
19973306
19973465
19973781
19973977
19974479
19974913
19975434
19975533
19975567
19975584
19975746
19975967
19976175
19976281
19976528
19976597
19976888
19977051
19977085
19977109
19977181
19977705
19977718
19977838
19978575
19978797
19978892
19979593
20175835
20176641
20176846
20177027
20177095
20177662
20177676
20177990
20178176
20178384
20178839
20179038
20179088
20179164
20179388
20179646
20179873
20180141
20180304
20180322
20180365
20180754
20181319
20181445
20181570
20181623
20181686
20182217
20182293
20182343
20182671
20182948
20182966
20182975
20183924
20184524
20185517
20185526
20185702
20185716
20185788
20186232
20186525
20186667
20186909
20187404
20187619
20187882
20187904
20187942
20188123
20188185
20188384
20188523
20188748
20188776
20188907
20189758
20189898
20190351
20190473
20190717
20190907
20191071
20191100
20191116
20191264
20191306
20191555
20191597
20191682
20191965
20192148
20192247
20192311
20192377
20359967
20361014
20362767
20362929
20364242
20367507
20370114
20370935
20372288
20427298
20427978
20430402
20435692
20482632
20483239
20483604
20483932
20484647
20484722
20484735
20485040
20485270
20485536
20485812
20486169
20486274
20486322
20486766
20487116
20488176
20488707
20488874
20489026
20489091
20489127
20489167
20489272
20489341
20489381
20489499
20489536
20489875
20489932
20490584
20490811
20491050
20491087
20491193
20491674
20491692
20491719
20491751
20492099
20492148
20492731
20492742
20492787
20492828
20493190
20493295
20493310
20493884
20494083
20494304
20494527
20494586
20494588
20494892
20494992
20495036
20495211
20495476
20495661
20495872
20496114
20496246
20496297
20496557
20496594
20496642
20496670
20496786
20496796
20496802
20497283
20640387
20644007
20645274
20645707
20665539
20665716
20666860
20667882
20670317
20670548
20671683
20672145
20673283
20674982
20675274
20675840
20678794
20680987
20681260
20688408
20689908
20692221
20692276
20695580
20695643
20697399
20698056
20698811
20698892
20698944
20698982
20700328
20700632
20700636
20700998
20701060
20701165
20701172
20701446
20701963
20701981
20702136
20703065
20703187
20703426
20703734
20704093
20704364
20704884
20705495
20705727
20705809
20705840
20706147
20706449
20706792
20706827
20706994
20707323
20707845
20707972
20708081
20708389
20709055
20709204
20709295
20709431
20709872
20709980
20751089
20751494
20975628
20975931
20975963
20976467
20976714
20976780
20976789
20977244
20977308
20977385
20977668
20977749
20978338
20978347
20978665
20978796
20979485
20979758
20980210
20980352
20980440
20980503
20982167
20982194
20982356
20982387
20982563
20983540
20983814
20983934
20984974
20985010
20985041
20985892
20986184
20986229
20986290
20986697
20986804
20987673
21002787
21119941
21120362
21121023
21121059
21121424
21121463
21122289
21122354
21122916
21123077
21123256
21123814
21124293
21124799
21125984
21126814
21128821
21128855
21129395
21129677
21130338
21130406
21130643
21131817
21132025
21132527
21132554
21132750
21132761
21133000
21133728
21133953
21134547
21135026
21135424
21135648
21136230
21136555
21136559
21136828
21136991
21137206
21137358
21137602
21138030
21138111
21138389
21138398
21138666
21139022
21140195
21140841
21140853
21140869
21141086
21141134
21141610
21141722
21141842
21142101
21142555
21143524
21144773
21144780
21145290
21145334
21145487
21145494
21145613
21145932
21147041
21147103
21147600
21147963
21148149
21148682
21148715
21148844
21148921
21149106
21149449
21149720
21170268
21170428
21170675
21170721
21170812
21171024
21171494
21171974
21172506
21172640
21172732
21172743
21172760
21173636
21173663
21173697
21173949
21174092
21174357
21175049
21175169
21175198
21175352
21175586
21175720
21175981
21176095
21176567
21177042
21177152
21177348
21177740
21178826
21178985
21179319
21179599
21179835
21180049
21180080
21180375
21180412
21180693
21181426
21181569
21181738
21181789
21181848
21181963
21182320
21182394
21182491
21182693
21183277
21183451
21183508
21183767
21184120
21184138
21184140
21184572
21184713
21301752
21302673
21302837
21303502
21305237
21305635
21306105
21308121
21308476
21308836
21309409
21311373
21311775
21312540
21312678
21313133
21313246
21314651
21315756
21317149
21319096
21319561
21319926
21421583
21424392
21425567
21425585
21429707
21433432
21434421
21436175
21437690
21438608
21444481
21444705
21444713
21444729
21445486
21445717
21445952
21446719
21446734
21446915
21447205
21447211
21447789
21448404
21448495
21448565
21448644
21449241
21449428
21449745
21450302
21450385
21450547
21451408
21451513
21451953
21452101
21452330
21452539
21452577
21452670
21452755
21452958
21453137
21453154
21453297
21453378
21453457
21454124
21454751
21454934
21455252
21455425
21455928
21456278
21456478
21456564
21456788
21456895
21457329
21458622
21458782
21458881
21459021
21459294
21459559
21459601
21459650
21459711
21459749
21460318
21460341
21460395
21460407
21539230
21560911
21565145
21565490
21568407
21570666
21575226
21575618
21576525
21580992
21630437
21630750
21630820
21631063
21631743
21631841
21632159
21632301
21632548
21633098
21633303
21633832
21633882
21634094
21634154
21634390
21634869
21636230
21637194
21637633
21637655
21637799
21638134
21638236
21639054
21639284
21639398
21639434
21640185
21641217
21641959
21641974
21643174
21644132
21644615
21644770
21644781
21644921
21645379
21645967
21646974
21647613
21648021
21648794
21724170
21725204
21726127
21726636
21726726
21727791
21729081
21729911
21734155
21736463
21738410
21738771
21739298
21741550
21859889
21859975
21860262
21860286
21860524
21860781
21861191
21861624
21862248
21862451
21862865
21862887
21863311
21863374
21863574
21864016
21864594
21864717
21865110
21866022
21866191
21866234
21866306
21866461
21866656
21866670
21866687
21867012
21867216
21867661
21867795
21868177
21868976
21869231
21869460
21869485
21869493
21869526
21869692
21869693
21869721
21869788
21869997
21870020
21870617
21870711
21870866
21871044
21871127
21871311
21871430
21872445
21872873
21872901
21873256
21873808
21873873
21874208
21874680
21875639
21875829
21875866
22037379
22038463
22039655
22039702
22040799
22041642
22042271
22042606
22042855
22042923
22043186
22043413
22043493
22043724
22044301
22044345
22046097
22046239
22046358
22046805
22046952
22047676
22047942
22047966
22048235
22048796
22048814
22049099
22049124
22049365
22049691
22049913
22049986
22050006
22050173
22050228
22050567
22051637
22051971
22052025
22052836
22053052
22053073
22053104
22053244
22053430
22053728
22054512
22054545
22054598
22054683
22054699
22055409
22055521
22086132
22087077
22091436
22093848
22116540
22117881
22118044
22118493
22118668
22118795
22118811
22118881
22118972
22119400
22119430
22119955
22120336
22120401
22120473
22120638
22120669
22120842
22121561
22121652
22121844
22122137
22123051
22123689
22123753
22123814
22124060
22124070
22124300
22124640
22124764
22124943
22125006
22125794
22126169
22126294
22126588
22126628
22126808
22126904
22127412
22127891
22128261
22128401
22128570
22129320
22130653
22130903
22131224
22131834
22132461
22133367
22133500
22261041
22261460
22262562
22263590
22263708
22263989
22264199
22265286
22265412
22265483
22265550
22265660
22265765
22266187
22266187
22266310
22266405
22266678
22266879
22267357
22267513
22267570
22268023
22268283
22268503
22268781
22268967
22269420
22269719
22270441
22270888
22272378
22272632
22273135
22273387
22273802
22274377
22274443
22274665
22274969
22275320
22275371
22275563
22275673
22276193
22276485
22276657
22277002
22277647
22278203
22278412
22279514
22279707
22280068
22280286
22280549
22280606
22280628
22280996
22281343
22414171
22414499
22414835
22414859
22414998
22415787
22415810
22416509
22416641
22416682
22416684
22417048
22417128
22417320
22417360
22417366
22417749
22417808
22418255
22418339
22418431
22418553
22418709
22418723
22418823
22419048
22419275
22419463
22419609
22420196
22420886
22421177
22421249
22421510
22421894
22422174
22422693
22422851
22423261
22423461
22423920
22424239
22424757
22424952
22425283
22425310
22425331
22425338
22425687
22426050
22427040
22427062
22427561
22427780
22427892
22428110
22428159
22428384
22428813
22428905
22429058
22429369
22430250
22430724
22430860
22431529
22432033
22433485
22433631
22433636
22433747
22434435
22434794
22434852
22435113
22435165
22435193
22435672
22436313
22436476
22436752
22436802
22560186
22561517
22561649
22561697
22562381
22562901
22563450
22563564
22564456
22564552
22565219
22566314
22566390
22566509
22566741
22567305
22567531
22567703
22567773
22567883
22568036
22568141
22568531
22568535
22569080
22569224
22569591
22569831
22570618
22570643
22571006
22571025
22571434
22571735
22572042
22572254
22572801
22572820
22573041
22573076
22574149
22574165
22574170
22574503
22574619
22575088
22575131
22575132
22575250
22575318
22575813
22576205
22576376
22576925
22577216
22577236
22577314
22577879
22577880
22578216
22578472
22578519
22578687
22579076
22579663
22579932
22580005
22580452
22580717
22580890
22580893
22580913
22581087
22581150
22581279
22581397
22582047
22788152
22800239
22804471
22804472
22804899
22805265
22805517
22805823
22805997
22806539
22806767
22807004
22807097
22807164
22808252
22808528
22808839
22809487
22809539
22809583
22809887
22810020
22810479
22811688
22811840
22811878
22812190
22813092
22813292
22813450
22813689
22814076
22814198
22814800
22815253
22815850
22815938
22816215
22816352
22816473
22816819
22816847
22817635
22817668
22817814
22818007
22818194
22818417
22880906
22881985
22882487
22882858
22883007
22883949
22883961
22884263
22884813
22885601
22885840
22886516
22886705
22887228
22887913
22887913
22887969
22888394
22888806
22889396
22889470
22889515
22889948
22890517
22890846
22891062
22891142
22891358
22891472
22891860
22891860
22892016
22892125
22892421
22893034
22893407
22893860
22894003
22894006
22894314
22894724
22894792
22894862
22895071
22895494
22895813
22896129
22896506
22896737
22897271
22897493
22897912
22898068
22898109
22898125
22898159
22898645
22898710
22898762
22899507
22900120
22900360
22900475
22900556
22900596
22900690
22901288
22901855
22902047
23040598
23040768
23041099
23041110
23041174
23041224
23041391
23041464
23041552
23041628
23041713
23041742
23041908
23042727
23042817
23042951
23043133
23043296
23043420
23043427
23043636
23043661
23043848
23043940
23044166
23044550
23044579
23044621
23045080
23045364
23046053
23046698
23046792
23047547
23047681
23048154
23048487
23048596
23048613
23048706
23048915
23048978
23049312
23049617
23049622
23049947
23050476
23051675
23051758
23051808
23052177
23052623
23053377
23053853
23054227
23054470
23054660
23055346
23055360
23055456
23055563
23055644
23056271
23056526
23057728
23169613
23170177
23170338
23171265
23171444
23171755
23172097
23172384
23172531
23175227
23175758
23176196
23176473
23177696
23178203
23178204
23178214
23178471
23179094
23179411
23179415
23180515
23181811
23182039
23182228
23183137
23183258
23183634
23184262
23184781
23184855
23185571
23185890
23186107
23186151
23186322
23187435
23187622
23187626
23187835
23188249
23188346
23188615
23188976
23189337
23189698
23189787
23190152
23190962
23191310
23191434
23191863
23192783
23193250
23363056
23363495
23367066
23367566
23380497
23381569
23382687
23383145
23383168
23383211
23383215
23383705
23383760
23383792
23383911
23384213
23384255
23384447
23384979
23385099
23385698
23385702
23385829
23385874
23385885
23385915
23386218
23386406
23386433
23386576
23386853
23386882
23386980
23387107
23387247
23387626
23388506
23388549
23388620
23388743
23388790
23388859
23389125
23389429
23390163
23390360
23390894
23391011
23391021
23391350
23391528
23391578
23392110
23392187
23392495
23392724
23392829
23392900
23392953
23393030
23393061
23393088
23393327
23393475
23393479
23394170
23394287
23394738
23394922
23395169
23456205
23456234
23456330
23456479
23456839
23457517
23457664
23458323
23458457
23458492
23458757
23459214
23459591
23459761
23460238
23460436
23460519
23460970
23461388
23461961
23462198
23462213
23462314
23462801
23462804
23462941
23463261
23463298
23463676
23463682
23463845
23464094
23464208
23464874
23464905
23464941
23465353
23465402
23466370
23466675
23466684
23467703
23468446
23468657
23469673
23470313
23470846
23471540
23471675
23472185
23472262
23472286
23473283
23473294
23473992
23474815
23475023
23475263
23475388
23475641
23475880
23476379
23476732
23476743
23476911
23477191
23477313
23477324
23477425
23477439
23477481
23477752
23478148
23478228
23620381
23620895
23621617
23621922
23622038
23622221
23623019
23623121
23623748
23623957
23625078
23625492
23626174
23626413
23628011
23628524
23628915
23629038
23630256
23630916
23631162
23632639
23633148
23633268
23633853
23633950
23635654
23636946
23636968
23636995
23637506
23637803
23637855
23638964
23639142
23640043
23640337
23640910
23640990
23641000
23641319
23641874
23642154
23642257
23642281
23793567
23793774
23797131
23800957
23801588
23801641
23801968
23802287
23802487
23802664
23802933
23803307
23806801
23806940
23808017
23808716
23809578
23837772
23938029
23938271
23939471
23944234
23947133
23947275
23947919
23954734
23995625
23996030
23996343
23996550
23996695
23996754
23996831
23996864
23996890
23997154
23997796
23998111
23998172
23998191
23998327
23998364
23998797
23999111
23999453
24000504
24000539
24001136
24001171
24001429
24001811
24001857
24001960
24002066
24002298
24002451
24003096
24003302
24003514
24004109
24004122
24004436
24004482
24004713
24005461
24005556
24005813
24007186
24007479
24008137
24008151
24008758
24009060
24009119
24009203
24009296
24009375
24009690
24009804
24009931
24180237
24180331
24180458
24180591
24180836
24181070
24182558
24182867
24183042
24183065
24183157
24183479
24184114
24184561
24184834
24184876
24185635
24185916
24187570
24187815
24187901
24189003
24189031
24189073
24189141
24189275
24189391
24189851
24190112
24190503
24190854
24190870
24191324
24191398
24192094
24192179
24192358
24192425
24192642
24192735
24192912
24193392
24193699
24193864
24194046
24194338
24194457
24194510
24194641
24195109
24195149
24195176
24195363
24195940
24197138
24197471
24197474
24197654
24198136
24296733
24299342
24300124
24363801
24363864
24364289
24364910
24365521
24365595
24365911
24366137
24366577
24366737
24366968
24367542
24367726
24367762
24368835
24368919
24369407
24369596
24369770
24370173
24370437
24370528
24370577
24370707
24370755
24370864
24371064
24371209
24371729
24371848
24372018
24372459
24372543
24372992
24373443
24373690
24373810
24374347
24374820
24374920
24374937
24375147
24376080
24376215
24376470
24376673
24376677
24376854
24376916
24376956
24377002
24377205
24377612
24377819
24377868
24377876
24377964
24377971
24378364
24378585
24379079
24379186
24379326
24379643
24379751
24380014
24380339
24380662
24381008
24381057
24381794
24381927
24382241
24382317
24382340
24382616
24382646
24428581
24436953
24437607
24438822
24440120
24440995
24443359
24443785
24443835
24565998
24572468
24576595
24577059
24580403
24582894
24586003
24588010
24608467
24609313
24609956
24610339
24611167
24611290
24611324
24611654
24612277
24612664
24613156
24613175
24614095
24614171
24614217
24614481
24614499
24615664
24615709
24616057
24616261
24617170
24617762
24617920
24617929
24618372
24618844
24621265
24621575
24623006
24623241
24623249
24624122
24624261
24625230
24625368
24720035
24720772
24722183
24722301
24722593
24722676
24722769
24722839
24722867
24722922
24723049
24723152
24723245
24723270
24723736
24724026
24724253
24724923
24725103
24725169
24725249
24725509
24725805
24725915
24726134
24726236
24727054
24727138
24727288
24727586
24728305
24728487
24729014
24729463
24729887
24730031
24730558
24730703
24730832
24731068
24731697
24731835
24732111
24732270
24732623
24733376
24733484
24733669
24733908
24734303
24734528
24734878
24735138
24735916
24735974
24736125
24736182
24736454
24736469
24736549
24736567
24737303
24737549
24738252
24738328
24738592
24738913
24849114
24849241
24849382
24849383
24849822
24850006
24850768
24851000
24851340
24852074
24852119
24852774
24853616
24853669
24853737
24853903
24853966
24854274
24854431
24854848
24855100
24855798
24856069
24856194
24856366
24856647
24857261
24857355
24857606
24857761
24858070
24858186
24858719
24858759
24859718
24859733
24859771
24860289
24860292
24860451
24861107
24861393
24862273
24862681
24863049
24863104
24863855
24864258
24864534
24864970
24865298
24866315
24866659
24866894
24867513
24868183
24869155
24869518
24869929
24872107
24872538
24873905
24874747
24876223
24876391
24876600
24880356
24880842
24882010
24882102
24883965
24952126
24952468
24954781
24956887
24958098
24958461
24958462
24959066
24960250
24960369
24960729
24962216
24964506
24964997
24995909
25042459
25042530
25042988
25043687
25044102
25044933
25044961
25045084
25045257
25045461
25045582
25045889
25046788
25046840
25046968
25047779
25047874
25048197
25048487
25048666
25049109
25051947
25052053
25053716
25054437
25055209
25055239
25056333
25058493
25058638
25060290
25099728
25100099
25100873
25104479
25108172
25108176
25109729
25113224
25159592
25161992
25197606
25199048
25203026
25207166
25208597
25209667
25210157
25211060
25213827
25215111
25215173
25215265
25215451
25216226
25216658
25216788
25217060
25218643
25218882
25220426
25220636
25220731
25221138
25221266
25221482
25221538
25221718
25221756
25222097
25222927
25222990
25223289
25223570
25224783
25225193
25225542
25225937
25226439
25227121
25228129
25228588
25229743
25291631
25291681
25291731
25292619
25292798
25292865
25292958
25293429
25294087
25294091
25294357
25294378
25294513
25294760
25295709
25296220
25296227
25296380
25296587
25296659
25296685
25297312
25297324
25297458
25297710
25298509
25298631
25300201
25300320
25300416
25301239
25301588
25301786
25301820
25302030
25302282
25302980
25303061
25303103
25303198
25303446
25304322
25304392
25304733
25305254
25305389
25306099
25306201
25306503
25306999
25307248
25307641
25307693
25307701
25308443
25309103
25309196
25309232
25310160
25310385
25310563
25310608
25310935
25311046
25311076
25311347
25311645
25311721
25311953
25311967
25312715
25312762
25312912
25313395
25313979
25314240
25314463
25314481
25355887
25515097
25515635
25515726
25516067
25516112
25516359
25517218
25517826
25518250
25518766
25519047
25519479
25519532
25519885
25520060
25520112
25520777
25520789
25520922
25520942
25521008
25521622
25521692
25522178
25522418
25522954
25523162
25523285
25523627
25523660
25524023
25524205
25524242
25524632
25524791
25526123
25526383
25527437
25527581
25527746
25528108
25528170
25528515
25528920
25529541
25529633
25529935
25529950
25530619
25531171
25531698
25531950
25531969
25532008
25532282
25533187
25533398
25533398
25534054
25534705
25535390
25535533
25535740
25535745
25535866
25536312
25536442
25536835
25537363
25537793
25538571
25615511
25617079
25619583
25620466
25621447
25623123
25624006
25625874
25629646
25630679
25631327
25631557
25632542
25634592
25634966
25635687
25636381
25639824
25642842
25644823
25653076
25653776
25654571
25658748
25660368
25660517
25661647
25662305
25662847
25664624
25665299
25665528
25665716
25665837
25665856
25667001
25667591
25667753
25668165
25668328
25668784
25672008
25672051
25672482
25672602
25672757
25673716
25674202
25674612
25675019
25805024
25805055
25805137
25805503
25805579
25805735
25806494
25806576
25807853
25808950
25809069
25809673
25810498
25810853
25811024
25811062
25811082
25811169
25811353
25811700
25811913
25812373
25812396
25812568
25813351
25813509
25814034
25815811
25815880
25816347
25816869
25817219
25817963
25818106
25848872
25849404
25883729
25884139
25884399
25884507
25885502
25885543
25885620
25885822
25887298
25887444
25887634
25887950
25888006
25888237
25888670
25888972
25889266
25889315
25889462
25889855
25889875
25890064
25890120
25890405
25890687
25890815
25891249
25891758
25891983
25892235
25892394
25892885
25893972
25894517
25894904
25894909
25895077
25895100
25895136
25895142
25895211
25895984
25896060
25896188
25896718
25897533
25897585
25897959
25898157
25898326
25898675
25919120
25919867
25919877
25919990
25920226
25920403
25920673
25920675
25920713
25924303
25924402
25925404
25925448
25925516
25925645
25925873
25926076
25926286
25926329
25927509
25927673
25927842
25928202
25928350
25929325
25929543
25929560
25930832
25930875
25931197
25931389
25931886
25932058
25932895
25933297
25933644
25934195
25934859
26013755
26020568
26022666
26085389
26086443
26088425
26088794
26096767
26099269
26100022
26102489
26102606
26103547
26117197
26117367
26117439
26117659
26117751
26117778
26117800
26118217
26118239
26118465
26118898
26119011
26119088
26119392
26119572
26120079
26120509
26121370
26121393
26122069
26122149
26124159
26124291
26124477
26125318
26125443
26125863
26125936
26126057
26126558
26127230
26127782
26127977
26128063
26128074
26128559
26128807
26129053
26129090
26129140
26129215
26129652
26129746
26129783
26129869
26129935
26130642
26130940
26131120
26131568
26131675
26131964
26132018
26132797
26132838
26132906
26133467
26134005
26134019
26134142
26134469
26134528
26134579
26134871
26135071
26135228
26135534
26135539
26135691
26135846
26136009
26136127
26136553
26137072
26137155
26137160
26137278
26137410
26137594
26137823
26138211
26138316
26138626
26138725
26138886
26138981
26139151
26139298
26140097
26140204
26140417
26213786
26213947
26214276
26214336
26215455
26216187
26216204
26216681
26217559
26217573
26218236
26218299
26219503
26219533
26221490
26222207
26222421
26222967
26223215
26223227
26223233
26223766
26225335
26225573
26227760
26229754
26230337
26230657
26231859
26313810
26314183
26314622
26315148
26315786
26316108
26316364
26317383
26317458
26318034
26318046
26318404
26318751
26319095
26319182
26319230
26319319
26319507
26319663
26319672
26319938
26320105
26320138
26320476
26320616
26320968
26321511
26321573
26321643
26321654
26321671
26321826
26321907
26321944
26322494
26322680
26322694
26322909
26323617
26323629
26323642
26323764
26324091
26324242
26324795
26325271
26325407
26325516
26325671
26325842
26325847
26325995
26326386
26326424
26326669
26327285
26327453
26327466
26327630
26500893
26501075
26505203
26505511
26505757
26506408
26506512
26507899
26508247
26508512
26509015
26509483
26510341
26510490
26510631
26511244
26511360
26513921
26514149
26514345
26514679
26515010
26515333
26516470
26517524
26517588
26517701
26518393
26518938
26519409
26520063
26520345
26520723
26520849
26522467
26523326
26523719
26523865
26677578
26723847
26725295
26726562
26726940
26727843
26728364
26729269
26731569
26734134
26734532
26736233
26736850
26736880
26736953
26738122
26738768
26740313
26761864
26762802
26763195
26763520
26764057
26764090
26764222
26764668
26765047
26765630
26765854
26766041
26766068
26767171
26767476
26767673
26767984
26768172
26768265
26768640
26769470
26769971
26770113
26770408
26770661
26770719
26770834
26770972
26771442
26771488
26771509
26771803
26772174
26772367
26772598
26772999
26773564
26773655
26773829
26773889
26864364
26864485
26864682
26864683
26864763
26864957
26865027
26865212
26865251
26865479
26865524
26865740
26865926
26866173
26866529
26866707
26866812
26866873
26867214
26867448
26867705
26867727
26868274
26868679
26868799
26869541
26869641
26869785
26869798
26870845
26870938
26871478
26871678
26871909
26872102
26872215
26872303
26872335
26872386
26872885
26872886
26873428
26873877
26874069
26874301
26874696
26874867
26874921
26874982
26875005
26875007
26875130
26876211
26876365
26876489
26876622
26877156
26877427
26877471
26878024
26878627
26928581
26928588
26929384
26929488
26929545
26931483
26931582
26931648
26932028
26932079
26932869
26933484
26933550
26933813
26934358
26934445
26934848
26935513
26936798
26937236
26938505
26938739
26938828
26939023
26939097
26939241
26940032
26940222
26940887
26941254
26941524
26941619
26942489
26942642
26942896
26943380
26944179
26944200
26944309
26945025
26945234
26945295
26945387
26946722
26947146
26948301
26949076
26949205
26950045
26950126
26950589
26950721
27039635
27040134
27040163
27041231
27041988
27042159
27042534
27042808
27042998
27043422
27043434
27044620
27045123
27046445
27046943
27047538
27047790
27048009
27048882
27048984
27049166
27049189
27049713
27049734
27051377
27053220
27054076
27054545
27056774
27057355
27057370
27058391
27058453
27058717
27059130
27059358
27059723
27059781
27060256
27060300
27060350
27060667
27060921
27107553
27180802
27181342
27181648
27181750
27181989
27182188
27182198
27182592
27184373
27184774
27185034
27185238
27185275
27185611
27186222
27186295
27186444
27187569
27187653
27187783
27187810
27187998
27188079
27188176
27188580
27189735
27189768
27190134
27190559
27190604
27191140
27191264
27191897
27192072
27192143
27192263
27192488
27192528
27192794
27192856
27193256
27193506
27193712
27194171
27194671
27195049
27195301
27195332
27195559
27195701
27196489
27196883
27197260
27197531
27197749
27198354
27198645
27199636
27199926
27200152
27200604
27284457
27285833
27286702
27286800
27287044
27287372
27288405
27288463
27288732
27290211
27290688
27291401
27292382
27295110
27295196
27295491
27298267
27299481
27384636
27450682
27451757
27451803
27451998
27452054
27452385
27452418
27452824
27453920
27454022
27454649
27454953
27455363
27456075
27456240
27456935
27457293
27457331
27457372
27457564
27458088
27458767
27458887
27459430
27459580
27459705
27459790
27460222
27460739
27460770
27461271
27462137
27462208
27463061
27464081
27464210
27464442
27464443
27464803
27465708
27465934
27466787
27466925
27467314
27467530
27496336
27497235
27497379
27497810
27498033
27498686
27498923
27500163
27502197
27502643
27502960
27503018
27504492
27504654
27504968
27505999
27506724
27507815
27509609
27509962
27510767
27512458
27513661
27513747
27513761
27513882
27515537
27515610
27515727
27517215
27561417
27562116
27562388
27562972
27563179
27564695
27564745
27564996
27566910
27566971
27567439
27567582
27568327
27568659
27570876
27571736
27573445
27574793
27579338
27580561
27580707
27581748
27588013
27588768
27589868
27591072
27591540
27768282
27768705
27768984
27769902
27771559
27771794
27772878
27773060
27773312
27773381
27773737
27774184
27774227
27774691
27774722
27774860
27774961
27776290
27776523
27776839
27778456
27778879
27779170
27780078
27781123
27781708
27782290
27783335
27784185
27784740
27784978
27786226
27886732
27921961
27924810
27924928
27933521
27942318
27942987
27946450
27947314
27947608
27949863
27950497
27951082
27952622
27952795
27955038
27957977
28062099
28063832
28064203
28065306
28070035
28072603
28076219
28120939
28122160
28123002
28123981
28126849
28127950
28128431
28129085
28130075
28134087
28169379
28169532
28170171
28170615
28170727
28171017
28171321
28171532
28171970
28172311
28172430
28173014
28173046
28173984
28174224
28174228
28174341
28174624
28175446
28175491
28175561
28176403
28177882
28180212
28181153
28181302
28182579
28182731
28182802
28182986
28183863
28251079
28253375
28253599
28254566
28255369
28261489
28262527
28264611
28429160
28431659
28435327
28436438
28436641
28437009
28437017
28437076
28437195
28438244
28438261
28438607
28438761
28438764
28439001
28439035
28439203
28439285
28439415
28439457
28439625
28439635
28439935
28439956
28439989
28440886
28440997
28441298
28441370
28441419
28441578
28441820
28441923
28442136
28442173
28442511
28442784
28443515
28443665
28443741
28444248
28444399
28444483
28444785
28444886
28445037
28445142
28445240
28445388
28445589
28445632
28445704
28445725
28445826
28446049
28446110
28446547
28446885
28447431
28447866
28447868
28447989
28448256
28448305
28448879
28448918
28449020
28449450
28449913
28450001
28450295
28450696
28451236
28451480
28451537
28451602
28452314
28452410
28452478
28452484
28452693
28452826
28453306
28453422
28453774
28455237
28455345
28455361
28455487
28455631
28455700
28455747
28456333
28456694
28456748
28457016
28457258
28457337
28457495
28457712
28458142
28458186
28458317
28458837
28458846
28459128
28459239
28459295
28459401
28459419
28459425
28459521
28490284
28493865
28493908
28494009
28494970
28496102
28528915
28541566
28541826
28542774
28548754
28656434
28656815
28658451
28658495
28658597
28659138
28660874
28661033
28661491
28663185
28663987
28665002
28665066
28665078
28665200
28665593
28667026
28671375
28671556
28671639
28672056
28672649
28677126
28677378
28730941
28731405
28732429
28733170
28733197
28733393
28734606
28734677
28734695
28734866
28735146
28735317
28735429
28735678
28735749
28736082
28737709
28738780
28739695
28740391
28740576
28741547
28741663
28741708
28741725
28742913
28744317
28782898
28784452
28784590
28785687
28786555
28788060
28788853
28789967
28790033
28790070
28790547
28791564
28791936
28792356
28792594
28795575
28877605
28878643
28879218
28879256
28879265
28879341
28879667
28880489
28881598
28882369
28882382
28883202
28884400
28885502
28885505
28885644
28887155
28887288
28887534
28888539
28888691
28888839
28889791
28890114
28892055
28892197
28892490
28893715
28894007
28894234
28894352
28894402
28894642
28895217
28895314
28896100
28897091
28897699
28898102
28898419
28898458
28898610
28898736
28899257
28917077
28917535
28917746
28917947
28918864
28918881
28920023
28921023
28921384
28921406
28921994
28922216
28922230
28923271
28923623
28923720
28924045
28924054
28925306
28926197
28926472
28926515
28926650
28926670
28926722
28927361
28927563
28927703
28927922
28927963
28928125
28928509
28928758
28928796
28929240
28929320
28931573
28931975
28932572
28933570
28934232
28934273
28934671
28934692
28934773
28935149
28935257
28935577
28935745
28935756
28936392
28936859
28937139
28937216
28938312
28939003
29029561
29031661
29032373
29075035
29075949
29076504
29076592
29077462
29077472
29078800
29079914
29080694
29080825
29081026
29081165
29081218
29081250
29082098
29082313
29082798
29083348
29083385
29083628
29084690
29084856
29084959
29085116
29085563
29085634
29085925
29086149
29086813
29086895
29086978
29087449
29087804
29088098
29088169
29088298
29089769
29089798
29089868
29090147
29090319
29090659
29091027
29091082
29092807
29093951
29094047
29094217
29094275
29094947
29095018
29095478
29095529
29095585
29095953
29096409
29096666
29097168
29097669
29155267
29246453
29246768
29247100
29247977
29248158
29248554
29248626
29248763
29248974
29249557
29249625
29249686
29250069
29250604
29250611
29250859
29252341
29252466
29253219
29253580
29253794
29254404
29254449
29254905
29255444
29255523
29255898
29256609
29256643
29256812
29256980
29258032
29258576
29258699
29258746
29259179
29259359
29259566
29259738
29259803
29260091
29260391
29260454
29261178
29261300
29261441
29261472
29261671
29262033
29262158
29262196
29262619
29262822
29262896
29262916
29263657
29263977
29264269
29264541
29264786
29265571
29265623
29265701
29266225
29267294
29267429
29267475
29267494
29267497
29267736
29268314
29268351
29441498
29446658
29449524
29450833
29454461
29455752
29490901
29493024
29494464
29495014
29497902
29498577
29501913
29503554
29503876
29503926
29504168
29511744
29629581
29629901
29632810
29632943
29633117
29633179
29633303
29634121
29635946
29637527
29637643
29637953
29638331
29639106
29639429
29639513
29639914
29640131
29640646
29640755
29640920
29641058
29642156
29642255
29642874
29643588
29643903
29643961
29644087
29644599
29645163
29646207
29646974
29647701
29647745
29647877
29648053
29648388
29648615
29648781
29649733
29702595
29702693
29702766
29703036
29703211
29703335
29704176
29704370
29704479
29704533
29705233
29706132
29706271
29706560
29706564
29707061
29707869
29708358
29709037
29710009
29710286
29710639
29710861
29710873
29711117
29711585
29711676
29711900
29712246
29713003
29713080
29713329
29713416
29713421
29713784
29713921
29714087
29714161
29714304
29714919
29715116
29716004
29716310
29716515
29716614
29716796
29717690
29717803
29718078
29718219
29718427
29718447
29718752
29719154
29719850
29719885
29720049
29720229
29821933
29824259
29828777
29828889
29829390
29832758
29834654
29836248
29872975
29873163
29874088
29874333
29874858
29876488
29876845
29879050
29879251
29879479
29880259
29882111
29884236
29884780
29884964
29887484
29887524
29889716
29890807
29890858
29892492
29919389
29919662
29923504
29924646
29925682
29928155
29928680
29929198
30037314
30037552
30037885
30038048
30038557
30038577
30038841
30038887
30039090
30039444
30040124
30040785
30041315
30041463
30041889
30042105
30042290
30042427
30042502
30042565
30042871
30042875
30042926
30044183
30044371
30044539
30044684
30045081
30045454
30045483
30045501
30045531
30045536
30045546
30045674
30045728
30045783
30046063
30046147
30046215
30046738
30046763
30047342
30047346
30047497
30047803
30047881
30048043
30048081
30048180
30048331
30048479
30048921
30049051
30049184
30050242
30050692
30050884
30050981
30051050
30051081
30051197
30051389
30051591
30051712
30051957
30052021
30052359
30052490
30052518
30052700
30052772
30053076
30053599
30053650
30053934
30053957
30054106
30054300
30054889
30055637
30055711
30055821
30055829
30056438
30056687
30057518
30058204
30058279
30058541
30058548
30059444
30059613
30059806
30059863
30059906
30060052
30060108
30060245
30065880
30066684
30085160
30161440
30162324
30162482
30163909
30165236
30165597
30166055
30166262
30166441
30166654
30166855
30167028
30167051
30167526
30167612
30168596
30169183
30169764
30170576
30171955
30172799
30173378
30173867
30174868
30176298
30176363
30177045
30177595
30177599
30180042
30180498
30180926
30181585
30184127
30184940
30187262
30187298
30187428
30189057
30190457
30191254
30191378
30191884
30358597
30359290
30359728
30359962
30360061
30360211
30360323
30360509
30360833
30360845
30360952
30360975
30361874
30362141
30362465
30362567
30363273
30365158
30365298
30365831
30366085
30366521
30366863
30367522
30367589
30368730
30368814
30368835
30369144
30370020
30370437
30370834
30371099
30371522
30371558
30371651
30371820
30372178
30372819
30372902
30373586
30373711
30373723
30374108
30374848
30374959
30374965
30375555
30375753
30376004
30416933
30419225
30426426
