73
167
245
675
728
823
1040
1297
1375
1486
1549
1640
2268
2614
2804
3125
3284
4631
4850
5343
5451
5580
6677
6798
6875
7351
7391
7597
8210
8268
8337
8662
8682
9441
9582
9957
10045
10265
10537
10800
11830
12022
12318
12657
13007
13009
14045
14548
14802
14923
15243
15355
15552
15772
15871
15994
16027
16151
16361
16673
16796
16961
17504
17636
17753
18660
18703
19303
79343
79552
80152
80332
80361
80497
80849
80929
81151
81915
81941
82003
82122
82244
82750
83220
83297
83842
84007
84654
85664
85972
86342
86683
86734
86985
87516
87985
88354
88811
89612
90405
90861
91012
91246
91803
92597
92677
92902
92908
93086
93680
94000
94125
94948
95311
95678
95687
95727
95901
96279
97055
97233
97272
97333
98202
98266
98743
98758
98833
113915
115356
116269
116674
117682
118260
119281
119417
119618
120616
123140
124435
126026
126983
127469
127720
130015
130269
130722
131525
135442
136530
136706
136783
136834
173682
176142
177045
178271
178441
183237
184474
189137
189348
190660
190935
192909
194201
194630
241848
241946
242019
242289
242464
242588
243429
243623
243732
243786
244486
245385
245524
245813
245817
246314
247122
247611
248290
249262
249539
249892
250114
250126
250370
250838
250929
251153
251499
252256
252333
252582
252669
252674
253037
253174
253340
253414
253557
254172
254369
255257
255563
255768
255867
256049
256943
257056
257331
257472
257680
257700
258005
258407
259103
259138
259302
259482
373975
374341
374818
374925
375923
376032
376109
376567
376922
377157
377419
377773
377829
377879
378366
378431
378875
378895
379527
380562
381002
381704
381736
382051
382059
382522
383607
384410
384949
385168
385523
387014
387545
387889
388771
389976
389979
390460
390738
390917
390948
391913
392007
392417
392598
393023
393353
393534
393666
394043
394285
394630
394639
395330
395745
464116
521094
529466
530120
531335
532633
533508
535872
536298
536348
578432
578544
578668
580006
581733
582065
582165
583905
584258
585873
588264
589844
590222
601758
643544
643562
644224
644368
644427
644738
645271
646715
646897
647036
647122
647466
647493
647720
647886
647965
648067
648135
648360
648587
649104
649156
649857
649982
650113
650606
650938
651014
651595
651913
652273
652433
652893
653060
653093
653392
653454
653654
653854
654097
654760
654911
654927
655482
655652
656155
656326
656597
657316
657330
657519
657641
657938
658588
658808
659309
659665
659926
659970
660416
660495
660535
660645
660839
661807
662082
662677
662825
662932
662984
663294
663425
663592
663633
663806
664029
664302
664351
664563
664684
664929
665089
665318
665427
665566
895261
895695
896351
896451
896483
896535
897231
897317
897463
897583
898176
898350
898523
898547
898852
899060
899415
899647
900027
900148
900406
900875
901892
902336
902448
902471
902604
902743
903021
903226
903296
903745
903840
903994
904771
904995
906013
906202
906308
906538
906863
906887
906915
907029
907062
907074
1047326
1053757
1056602
1057131
1059257
1061679
1085208
1086012
1086074
1087881
1088054
1088484
1088844
1089153
1089238
1089540
1091498
1091602
1095420
1096679
1098871
1099397
1099586
1099723
1101020
1102967
1103259
1103310
1103807
1105419
1105802
1106099
1106258
1106295
1107620
1166402
1166484
1166881
1167705
1167711
1168433
1168438
1168551
1168625
1168865
1168934
1169118
1169553
1169947
1170342
1170717
1170736
1170805
1170926
1170992
1171682
1172589
1172706
1172750
1173460
1173494
1173620
1174194
1174253
1174359
1174754
1174963
1176355
1176427
1176648
1177065
1177396
1177844
1177925
1178415
1178648
1178878
1178965
1179000
1179153
1179796
1180602
1180739
1181734
1181807
1182245
1182779
1183137
1183154
1183602
1183780
1183810
1185037
1185148
1185483
1185634
1185807
1186025
1186115
1186824
1187260
1187334
1187785
1187907
1188061
1188168
1188341
1188429
1189156
1189202
1212888
1213112
1213120
1213136
1213893
1214124
1214359
1215126
1215141
1215322
1215612
1215618
1216196
1216811
1216902
1216972
1217051
1217648
1217835
1218152
1218709
1218792
1218954
1219815
1219920
1220360
1220508
1220737
1220946
1220984
1221077
1221162
1221365
1221544
1221561
1221704
1221785
1221864
1222531
1223158
1223341
1223659
1223832
1224335
1224685
1224885
1224971
1225195
1225302
1225736
1227029
1227189
1227288
1227428
1227701
1227966
1228008
1228057
1228118
1228156
1228725
1228748
1228802
1228814
1273361
1273599
1273932
1274095
1274604
1274624
1274888
1274934
1275137
1275491
1276171
1276832
1277362
1277510
1277936
1278152
1278337
1278474
1278549
1278612
1278918
1278922
1278973
1280230
1280418
1280586
1280731
1281128
1281501
1281530
1281548
1281578
1281583
1281593
1281721
1281775
1281830
1282110
1282194
1282262
1282785
1282810
1283389
1283393
1283544
1283850
1283928
1284090
1284128
1284227
1284378
1284526
1284968
1285098
1285231
1286289
1286739
1286931
1287028
1287097
1287128
1287244
1287436
1287638
1287759
1288004
1288068
1288406
1288537
1288565
1288747
1288819
1289123
1289646
1289697
1289981
1290004
1290153
1290347
1290936
1291684
1291758
1291868
1291876
1292485
1292734
1293565
1294251
1294326
1294588
1294595
1295491
1295660
1295853
1295910
1295953
1296099
1296155
1296292
1384971
1385909
1386302
1386627
1387164
1387197
1387329
1387775
1388154
1388737
1388961
1389148
1389175
1390278
1390583
1390780
1391091
1391279
1391372
1391747
1392577
1393078
1393220
1393515
1393768
1393826
1393941
1394079
1394549
1394595
1394616
1394910
1395281
1395474
1395705
1396106
1396671
1396762
1396936
1396996
1530185
1530256
1530714
1531413
1531828
1532659
1532687
1532810
1532983
1533187
1533308
1533615
1534514
1534566
1534694
1535505
1535600
1535923
1536213
1536392
1536835
1539673
1539779
1541442
1542163
1542935
1542965
1544059
1546219
1546364
1757541
1758234
1758672
1758906
1759005
1759155
1759267
1759453
1759777
1759789
1759896
1759919
1760818
1761085
1761409
1761511
1762217
1764102
1764242
1764775
1765029
1765465
1765807
1766466
1766533
1767674
1767758
1767779
1768088
1768964
1769381
1769778
1770043
1770466
1770502
1770595
1770764
1771122
1771763
1771846
1772530
1772655
1772667
1773052
1773792
1773903
1773909
1774499
1774697
1774948
1775580
1776032
1776073
1776523
1776933
1777559
1778936
1779189
1779475
1782162
1783084
1783093
1789967
1789976
1791868
1797666
1797886
1851271
1851521
1852213
1852345
1852464
1852837
1853144
1855941
1855961
1856092
1856577
1856796
1857152
1857264
1857678
1857778
1857841
1858026
1858095
1858242
1858451
1858636
1858901
1859064
1859520
1859970
1860613
1860624
1860653
1860674
1860860
1860930
1860973
1861138
1861389
1862364
1862672
1862675
1863928
1864183
1864197
1864658
1864771
1864946
1865087
1865354
1865670
1865984
1865992
1866359
1866503
1866604
1866716
1866876
1866911
1867690
1868120
1869341
1869490
1870326
1870500
1871177
1871217
1871541
1871570
1871873
1871973
1872519
1873220
1873399
2065089
2065290
2067440
2067538
2067982
2068661
2068999
2069258
2069346
2069505
2069745
2070861
2071586
2071695
2071738
2072877
2072900
2073128
2074143
2074217
2074889
2075222
2077126
2077860
2078044
2079157
2079342
2079717
2080171
2080657
2081404
2081891
2082280
2082663
2083052
2083404
2083416
2083488
2084929
2085302
2086138
2086190
2087650
2088213
2088254
2206055
2206208
2206847
2207291
2207403
2207693
2207997
2208208
2208646
2208987
2209106
2209690
2209722
2210660
2210900
2210904
2211017
2211300
2212122
2212167
2212237
2213079
2214558
2216888
2217829
2217978
2219255
2219407
2219478
2219662
2220539
2274978
2275436
2275647
2275848
2276765
2276782
2277924
2278924
2279285
2279307
2279895
2280117
2280131
2281172
2281524
2281621
2281946
2281955
2283207
2284098
2284373
2284416
2284551
2284571
2284623
2285262
2285464
2285604
2285823
2285864
2286026
2286410
2286659
2286697
2287141
2287221
2289474
2289876
2290473
2291471
2292133
2292174
2292572
2292593
2292674
2293050
2293158
2293478
2293646
2293657
2294293
2294760
2295040
2295117
2296213
2296904
2311287
2314136
2314254
2322847
2331644
2332313
2369429
2376335
2381130
2446041
2450275
2450620
2453537
2455796
2460356
2460748
2461655
2466122
2489987
2494403
2495675
2511469
2514570
2524038
2552330
2552602
2552697
2552736
2553145
2553165
2553462
2553695
2553701
2553761
2554068
2554230
2554664
2554772
2554927
2555297
2555305
2555994
2556198
2556618
2557194
2557570
2559179
2559294
2559500
2559771
2560112
2560140
2560554
2560905
2561828
2561883
2562340
2562544
2562792
2564182
2564585
2564870
2565204
2565384
2565518
2565644
2565691
2566022
2566045
2566067
2566194
2567512
2567981
2568168
2568249
2568255
2568297
2568376
2568778
2568930
2569146
2569380
2569509
2570121
2570468
2570630
2570883
2571351
2571421
2571737
2572226
2572314
2572489
2572657
2628393
2629453
2630161
2630866
2630903
2631156
2633094
2633117
2633882
2634029
2634068
2635371
2637253
2637838
2637868
2638513
2639201
2640042
2640307
2640318
2675092
2702747
2702765
2703449
2703487
2703694
2703781
2704052
2704140
2705228
2705961
2706005
2706315
2706633
2706663
2706724
2706799
2706911
2707015
2707152
2707518
2707572
2708280
2708525
2709100
2709371
2709567
2709775
2709844
2710108
2710142
2710503
2710593
2710690
2710843
2710856
2710919
2711018
2711200
2711371
2711563
2711825
2712194
2712371
2712879
2713141
2713281
2713521
2714201
2714553
2714617
2714881
2715067
2715146
2715205
2715372
2715482
2715693
2715729
2715741
2715976
2716453
2716576
2716683
2716740
2716933
2717327
2717334
2717585
2717612
2717872
2718276
2718306
2718351
2718580
2718934
2718944
2719161
2719220
2719669
2719726
2719781
2719992
2720071
2720170
2720188
2720682
2720880
2720970
2721183
2721699
2744423
2748722
2750409
2755133
2764115
2839791
2840290
2840319
2841387
2842144
2842315
2842690
2842964
2843154
2843578
2843590
2844776
2845279
2846601
2847099
2847694
2847946
2848165
2849038
2849140
2849322
2849345
2849869
2849890
2851533
2853376
2854232
2854701
2856930
2857511
2857526
2858547
2858609
2858873
2859286
2859514
2859879
2859937
2860412
2860456
2860506
2860823
2861077
2861528
2861780
2861988
2862457
2862625
2862770
2862917
2862964
2863975
2864257
2864290
2864790
2864912
2864926
2865117
2865887
2866092
2866718
2866783
2867019
2867179
2867672
2868218
2869545
2869675
2869860
2869975
2870304
2870865
2871894
2872348
2873056
2873152
2873773
2873870
2874036
2874170
2874443
2874746
2875881
2875959
2876318
2876641
2876851
2877966
2878846
2958333
2958465
2958543
2958745
2958786
2959275
2960223
2960322
2960386
2960599
2960773
2961196
2961278
2961324
2961774
2961884
2962012
2962262
2962327
2962447
2962576
2962668
2962985
2963011
2964405
2964528
2964599
2964651
2965554
2965615
2965696
2965708
2965839
2965858
2966047
2966143
2966143
2966230
2966235
2966650
2966985
2967698
2968848
2969030
2969460
2969489
2969671
2969785
2969866
2969949
2970042
2970410
2970490
2971169
2971751
2972147
2972988
2977090
2977371
2977664
2977991
2978522
2981506
2981984
2982114
2983568
2985087
2987082
2988915
2991445
2992638
3163789
3163801
3163890
3163949
3164168
3164239
3164291
3164455
3164505
3164678
3164961
3164962
3164967
3165025
3165186
3165630
3165810
3166008
3166364
3166491
3166724
3166794
3167062
3167064
3167169
3167254
3167315
3167594
3168029
3168283
3168300
3168332
3168558
3168983
3169072
3169435
3170763
3171139
3171234
3171543
3172096
3172311
3172525
3172857
3172899
3173283
3173588
3173666
3173830
3173857
3174473
3174481
3174512
3174577
3174887
3175022
3175049
3175567
3176862
3176912
3177248
3177319
3177388
3177545
3177579
3177911
3177914
3178030
3178149
3178153
3178450
3179233
3179277
3179480
3179570
3180000
3180056
3180090
3180232
3180281
3180627
3181266
3181703
3181945
3182332
3182654
3182803
3183180
3183289
3330518
3332810
3340011
3446161
3446643
3448245
3448794
3450199
3451521
3451967
3456147
3456451
3489859
3489892
3490348
3491494
3493098
3493145
3493152
3493513
3493858
3494198
3494311
3494336
3494435
3495271
3495956
3496177
3496283
3497026
3497137
3497949
3498040
3498098
3498232
3499129
3499973
3500023
3500246
3500367
3500620
3501609
3502153
3502617
3503050
3503051
3503251
3503269
3503513
3503847
3504243
3504369
3504428
3504924
3505438
3505926
3506817
3506851
3506986
3507219
3507845
3507857
3507916
3508237
3508652
3508692
3508750
3508951
3509169
3509479
3509738
3510489
3511080
3511208
3512493
3512506
3512877
3512998
3513031
3534712
3534842
3534887
3535446
3537137
3537309
3537439
3537551
3537650
3537957
3538152
3538158
3538430
3539079
3539266
3539485
3539717
3540509
3541034
3541233
3541234
3541418
3541697
3541868
3542023
3543245
3544851
3545286
3545809
3546003
3546154
3546369
3546494
3547649
3548357
3548400
3549052
3549387
3549525
3550050
3550293
3550329
3550666
3551115
3551250
3552330
3603261
3603290
3603386
3603535
3603895
3604573
3604720
3605379
3605513
3605548
3605813
3606270
3606647
3606817
3607294
3607492
3607575
3608026
3608444
3609017
3609254
3609269
3609370
3609857
3609860
3609997
3610317
3610354
3610732
3610738
3610901
3611150
3611264
3611930
3611961
3611997
3612409
3612458
3613426
3613731
3613740
3614759
3615502
3615713
3616729
3617369
3617902
3618596
3618731
3619241
3619318
3619342
3620339
3620350
3621048
3621871
3622079
3622319
3622444
3622697
3622936
3623435
3623788
3623799
3623967
3624247
3624369
3624380
3624481
3624495
3624537
3624808
3625204
3625284
3919135
3919350
3919755
3919785
3920056
3920863
3920926
3921342
3921641
3921642
3922085
3922500
3922888
3922935
3923254
3923754
3923877
3924960
3925181
3925314
3925672
3925856
3925867
3925903
3925934
3926216
3926609
3927475
3928331
3928400
3929022
3929189
3929978
3930225
3930585
3930831
3930911
3930958
3931003
3931326
3931807
3931924
3931945
3932050
3932164
3932202
3932393
3932548
3932687
3932865
3932893
3932907
3933127
3933930
3933936
3934039
3934215
3934296
3934820
3935083
3935176
3935547
3935789
3935799
3936422
3936692
3936742
4047814
4052359
4053582
4053728
4054769
4061034
4061789
4062889
4064093
4064561
4168228
4253699
4254613
4255168
4255256
4256126
4256136
4257464
4258578
4259358
4259489
4259690
4259829
4259882
4259914
4260762
4260977
4261462
4262012
4262049
4262292
4263354
4263520
4263623
4263780
4264227
4264298
4264589
4264813
4265477
4265559
4265642
4266113
4266468
4266762
4266833
4266962
4268433
4268462
4268532
4268811
4268983
4269323
4269691
4269746
4271471
4272615
4272711
4272881
4272939
4273611
4273682
4274142
4274193
4274249
4274617
4275073
4275330
4275832
4276333
4319667
4319837
4320168
4320179
4320243
4320293
4320460
4320533
4320621
4320697
4320782
4320811
4320977
4321796
4321886
4322020
4322202
4322365
4322489
4322496
4322705
4322730
4322917
4323009
4323235
4323619
4323648
4323690
4324149
4324433
4325122
4325767
4325861
4326616
4326750
4327223
4327556
4327665
4327682
4327775
4327984
4328047
4328381
4328686
4328691
4329016
4329545
4330744
4330827
4330877
4331246
4331692
4332446
4332922
4333296
4333539
4333729
4334415
4334429
4334525
4334632
4334713
4335340
4335595
4336797
4337399
4337863
4338887
4339628
4339655
4339851
4341064
4341135
4341153
4341324
4341604
4341775
4341887
4342136
4342207
4342540
4344167
4345238
4346153
4346849
4347034
4348005
4348121
4348166
4348183
4349371
4350775
4458743
4471122
4474714
4474927
4519520
4519533
4519605
4519723
4519892
4519966
4520017
4520296
4520396
4520650
4520728
4520730
4520754
4520767
4521700
4521703
4522108
4522116
4522248
4522437
4522767
4522891
4522992
4523529
4523582
4523676
4523876
4524410
4524443
4524467
4524504
4524839
4525073
4525116
4525503
4525566
4525975
4526026
4526798
4526859
4526952
4527439
4527761
4528360
4528379
4528434
4528556
4528743
4528764
4528885
4529369
4529444
4529853
4530345
4530858
4530898
4530947
4531224
4531723
4531900
4531969
4532864
4533532
4533664
4533910
4534095
4534700
4534786
4534816
4535212
4535287
4535388
4535750
4536362
4536379
4536445
4536614
4536665
4536735
4537484
4537609
4537656
4537686
4537772
4537836
4538174
4538215
4538284
4538309
4538956
4539646
4540017
4540791
4544397
4548090
4548094
4549647
4553142
4557445
4559741
4559965
4560932
4561735
4567855
4568893
4570977
4632843
4635342
4639010
4673891
4673922
4674004
4674370
4674446
4674602
4675361
4675443
4676720
4677817
4677936
4678540
4679365
4679720
4679891
4679929
4679949
4680036
4680220
4680567
4680780
4681240
4681263
4681435
4682218
4682376
4682901
4684678
4684747
4685214
4685736
4686086
4686830
4686973
4687557
4688529
4688892
4689303
4691481
4691912
4693279
4694121
4695597
4695765
4695974
4699730
4700216
4701384
4701476
4703339
4806546
4807204
4807746
4809523
4810198
4810427
4810615
4810736
4810755
4811900
4812490
4812652
4813064
4813227
4813683
4816907
4816950
4817381
4817501
4817656
4818615
4819101
4819511
4819918
4823767
4824637
4825600
4828814
4836870
4838306
4839406
4951337
5032920
5038101
5038725
5039843
5040891
5042684
5043118
5045824
5054923
5055846
5056024
5056146
5056414
5057152
5057293
5059103
5061548
5061654
5061868
5062276
5062403
5063591
5063880
5064059
5065431
5066063
5067004
5067025
5067028
5068662
5070381
5186018
5190298
5193147
5199102
5308845
5308978
5309368
5309902
5310531
5311237
5311594
5311926
5314769
5314855
5316421
5317414
5318482
5318943
5319087
5319497
5320086
5320557
5321854
5322106
5322344
5322945
5323187
5324503
5325314
5328106
5329524
5387563
5392922
5393141
5393560
5393960
5397078
5399092
5399642
5399655
5403160
5403740
5405887
5409232
5413065
5427353
5428384
5428447
5428872
5429493
5430104
5430178
5430494
5430720
5431160
5431320
5431551
5432125
5432309
5432345
5433418
5433502
5433990
5434179
5434353
5434756
5435020
5435111
5435160
5435290
5435338
5435447
5435647
5435792
5436312
5436431
5436601
5437042
5437126
5437575
5438026
5438273
5438393
5438930
5439403
5439503
5439520
5439730
5440663
5440798
5441053
5441256
5441260
5441437
5441499
5441539
5441585
5441788
5442195
5442402
5442451
5442459
5442547
5442554
5442947
5443168
5443662
5443769
5443909
5444226
5444334
5444597
5444922
5445245
5445591
5445640
5446377
5446510
5446824
5446900
5446923
5447199
5447229
5447669
5447990
5448496
5449490
5449806
5450311
5450783
5451134
5451473
5451813
5452318
5452785
5453078
5453883
5454131
5454214
5454971
5454995
5455022
5455042
5455512
5455628
5455723
5455831
5456066
5456204
5457779
5458232
5459628
5459670
5459942
5460000
5460139
5460167
5460346
5460727
5460819
5463587
5471689
5479767
5634147
5637767
5639034
5639467
5643087
5655738
5655998
5656946
5662926
5667502
5668987
5671254
5678814
5684595
5687311
5687384
5970748
5971285
5971484
5971625
5972472
5972505
5972692
5972902
5973686
5974023
5974346
5974547
5974816
5974881
5975496
5977451
5977973
5977978
5978042
5978228
5978273
5978328
5978822
5978866
5979126
5979724
5979736
5979765
5979857
5980228
5980323
5980499
5980820
5981019
5981084
5982191
5982434
5982526
5982713
5983557
5983588
5983608
5983613
5983859
5983880
5983963
5984048
5984073
5984357
5984824
5984837
5985200
5985304
5985316
5985806
5986314
5986489
5986875
5986936
5987102
5987865
5988189
5988207
6111908
6113500
6113880
6114161
6115467
6117547
6118393
6119589
6121045
6121820
6124173
6127637
6129435
6157097
6159386
6167045
6246135
6247948
6248178
6248507
6249601
6250267
6250289
6250737
6251291
6253736
6254161
6256464
6322403
6325731
6325994
6327962
6331138
6332110
6436316
6436823
6438161
6439183
6439194
6439304
6439456
6439483
6440385
6440414
6440860
6441196
6441243
6442397
6442451
6442559
6442693
6442777
6443063
6443366
6444085
6444408
6444520
6444583
6444586
6444641
6444777
6445100
6446416
6446946
6447332
6447734
6448653
6449470
6449563
6450310
6451915
6452080
6452739
6452749
6452768
6452819
6453312
6548450
6548875
6549218
6549671
6550584
6552463
6553643
6553855
6553868
6554363
6555373
6557227
6557541
6557976
6559230
6559490
6559854
6560954
6561072
6584257
6585156
6585300
6585731
6585954
6586607
6586844
6588084
6590118
6590564
6590881
6590939
6592413
6592575
6592889
6593920
6594645
6595736
6597530
6597883
6598688
6600379
6601582
6601668
6601682
6601803
6603458
6603531
6603648
6605136
6894263
6894613
6894736
6894895
6894930
6895224
6895540
6895965
6896181
6896297
6896559
6896724
6896813
6896860
6896925
6897293
6897821
6898256
6898942
6899014
6899290
6899357
6899360
6899546
6899559
6899773
6900001
6900139
6900384
6900599
6901249
6901946
6902340
6902573
6902814
6903172
6903244
6903423
6904197
6904554
6905382
6905897
6905990
6906092
6906256
6906517
6907401
6907591
6907668
6907935
6908107
6908286
6908417
6908660
6908785
6909628
6909730
6910097
6910840
6911095
6911226
6912111
6912121
6912870
6913215
6913274
6913794
6913877
6914758
6914790
6915015
6915146
6916068
6916341
6918755
6920198
6922016
6922929
6923359
6924984
6925581
6926375
6926454
6926715
6926762
6947690
6949138
6950405
6950783
6951686
6952207
6953112
6955412
6957977
6958375
6960076
6960693
6960723
6960796
6961965
6962611
6964156
7047759
7199602
7201044
7205022
7209162
7210593
7211663
7212153
7213056
7215823
7412236
7413354
7413812
7413835
7413878
7413882
7414372
7414427
7414459
7414578
7414880
7414922
7415114
7415646
7415766
7416365
7416369
7416496
7416541
7416552
7416582
7416885
7417073
7417100
7417243
7417520
7417549
7417647
7417774
7417914
7418293
7419173
7419216
7419287
7419410
7419457
7419526
7419792
7420096
7420830
7421027
7421561
7421678
7421688
7422017
7422195
7422245
7422777
7422854
7423162
7423391
7423496
7423567
7423620
7423697
7423728
7423755
7423994
7424142
7424146
7424837
7424954
7425405
7425589
7425836
7502975
7504780
7509195
7511125
7512925
7517480
7519720
7603331
7603651
7606560
7606693
7606867
7606929
7607053
7607871
7609696
7611277
7611393
7611703
7612081
7612856
7613179
7613263
7613664
7613881
7614396
7614505
7614670
7614808
7615906
7616005
7616624
7617338
7617653
7617711
7617837
7618349
7618913
7619957
7620724
7621451
7621495
7621627
7621803
7622138
7622365
7622531
7623483
7674701
7674817
7674836
7675452
7675867
7676298
7676326
7676340
7676594
7677114
7677673
7677698
7678425
7678867
7679135
7679802
7680388
7680665
7681162
7681414
7681580
7681842
7681881
7682012
7684419
7684570
7685237
7686445
7686502
7686799
7687448
7687734
7687987
7807448
7808225
7808416
7809114
7809194
7809317
7809455
7810213
7810540
7810854
7810982
7811128
7811835
7812806
7812954
7813111
7813209
7813293
7813785
7814404
7814938
7815007
7815018
7815270
7815393
7815801
7815852
7815996
7816541
7816627
7817183
7817217
7817301
7817731
7818367
7818649
7818786
7818893
7819482
7819525
7819538
7819542
7819786
7820391
7820805
7820825
7820903
7821261
7822120
7822781
7822828
7823528
7824040
7824538
7824757
7824828
7824997
7825047
7825092
7825704
7825946
7826179
7826238
7826460
7826584
7826670
7827043
7827280
7828265
7887973
7888099
7888792
7889000
7889235
7890148
7890209
7891013
7891776
7892182
7892386
7892614
7892708
7892998
7893365
7894274
7894387
7894718
7896410
7896575
7896796
7898040
7898432
7898505
7899004
7899452
7899601
7900732
7900771
7901499
7901536
7902050
7903578
7905412
7905736
7905781
7953540
7953670
7953693
7953814
7955201
7955510
7955995
7957047
7957871
7957888
7958250
7958622
7958668
7958762
7960259
7960853
7961353
7961450
7961702
7962261
7962513
7964308
7964840
7965162
7965536
7965547
7965947
7967336
7967575
7967944
7983077
7983482
7983795
7984002
7984147
7984206
7984283
7984316
7984342
7984606
7985248
7985563
7985624
7985643
7985779
7985816
7986249
7986563
7986905
7987956
7987991
7988588
7988623
7988881
7989263
7989309
7989412
7989518
7989750
7989903
7990548
7990754
7990966
7991561
7991574
7991888
7991934
7992165
7992913
7993008
7993265
7994638
7994931
7995589
7995603
7996210
7996512
7996571
7996655
7996748
7996827
7997142
7997256
7997383
8064644
8065561
8067605
8068218
8074409
8085526
8086488
8086787
8087163
8087753
8088621
8088993
8089629
8089745
8090539
8091267
8093433
8095511
8096860
8097276
8097825
8099532
8100035
8138800
8139627
8142413
8147694
8148758
8151985
8154105
8154442
8154874
8158899
8176946
8177752
8177957
8178138
8178206
8178773
8178787
8179101
8179287
8179495
8179950
8180149
8180199
8180275
8180499
8180757
8180984
8181252
8181415
8181433
8181476
8181865
8182430
8182556
8182681
8182734
8182797
8183328
8183404
8183454
8183782
8184059
8184077
8184086
8185035
8185635
8186628
8186637
8186813
8186827
8186899
8187343
8187636
8187778
8188020
8188515
8188730
8188993
8189015
8189053
8189234
8189296
8189495
8189634
8189859
8189887
8190018
8190869
8191009
8191462
8191584
8191828
8192018
8192182
8192211
8192227
8192375
8192417
8192666
8192708
8192793
8193076
8193259
8193358
8193422
8193488
8310275
8312967
8317075
8435535
8766902
8767258
8767511
8767862
8767895
8768417
8768623
8768672
8769384
8769606
8769744
8770405
8770605
8771029
8771154
8771244
8771474
8771487
8771797
8771875
8772296
8772396
8772744
8773288
8773338
8773389
8774871
8775018
8775137
8775320
8775321
8777030
8777136
8777275
8778323
8778476
8779044
8779276
8779297
8779836
8780267
8780404
8780529
8780659
8780704
8780985
8781369
8781376
8781522
8781632
8781731
8781778
8781785
8781806
8782174
8782247
8782251
8782328
8782967
8783157
8783361
8783443
8783551
8783614
8784124
8784272
8784454
8784552
8784603
8784810
8784953
8785245
8785318
8785334
8785696
8785792
8786145
8786253
8786525
8786787
8823042
8823616
8823643
8823894
8823919
8824454
8824854
8824991
8825249
8825366
8825831
8825989
8826077
8826100
8826314
8826910
8827030
8827509
8827869
8828010
8828262
8828694
8828740
8828864
8828949
8829171
8829243
8829256
8829773
8830912
8831636
8831870
8832051
8832416
8832466
8832828
8832951
8833421
8833453
8833764
8833938
8834005
8834064
8834115
8834216
8834483
8834655
8834695
8835231
8836247
8836603
8837627
8837632
8838160
8838410
8838765
8968503
8969844
8970007
8970456
8970631
8970758
8970774
8970844
8970935
8971363
8971393
8971918
8972299
8972364
8972436
8972601
8972632
8972805
8973524
8973615
8973807
8974100
8975014
8975652
8975716
8975777
8976023
8976033
8976263
8976603
8976727
8976906
8976969
8977757
8978132
8978257
8978551
8978591
8978771
8978867
8979375
8979854
8980224
8980364
8980533
8981283
8982616
8982866
8983187
8983797
8984424
8985330
8985463
9033524
9033913
9036113
9036797
9036921
9037831
9038538
9040400
9041900
9042631
9043370
9046952
9048225
9050464
9050973
9051169
9052423
9065216
9065310
9065437
9065570
9065815
9066049
9067537
9067846
9068021
9068044
9068136
9068458
9069093
9069540
9069813
9069855
9070614
9070895
9072549
9072794
9072880
9073982
9074010
9074052
9074120
9074254
9074370
9074830
9075091
9075482
9075833
9075849
9076303
9076377
9077073
9077158
9077337
9077404
9077621
9077714
9077891
9078371
9078678
9078843
9079025
9079317
9079436
9079489
9079620
9080088
9080128
9080155
9080342
9080919
9082117
9082450
9082453
9082633
9083115
9254486
9256033
9256107
9256118
9256943
9257106
9257366
9257483
9257656
9258342
9258741
9258837
9258940
9260327
9260919
9260955
9261072
9261750
9261848
9261942
9262838
9263540
9263564
9263747
9264233
9265476
9266483
9266866
9267421
9267602
9267739
9268028
9268072
9268520
9269218
9372216
9373300
9374492
9374539
9375636
9376479
9377108
9377443
9377692
9377760
9378023
9378250
9378330
9378561
9379138
9379182
9380934
9381076
9381195
9381642
9381789
9382513
9382779
9382803
9383072
9383633
9383651
9383936
9383961
9384202
9384528
9384750
9384823
9384843
9385010
9385065
9385404
9386474
9386808
9386862
9387673
9387889
9387910
9387941
9388081
9388267
9388565
9389349
9389382
9389435
9389520
9389536
9390246
9390358
9427883
9430085
9433616
9434209
9436252
9436943
9437074
9437717
9439575
9441368
9442389
9443068
9443846
9444097
9445732
9478036
9479759
9480771
9481522
9483536
9484293
9484614
9484881
9485983
9486454
9486568
9487107
9489003
9490245
9492399
9495442
9496563
9512615
9514061
9669202
9669262
9669381
9669827
9670116
9670293
9670718
9670791
9670955
9671151
9671172
9671248
9671558
9671841
9671898
9672257
9672359
9672773
9672863
9673709
9673899
9674051
9674063
9674199
9674623
9674704
9674806
9674997
9675797
9675861
9676058
9676416
9676470
9676544
9676616
9676774
9677016
9677062
9677140
9677156
9677492
9678093
9678274
9678333
9678373
9679398
9679466
9679522
9679573
9680441
9680572
9680648
9680745
9680936
9681101
9682133
9682670
9682953
9683208
9683219
9683718
9684348
9684354
9684550
9685581
9686078
9686511
9686764
9686988
9687036
9687326
9687833
9688293
9688710
9688712
9688760
9688850
9688936
9689023
9689177
9689248
9755902
9755988
9756275
9756299
9756537
9756794
9757204
9757637
9758261
9758464
9758878
9758900
9759324
9759387
9759587
9760029
9760607
9760730
9761123
9762035
9762204
9762247
9762319
9762474
9762669
9762683
9762700
9763025
9763229
9763674
9763808
9764190
9764989
9765244
9765473
9765498
9765506
9765539
9765705
9765706
9765734
9765801
9766010
9766033
9766630
9766724
9766879
9767057
9767140
9767324
9767443
9768458
9768886
9768914
9769269
9769821
9769886
9770221
9770693
9771652
9771842
9771879
9848189
9852524
9852681
9912849
10056529
10056698
10057212
10057952
10058765
10058961
10059016
10059339
10059363
10059624
10059846
10060018
10060130
10060479
10060901
10061499
10061887
10062004
10062202
10063525
10063665
10063858
10064040
10064240
10064348
10064537
10064704
10065420
10065688
10065771
10065957
10066311
10066582
10067090
10067207
10067227
10067705
10067792
10068556
10068974
10069650
10069657
10069987
10069991
10070277
10070733
10071213
10071383
10071642
10072020
10072590
10072999
10073238
10073271
10073611
10073676
10073749
10074197
10074375
10074378
10074586
10075256
10220600
10220682
10220715
10221084
10221117
10221684
10223968
10224132
10224230
10224501
10224543
10224759
10224903
10225065
10227287
10228129
10228401
10228750
10229270
10229570
10229640
10230326
10230689
10231310
10231775
10231838
10232571
10233797
10234201
10234212
10234532
10234988
10235019
10235597
10235962
10236425
10236617
10236885
10237285
10237509
10237623
10237860
10237907
10237949
10239048
10239958
10240073
10240318
10240489
10240865
10354968
10355158
10355788
10356134
10356595
10356820
10357204
10357936
10357939
10358105
10358195
10358286
10358897
10359335
10360022
10361018
10362371
10362617
10362713
10362729
10363030
10363101
10364469
10364805
10364877
10365297
10365745
10365836
10366080
10366304
10366733
10366863
10367449
10367764
10525376
10526123
10526133
10526246
10526482
10526659
10526929
10526931
10526969
10530559
10530658
10531660
10531704
10531772
10531901
10532129
10532332
10532542
10532585
10533765
10533929
10534098
10534458
10534606
10535581
10535799
10535816
10537088
10537131
10537453
10537645
10538142
10538314
10539151
10539553
10539900
10540451
10541115
10709659
10768070
10769503
10770797
10771109
10772277
10773172
10773291
10776136
10776205
10777105
10777541
10777823
10777927
10778185
10778264
10778767
10779097
10779804
10779983
10780310
10780490
10781182
10781568
10781602
10782858
10783149
10783588
10784091
10786474
10787702
10788397
10788429
11031757
11033523
11097295
11102401
11102436
11104193
11128004
11128181
11129325
11130347
11132782
11133013
11134148
11134610
11135748
11137447
11137739
11138305
11141259
11230573
11231404
11231611
11231901
11232201
11232449
11232732
11233640
11233774
11233784
11233949
11233987
11234013
11234163
11234477
11235079
11235415
11235725
11236068
11236468
11237064
11237320
11237464
11237490
11237549
11237593
11238042
11238455
11238508
11238572
11238816
11239143
11239224
11239378
11239523
11239550
11239639
11239735
11240064
11240117
11240391
11240401
11240601
11240852
11241990
11242039
11242345
11242370
11242439
11242550
11242630
11242936
11243153
11243208
11243391
11243706
11243797
11243907
11244318
11244401
11244468
11244507
11244557
11245041
11245551
11274286
11275840
11275978
11277075
11277943
11279448
11280241
11281355
11281421
11281458
11281935
11282952
11283324
11283744
11283982
11286963
11337914
11339245
11339377
11339425
11340109
11340629
11341178
11341292
11342184
11342280
11342947
11344042
11344118
11344237
11344469
11345033
11345259
11345431
11345501
11345611
11345764
11345869
11346259
11346263
11346808
11346952
11347319
11347559
11348346
11348371
11348734
11348753
11349162
11349463
11349770
11349982
11350529
11350548
11350769
11350804
11351877
11351893
11351898
11352231
11352347
11352816
11352859
11352860
11352978
11353046
11353541
11353933
11354104
11354653
11354944
11354964
11355042
11355607
11355608
11355944
11356200
11356247
11356415
11356804
11357391
11357660
11357733
11358180
11358445
11358618
11358621
11358641
11358815
11358878
11359007
11359125
11359775
11377537
11378193
11380181
11380227
11382844
11383129
11383316
11383922
11383995
11384760
11385367
11390398
11559009
11559233
11559815
11560140
11560144
11560413
11560576
11560791
11560943
11561187
11561615
11561696
11561974
11561983
11562251
11562607
11563780
11564426
11564438
11564454
11564671
11564719
11565195
11565307
11565427
11565686
11566140
11567109
11568358
11568365
11568875
11568919
11569072
11569079
11569198
11569517
11570626
11570688
11571185
11571548
11571734
11572267
11572300
11572429
11572506
11572691
11573034
11573305
11704091
11704406
11704738
11705615
11705796
11706192
11706264
11706401
11706612
11707195
11707263
11707324
11707707
11708242
11708249
11708497
11709979
11710104
11710857
11711218
11711432
11712042
11712087
11712543
11713082
11713161
11713536
11714247
11714281
11714450
11714618
11715670
11716214
11716337
11716384
11716817
11716997
11717204
11717376
11717441
11717729
11718029
11718092
11718816
11718938
11719079
11719110
11719309
11719671
11719796
11719834
11720257
11720460
11720534
11720554
11721295
11721615
11721907
11722179
11722424
11723209
11723261
11723339
11723863
11724932
11725067
11725113
11725132
11725135
11725374
11725952
11725989
11798187
11798475
11799981
11800439
11801259
11802498
11803218
11804430
11805955
11805969
11807094
11807981
11809057
11809404
11811384
11811671
11815180
11815806
11815887
11816236
12139890
12141012
12141258
12141835
12141969
12142431
12146091
12146863
12148739
12152830
12468841
12470217
12471086
12471184
12471428
12471756
12472789
12472847
12473116
12474595
12475072
12475785
12476766
12479494
12479580
12479875
12482651
12483865
12662685
12663549
12663843
12666098
12666732
12667317
12668857
12669030
12671273
12674212
12738957
12738967
12739442
12739464
12740090
12740360
12740456
12741196
12741620
12741940
12742067
12742147
12742286
12742798
12743382
12743419
12743775
12743922
12744047
12744537
12744627
12744676
12744746
12744861
12744982
12745181
12745197
12745688
12746033
12746101
12746107
12746126
12746246
12746284
12746342
12746873
12747270
12747281
12747393
12747677
12747907
12748048
12748133
12748231
12748279
12748406
12748792
12749652
12749698
12749740
12751121
12751558
12751796
12751910
12751922
12752067
12752269
12752346
12752441
12752693
12752825
12753580
12753643
12753654
12753835
12754143
12754610
12754847
12755085
12755393
12755588
12755639
12755756
12755848
12756931
12757103
12757319
12757366
12758588
12758875
12759480
12763786
12766252
12767378
12767871
12768564
12770843
12915921
12918182
12918790
12918982
12921243
12923915
12924240
12927622
12927891
12928366
12929130
12930006
12985432
12987555
12988995
12989545
12992433
12993108
12996444
12998085
12998407
12998457
12998699
13006275
13211949
13212359
13212619
13212727
13213722
13213763
13213840
13214042
13215518
13215664
13215854
13216170
13216226
13216457
13216890
13217192
13217486
13217535
13217682
13218075
13218095
13218284
13218340
13218625
13218907
13219035
13219469
13219978
13220203
13220455
13220614
13221105
13222192
13222737
13223124
13223129
13223297
13223320
13223356
13223362
13223431
13224204
13224280
13224408
13224938
13225753
13225805
13226179
13226377
13226546
13226895
13242707
13242748
13242830
13242961
13243133
13243267
13243699
13244110
13244149
13244436
13244496
13244523
13245163
13245196
13245381
13246654
13247647
13247984
13248098
13248183
13248307
13248344
13248508
13248608
13250024
13250036
13250847
13252466
13252504
13252945
13253056
13253792
13256293
13272464
13272512
13272595
13272751
13273025
13273138
13273487
13273765
13273800
13274065
13274232
13274334
13274500
13274975
13274995
13275530
13275873
13276086
13276827
13276838
13276852
13277103
13277235
13277667
13277780
13277861
13277946
13278301
13278546
13278565
13278845
13278969
13279379
13279389
13279453
13279699
13279915
13279961
13280480
13280516
13280759
13281089
13281093
13281156
13281247
13281252
13281534
13281853
13282085
13282350
13282537
13282651
13282915
13282948
13283953
13284039
13284240
13284376
13284396
13284465
13284764
13285006
13285224
13285311
13285357
13285773
13285787
13285859
13286113
13286345
13286817
13287511
13287734
13288243
13288698
13288712
13288745
13288764
13288803
13289035
13289038
13289196
13289276
13289322
13289357
13289536
13290046
13290218
13290360
13290538
13290655
13290756
13290840
13290965
13290969
13291349
13291807
13292598
13292689
13292741
13292808
13292982
13293234
13293938
13294521
13294816
13295486
13295549
13296208
13296280
13296330
13296758
13297093
13297423
13297644
13297785
13297852
13298665
13298739
13299824
13299970
13300163
13300560
13300958
13301224
13301602
13301679
13301838
13302161
13302361
13302710
13303623
13304038
13304828
13305001
13305230
13305232
13305518
13305972
13306762
13647724
13648167
13649152
13651548
13654927
13655387
13656359
13656851
13657950
13658946
13660345
13686295
13692877
13696014
13727029
13727974
13732333
13734745
13736250
13736271
13736594
13736874
13737046
13737503
13738075
13738787
13739060
13739405
13739603
13739613
13740093
13741043
13741055
13741236
13741373
13741655
13741699
13741939
13742246
13742664
13743814
13744459
13744606
13744700
13745335
13746670
13746824
13747027
13747116
13747336
13747902
13767127
13767430
13767462
13767966
13768213
13768279
13768288
13768743
13768807
13768884
13769167
13769248
13769837
13769846
13770164
13770295
13770984
13771257
13771709
13771851
13771939
13772002
13773666
13773693
13773855
13773886
13774062
13775039
13775313
13775433
13776473
13776509
13776540
13777391
13777683
13777728
13777789
13778196
13778303
13779172
13781180
13781237
13781762
13782205
13782287
13782289
13782399
13783107
13783136
13783138
13783472
13783992
13784690
13785273
13785320
13785453
13785842
13785967
13787393
13787537
13787651
13787832
13787836
13787864
13788619
13788680
13788808
13788815
13789107
13789188
13789297
13789329
13789822
13789983
13790027
13790096
13790112
13790609
13790741
13790886
13791610
13791651
13791750
13791891
13792147
13792298
13792369
13792707
13792774
13792860
13793045
13793397
13793504
13793844
13794370
13794506
13950386
13951123
13952534
13952652
13952944
13953027
13953120
13953190
13953218
13953273
13953400
13953503
13953596
13953621
13954087
13954377
13954604
13955274
13955454
13955520
13955600
13955860
13956156
13956266
13956485
13956587
13957405
13957489
13957639
13957937
13958656
13958838
13959365
13959814
13960238
13960382
13960909
13961054
13961183
13961419
13962048
13962186
13962462
13962621
13962974
13963727
13963835
13964020
13964259
13964654
13964879
13965229
13965489
13966267
13966325
13966476
13966533
13966805
13966820
13966900
13966918
13967654
13967900
13968603
13968679
13968943
13969264
14160582
14161281
14161553
14162137
14162344
14163860
14163910
14164161
14166075
14166136
14166604
14166747
14167492
14167824
14170041
14170901
14172610
14245400
14349721
14355993
14356071
14356624
14614930
14615984
14617966
14618335
14626308
14628810
14629563
14632030
14632147
14633088
14687923
14688126
14688494
14688502
14688561
14688680
14689729
14689746
14690092
14690246
14690249
14690486
14690520
14690688
14690770
14690900
14690942
14691110
14691120
14691420
14691441
14691474
14692371
14692482
14692783
14692855
14692904
14693063
14693305
14693408
14693621
14693658
14693996
14694269
14695000
14695150
14695226
14695733
14695884
14695968
14696270
14696371
14696522
14696627
14696725
14696873
14697074
14697117
14697189
14697210
14697311
14697534
14697595
14698032
14698370
14698916
14699351
14699353
14699474
14699741
14699790
14700364
14700403
14700505
14700935
14701398
14701486
14701780
14702181
14702721
14702965
14703022
14703087
14703799
14703895
14703963
14703969
14704178
14704311
14704791
14704907
14705259
14706722
14706830
14706846
14706972
14707116
14707185
14707232
14707818
14708179
14708233
14708501
14708743
14708822
14708980
14709197
14709627
14709671
14709802
14710322
14710331
14710613
14710724
14710780
14710886
14710904
14710910
14711006
14749550
14749710
14749957
14750003
14750094
14750306
14750776
14751256
14751788
14751922
14752014
14752025
14752042
14752918
14752945
14752979
14753231
14753374
14753639
14754331
14754451
14754480
14754634
14754868
14755002
14755263
14755377
14755849
14756324
14756434
14756630
14757022
14758108
14758267
14758601
14758881
14759117
14759331
14759362
14759657
14759694
14759975
14760708
14760851
14761020
14761071
14761130
14761245
14761602
14761676
14761773
14761975
14762559
14762733
14762790
14763049
14763402
14763420
14763422
14763854
14763995
14856459
14856840
14858476
14858520
14858622
14859163
14860899
14861058
14861516
14863210
14864012
14865027
14865091
14865103
14865225
14865618
14867051
14871400
14871581
14871664
14872081
14872674
14877151
14877403
14933594
14933924
14934060
14934231
14935209
14935431
14935493
14936055
14936552
14937200
14937483
14937979
14938025
14938701
14938786
14938819
14939428
14939814
14940522
14940852
14941622
14942353
14942521
14943589
14943895
14944125
14944950
14945425
14945458
14945635
14945654
14945868
15011139
15011466
15011654
15013228
15013514
15013691
15013758
15013763
15013901
15014457
15014515
15014638
15014696
15016027
15016245
15017504
15017661
15017987
15018090
15018110
15018432
15018939
15019678
15019841
15019938
15021040
15021385
15021988
15022048
15022140
15022373
15022944
15023100
15023131
15023148
15023154
15024012
15024911
15026426
15027363
15028201
15028335
15028455
15028472
15028519
15028904
15029461
15034694
15035168
15037284
15038952
15038973
15041063
15041274
15041454
15041564
15041840
15041942
15042248
15042434
15042481
15042555
15042577
15042637
15042719
15042760
15043166
15043549
15043732
15043947
15044615
15044661
15044877
15045086
15045221
15045573
15045706
15047089
15047880
15048384
15048577
15049427
15049929
15051157
15051327
15051348
15051599
15051609
15052986
15052992
15053012
15053111
15053135
15053242
15053385
15053740
15053831
15054139
15054160
15054267
15054349
15054738
15054935
15055027
15055040
15055542
15056068
15056741
15057133
15057348
15058007
15058593
15058872
15058996
15059194
15059337
15059359
15059536
15059613
15130348
15134840
15148562
15164726
15167052
15171570
15171682
15172183
15175551
15177447
15179041
15181740
15182113
15182552
15183078
15183716
15184038
15184294
15185313
15185388
15185964
15185976
15186334
15186681
15187025
15187112
15187160
15187249
15187437
15187593
15187602
15187868
15188035
15188068
15188406
15188546
15188898
15189441
15189503
15189573
15189584
15189601
15189756
15189837
15189874
15190424
15190610
15190624
15190839
15191547
15191559
15191572
15191694
15192021
15192172
15192725
15193201
15193337
15193446
15193601
15193772
15193777
15193925
15194316
15194354
15194599
15195215
15195383
15195396
15195560
15240461
15241025
15241186
15242113
15242292
15242603
15242945
15243232
15243379
15246075
15246606
15247044
15247321
15248544
15249051
15249052
15249062
15249319
15249942
15250259
15250263
15251363
15252659
15252887
15253076
15253985
15254106
15254482
15255110
15255629
15255703
15256419
15256738
15256955
15256999
15257170
15258283
15258470
15258474
15258683
15259097
15259194
15259463
15259824
15260185
15260546
15260635
15261000
15261810
15262158
15262282
15262711
15263631
15264098
15304897
15305061
15305136
15306256
15306433
15306510
15306708
15306938
15307322
15307358
15307560
15307677
15307789
15307897
15308082
15308647
15308793
15309228
15309242
15309447
15309662
15309682
15309844
15310158
15310307
15310578
15310630
15310755
15311017
15311056
15311086
15311309
15311578
15311860
15312223
15312272
15312301
15312396
15312761
15313353
15313469
15313730
15314509
15314923
15314996
15315221
15315356
15315436
15316714
15316757
15316813
15316923
15316933
15317062
15317089
15317278
15317306
15317354
15317537
15317549
15317760
15318532
15318557
15318970
15319468
15319977
15320595
15320662
15320896
15415240
15415352
15416195
15416294
15416945
15417882
15418348
15419126
15419774
15419900
15420041
15420185
15420654
15420980
15421448
15422433
15422814
15422983
15423035
15423130
15423374
15423754
15423844
15423991
15424005
15424417
15425270
15425413
15425648
15426271
15426633
15427092
15427208
15427237
15427289
15427602
15427829
15428277
15428543
15428945
15429011
15429061
15429428
15429772
15430079
15430114
15430230
15430366
15430537
15430774
15430827
15431103
15431646
15431980
15450715
15451148
15451569
15452224
15452339
15452405
15452920
15453418
15453655
15453662
15453727
15454369
15454385
15454409
15454475
15454617
15454838
15455388
15455611
15455678
15455777
15456395
15456754
15457172
15457407
15457501
15457651
15458010
15458272
15458348
15459029
15459344
15459359
15460390
15460577
15460645
15461274
15461325
15461362
15461596
15461610
15461941
15462479
15463536
15463544
15464077
15464616
15464628
15466235
15466359
15466511
15466637
15466732
15466965
15467689
15469216
15469230
15469872
15469882
15469973
15470280
15470445
15471087
15504212
15504363
15504566
15504619
15505014
15505082
15505212
15505310
15505793
15506112
15506417
15506456
15506787
15507972
15509090
15509276
15509343
15509496
15509501
15510945
15511009
15511186
15511650
15511794
15512751
15512939
15512944
15513264
15513606
15513856
15513946
15514229
15514823
15514881
15515634
15515735
15515878
15516269
15516586
15516614
15516710
15517157
15517309
15517322
15517642
15517778
15517822
15518093
15518152
15518670
15519103
15519247
15519952
15520468
15520493
15520581
15520687
15521533
15521765
15521883
15593015
15594062
15595815
15595977
15597290
15600555
15603162
15603983
15605336
15678411
15678724
15678794
15679037
15679717
15679815
15680133
15680275
15680522
15681072
15681277
15681806
15681856
15682068
15682128
15682364
15682843
15684204
15685168
15685607
15685629
15685773
15686108
15686210
15687028
15687258
15687372
15687408
15688159
15689191
15689933
15689948
15691148
15692106
15692589
15692744
15692755
15692895
15693353
15693941
15694948
15695587
15695995
15696768
15712293
15717453
15720319
15721628
15725256
15726547
15853989
15865764
15866221
15866249
15866833
15867646
15868748
15869170
15869770
15870964
15871630
15871648
15871663
15871877
15872265
15873024
15873284
15873554
15873632
15873929
15874345
15874440
15874587
15874977
15874993
15875024
15875620
15875754
15875896
15875986
15876087
15876161
15876572
15876674
15877358
15878143
15921304
15922338
15923261
15923770
15923860
15924925
15926215
15927045
15931289
15933597
15935544
15935905
15936432
15938684
16009797
16009806
16009812
16009862
16009992
16010075
16010243
16010341
16010836
16011052
16013505
16014342
16016140
16016332
16016650
16016812
16016902
16016932
16016949
16017686
16017881
16018130
16018247
16018433
16018767
16019899
16020271
16020921
16020937
16021180
16021478
16021745
16022118
16022173
16022403
16023532
16023631
16023706
16025226
16025433
16028790
16032616
16033247
16033300
16033627
16033946
16034146
16034323
16034592
16034966
16038460
16038599
16039676
16040375
16041237
16116442
16117517
16117563
16117758
16117814
16118145
16118178
16118584
16119680
16119782
16120409
16120713
16121123
16121835
16122000
16122695
16123053
16123091
16123132
16123324
16123848
16124527
16124647
16125190
16125340
16125465
16125550
16125982
16126499
16126530
16127031
16127897
16127968
16128821
16129841
16129970
16130202
16130203
16130563
16131468
16131694
16132547
16132685
16133074
16133290
16149058
16171886
16270197
16270470
16277618
16279118
16281431
16281486
16284790
16284853
16286609
16370065
16371286
16372128
16373107
16375975
16377076
16377557
16378211
16379201
16383213
16434908
16437517
16438299
16522094
16522940
16524572
16525980
16528016
16529291
16530260
16531265
16532265
16532349
16533385
16534098
16535555
16535569
16536293
16537268
16538285
16538454
16538587
16560121
16560689
16560816
16561265
16561469
16561481
16561828
16563106
16563153
16563283
16563889
16564725
16566447
16566458
16567592
16567657
16567722
16568219
16568388
16568753
16569034
16569209
16569552
16569775
16570085
16570257
16570561
16571292
16572360
16573339
16573939
16574577
16575662
16576981
16577087
16577158
16577327
16577957
16578926
16579598
16579696
16580696
16580916
16581315
16582682
16640988
16641149
16641478
16641538
16642657
16643389
16643406
16643883
16644761
16644775
16645438
16645501
16646705
16646735
16648692
16649409
16649623
16650169
16650417
16650429
16650435
16650968
16652537
16652775
16654962
16656956
16657539
16657859
16659061
16680193
16681762
16681783
16682251
16682526
16683251
16683814
16685097
16685215
16685284
16687108
16687144
16687334
16688294
16688702
16689077
16689728
16689923
16690346
16692228
16692354
16706329
16707408
16707910
16708281
16708430
16709372
16709384
16709686
16710236
16711024
16711263
16711939
16712128
16712651
16713336
16713336
16713392
16713817
16714229
16714819
16714893
16714938
16715371
16715940
16716269
16716485
16716565
16716781
16716895
16717283
16717283
16717439
16717548
16717844
16718457
16718830
16719283
16719426
16719429
16719737
16720147
16720215
16720285
16720494
16720917
16721236
16721552
16721929
16722160
16722694
16722916
16723335
16723491
16723532
16723548
16723582
16724068
16724133
16724185
16724930
16725543
16725783
16725898
16725979
16726019
16726113
16726711
16727278
16727470
16791566
16791570
16791609
16792140
16792159
16792221
16792499
16792541
16792792
16793161
16793649
16793675
16793830
16793835
16794200
16794395
16794429
16794432
16794599
16794765
16794802
16794949
16795217
16795313
16795464
16795501
16795600
16795630
16795919
16796079
16796480
16796527
16796657
16797062
16797464
16797653
16797655
16797918
16798102
16798612
16798619
16798698
16798727
16798760
16798796
16799331
16799562
16799627
16799928
16800062
16800176
16801101
16801856
16801969
16801974
16802128
16802587
16802605
16802704
16802736
16802806
16803356
16803494
16803560
16803818
16804130
16804289
16804313
16804437
16804514
16804516
16804538
16805096
16805226
16805293
16805415
16805480
16805499
16805596
16805674
16805873
16806199
16806607
16806950
16806961
16807174
16807856
16808044
16808487
16808577
16808806
16808838
16809315
16809596
16809671
16809777
16810030
16810172
16810610
16811001
16811210
16811816
16811950
16812376
16812455
16812605
16812652
16812749
16812858
16813750
16813861
16814305
16814727
16903749
16908658
16908915
16911739
16911929
16912398
16914535
16916106
16917705
16917742
16917962
16918906
16919548
16921832
16922044
16922456
16926017
16929186
17080125
17092212
17163577
17163596
17163683
17163798
17164479
17164648
17164738
17164988
17165124
17165616
17165806
17165806
17165903
17165986
17167011
17167306
17167679
17168206
17168218
17168786
17168793
17169052
17169162
17169955
17170313
17170327
17170478
17170574
17170635
17170786
17170988
17171148
17171254
17171257
17171309
17171430
17171972
17172135
17172366
17172380
17172986
17173106
17173142
17173813
17174174
17174214
17174250
17174320
17174458
17175378
17175614
17175949
17176267
17176370
17176587
17176685
17176734
17176812
17176866
17177192
17177212
17177628
17178055
17178208
17178321
17178438
17178861
17179182
17179363
17179432
17179476
17179649
17179839
17179980
17180188
17180196
17180201
17180757
17180845
17216975
17217730
17217811
17217863
17217901
17219247
17219551
17219555
17219917
17219979
17220084
17220091
17220365
17220882
17220900
17221055
17221984
17222106
17222345
17222653
17223012
17223283
17223803
17224414
17224646
17224728
17224759
17225066
17225368
17225711
17225746
17225913
17226242
17226764
17226891
17227000
17227308
17227974
17228123
17228214
17228350
17228791
17228899
17247889
17249764
17253745
17255603
17256397
17265889
17486232
17487270
17487845
17487883
17487892
17487968
17488294
17489116
17490225
17490996
17491009
17491829
17493027
17494129
17494132
17494271
17495782
17495915
17496161
17497166
17497318
17497466
17498418
17498741
17500682
17500824
17501117
17502342
17502634
17502861
17502979
17503029
17503269
17503844
17503941
17504727
17505718
17506326
17506729
17507046
17507085
17507237
17507363
17507884
17531618
17531632
17531688
17531993
17532049
17532253
17532639
17532802
17533353
17533390
17533459
17533590
17533597
17533669
17533881
17533945
17534027
17534328
17534336
17535377
17535627
17535941
17536069
17536590
17536677
17536803
17536863
17536979
17537062
17537087
17537123
17537282
17537760
17538090
17538716
17538744
17538902
17538916
17539618
17539675
17539961
17540181
17540301
17540616
17540913
17541661
17541853
17542206
17542266
17542513
17542578
17542581
17543181
17543270
17543320
17543474
17543779
17543969
17544630
17544662
17544748
17545196
17946374
17946661
17946815
17947061
17947083
17947403
17947416
17947486
17947522
17948108
17948205
17948550
17948698
17948755
17949390
17949853
17950166
17950211
17950700
17950905
17951025
17951184
17951208
17951211
17951687
17951715
17952093
17952130
17952322
17952445
17952802
17952854
17953767
17953867
17954182
17954764
17955017
17955406
17955874
17956282
17956401
17956463
17956884
17957160
17957359
17957717
17957933
17958383
17958403
17958430
17958494
17959338
17959538
17961349
17961366
17961522
17961698
17962231
17962237
17962310
17962354
17962646
17962810
17962820
17963194
17963447
17963488
17963493
17963871
17964283
17964334
17964526
17965241
17965535
17965685
17965798
17965817
17966014
17966123
17966272
17966408
17966669
17967062
17967373
17967764
17967956
17968422
17968883
17968947
17969168
18052640
18053220
18056918
18057259
18058708
18059074
18068771
18069275
18070415
18071066
18072456
18074525
18083850
18131158
18131414
18131669
18132433
18132446
18132798
18134071
18134239
18134371
18134629
18134753
18135094
18135575
18135629
18136075
18136244
18136305
18136421
18137887
18138174
18138421
18138562
18139240
18139404
18139602
18140005
18140130
18140506
18140651
18141129
18141308
18141319
18141963
18142427
18142952
18143580
18143743
18143862
18143894
18143993
18144909
18145284
18145526
18145760
18146234
18146346
18146378
18146630
18147014
18147501
18274946
18275478
18440233
18443650
18446031
18488791
18495614
18639446
18640094
18640579
18640750
18640805
18640935
18641100
18641262
18642207
18642868
18642992
18643572
18643597
18643681
18644375
18644464
18645013
18645405
18645630
18645732
18646119
18646848
18647101
18647307
18647338
18647429
18647804
18647824
18649255
18649514
18649754
18649785
18649864
18650414
18650426
18650965
18651507
18651556
18750368
18751804
18753773
18753859
18755821
18756131
18758482
18760496
18762085
18764363
18765153
18766731
18770888
18785412
18785536
18785633
18785871
18786165
18788010
18788536
18789496
18789565
18789814
18790127
18790438
18790829
18790844
18791399
18791563
18792181
18792571
18792674
18792798
18792822
18792944
18792952
18793137
18793389
18794245
18794709
18795043
18795233
18795621
18795655
18795674
18796002
18796324
18796815
18797037
18797286
18797483
18797534
18799276
18799654
18799709
18799880
18800239
18800269
18800343
18801032
18801361
18801429
18801464
18801509
18801516
18801645
18801877
18802116
18802391
18802780
18802821
18818203
18818330
18818471
18818472
18818911
18819095
18819857
18820089
18820429
18821163
18821208
18821863
18822705
18822758
18822826
18822992
18823055
18823363
18823520
18823937
18824189
18824887
18825158
18825283
18825455
18825736
18826350
18826444
18826695
18826850
18827159
18827275
18827808
18827848
18828807
18828822
18828860
18829378
18829381
18829540
18830196
18830482
18831362
18831770
18832138
18832193
18832944
18833347
18833623
18834059
18834387
18835404
18835748
18835983
18836602
18860950
18861162
18862004
18964324
18965510
18965866
18966466
18966800
18966849
18967774
18968386
18968483
18968484
18969062
18969795
18969797
18970218
18970856
18971539
18972049
18972913
18973069
18973105
18973914
18973921
18974014
18974081
18975772
18976037
18998271
18999001
18999093
18999370
18999392
18999590
18999864
19000343
19000539
19000596
19000661
19001168
19001629
19001793
19001795
19002095
19002467
19003327
19004379
19004440
19005442
19005570
19005747
19006626
19006743
19006957
19007010
19007619
19007931
19008304
19008413
19008745
19008975
19009285
19009468
19009982
19010624
19010878
19011224
19011629
19011634
19011977
19012119
19012347
19012402
19012661
19013163
19013388
19013931
19013951
19014031
19014071
19014512
19014641
19014765
19015095
19015123
19015385
19015565
19015665
19016567
19016751
19017381
19018220
19018309
19018722
19018861
19018927
19019041
19019552
19020375
19020679
19086687
19087869
19088227
19089152
19089221
19090307
19090410
19090637
19091599
19092104
19092413
19093139
19093301
19095131
19095819
19096196
19096271
19096272
19096405
19097216
19097495
19097543
19098167
19098745
19099163
19099462
19099612
19099701
19099924
19100322
19101841
19101967
19102368
19102412
19102752
19104452
19105959
19152581
19153123
19153591
19154119
19154350
19154828
19155057
19155303
19155705
19156612
19156973
19157477
19158006
19158233
19158479
19158732
19159328
19159358
19160001
19160377
19160395
19160971
19161085
19161331
19161555
19161733
19162619
19162635
19162787
19162859
19162869
19163062
19164154
19164626
19164642
19164942
19165629
19165859
19166053
19166651
19166685
19167022
19167257
19167892
19167906
19168089
19168310
19170348
19170463
19170481
19171482
19171803
19172543
19172599
19247889
19248102
19248319
19248466
19249293
19249659
19249951
19250124
19250386
19250677
19250783
19251856
19252496
19253949
19254069
19254106
19254799
19255930
19256696
19256825
19258314
19258882
19259794
19260250
19260641
19260773
19262605
19262632
19262763
19262934
19263224
19263541
19263770
19333134
19333173
19333523
19333982
19334014
19334108
19334224
19334242
19334427
19334717
19335369
19335415
19335670
19335802
19335806
19336124
19336389
19336645
19337187
19337450
19337916
19338400
19339312
19339638
19340574
19340579
19340616
19340987
19341558
19341788
19341980
19342418
19342501
19343031
19343447
19343545
19343555
19343814
19344036
19344118
19344215
19555001
19555023
19555073
19555221
19555788
19556350
19556598
19556603
19556838
19556857
19557076
19557690
19557728
19557999
19558011
19558184
19558247
19558395
19558558
19559461
19560061
19560131
19560186
19560351
19560395
19560429
19560978
19561661
19562470
19563862
19563893
19564786
19565427
19565631
19565887
19565980
19566056
19566100
19566125
19566135
19566168
19566205
19566281
19566321
19566327
19566372
19566475
19566884
19567121
19567261
19567390
19567853
19568527
19568612
19568659
19568723
19569050
19569631
19569943
19569995
19570003
19570390
19570646
19570671
19571000
19571229
19652672
19652715
19652994
19653367
19654104
19654603
19654700
19654713
19655093
19655176
19655721
19656109
19656228
19656775
19657393
19657626
19658202
19658302
19658444
19659023
19659411
19660455
19661201
19661264
19661560
19662288
19662834
19663191
19664542
19664986
19665262
19665868
19666340
19666813
19690684
19697497
19699595
19767007
19824139
19824526
19824832
19825140
19825170
19825472
19826261
19826756
19826830
19827110
19827224
19827739
19829072
19829312
19829315
19829354
19829516
19829751
19829816
19829964
19830221
19830979
19831130
19831307
19831339
19831445
19831474
19831757
19832292
19833226
19833555
19834191
19834258
19834448
19834471
19834647
19834798
19834816
19834882
19834902
19835046
19835091
19835404
19835924
19836045
19836155
19836704
19837014
19837302
19837559
19837908
19837962
19838469
19838532
19838662
19839257
19839885
19840932
19841341
19841784
19842005
19842185
19842459
19843454
19843518
19843524
19843903
19970686
19973086
19987783
19988704
19988868
19989533
19991268
19991666
19992136
19994152
19994507
19994867
19995440
19997404
19997806
19998571
19998709
19999164
19999277
20000682
20001787
20003180
20005127
20005592
20005957
20079328
20079435
20079436
20079454
20079501
20079859
20080085
20082048
20082069
20083036
20083221
20083339
20083348
20083414
20083502
20083630
20083694
20083974
20084055
20084267
20084667
20084863
20085134
20085443
20085453
20085478
20085594
20085806
20086249
20087485
20087578
20087591
20087673
20088150
20088318
20088440
20088630
20089335
20089743
20089891
20090024
20090096
20090102
20090428
20090709
20090904
20091451
20091532
20092094
20092154
20092469
20092910
20092934
20093080
20093784
20093800
20094059
20094084
20094766
20094776
20133632
20133680
20133960
20134112
20134419
20135276
20136866
20136872
20137334
20139902
20140986
20141894
20142130
20142221
20142413
20142713
20143074
20144923
20145590
20147019
20147757
20242709
20243128
20244230
20245258
20245376
20245657
20245867
20246954
20247080
20247151
20247218
20247328
20247433
20247855
20247855
20247978
20248073
20248346
20248547
20249025
20249181
20249238
20249691
20249951
20250171
20250449
20250635
20251088
20251387
20252109
20252556
20254046
20254300
20254803
20255055
20255470
20256045
20256111
20256333
20256637
20256988
20257039
20257231
20257341
20257861
20258153
20258325
20258670
20259315
20259871
20260080
20261182
20261375
20261736
20261954
20262217
20262274
20262296
20262664
20263011
20298181
20301451
20301960
20366061
20367049
20367158
20367160
20368847
20369983
20370473
20370954
20371513
20373410
20374982
20375466
20375901
20377487
20377721
20378050
20378642
20378713
20378861
20378887
20379039
20380526
20380920
20381087
20382289
20382774
20382884
20383329
20384562
20385211
20402381
20402895
20403617
20403922
20404038
20404221
20405019
20405121
20405748
20405957
20407078
20407492
20408174
20408413
20410011
20410524
20410915
20411038
20412256
20412916
20413162
20414639
20415148
20415268
20415853
20415950
20417654
20418946
20418968
20418995
20419506
20419803
20419855
20420964
20421142
20422043
20422337
20422910
20422990
20423000
20423319
20423874
20424154
20424257
20424281
20452304
20533452
20533456
20534255
20534555
20534789
20534799
20534802
20535348
20535543
20535847
20535858
20535866
20536468
20536734
20537745
20538095
20540177
20540224
20540267
20540427
20540647
20541000
20541572
20541840
20542217
20542481
20542530
20542637
20542981
20543060
20543859
20543860
20544041
20544293
20544394
20544959
20545443
20545702
20546656
20547040
20547182
20548013
20548030
20548264
20548372
20548505
20548580
20548769
20548907
20549357
20549696
20550067
20550225
20550341
20550370
20551121
20551307
20551680
20551691
20552055
20552653
20553224
20680973
20681653
20684077
20689367
20713135
20714868
20715239
20716342
20721071
20723639
20727255
20958982
20959621
20959847
20960813
20963385
20963756
20964300
20967620
20968609
20968927
20969219
20969420
20970080
20970483
20971820
20972184
20974566
20975068
20975071
20975093
20976159
20977023
20977049
20977539
20978929
20978940
21149901
21150494
21151730
21152343
21152408
21152454
21153939
21154137
21154328
21154433
21154462
21154546
21155129
21155267
21155872
21155999
21156956
21157225
21157851
21158483
21158657
21158833
21159698
21160711
21160716
21162000
21539351
21539531
21539591
21539783
21539851
21541255
21541370
21541430
21541545
21542048
21542366
21542651
21542768
21542825
21542870
21543510
21543681
21543934
21544164
21544272
21544469
21544627
21544954
21545063
21545428
21546102
21546157
21546164
21546286
21546887
21546944
21547048
21547096
21547212
21547658
21547742
21548272
21548289
21549371
21549412
21549637
21550187
21550671
21551233
21551323
21551613
21551990
21552560
21553140
21553252
21553337
21553375
21553486
21553666
21554308
21554431
21554474
21554955
21555023
21555430
21555875
21556370
21556811
21556856
21557125
21557619
21557686
21558482
21558875
21559000
21559017
21559038
21559638
21559690
21560327
21561225
21579224
21579645
21580306
21580342
21580707
21580746
21581572
21581637
21582199
21582360
21582539
21583097
21583576
21584082
21585267
21586097
21588104
21588138
21588678
21588960
21589621
21589689
21589926
21591100
21591308
21591810
21591837
21592033
21592044
21592283
21593011
21593236
21593830
21594309
21719726
21720944
21729515
21731351
21734394
21737938
21739209
21813638
21814138
21814214
21814230
21814244
21815031
21815212
21815661
21815712
21815869
21815944
21816305
21816438
21816850
21816969
21817022
21817086
21817109
21817156
21817180
21817350
21817581
21817714
21818598
21818658
21818679
21820101
21820664
21821365
21821548
21821720
21821761
21821977
21822247
21822310
21822492
21822851
21823187
21823429
21823459
21823849
21824072
21824076
21824660
21825168
21825299
21825555
21825909
21825929
21825985
21826024
21826272
21826359
21826372
21826426
21826449
21826611
21826993
21827004
21827036
21827104
21827117
21827185
21827337
21827698
21827722
21827833
21828453
21828532
21828632
21828653
21828801
21828930
21829286
21829883
21829954
21830174
21830225
21830304
21859876
22097450
22098115
22098223
22100065
22100662
22100729
22100885
22101231
22101337
22102355
22102452
22102949
22103226
22103886
22104574
22104960
22105732
22106120
22106185
22106412
22106587
22106800
22106857
22107268
22107485
22107499
22107725
22107780
22108406
22108655
22109094
22109102
22109235
22109527
22109645
22109987
22110231
22110658
22111357
22111444
22111732
22111757
22111828
22111829
22111830
22112718
22113025
22113068
22113225
22113983
22114221
22145555
22147935
22157781
22159098
22159634
22161138
22171007
22171976
22175980
22181174
22255412
22256296
22256454
22257881
22259208
22259569
22260027
22260234
22260413
22260626
22260827
22261000
22261023
22261498
22261584
22262568
22263155
22263736
22264548
22265927
22266771
22267350
22267839
22268840
22270270
22270335
22271017
22271567
22271571
22291777
22291803
22291835
22291989
22292678
22292836
22293020
22293608
22293609
22293665
22293866
22294016
22294464
22294472
22294752
22295100
22295214
22295575
22295666
22295787
22296365
22296736
22297362
22297950
22298456
22298594
22298695
22298815
22299336
22299594
22299831
22300534
22300576
22300729
22300825
22301975
22303169
22303367
22303420
22303734
22305274
22305558
22305571
22305592
22305657
22306072
22306135
22307087
22307089
22307228
22307312
22307365
22307701
22308031
22351935
22377014
22377339
22377667
22377886
22378404
22378760
22379179
22379321
22379341
22379767
22380884
22380897
22381468
22381569
22381689
22382206
22383564
22384618
22384636
22385026
22385298
22385404
22385636
22386189
22386246
22386422
22386736
22386787
22387053
22387156
22387283
22387863
22388045
22388094
22388483
22388874
22389651
22549999
22646876
22649894
22651875
22660128
22660828
22661623
22665800
22667420
22667569
22781393
22782029
22788320
22791194
22813260
22814311
22814785
22815142
22815671
22815757
22816343
22816538
22816572
22816609
22816615
22816687
22817282
22817689
22817958
22818098
22818496
22818611
22818669
22819700
22820336
22820423
22820734
22821001
22821080
22821172
22822298
22822453
22822515
22822858
22822918
22822998
22823177
22823250
22823385
22823705
22823770
22824277
22824341
22825154
22825208
22825384
22825438
22825505
22826012
22826474
22826789
22827151
22827435
22827560
22827703
22827780
22827866
22828023
22828060
22828524
22828578
22828611
22872188
22872593
22889169
22889578
22889670
22889980
22890216
22890674
22891712
22891820
22892063
22892310
22892771
22892841
22893009
22893597
22894143
22894397
22894635
22894877
22895037
22895230
22895401
22895496
22895655
22896111
22896455
22896575
22896712
22896735
22897019
22897440
22897734
22897902
22897992
22898011
22898056
22898074
22898112
22898534
22899077
22899123
22899295
22899616
22899919
22900053
22900492
22900542
22900987
22901026
22901154
22901785
22901845
22902046
22902093
22902101
22902393
22902553
22902610
22902927
22903435
22903523
22903585
22904762
22981371
22982149
22987748
22991525
23003508
23003634
23003979
23004998
23005718
23006833
23011033
23012298
23012731
23013263
23013269
23013432
23013494
23013999
23014250
23014347
23014861
23014933
23015450
23015736
23016094
23016546
23016567
23016650
23016651
23016673
23016775
23016801
23017751
23017888
23018013
23018879
23018912
23019110
23019300
23019715
23020233
23020325
23020535
23020894
23021275
23021861
23021972
23021992
23022059
23022568
23023088
23023167
23023930
23024023
23024267
23024801
23025087
23025263
23025306
23025549
23026187
23026242
23026464
23026502
23026798
23027043
23027075
23065831
23078167
23086026
23089837
23214459
23214886
23215341
23215346
23216180
23217733
23220205
23223131
23224702
23224848
23226864
23228164
23381976
23381983
23382779
23382883
23382940
23384878
23384977
23385043
23385423
23385474
23386264
23386879
23386945
23387208
23387753
23387840
23388243
23388908
23390193
23390631
23391900
23392134
23392223
23392418
23392492
23392636
23393427
23393617
23394282
23394649
23394919
23395014
23395884
23396037
23396291
23396775
23397574
23397595
23397704
23398420
23398629
23398690
23398782
23400117
23400541
23401696
23402471
23402600
23403440
23403521
23403984
23404116
23598307
23609402
23612759
23635287
23644861
23646207
23647381
23710770
23712721
23713529
23713581
23713978
23715589
23715980
23716612
23718772
23718854
23719221
23721381
23721716
23721876
23722384
23722662
23722719
23723598
23723623
23724233
23725484
23725859
23727206
23791886
23791978
23792994
23793238
23793714
23794265
23794447
23794709
23795305
23796237
23796582
23796819
23797575
23797925
23798556
23798807
23801505
23803784
23830056
23882141
23882193
23882196
23882257
23883441
23884570
23884845
23884942
23884978
23885936
23886360
23886971
23888588
23889248
23889491
23889577
23889799
23890916
23891170
23891517
23891742
23895365
23895585
23895678
23897747
23898120
23898228
23898548
23898704
23899581
23900119
23900210
23900551
23900596
23900843
23901702
23902310
23902734
23903250
23903531
23903963
23904016
23904369
23904544
23904596
23905261
23905273
23905406
23905426
23905492
23906106
23906176
23906662
23906902
23907438
23907646
23907769
23908111
23908144
23908507
23908689
23908726
23909116
23909275
23910607
23910867
23911921
23912065
23912230
23912592
23912654
23912999
23913404
23914025
23914117
23914419
23914434
23915103
23915655
23916182
23916434
23916453
23916492
23916766
23917671
23917882
23917882
23918538
23919189
23919874
23920017
23920224
23920229
23920350
23920796
23920926
23921319
23921847
23922277
23923055
23941770
23944579
23945754
23945772
23949894
23953619
23954608
23956362
23957877
23958795
23964047
23964063
23964709
23964896
23964928
23965214
23965401
23965731
23965978
23966023
23966332
23966600
23966624
23967055
23967295
23967647
23967658
23967850
23967933
23968247
23968643
23968824
23969169
23969865
23970126
23970465
23970781
23971112
23971355
23971382
23971951
23972137
23973329
23973824
23973858
23974133
23974560
23974728
23974835
23975483
23975527
23975923
23976137
23976201
23976598
23977910
23978083
23978348
23979274
23979893
23980678
23980755
23980858
23981263
23981543
23981561
23981562
23981689
23982345
23983411
23983854
23984018
23984301
23984444
23984608
23984640
23984691
23985023
23985127
23985584
23985617
23986017
23986146
23986214
23986283
24189325
24189355
24189679
24189969
24190284
24190428
24190916
24190982
24191057
24191629
24191931
24192061
24192328
24192410
24192687
24192723
24192810
24192946
24193300
24193389
24193852
24194327
24194887
24194949
24195396
24195909
24196552
24196781
24198140
24198651
24198764
24198958
24199166
24199398
24199747
24199802
24200292
24200313
24200701
24201324
24202479
24202639
24202949
24202985
24203046
24203385
24203646
24203727
24203920
24204248
24204775
24204851
24205109
24205323
24205856
24206216
24206276
24206416
24206428
24206867
24206996
24207073
24207230
24207267
24207542
24208412
24208545
24208865
24209221
24209370
24209399
24209485
24209886
24210491
24210717
24210781
24211225
24211315
24378989
24379453
24382797
24385288
24388397
24390404
24416183
24862002
24862609
24862974
24863302
24864017
24864092
24864105
24864410
24864640
24864906
24865182
24865539
24865644
24865692
24866136
24866486
24867546
24868077
24868244
24868396
24868461
24868497
24868537
24868642
24868711
24868751
24868869
24868906
24869245
24869302
24869954
24870181
24870420
24870457
24870563
24871044
24871062
24871089
24871121
24871469
24871518
24872101
24872112
24872157
24872198
24872560
24872665
24872680
24873254
24873453
24873674
24873897
24873956
24873958
24874262
24874362
24874406
24874581
24874846
24875031
24875242
24875484
24875616
24875667
24875927
24875964
24876012
24876040
24876156
24876166
24876172
24876653
25151986
25199576
25211705
25211737
25211745
25211927
25212315
25213478
25213533
25213888
25214085
25214447
25214485
25214523
25214621
25214648
25214969
25215127
25215185
25215248
25215530
25215729
25215747
25215927
25215971
25216274
25216441
25217256
25218210
25218999
25219322
25219433
25219616
25219647
25219705
25219756
25220005
25220334
25220347
25220751
25220887
25221331
25221436
25222023
25222300
25222720
25223051
25223479
25223770
25223855
25223874
25224118
25224668
25225276
25225389
25225684
25226041
25226093
25226159
25226356
25226507
25226738
25227052
25227123
25227160
25227401
25227548
25227739
25227849
25227898
25227959
25228098
25228275
25228881
25229326
25229456
25229517
25229938
25230102
25230117
25230174
25230301
25230302
25230675
25230857
25231211
25232153
25232172
25232303
25232710
25232743
25233321
25233361
25233371
25233799
25234026
25234203
25234297
25234556
25234851
25767858
25768662
25791701
25798171
25801213
25801760
25801925
25802486
25803305
25804705
25805671
25806334
25807422
25807650
25808601
25808938
25809106
25809113
25809542
25809569
25810827
25811114
25811254
25811271
25812247
25812343
25812454
25812680
25814849
25816836
25817144
25817702
25818924
25821583
25822216
25822391
25822655
25823492
25824110
25825075
25826470
25829682
25829720
25830129
25844703
25847468
25848475
25849016
25850725
25852056
25853868
25854203
25854538
25855428
25859146
25860315
25860980
25860990
25861025
25861537
25861888
25864082
25864689
25864924
25866905
25867112
25868425
25868672
25870246
25871253
25871574
25871629
25871815
25871917
25872335
25873390
25874487
25875574
25875712
25877094
25878274
25878332
25879940
25880067
25880546
25881838
25882217
25888040
25899470
25899658
25900583
25900828
25901353
25902983
25903340
25905545
25905746
25905974
25906754
25908606
25910731
25911275
25911459
25913979
25914019
25916211
25917302
25917353
25918987
25939864
25939914
25939964
25940852
25941031
25941098
25941191
25941662
25942320
25942324
25942590
25942611
25942746
25942993
25943942
25944453
25944460
25944613
25944820
25944892
25944918
25945545
25945557
25945691
25945943
25946742
25946864
25948434
25948553
25948649
25949472
25949821
25950019
25950053
25950263
25950515
25951213
25951294
25951336
25951431
25951679
25952555
25952625
25952966
25953487
25953622
25954332
25954434
25954736
25955232
25955481
25955874
25955926
25955934
25956676
25957336
25957429
25957465
25958393
25958618
25958796
25958841
25959168
25959279
25959309
25959580
25959878
25959954
25960186
25960200
25960948
25960995
25961145
25961628
25962212
25962473
25962696
25962714
26013133
26013195
26013287
26013473
26014248
26014680
26014810
26015082
26016665
26016904
26018448
26018658
26018753
26019160
26019288
26019504
26019560
26019740
26019778
26020119
26020949
26021012
26021311
26021592
26022805
26023215
26023564
26023959
26024461
26025143
26026151
26026610
26027765
26040637
26042502
26043374
26045758
26046097
26046858
26047954
26048139
26052374
26054651
26054920
26055030
26092174
26092933
26093822
26094810
26095521
26096046
26097411
26100688
26102797
26103687
26104303
26104752
26104925
26106027
26107313
26108131
26108544
26109265
26109330
26111003
26111649
26111659
26125290
26127390
26128102
26249055
26249056
26249483
26249849
26250101
26250407
26250581
26251123
26251351
26251588
26251681
26251748
26252836
26253112
26253423
26254071
26254123
26254167
26254471
26254604
26255063
26256272
26256424
26256462
26256774
26257676
26257876
26258034
26258273
26258660
26258782
26259384
26259837
26260434
26260522
26260799
26260936
26261057
26261403
26261431
26262219
26262252
26262398
26262591
26262778
26263001
26326326
26326599
26330441
26331583
26332619
26335092
26335617
26336135
26370528
26394946
26395116
26395188
26395408
26395500
26395527
26395549
26395966
26395988
26396214
26396647
26396760
26396837
26397141
26397321
26397828
26398258
26399119
26399142
26399818
26399898
26401908
26402040
26402226
26403067
26403192
26403612
26403685
26403806
26404307
26404979
26405531
26405726
26405812
26405823
26406308
26406556
26406802
26406839
26406889
26406964
26407401
26407495
26407532
26407618
26407684
26408391
26408689
26408869
26409317
26409424
26409713
26409767
26410546
26410587
26410655
26411216
26411754
26411768
26411891
26412218
26412277
26412328
26412620
26412820
26412977
26413283
26413288
26413440
26413595
26413758
26413876
26414302
26414821
26414904
26414909
26415027
26415159
26415343
26415572
26415960
26416065
26416375
26416474
26416635
26416730
26416900
26417047
26417846
26417953
26418166
26456626
26457082
26457510
26458169
26460711
26461524
26463846
26463882
26464012
26465641
26467041
26467838
26467962
26468468
26700506
26704554
26706568
26706613
26709567
26711658
26711832
26714695
26717743
26720821
26750893
26751299
26751605
26751685
26751833
26752018
26752065
26752824
26753190
26753385
26753405
26753732
26754465
26755520
26756209
26756305
26756353
26756355
26757292
26757398
26757731
26758728
26758748
26759919
26759927
26760222
26760355
26761224
26761267
26762359
26762566
26762915
26763074
26763697
26763751
26763861
26764582
26765036
26765138
26765650
26766267
26767110
26767331
26767469
26768179
26768342
26768907
26769291
26769451
26790283
26790404
26790601
26790602
26790682
26790876
26790946
26791131
26791170
26791398
26791443
26791659
26791845
26792092
26792448
26792626
26792731
26792792
26793133
26793367
26793624
26793646
26794193
26794598
26794718
26795460
26795560
26795704
26795717
26796764
26796857
26797397
26797597
26797828
26798021
26798134
26798222
26798254
26798305
26798804
26798805
26799347
26799796
26799988
26800220
26800615
26800786
26800840
26800901
26800924
26800926
26801049
26802130
26802284
26802408
26802541
26803075
26803346
26803390
26803943
26804546
27315228
27317435
27317798
27318049
27318539
27318655
27318710
27319532
27319754
27319803
27320741
27320800
27320904
27321309
27321593
27321845
27322925
27322936
27323328
27323565
27324089
27324150
27324536
27325739
27325751
27325898
27326081
27326209
27326999
27327009
27327680
27327695
27327818
27327872
27328186
27328313
27329037
27329178
27329374
27329460
27329561
27330918
27331130
27331684
27331865
27333005
27333056
27334039
27334107
27406890
27408184
27408918
27412507
27421588
27439101
27439295
27439436
27439454
27440226
27440991
27441061
27441411
27441907
27442083
27442291
27442396
27442779
27442856
27443127
27443369
27443527
27443838
27443946
27444241
27444323
27444383
27444384
27444439
27445640
27445650
27445854
27446132
27446748
27448033
27448051
27449157
27449226
27449619
27449700
27449968
27450334
27450805
27450952
27451071
27451107
27451749
27452670
27453113
27453338
27562285
27562924
27563984
27564488
27564635
27566511
27574258
27575621
27576230
27576511
27596336
27596615
27597168
27598608
27600486
27600533
27602848
27605955
27605970
27606656
27607493
27644335
27646176
27647676
27654001
27655943
27659305
27659535
27663261
27666125
27666453
27666789
27666813
27666952
27667741
27667764
27668463
27668595
27668636
27668638
27669002
27669082
27669274
27669314
27669320
27669703
27669762
27670209
27670293
27670385
27670507
27670663
27670677
27670777
27671002
27671229
27671417
27671563
27672150
27672840
27673131
27673203
27673464
27673848
27674128
27674647
27674805
27675215
27675415
27675874
27676193
27676711
27676906
27677237
27677264
27677285
27677292
27677641
27678004
27678994
27679016
27679515
27679734
27679846
27680064
27680113
27680338
27680767
27680859
27681012
27681323
27682204
27682678
27682814
27683483
27683987
27685439
27685585
27685590
27685701
27686389
27686748
27686806
27687067
27687119
27687147
27687626
27688267
27688430
27688706
27688756
28020749
28023709
28023739
28024158
28024511
28024759
28024867
28025335
28025562
28027263
28027423
28027540
28028217
28029389
28033490
28033511
28035024
28035769
28036016
28090593
28091087
28091213
28091286
28095346
28095749
28096857
28097008
28103037
28104333
28104479
28106379
28107979
28110600
28209166
28209286
28209746
28210235
28210262
28210417
28210835
28211027
28211088
28211379
28211387
28211913
28211967
28212082
28212231
28212234
28212250
28212621
28212834
28213624
28214456
28214494
28214580
28214833
28214860
28215070
28215222
28215410
28215784
28217028
28217372
28217774
28217823
28218106
28218320
28218385
28218422
28218507
28218749
28219398
28219501
28219631
28219693
28220482
28220854
28221279
28221393
28221442
28221503
28221809
28222051
28222071
28222453
28222482
28222581
28222596
28222764
28222787
28223036
28223064
28223437
28223872
28223893
28223894
28224074
28224454
28224522
28224620
28224847
28225253
28225294
28225592
28226270
28226759
28226850
28226887
28227240
28228099
28228241
28228523
28228543
28228857
28228934
28229001
28229571
28229880
28230772
28322533
28323339
28323751
28323946
28324283
28324450
28324721
28324924
28325203
28325324
28325357
28325753
28326304
28326387
28326931
28326940
28327091
28327609
28327669
28328002
28328284
28328366
28328642
28328872
28329107
28329396
28329592
28329770
28330242
28330360
28330580
28330740
28330931
28330986
28331005
28331030
28331068
28331085
28331526
28331545
28331779
28332004
28332016
28333351
28333429
28333565
28333913
28334204
28334354
28334400
28334601
28335081
28335266
28335274
28335359
28336436
28336462
28336832
28336959
28337171
28337204
28337403
28337583
28337628
28337711
28337907
28338059
28338260
28338582
28338767
28339707
28340975
28341201
28341814
28342529
28342605
28342787
28343572
28344035
28344037
28344208
28344447
28344600
28344728
28344944
28345443
28345959
28346265
28346282
28346487
28346787
28346959
28346978
28347021
28347235
28347288
28347442
28348082
28348367
28348667
28348708
28349139
28349293
28350523
28350546
28351526
28351675
28351834
28352150
28352346
28352848
28353282
28353803
28353902
28353936
28353953
28354115
28354336
28354544
28354650
28354897
28354966
28355257
28355420
28355454
28355478
28355550
28356074
28356087
28356207
28356944
28357166
28357261
28357962
28428947
28429549
28429948
28430228
28430955
28431091
28431345
28431657
28431711
28432368
28432679
28433029
28433502
28434349
28434773
28434999
28435348
28435668
28435676
28436387
28436676
28436708
28437259
28437355
28437613
28437978
28438101
28438331
28438607
28438834
28438848
28439378
28439523
28440191
28440211
28440227
28441730
28442015
28442268
28442799
28442838
28442931
28443106
28443298
28443410
28443794
28443945
28444076
28445424
28446237
28446330
28446513
28447255
28447481
28447568
28448655
28448782
28448819
28449217
28449628
28449745
28450313
28479918
28480100
28484228
28484536
28484782
28485433
28485537
28486924
28487272
28487537
28488040
28488508
28489366
28489515
28489656
28490269
28490385
28492946
28493174
28493370
28493704
28494035
28494358
28495495
28496549
28496613
28496726
28497418
28497963
28498434
28499088
28499370
28499748
28499874
28501492
28502351
28502744
28502890
28789695
28790921
28790982
28791796
28796128
28796151
28796200
28798309
28798912
28799125
28799329
28800175
28800549
28801552
28804320
28806260
28808138
28808583
29004292
29004731
29008302
29008802
29021733
29062179
29062206
29062686
29062960
29064103
29064781
29064947
29066260
29066384
29066568
29066612
29066996
29067341
29067879
29068166
29068275
29068511
29068573
29069030
29069434
29069550
29069618
29070134
29070217
29070583
29071792
29072075
29072192
29072451
29072573
29073374
29073395
29073487
29073815
29074081
29074129
29074260
29074367
29074527
29074943
29075130
29075296
29075373
29075916
29076100
29076402
29076551
29519095
29519635
29519941
29520043
29520282
29520481
29520491
29520885
29522666
29523067
29523327
29523531
29523568
29523904
29524515
29524588
29524737
29525862
29525946
29526076
29526103
29526291
29526372
29526469
29526873
29528028
29528061
29528427
29528852
29528897
29529433
29529557
29530190
29530365
29530436
29530556
29530781
29530821
29531087
29531149
29531549
29531799
29532005
29532464
29532964
29533342
29533594
29533625
29533852
29533994
29534782
29535176
29535553
29535824
29536042
29536647
29536938
29537929
29538219
29538445
29538897
29539371
29539794
29540073
29540991
29542648
29542883
29543967
29544149
29544401
29544470
29544826
29545273
29545316
29545780
29545811
29545949
29546050
29547379
29547612
29547928
29549545
29549968
29550259
29551167
29552212
29552797
29553379
29554424
29555274
29555829
29556067
29557315
29580236
29604152
29604816
29604964
29605234
29605819
29606315
29607237
29607754
29612129
29612362
29612394
29614348
29614927
29615146
29615654
29618207
29621184
29621532
29622331
29622837
29623617
29637377
29639548
29641133
29644729
29645302
29647290
29647644
29647666
29649713
29651159
29651286
29652300
29652824
29653772
29655612
29658564
29658914
29659147
29659859
29660711
29661557
29662200
29662583
29663411
29663534
29663568
29663898
29664521
29664908
29665400
29665419
29666339
29666415
29666461
29666725
29666743
29667908
29667953
29668301
29668505
29669414
29670006
29670164
29670173
29670616
29671088
29673509
29673819
29675250
29675485
29675493
29676366
29676505
29677474
29677612
29678207
29679074
29679462
29680485
29680539
29680649
29680954
29681452
29681547
29681843
29681869
29681958
29681979
29682825
29684697
29684723
29684954
29685155
29685458
29685916
29686099
29686323
29686464
29686506
29686519
29686528
29687149
29687206
29688147
29688815
29689140
29689675
29689733
29689771
29690023
29691228
29691436
29691941
29692000
29692389
29692487
29692592
29692731
29692745
29692750
29732535
29743405
29784960
29861084
29864895
29870161
29912157
29912399
29913599
29918362
29921261
29921403
29922047
30013854
30014196
30016509
30018615
30019826
30020189
30020190
30020794
30021978
30022097
30022457
30023944
30026234
30026725
30351914
30355495
30355538
30355639
30356600
30357732
30386815
30388383
30390887
30391770
30392751
30394427
30395310
30397178
30400950
30401983
30402631
30402861
30403846
30405896
30406270
30406991
30407685
