46
84
234
334
502
549
598
613
675
735
765
795
1014
1151
1306
1404
1433
1449
1921
1958
2211
2339
2446
3000
3474
4171
4435
4856
4956
5194
5242
5276
5530
5714
5807
6102
6131
6785
6822
6868
7042
7376
7781
8110
8307
8636
8865
9001
9024
9619
9759
10036
10146
10418
10430
10607
10866
10957
11081
11650
11784
11934
12006
12243
12268
12334
12601
12837
12841
13889
14037
14058
14183
14376
14427
14482
14528
14959
14985
15016
15085
15092
15185
15310
15521
15928
16004
16154
16434
16713
17067
17210
17781
17858
18207
18545
18999
19051
19097
19670
