88153
90613
91516
92742
92912
97708
98945
103608
103819
105131
105406
107380
108672
109101
245100
245466
245943
246050
247048
247157
247234
247692
248047
248282
248544
248898
248954
249004
249491
249556
250000
250020
250652
251687
252127
252829
252861
253176
253184
253647
254732
255535
256074
256293
256648
258139
258670
259014
259896
261101
261104
261585
261863
262042
262073
263038
263132
263542
263723
264148
264478
264659
264791
265168
265410
265755
265764
266455
266870
283590
283608
284270
284414
284473
284784
285317
286761
286943
287082
287168
287512
287539
287766
287932
288011
288113
288181
288406
288633
289150
289202
289903
290028
290159
290652
290984
291060
291641
291959
292319
292479
292939
293106
293139
293438
293500
293700
293900
294143
294806
294957
294973
295528
295698
296201
296372
296643
297362
297376
297565
297687
297984
298634
298854
299355
299711
299972
300016
300462
300541
300581
300691
300885
301853
302128
302723
302871
302978
303030
303340
303471
303638
303679
303852
304075
304348
304397
304609
304730
304975
305135
305364
305473
305612
357782
358216
358872
358972
359004
359056
359752
359838
359984
360104
360697
360871
361044
361068
361373
361581
361936
362168
362548
362669
362927
363396
364413
364857
364969
364992
365125
365264
365542
365747
365817
366266
366361
366515
367292
367516
368534
368723
368829
369059
369384
369408
369436
369550
369583
369595
404650
406091
407004
407409
408417
408995
410016
410152
410353
411351
413875
415170
416761
417718
418204
418455
420750
421004
421457
422260
426177
427265
427441
427518
427569
496143
496241
496314
496584
496759
496883
497724
497918
498027
498081
498781
499680
499819
500108
500112
500609
501417
501906
502585
503557
503834
504187
504409
504421
504665
505133
505224
505448
505794
506551
506628
506877
506964
506969
507332
507469
507635
507709
507852
508467
508664
509552
509858
510063
510162
510344
511238
511351
511626
511767
511975
511995
512300
512702
513398
513433
513597
513777
529357
530161
530223
532030
532203
532633
532993
533302
533387
533689
535647
535751
539569
540828
543020
543546
543735
543872
545169
547116
547408
547459
547956
549568
549951
550248
550407
550444
594671
685963
686172
686772
686952
686981
687117
687469
687549
687771
688535
688561
688623
688742
688864
689370
689840
689917
690462
690627
691274
692284
692592
692962
693303
693354
693605
694136
694605
694974
695431
696232
697025
697481
697632
697866
698423
699217
699297
699522
699528
699706
700300
700620
700745
701568
701931
702298
702307
702347
702521
702899
703675
703853
703892
703953
704822
704886
705363
705378
705453
774241
774323
774720
775544
775550
776272
776277
776390
776464
776704
776773
776957
777392
777786
778181
778556
778575
778644
778765
778831
779521
780428
780545
780589
781299
781333
781459
782033
782092
782198
782593
782802
784194
784266
784487
784904
785235
785683
785764
786254
786487
786717
786804
786839
786992
787635
788441
788578
789573
789646
790084
790618
790976
790993
791441
791619
791649
792876
792987
793322
793473
793646
793864
793954
794663
795099
795173
795624
795746
795900
796007
796180
796268
796995
797041
875334
875446
875570
876908
878635
878967
879067
880807
881160
882775
885166
886746
887124
1020674
1020768
1020846
1021276
1021329
1021424
1021641
1021898
1021976
1022087
1022150
1022241
1022869
1023215
1023405
1023726
1023885
1025232
1025451
1025944
1026052
1026181
1027278
1027399
1027476
1027952
1027992
1028198
1028811
1028869
1028938
1029263
1029283
1030042
1030183
1030558
1030646
1030866
1031138
1031401
1032431
1032623
1032919
1033258
1033608
1033610
1034646
1035149
1035403
1035524
1035844
1035956
1036153
1036373
1036472
1036595
1036628
1036752
1036962
1037274
1037397
1037562
1038105
1038237
1038354
1039261
1039304
1039904
1041508
1049880
1050534
1051749
1053047
1053922
1056286
1056712
1056762
1140411
1153633
1160064
1162909
1163438
1165564
1167986
1214982
1215206
1215214
1215230
1215987
1216218
1216453
1217220
1217235
1217416
1217706
1217712
1218290
1218905
1218996
1219066
1219145
1219742
1219929
1220246
1220803
1220886
1221048
1221909
1222014
1222454
1222602
1222831
1223040
1223078
1223171
1223256
1223459
1223638
1223655
1223798
1223879
1223958
1224625
1225252
1225435
1225753
1225926
1226429
1226779
1226979
1227065
1227289
1227396
1227830
1229123
1229283
1229382
1229522
1229795
1230060
1230102
1230151
1230212
1230250
1230819
1230842
1230896
1230908
1275455
1275693
1276026
1276189
1276698
1276718
1276982
1277028
1277231
1277585
1278265
1278926
1279456
1279604
1280030
1280246
1280431
1280568
1280643
1280706
1281012
1281016
1281067
1282324
1282512
1282680
1282825
1283222
1283595
1283624
1283642
1283672
1283677
1283687
1283815
1283869
1283924
1284204
1284288
1284356
1284879
1284904
1285483
1285487
1285638
1285944
1286022
1286184
1286222
1286321
1286472
1286620
1287062
1287192
1287325
1288383
1288833
1289025
1289122
1289191
1289222
1289338
1289530
1289732
1289853
1290098
1290162
1290500
1290631
1290659
1290841
1290913
1291217
1291740
1291791
1292075
1292098
1292247
1292441
1293030
1293778
1293852
1293962
1293970
1294579
1294828
1295659
1296345
1296420
1296682
1296689
1297585
1297754
1297947
1298004
1298047
1298193
1298249
1298386
1387065
1388003
1388396
1388721
1389258
1389291
1389423
1389869
1390248
1390831
1391055
1391242
1391269
1392372
1392677
1392874
1393185
1393373
1393466
1393841
1394671
1395172
1395314
1395609
1395862
1395920
1396035
1396173
1396643
1396689
1396710
1397004
1397375
1397568
1397799
1398200
1398765
1398856
1399030
1399090
1532279
1532350
1532808
1533507
1533922
1534753
1534781
1534904
1535077
1535281
1535402
1535709
1536608
1536660
1536788
1537599
1537694
1538017
1538307
1538486
1538929
1541767
1541873
1543536
1544257
1545029
1545059
1546153
1548313
1548458
1647940
1648392
1648433
1648883
1649293
1649919
1651296
1651549
1651835
1654522
1655444
1655453
1662327
1662336
1664228
1670026
1670246
1764034
1764727
1765165
1765399
1765498
1765648
1765760
1765946
1766270
1766282
1766389
1766412
1767311
1767578
1767902
1768004
1768710
1770595
1770735
1771268
1771522
1771958
1772300
1772959
1773026
1774167
1774251
1774272
1774581
1775457
1775874
1776271
1776536
1776959
1776995
1777088
1777257
1777615
1778256
1778339
1779023
1779148
1779160
1779545
1780285
1780396
1780402
1780992
1781190
1781441
1849074
1849324
1850016
1850148
1850267
1850640
1850947
1853744
1853764
1853895
1854380
1854599
1854955
1855067
1855481
1855581
1855644
1855829
1855898
1856045
1856254
1856439
1856704
1856867
1857323
1857773
1858416
1858427
1858456
1858477
1858663
1858733
1858776
1858941
1859192
1860167
1860475
1860478
1861731
1861986
1862000
1862461
1862574
1862749
1862890
1863157
1863473
1863787
1863795
1864162
1864306
1864407
1864519
1864679
1864714
1865493
1865923
1867144
1867293
1868129
1868303
1868980
1869020
1869344
1869373
1869676
1869776
1870322
1871023
1871202
2062892
2063093
2065243
2065341
2065785
2066464
2066802
2067061
2067149
2067308
2067548
2068664
2069389
2069498
2069541
2070680
2070703
2070931
2071946
2072020
2072692
2073025
2074929
2075663
2075847
2076960
2077145
2077520
2077974
2078460
2079207
2079694
2080083
2080466
2080855
2081207
2081219
2081291
2082732
2083105
2083941
2083993
2085453
2086016
2086057
2203858
2204011
2204650
2205094
2205206
2205496
2205800
2206011
2206449
2206790
2206909
2207493
2207525
2208463
2208703
2208707
2208820
2209103
2209925
2209970
2210040
2210882
2212361
2214691
2215632
2215781
2217058
2217210
2217281
2217465
2218342
2274767
2275225
2275436
2275637
2276554
2276571
2277713
2278713
2279074
2279096
2279684
2279906
2279920
2280961
2281313
2281410
2281735
2281744
2282996
2283887
2284162
2284205
2284340
2284360
2284412
2285051
2285253
2285393
2285612
2285653
2285815
2286199
2286448
2286486
2286930
2287010
2289263
2289665
2290262
2291260
2291922
2291963
2292361
2292382
2292463
2292839
2292947
2293267
2293435
2293446
2294082
2294549
2294829
2294906
2296002
2296693
2364000
2370906
2375701
2440612
2444846
2445191
2448108
2450367
2454927
2455319
2456226
2460693
2484558
2488974
2490246
2506040
2509141
2518609
2546901
2547173
2547268
2547307
2547716
2547736
2548033
2548266
2548272
2548332
2548639
2548801
2549235
2549343
2549498
2549868
2549876
2550565
2550769
2551189
2551765
2552141
2553750
2553865
2554071
2554342
2554683
2554711
2555125
2555476
2556399
2556454
2556911
2557115
2557363
2558753
2559156
2559441
2559775
2559955
2560089
2560215
2560262
2560593
2560616
2560638
2560765
2562083
2562552
2562739
2562820
2562826
2562868
2562947
2563349
2563501
2563717
2563951
2564080
2564692
2565039
2565201
2565454
2565922
2565992
2566308
2566797
2566885
2567060
2567228
2622964
2624024
2624732
2625437
2625474
2625727
2627665
2627688
2628453
2628600
2628639
2629942
2631824
2632409
2632439
2633084
2633772
2634613
2634878
2634889
2669663
2697318
2697336
2698020
2698058
2698265
2698352
2698623
2698711
2699799
2700532
2700576
2700886
2701204
2701234
2701295
2701370
2701482
2701586
2701723
2702089
2702143
2702851
2703096
2703671
2703942
2704138
2704346
2704415
2704679
2704713
2705074
2705164
2705261
2705414
2705427
2705490
2705589
2705771
2705942
2706134
2706396
2706765
2706942
2707450
2707712
2707852
2708092
2708772
2709124
2709188
2709452
2709638
2709717
2709776
2709943
2710053
2710264
2710300
2710312
2710547
2711024
2711147
2711254
2711311
2711504
2711898
2711905
2712156
2712183
2712443
2712847
2712877
2712922
2713151
2713505
2713515
2713732
2713791
2714240
2714297
2714352
2714563
2714642
2714741
2714759
2715253
2715451
2715541
2715754
2716270
2738994
2743293
2744980
2749704
2758686
2846695
2846947
2847155
2847624
2847792
2847937
2848084
2848131
2849142
2849424
2849457
2849957
2850079
2850093
2850284
2851054
2851259
2851885
2851950
2852186
2852346
2852839
2853385
2854712
2854842
2855027
2855142
2855471
2856032
2857061
2857515
2858223
2858319
2858940
2859037
2859203
2859337
2859610
2859913
2861048
2861126
2861485
2861808
2862018
2863133
2864013
2943500
2943632
2943710
2943912
2943953
2944442
2945390
2945489
2945553
2945766
2945940
2946363
2946445
2946491
2946941
2947051
2947179
2947429
2947494
2947614
2947743
2947835
2948152
2948178
2949572
2949695
2949766
2949818
2950721
2950782
2950863
2950875
2951006
2951025
2951214
2951310
2951310
2951397
2951402
2951817
2952152
2952865
2954015
2954197
2954627
2954656
2954838
2954952
2955033
2955116
2955209
2955577
2955657
2956336
3142184
3142196
3142285
3142344
3142563
3142634
3142686
3142850
3142900
3143073
3143356
3143357
3143362
3143420
3143581
3144025
3144205
3144403
3144759
3144886
3145119
3145189
3145457
3145459
3145564
3145649
3145710
3145989
3146424
3146678
3146695
3146727
3146953
3147378
3147467
3147830
3149158
3149534
3149629
3149938
3150491
3150706
3150920
3151252
3151294
3151678
3151983
3152061
3152225
3152252
3152868
3152876
3152907
3152972
3153282
3153417
3153444
3153962
3155257
3155307
3155643
3155714
3155783
3155940
3155974
3156306
3156309
3156425
3156544
3156548
3156845
3157628
3157672
3157875
3157965
3158395
3158451
3158485
3158627
3158676
3159022
3159661
3160098
3160340
3160727
3161049
3161198
3161575
3161684
3306927
3309219
3316420
3422570
3423052
3424654
3425203
3426608
3427930
3428376
3432556
3432860
3466268
3466301
3466757
3467903
3469507
3469554
3469561
3469922
3470267
3470607
3470720
3470745
3470844
3471680
3472365
3472586
3472692
3473435
3473546
3474358
3474449
3474507
3474641
3475538
3476382
3476432
3476655
3476776
3477029
3478018
3478562
3479026
3479459
3479460
3479660
3479678
3479922
3480256
3480652
3480778
3480837
3481333
3481847
3482335
3483226
3483260
3483395
3483628
3484254
3484266
3484325
3484646
3485061
3485101
3485159
3485360
3485578
3485888
3486147
3486898
3487489
3487617
3488902
3488915
3489286
3489407
3489440
3511121
3511251
3511296
3511855
3513546
3513718
3513848
3513960
3514059
3514366
3514561
3514567
3514839
3515488
3515675
3515894
3516126
3516918
3517443
3517642
3517643
3517827
3518106
3518277
3518432
3519654
3521260
3521695
3522218
3522412
3522563
3522778
3522903
3524058
3524766
3524809
3525461
3525796
3525934
3526459
3526702
3526738
3527075
3527524
3527659
3528739
3695922
3695951
3696047
3696196
3696556
3697234
3697381
3698040
3698174
3698209
3698474
3698931
3699308
3699478
3699955
3700153
3700236
3700687
3701105
3701678
3701915
3701930
3702031
3702518
3702521
3702658
3702978
3703015
3703393
3703399
3703562
3703811
3703925
3704591
3704622
3704658
3705070
3705119
3706087
3706392
3706401
3707420
3708163
3708374
3709390
3710030
3710563
3711257
3711392
3711902
3711979
3712003
3713000
3713011
3713709
3714532
3714740
3714980
3715105
3715358
3715597
3716096
3716449
3716460
3716628
3716908
3717030
3717041
3717142
3717156
3717198
3717469
3717865
3717945
3891754
3891969
3892374
3892404
3892675
3893482
3893545
3893961
3894260
3894261
3894704
3895119
3895507
3895554
3895873
3896373
3896496
3897579
3897800
3897933
3898291
3898475
3898486
3898522
3898553
3898835
3899228
3900094
3900950
3901019
3901641
3901808
3902597
3902844
3903204
3903450
3903530
3903577
3903622
3903945
3904426
3904543
3904564
3904669
3904783
3904821
3905012
3905167
3905306
3905484
3905512
3905526
3905746
3906549
3906555
3906658
3906834
3906915
3907439
3907702
3907795
3908166
3908408
3908418
3909041
3909311
3909361
4020433
4024978
4026201
4026347
4027388
4033653
4034408
4035508
4036712
4037180
4140847
4226651
4227726
4227772
4227967
4228023
4228354
4228387
4228793
4229889
4229991
4230618
4230922
4231332
4232044
4232209
4232904
4233262
4233300
4233341
4233533
4234057
4234736
4234856
4235399
4235549
4235674
4235759
4236191
4236708
4236739
4237240
4238106
4238177
4239030
4240050
4240179
4240411
4240412
4240772
4241677
4241903
4242756
4242894
4243283
4243499
4277879
4278049
4278380
4278391
4278455
4278505
4278672
4278745
4278833
4278909
4278994
4279023
4279189
4280008
4280098
4280232
4280414
4280577
4280701
4280708
4280917
4280942
4281129
4281221
4281447
4281831
4281860
4281902
4282361
4282645
4283334
4283979
4284073
4284828
4284962
4285435
4285768
4285877
4285894
4285987
4286196
4286259
4286593
4286898
4286903
4287228
4287757
4288956
4289039
4289089
4289458
4289904
4290658
4291134
4291508
4291751
4291941
4292627
4292641
4292737
4292844
4292925
4293552
4293807
4295009
4295611
4296075
4297099
4297840
4297867
4298063
4299276
4299347
4299365
4299536
4299816
4299987
4300099
4300348
4300419
4300752
4302379
4303450
4304365
4305061
4305246
4306217
4306333
4306378
4306395
4307583
4308987
4420515
4432894
4436486
4436699
4481292
4481305
4481377
4481495
4481664
4481738
4481789
4482068
4482168
4482422
4482500
4482502
4482526
4482539
4483472
4483475
4483880
4483888
4484020
4484209
4484539
4484663
4484764
4485301
4485354
4485448
4485648
4486182
4486215
4486239
4486276
4486611
4486845
4486888
4487275
4487338
4487747
4487798
4488570
4488631
4488724
4489211
4489533
4490132
4490151
4490206
4490328
4490515
4490536
4490657
4491141
4491216
4491625
4492117
4492630
4492670
4492719
4492996
4493495
4493672
4493741
4494636
4495304
4495436
4495682
4495867
4496472
4496558
4496588
4496984
4497059
4497160
4497522
4498134
4498151
4498217
4498386
4498437
4498507
4499256
4499381
4499428
4499458
4499544
4499608
4499946
4499987
4500056
4500081
4500728
4501418
4501789
4502563
4506169
4509862
4509866
4511419
4514914
4519217
4521513
4521737
4522704
4523507
4529627
4530665
4532749
4594615
4597114
4600782
4657132
4658104
4658467
4658878
4661056
4661487
4662854
4663696
4665172
4665340
4665549
4669305
4669791
4670959
4671051
4672914
4699942
4705123
4705747
4706865
4707913
4709706
4710140
4712846
4722682
4735333
4735593
4736541
4742521
4834946
4840305
4840524
4840943
4841343
4844461
4846475
4847025
4847038
4850543
4851123
4853270
4856615
5021427
5021560
5021950
5022484
5023113
5023819
5024176
5024508
5027351
5027437
5029003
5029996
5031064
5031525
5031669
5032079
5032668
5033139
5034436
5034688
5034926
5035527
5035769
5037085
5037896
5040688
5042106
5077714
5162948
5163011
5163436
5164057
5164668
5164742
5165058
5165284
5165724
5165884
5166115
5166689
5166873
5166909
5167982
5168066
5168554
5168743
5168917
5169320
5169584
5169675
5169724
5169854
5169902
5170011
5170211
5170356
5170876
5170995
5171165
5171606
5171690
5172139
5172590
5172837
5172957
5173494
5173967
5174067
5174084
5174294
5175227
5175362
5175617
5175820
5175824
5176001
5176063
5176103
5176149
5176352
5176759
5176966
5177015
5177023
5177111
5177118
5177511
5177732
5178226
5178333
5178473
5178790
5178898
5179161
5179486
5179809
5180155
5180204
5180941
5181074
5181388
5181464
5181487
5181763
5181793
5419420
5427498
5487733
5492013
5494862
5500817
5514373
5517993
5519260
5519693
5525187
5539475
5591753
5592074
5592580
5593574
5593890
5594395
5594867
5595218
5595557
5595897
5596402
5596869
5597162
5597967
5598215
5598298
5599055
5599079
5599106
5599126
5599596
5599712
5599807
5599915
5600150
5600288
5601863
5602316
5603712
5603754
5604026
5604084
5604223
5604251
5604430
5604811
5604903
5607671
5684047
5684917
5685880
5689094
5697150
5698586
5699686
5747352
5748010
5748552
5750329
5751004
5751233
5751421
5751542
5751561
5752706
5753296
5753458
5753870
5754033
5754489
5757713
5757756
5758187
5758307
5758462
5759421
5759907
5760317
5760724
5794773
5796258
5798525
5806085
5811866
5814582
5814655
5815499
5816422
5816600
5816722
5816990
5817728
5817869
5819679
5822124
5822230
5822444
5822852
5822979
5824167
5824456
5824635
5826007
5826639
5827580
5827601
5827604
5829238
5830957
5942693
5943230
5943429
5943570
5944417
5944450
5944637
5944847
5945631
5945968
5946291
5946492
5946761
5946826
5947441
5949396
5949918
5949923
5949987
5950173
5950218
5950273
5950767
5950811
5951071
5951669
5951681
5951710
5951802
5952173
5952268
5952444
5952765
5952964
5953029
5954136
5954379
5954471
5954658
5955502
5955533
5955553
5955558
5955804
5955825
5955908
5955993
5956018
5956302
5956769
5956782
5957145
5957249
5957261
5957751
5958259
5958434
5958820
5958881
5959047
5959810
5960134
5960152
6089700
6091292
6091672
6091953
6093259
6095339
6096185
6097381
6098837
6099612
6101965
6105429
6107227
6113072
6114877
6119292
6121222
6123022
6127577
6129817
6133750
6134667
6136711
6137324
6143515
6327867
6329208
6329371
6329820
6329995
6330122
6330138
6330208
6330299
6330727
6330757
6331282
6331663
6331728
6331800
6331965
6331996
6332169
6332888
6332979
6333171
6333464
6334378
6335016
6335080
6335141
6335387
6335397
6335627
6335967
6336091
6336270
6336333
6337121
6337496
6337621
6337915
6337955
6338135
6338231
6338739
6339218
6339588
6339728
6339897
6340647
6341980
6342230
6342551
6343161
6343788
6344694
6344827
6377011
6377331
6380240
6380373
6380547
6380609
6380733
6381551
6383376
6384957
6385073
6385383
6385761
6386536
6386859
6386943
6387344
6387561
6388076
6388185
6388350
6388488
6389586
6389685
6390304
6391018
6391333
6391391
6391517
6392029
6392593
6393637
6394404
6395131
6395175
6395307
6395483
6395818
6396045
6396211
6397163
6462453
6462960
6464298
6465320
6465331
6465441
6465593
6465620
6466522
6466551
6466997
6467333
6467380
6468534
6468588
6468696
6468830
6468914
6469200
6469503
6470222
6470545
6470657
6470720
6470723
6470778
6470914
6471237
6472553
6473083
6473469
6473871
6474790
6475607
6475700
6476447
6478052
6478217
6478876
6478886
6478905
6478956
6479449
6480335
6481783
6483050
6483428
6484331
6484852
6485757
6488057
6490622
6491020
6492721
6493338
6493368
6493441
6494610
6495256
6496801
6586702
6586734
6586959
6587090
6588012
6588285
6590699
6592142
6593960
6594873
6595303
6596928
6597525
6598319
6598398
6598659
6598706
6702739
6703313
6703340
6703591
6703616
6704151
6704551
6704688
6704946
6705063
6705528
6705686
6705774
6705797
6706011
6706607
6706727
6707206
6707566
6707707
6707959
6708391
6708437
6708561
6708646
6708868
6708940
6708953
6709470
6710609
6711333
6711567
6711748
6712113
6712163
6712525
6712648
6713118
6713150
6713461
6713635
6713702
6713761
6713812
6713913
6714180
6714352
6714392
6714928
6715944
6716300
6717324
6717329
6717857
6718107
6718462
7054281
7055723
7059701
7063841
7065272
7066342
7066832
7067735
7070502
7206339
7206469
7206492
7206613
7208000
7208309
7208794
7209846
7210670
7210687
7211049
7211421
7211467
7211561
7213058
7213652
7214152
7214249
7214501
7215060
7215312
7217107
7217639
7217961
7218335
7218346
7218746
7220135
7220374
7220743
7310828
7311233
7311546
7311753
7311898
7311957
7312034
7312067
7312093
7312357
7312999
7313314
7313375
7313394
7313530
7313567
7314000
7314314
7314656
7315707
7315742
7316339
7316374
7316632
7317014
7317060
7317163
7317269
7317501
7317654
7318299
7318505
7318717
7319312
7319325
7319639
7319685
7319916
7320664
7320759
7321016
7322389
7322682
7323340
7323354
7323961
7324263
7324322
7324406
7324499
7324578
7324893
7325007
7325134
7412593
7415921
7416184
7418152
7421328
7422300
7536521
7538810
7546469
7596241
7709432
7710550
7711008
7711031
7711074
7711078
7711568
7711623
7711655
7711774
7712076
7712118
7712310
7712842
7712962
7713561
7713565
7713692
7713737
7713748
7713778
7714081
7714269
7714296
7714439
7714716
7714745
7714843
7714970
7715110
7715489
7716369
7716412
7716483
7716606
7716653
7716722
7716988
7717292
7718026
7718223
7718757
7718874
7718884
7719213
7719391
7719441
7719973
7720050
7720358
7720587
7720692
7720763
7720816
7720893
7720924
7720951
7721190
7721338
7721342
7722033
7722150
7722601
7722785
7723032
7798006
7798905
7799049
7799480
7799703
7800356
7800593
7801833
7803867
7804313
7804630
7804688
7806162
7806324
7806638
7807669
7808394
7809485
7811279
7811632
7812437
7814128
7815331
7815417
7815431
7815552
7817207
7817280
7817397
7818885
7876131
7876556
7876899
7877352
7878265
7880144
7881324
7881536
7881549
7882044
7883054
7884908
7885222
7885657
7886911
7887171
7887535
7888635
7888753
8027726
8028688
8028987
8029363
8029953
8030821
8031193
8031829
8031945
8032739
8033467
8035633
8037711
8039060
8039476
8040025
8041732
8042235
8059218
8061031
8061261
8061590
8062684
8063350
8063372
8063820
8064374
8066819
8067244
8069547
8143733
8143849
8143868
8144484
8144899
8145330
8145358
8145372
8145626
8146146
8146705
8146730
8147457
8147899
8148167
8148834
8149420
8149697
8150194
8150446
8150612
8150874
8150913
8151044
8153451
8153602
8154269
8155477
8155534
8155831
8156480
8156766
8157019
8270710
8271060
8271183
8271342
8271377
8271671
8271987
8272412
8272628
8272744
8273006
8273171
8273260
8273307
8273372
8273740
8274268
8274703
8275389
8275461
8275737
8275804
8275807
8275993
8276006
8276220
8276448
8276586
8276831
8277046
8277696
8278393
8278787
8279020
8279261
8279619
8279691
8279870
8280644
8281001
8281829
8282344
8282437
8282539
8282703
8282964
8283848
8284038
8284115
8284382
8284554
8284733
8284864
8285107
8285232
8286075
8286177
8286544
8287287
8287542
8287673
8288558
8288568
8289317
8289662
8289721
8290241
8290324
8540988
8541114
8541807
8542015
8542250
8543163
8543224
8544028
8544791
8545197
8545401
8545629
8545723
8546013
8546380
8547289
8547402
8547733
8549425
8549590
8549811
8551055
8551447
8551520
8552019
8552467
8552616
8553747
8553786
8554514
8554551
8555065
8556593
8558427
8558751
8558796
8628869
8629258
8631458
8632142
8632266
8633176
8633883
8635745
8637245
8637976
8638715
8642297
8643570
8645809
8646318
8646514
8647768
8739433
8739789
8740042
8740393
8740426
8740948
8741154
8741203
8741915
8742137
8742275
8742936
8743136
8743560
8743685
8743775
8744005
8744018
8744328
8744406
8744827
8744927
8745275
8745819
8745869
8745920
8747402
8747549
8747668
8747851
8747852
8749561
8749667
8749806
8750854
8751007
8751575
8751807
8751828
8752367
8752798
8752935
8753060
8753190
8753235
8753516
8753900
8753907
8754053
8754163
8754262
8754309
8754316
8754337
8754705
8754778
8754782
8754859
8755498
8755688
8755892
8755974
8756082
8756145
8756655
8756803
8756985
8757083
8757134
8757341
8757484
8757776
8757849
8757865
8758227
8758323
8758676
8758784
8759056
8759318
8761230
8763922
8768030
8906153
8906930
8907121
8907819
8907899
8908022
8908160
8908918
8909245
8909559
8909687
8909833
8910540
8911511
8911659
8911816
8911914
8911998
8912490
8913109
8913643
8913712
8913723
8913975
8914098
8914506
8914557
8914701
8915246
8915332
8915888
8915922
8916006
8916436
8917072
8917354
8917491
8917598
8918187
8918230
8918243
8918247
8918491
8919096
8919510
8919530
8919608
8919966
8920825
8921486
8921533
8922233
8922745
8923243
8923462
8923533
8923702
8923752
8923797
8924409
8924651
8924884
8924943
8925165
8925289
8925375
8925748
8925985
8926970
9002977
9003071
9003198
9003331
9003576
9003810
9005298
9005607
9005782
9005805
9005897
9006219
9006854
9007301
9007574
9007616
9008375
9008656
9010310
9010555
9010641
9011743
9011771
9011813
9011881
9012015
9012131
9012591
9012852
9013243
9013594
9013610
9014064
9014138
9014834
9014919
9015098
9015165
9015382
9015475
9015652
9016132
9016439
9016604
9016786
9017078
9017197
9017250
9017381
9017849
9017889
9017916
9018103
9018680
9019878
9020211
9020214
9020394
9020876
9024641
9042691
9043497
9043702
9043883
9043951
9044518
9044532
9044846
9045032
9045240
9045695
9045894
9045944
9046020
9046244
9046502
9046729
9046997
9047160
9047178
9047221
9047610
9048175
9048301
9048426
9048479
9048542
9049073
9049149
9049199
9049527
9049804
9049822
9049831
9050780
9051380
9052373
9052382
9052558
9052572
9052644
9053088
9053381
9053523
9053765
9054260
9054475
9054738
9054760
9054798
9054979
9055041
9055240
9055379
9055604
9055632
9055763
9056614
9056754
9057207
9057329
9057573
9057763
9057927
9057956
9057972
9058120
9058162
9058411
9058453
9058538
9058821
9059004
9059103
9059167
9059233
9234816
9236363
9236437
9236448
9237273
9237436
9237696
9237813
9237986
9238672
9239071
9239167
9239270
9240657
9241249
9241285
9241402
9242080
9242178
9242272
9243168
9243870
9243894
9244077
9244563
9245806
9246813
9247196
9247751
9247932
9248069
9248358
9248402
9248850
9249548
9352546
9353630
9354822
9354869
9355966
9356809
9357438
9357773
9358022
9358090
9358353
9358580
9358660
9358891
9359468
9359512
9361264
9361406
9361525
9361972
9362119
9362843
9363109
9363133
9363402
9363963
9363981
9364266
9364291
9364532
9364858
9365080
9365153
9365173
9365340
9365395
9365734
9366804
9367138
9367192
9368003
9368219
9368240
9368271
9368411
9368597
9368895
9369679
9369712
9369765
9369850
9369866
9370576
9370688
9408213
9410415
9413946
9414539
9416582
9417273
9417404
9418047
9419905
9421698
9422719
9423398
9424176
9424427
9426062
9458366
9460089
9461101
9461852
9463866
9464623
9464944
9465211
9466313
9466784
9466898
9467437
9469333
9470575
9472729
9475772
9476893
9492945
9494391
9649532
9649592
9649711
9650157
9650446
9650623
9651048
9651121
9651285
9651481
9651502
9651578
9651888
9652171
9652228
9652587
9652689
9653103
9653193
9654039
9654229
9654381
9654393
9654529
9654953
9655034
9655136
9655327
9656127
9656191
9656388
9656746
9656800
9656874
9656946
9657104
9657346
9657392
9657470
9657486
9657822
9658423
9658604
9658663
9658703
9659728
9659796
9659852
9659903
9660771
9660902
9660978
9661075
9661266
9661431
9662463
9663000
9663283
9663538
9663549
9664048
9664678
9664684
9664880
9665911
9666408
9666841
9667094
9667318
9667366
9667656
9668163
9668623
9669040
9669042
9669090
9669180
9669266
9669353
9669507
9669578
9736232
9736318
9736605
9736629
9736867
9737124
9737534
9737967
9738591
9738794
9739208
9739230
9739654
9739717
9739917
9740359
9740937
9741060
9741453
9742365
9742534
9742577
9742649
9742804
9742999
9743013
9743030
9743355
9743559
9744004
9744138
9744520
9745319
9745574
9745803
9745828
9745836
9745869
9746035
9746036
9746064
9746131
9746340
9746363
9746960
9747054
9747209
9747387
9747470
9747654
9747773
9748788
9749216
9749244
9749599
9750151
9750216
9750551
9751023
9751982
9752172
9752209
9828519
9832854
9833011
9893179
10036859
10037028
10037542
10038282
10039095
10039291
10039346
10039669
10039693
10039954
10040176
10040348
10040460
10040809
10041231
10041829
10042217
10042334
10042532
10043855
10043995
10044188
10044370
10044570
10044678
10044867
10045034
10045750
10046018
10046101
10046287
10046641
10046912
10047420
10047537
10047557
10048035
10048122
10048886
10049304
10049980
10049987
10050317
10050321
10050607
10051063
10051543
10051713
10051972
10052350
10052920
10053329
10053568
10053601
10053941
10054006
10054079
10054527
10054705
10054708
10054916
10055586
10200930
10201012
10201045
10201414
10201447
10202014
10204298
10204462
10204560
10204831
10204873
10205089
10205233
10205395
10207617
10208459
10208731
10209080
10209600
10209900
10209970
10210656
10211019
10211640
10212105
10212168
10212901
10214127
10214531
10214542
10214862
10215318
10215349
10215927
10216292
10216755
10216947
10217215
10217615
10217839
10217953
10218190
10218237
10218279
10219378
10220288
10220403
10220648
10220819
10221195
10345480
10345670
10346300
10346646
10347107
10347332
10347716
10348448
10348451
10348617
10348707
10348798
10349409
10349847
10350534
10351530
10352883
10353129
10353225
10353241
10353542
10353613
10354981
10355317
10355389
10355809
10356257
10356348
10356592
10356816
10357245
10357375
10357961
10358276
10515888
10516635
10516645
10516758
10516994
10517171
10517441
10517443
10517481
10521071
10521170
10522172
10522216
10522284
10522413
10522641
10522844
10523054
10523097
10524277
10524441
10524610
10524970
10525118
10526093
10526311
10526328
10527600
10527643
10527965
10528157
10528654
10528826
10529663
10530065
10530412
10530963
10531627
10700171
10758582
10760015
10761309
10761621
10762789
10763684
10763803
10766648
10766717
10767617
10768053
10768335
10768439
10768697
10768776
10769279
10769609
10770316
10770495
10770822
10771002
10771694
10772080
10772114
10773370
10773661
10774100
10774603
10776986
10778214
10778909
10778941
11022269
11024035
11087807
11092913
11092948
11094705
11118516
11118693
11119837
11120859
11123294
11123525
11124660
11125122
11126260
11127959
11128251
11128817
11131771
11221085
11221916
11222123
11222413
11222713
11222961
11223244
11224152
11224286
11224296
11224461
11224499
11224525
11224675
11224989
11225591
11225927
11226237
11226580
11226980
11227576
11227832
11227976
11228002
11228061
11228105
11228554
11228967
11229020
11229084
11229328
11229655
11229736
11229890
11230035
11230062
11230151
11230247
11230576
11230629
11230903
11230913
11231113
11231364
11232502
11232551
11232857
11232882
11232951
11233062
11233142
11233448
11233665
11233720
11233903
11234218
11234309
11234419
11234830
11234913
11234980
11235019
11235069
11235553
11236063
11264798
11266352
11266490
11267587
11268455
11269960
11270753
11271867
11271933
11271970
11272447
11273464
11273836
11274256
11274494
11277475
11328426
11329757
11329889
11329937
11330621
11331141
11331690
11331804
11332696
11332792
11333459
11334554
11334630
11334749
11334981
11335545
11335771
11335943
11336013
11336123
11336276
11336381
11336771
11336775
11337320
11337464
11337831
11338071
11338858
11338883
11339246
11339265
11339674
11339975
11340282
11340494
11341041
11341060
11341281
11341316
11342389
11342405
11342410
11342743
11342859
11343328
11343371
11343372
11343490
11343558
11344053
11344445
11344616
11345165
11345456
11345476
11345554
11346119
11346120
11346456
11346712
11346759
11346927
11347316
11347903
11348172
11348245
11348692
11348957
11349130
11349133
11349153
11349327
11349390
11349519
11349637
11350287
11368049
11368705
11370693
11370739
11373356
11373641
11373828
11374434
11374507
11375272
11375879
11380910
11549521
11549745
11550327
11550652
11550656
11550925
11551088
11551303
11551455
11551699
11552127
11552208
11552486
11552495
11552763
11553119
11554292
11554938
11554950
11554966
11555183
11555231
11555707
11555819
11555939
11556198
11556652
11557621
11558870
11558877
11559387
11559431
11559584
11559591
11559710
11560029
11561138
11561200
11561697
11562060
11562246
11562779
11562812
11562941
11563018
11563203
11563546
11563817
11687917
11688232
11688564
11689441
11689622
11690018
11690090
11690227
11690438
11691021
11691089
11691150
11691533
11692068
11692075
11692323
11693805
11693930
11694683
11695044
11695258
11695868
11695913
11696369
11696908
11696987
11697362
11698073
11698107
11698276
11698444
11699496
11700040
11700163
11700210
11700643
11700823
11701030
11701202
11701267
11701555
11701855
11701918
11702642
11702764
11702905
11702936
11703135
11703497
11703622
11703660
11704083
11704286
11704360
11704380
11705121
11705441
11705733
11706005
11706250
11707035
11707087
11707165
11707689
11708758
11708893
11708939
11708958
11708961
11709200
11709778
11709815
11782013
11782301
11783807
11784265
11785085
11786324
11787044
11788256
11789781
11789795
11790920
11791807
11792883
11793230
11795210
11795497
11799006
11799632
11799713
11800062
12116116
12117238
12117484
12118061
12118195
12118657
12122317
12123089
12124965
12129056
12444384
12445760
12446629
12446727
12446971
12447299
12448332
12448390
12448659
12450138
12450615
12451328
12452309
12455037
12455123
12455418
12458194
12459408
12638228
12639092
12639386
12641641
12642275
12642860
12644400
12644573
12646816
12649755
12714304
12716565
12717173
12717365
12719626
12722298
12722623
12726005
12726274
12726749
12727513
12728389
12732031
12732318
12732923
12737229
12739695
12740821
12741314
12742007
12744286
12889560
12889570
12890045
12890067
12890693
12890963
12891059
12891799
12892223
12892543
12892670
12892750
12892889
12893401
12893985
12894022
12894378
12894525
12894650
12895140
12895230
12895279
12895349
12895464
12895585
12895784
12895800
12896291
12896636
12896704
12896710
12896729
12896849
12896887
12896945
12897476
12897873
12897884
12897996
12898280
12898510
12898651
12898736
12898834
12898882
12899009
12899395
12900255
12900301
12900343
12901724
12902161
12902399
12902513
12902525
12902670
12902872
12902949
12903044
12903296
12903428
12904183
12904246
12904257
12904438
12904746
12905213
12905450
12905688
12905996
12906191
12906242
12906359
12906451
12907534
12907706
12907922
12907969
12960975
12963098
12964538
12965088
12967976
12968651
12971987
12973628
12973950
12974000
12974242
12981818
13182597
13183007
13183267
13183375
13184370
13184411
13184488
13184690
13186166
13186312
13186502
13186818
13186874
13187105
13187538
13187840
13188134
13188183
13188330
13188723
13188743
13188932
13188988
13189273
13189555
13189683
13190117
13190626
13190851
13191103
13191262
13191753
13192840
13193385
13193772
13193777
13193945
13193968
13194004
13194010
13194079
13194852
13194928
13195056
13195586
13196401
13196453
13196827
13197025
13197194
13197543
13213355
13213396
13213478
13213609
13213781
13213915
13214347
13214758
13214797
13215084
13215144
13215171
13215811
13215844
13216029
13217302
13218295
13218632
13218746
13218831
13218955
13218992
13219156
13219256
13220672
13220684
13221495
13223114
13223152
13223593
13223704
13224440
13226941
13243112
13243160
13243243
13243399
13243673
13243786
13244135
13244413
13244448
13244713
13244880
13244982
13245148
13245623
13245643
13246178
13246521
13246734
13247475
13247486
13247500
13247751
13247883
13248315
13248428
13248509
13248594
13248949
13249194
13249213
13249493
13249617
13250027
13250037
13250101
13250347
13250563
13250609
13251128
13251164
13251407
13251737
13251741
13251804
13251895
13251900
13252182
13252501
13252733
13252998
13253185
13253299
13253563
13253596
13254601
13254687
13254888
13255024
13255044
13255113
13255412
13255654
13255872
13255959
13256005
13256421
13256435
13256507
13256761
13256993
13257465
13258159
13258382
13258891
13259346
13259360
13259393
13259412
13259451
13259683
13259686
13259844
13259924
13259970
13260005
13260184
13260694
13260866
13261008
13261186
13261303
13261404
13261488
13261613
13261617
13261997
13262455
13263246
13263337
13263389
13263456
13263630
13263882
13264586
13265169
13265464
13266134
13266197
13266856
13266928
13266978
13267406
13267741
13268071
13268292
13268433
13268500
13269313
13269387
13270472
13270618
13270811
13271208
13271606
13271872
13272250
13272327
13272486
13272809
13273009
13273358
13274271
13274686
13275476
13275649
13275878
13275880
13276166
13276620
13277410
13618372
13618815
13619800
13622196
13625575
13626035
13627007
13627499
13628598
13629594
13630993
13631087
13631893
13632305
13632500
13632837
13633004
13633275
13633478
13633757
13633878
13633911
13634307
13634858
13634941
13635485
13635494
13635645
13636163
13636223
13636556
13636838
13636920
13637196
13637426
13637661
13637950
13638146
13638324
13638796
13638914
13639134
13639294
13639485
13639540
13639559
13639584
13639622
13639639
13640080
13640099
13640333
13640558
13640570
13641905
13641983
13642119
13642467
13642758
13642908
13642954
13643155
13643635
13647441
13654023
13657160
13688175
13689120
13693479
13695891
13697396
13697417
13697740
13698020
13698192
13698649
13699221
13699933
13700206
13700551
13700749
13700759
13701239
13702189
13702201
13702382
13702519
13702801
13702845
13703085
13703392
13703810
13704960
13705605
13705752
13705846
13706481
13707816
13707970
13708173
13708262
13708482
13709048
13728273
13728576
13728608
13729112
13729359
13729425
13729434
13729889
13729953
13730030
13730313
13730394
13730983
13730992
13731310
13731441
13732130
13732403
13732855
13732997
13733085
13733148
13734812
13734839
13735001
13735032
13735208
13736185
13736459
13736579
13737619
13737655
13737686
13738537
13738829
13738874
13738935
13739342
13739449
13740318
13742326
13742383
13742908
13743351
13743433
13743435
13743545
13744253
13744282
13744284
13744618
13745138
13745836
13746419
13746466
13746599
13746988
13747113
13748539
13748683
13748797
13748978
13748982
13749010
13749765
13749826
13749954
13749961
13750253
13750334
13750443
13750475
13750968
13751129
13751173
13751242
13751258
13751755
13751887
13752032
13752756
13752797
13752896
13753037
13753293
13753444
13753515
13753853
13753920
13754006
13754191
13754543
13754650
13754990
13755516
13755652
13756009
13756508
13756537
13757605
13758362
13758533
13758908
13759182
13759372
13759796
13759808
13760994
13761497
13762819
13763317
13763912
13764164
13764383
13765256
13765358
13765540
13765563
13766087
13766108
13767751
13769594
13770450
13770919
13773148
13773729
13773744
13774765
13774827
13775091
13775504
13775732
13776097
13776155
13776630
13776674
13776724
13777041
13777295
13920936
13921673
13923084
13923202
13923494
13923577
13923670
13923740
13923768
13923823
13923950
13924053
13924146
13924171
13924637
13924927
13925154
13925824
13926004
13926070
13926150
13926410
13926706
13926816
13927035
13927137
13927955
13928039
13928189
13928487
13929206
13929388
13929915
13930364
13930788
13930932
13931459
13931604
13931733
13931969
13932598
13932736
13933012
13933171
13933524
13934277
13934385
13934570
13934809
13935204
13935429
13935779
13936039
13936817
13936875
13937026
13937083
13937355
13937370
13937450
13937468
13938204
13938450
13939153
13939229
13939493
13939814
14127636
14128335
14128607
14129191
14129398
14130914
14130964
14131215
14133129
14133190
14133658
14133801
14134546
14134878
14137095
14137955
14139664
14193100
14193927
14196713
14201994
14203058
14206285
14208405
14208742
14209174
14213199
14216757
14259825
14259856
14259938
14260304
14260380
14260536
14261295
14261377
14262654
14263751
14263870
14264474
14265299
14265654
14265825
14265863
14265883
14265970
14266154
14266501
14266714
14267174
14267197
14267369
14268152
14268310
14268835
14270612
14270681
14271148
14271670
14272020
14272764
14272907
14313275
14319547
14319625
14320178
14415100
14415162
14415254
14415440
14416215
14416647
14416777
14417049
14418632
14418871
14420415
14420625
14420720
14421127
14421255
14421471
14421527
14421707
14421745
14422086
14422916
14422979
14423278
14423559
14424772
14425182
14425531
14425926
14426428
14427110
14428118
14428577
14429732
14468124
14468327
14468695
14468703
14468762
14468881
14469930
14469947
14470293
14470447
14470450
14470687
14470721
14470889
14470971
14471101
14471143
14471311
14471321
14471621
14471642
14471675
14472572
14472683
14472984
14473056
14473105
14473264
14473506
14473609
14473822
14473859
14474197
14474470
14475201
14475351
14475427
14475934
14476085
14476169
14476471
14476572
14476723
14476828
14476926
14477074
14477275
14477318
14477390
14477411
14477512
14477735
14477796
14478233
14478571
14479117
14479552
14479554
14479675
14479942
14479991
14480565
14480604
14480706
14481136
14481599
14481687
14481981
14482382
14482922
14483166
14483223
14483288
14484000
14484096
14484164
14484170
14484379
14484512
14484992
14485108
14485460
14486923
14487031
14487047
14487173
14487317
14487386
14487433
14488019
14488380
14488434
14488702
14488944
14489023
14489181
14489398
14489828
14489872
14490003
14490523
14490532
14490814
14490925
14490981
14491087
14491105
14491111
14491207
14553190
14553350
14553597
14553643
14553734
14553946
14554416
14554896
14555428
14555562
14555654
14555665
14555682
14556558
14556585
14556619
14556871
14557014
14557279
14557971
14558091
14558120
14558274
14558508
14558642
14558903
14559017
14559489
14559964
14560074
14560270
14560662
14561748
14561907
14562241
14562521
14562757
14562971
14563002
14563297
14563334
14563615
14564348
14564491
14564660
14564711
14564770
14564885
14565242
14565316
14565413
14565615
14566199
14566373
14566430
14566689
14567042
14567060
14567062
14567494
14567635
14607777
14608107
14608243
14608414
14609392
14609614
14609676
14610238
14610735
14611383
14611666
14612162
14612208
14612884
14612969
14613002
14613611
14613997
14614705
14615035
14615805
14616536
14616704
14617772
14618078
14618308
14619133
14619608
14619641
14619818
14619837
14620051
14620271
14620658
14620964
14621272
14621302
14621604
14622393
14622888
14622962
14623242
14623356
14623871
14625204
14625444
14625447
14625486
14625648
14625883
14625948
14626096
14626353
14627111
14627262
14627439
14627471
14627577
14627606
14627889
14628424
14629358
14629687
14630323
14630390
14630580
14630603
14630779
14630930
14630948
14631014
14631034
14631178
14631223
14631536
14632056
14632177
14632287
14632836
14633146
14633434
14633691
14634040
14634094
14634601
14634664
14634794
14635389
14636017
14637064
14637473
14637916
14638137
14638317
14638591
14639586
14639650
14639656
14640035
14657178
14658232
14660214
14660583
14668556
14671058
14671811
14674278
14674395
14675336
14677840
14678221
14679857
14679901
14680003
14680544
14682280
14682439
14682897
14684591
14685393
14686408
14686472
14686484
14686606
14686999
14688432
14692781
14692962
14693045
14693462
14694055
14698532
14698784
14983968
14984295
14984483
14986057
14986343
14986520
14986587
14986592
14986730
14987286
14987344
14987467
14987525
14988856
14989074
14990333
14990490
14990816
14990919
14990939
14991261
14991768
14992507
14992670
14992767
14993869
14994214
14994817
14994877
14994969
14995202
14995773
14995929
14995960
14995977
14995983
14996841
14997740
14999255
15000192
15001030
15001164
15001284
15001301
15001348
15001733
15002290
15007523
15007997
15010113
15011781
15011802
15013892
15014103
15014283
15014393
15014669
15014771
15015077
15015263
15015310
15015384
15015406
15015466
15015548
15015589
15015995
15016378
15016561
15016776
15017444
15017490
15017706
15017915
15018050
15018402
15018535
15019918
15020709
15021213
15021406
15022256
15022758
15023986
15024156
15024177
15024428
15024438
15025815
15025821
15025841
15025940
15025964
15026071
15026214
15026569
15026660
15026968
15026989
15027096
15027178
15027567
15027764
15027856
15027869
15028371
15028897
15029570
15029962
15030177
15030836
15031422
15031701
15031825
15032023
15032166
15032188
15032365
15032442
15103177
15107669
15121391
15137555
15139881
15144399
15144511
15145012
15148380
15150276
15151870
15154569
15154942
15155381
15155907
15156545
15156867
15157123
15158142
15158217
15158793
15158805
15159163
15159510
15159854
15159941
15159989
15160078
15160266
15160422
15160431
15160697
15160864
15160897
15161235
15161375
15161727
15162270
15162332
15162402
15162413
15162430
15162585
15162666
15162703
15163253
15163439
15163453
15163668
15164376
15164388
15164401
15164523
15164850
15165001
15165554
15166030
15166166
15166275
15166430
15166601
15166606
15166754
15167145
15167183
15167428
15168044
15168212
15168225
15168389
15169149
15169545
15170386
15174488
15174769
15175062
15175389
15175920
15178904
15179382
15179512
15180966
15182485
15184480
15186313
15188843
15190036
15217940
15218504
15218665
15219592
15219771
15220082
15220424
15220711
15220858
15223554
15224085
15224523
15224800
15226023
15226530
15226531
15226541
15226798
15227421
15227738
15227742
15228842
15230138
15230366
15230555
15231464
15231585
15231961
15232589
15233108
15233182
15233898
15234217
15234434
15234478
15234649
15235762
15235949
15235953
15236162
15236576
15236673
15236942
15237303
15237664
15238025
15238114
15238479
15239289
15239637
15239761
15240190
15241110
15241577
15282376
15282540
15282615
15283735
15283912
15283989
15284187
15284417
15284801
15284837
15285039
15285156
15285268
15285376
15285561
15286126
15286272
15286707
15286721
15286926
15287141
15287161
15287323
15287637
15287786
15288057
15288109
15288234
15288496
15288535
15288565
15288788
15289057
15289339
15289702
15289751
15289780
15289875
15290240
15290832
15290948
15291209
15291988
15292402
15292475
15292700
15292835
15292915
15294193
15294236
15294292
15294402
15294412
15294541
15294568
15294757
15294785
15294833
15295016
15295028
15295239
15296011
15296036
15296449
15296947
15297456
15298074
15298141
15298375
15392719
15392831
15393674
15393773
15394424
15395361
15395827
15396605
15397253
15397379
15397520
15397664
15398133
15398459
15398927
15399912
15400293
15400462
15400514
15400609
15400853
15401233
15401323
15401470
15401484
15401896
15402749
15402892
15403127
15403750
15404112
15404571
15404687
15404716
15404768
15405081
15405308
15405756
15406022
15406424
15406490
15406540
15406907
15407251
15407558
15407593
15407709
15407845
15408016
15408253
15408306
15408582
15409125
15409459
15428194
15428627
15429048
15429703
15429818
15429884
15430399
15430897
15431134
15431141
15431206
15431848
15431864
15431888
15431954
15432096
15432317
15432867
15433090
15433157
15433256
15433874
15434233
15434651
15434886
15434980
15435130
15435489
15435751
15435827
15436508
15436823
15436838
15437869
15438056
15438124
15438753
15438804
15438841
15439075
15439089
15439420
15439958
15441015
15441023
15441556
15442095
15442107
15443714
15443838
15443990
15444116
15444211
15444444
15445168
15446695
15446709
15447351
15447361
15447452
15447759
15447924
15448566
15502306
15503353
15505106
15505268
15506581
15509846
15512453
15513274
15514627
15555563
15555714
15555917
15555970
15556365
15556433
15556563
15556661
15557144
15557463
15557768
15557807
15558138
15559323
15560441
15560627
15560694
15560847
15560852
15562296
15562360
15562537
15563001
15563145
15564102
15564290
15564295
15564615
15564957
15565207
15565297
15565580
15566174
15566232
15566985
15567086
15567229
15567620
15567937
15567965
15568061
15568508
15568660
15568673
15568993
15569129
15569173
15569444
15569503
15570021
15570454
15570598
15571303
15571819
15571844
15571932
15572038
15572884
15573116
15573234
15655890
15656203
15656273
15656516
15657196
15657294
15657612
15657754
15658001
15658551
15658756
15659285
15659335
15659547
15659607
15659843
15660322
15661683
15662647
15663086
15663108
15663252
15663587
15663689
15664507
15664737
15664851
15664887
15665638
15666670
15667412
15667427
15668627
15669585
15670068
15670223
15670234
15670374
15670832
15671420
15672427
15673066
15673474
15674247
15689772
15694932
15697798
15699107
15702735
15704026
15831468
15843243
15843700
15843728
15844312
15845125
15846227
15846649
15847249
15848443
15849109
15849127
15849142
15849356
15849744
15850503
15850763
15851033
15851111
15851408
15851824
15851919
15852066
15852456
15852472
15852503
15853099
15853233
15853375
15853465
15853566
15853640
15854051
15854153
15854837
15855622
15898783
15899817
15900740
15901249
15901339
15902404
15903694
15904524
15908768
15911076
15913023
15913384
15913911
15916163
15987276
15987285
15987291
15987341
15987471
15987554
15987722
15987820
15988315
15988531
15990984
15991821
15993619
15993811
15994129
15994291
15994381
15994411
15994428
15995165
15995360
15995609
15995726
15995912
15996246
15997378
15997750
15998400
15998416
15998659
15998957
15999224
15999597
15999652
15999882
16001011
16001110
16001185
16002705
16002912
16006269
16010095
16010726
16010779
16011106
16011425
16011625
16011802
16012071
16012445
16015939
16016078
16017155
16017854
16018716
16093588
16094502
16095057
16095145
16096015
16096025
16097353
16098467
16099247
16099378
16099579
16099718
16099771
16099803
16100651
16100866
16101351
16101901
16101938
16102181
16103243
16103409
16103512
16103669
16104116
16104187
16104478
16104702
16105366
16105448
16105531
16106002
16106357
16106651
16106722
16106851
16108322
16108351
16108421
16108700
16108872
16109212
16109580
16109635
16111360
16112504
16112600
16112770
16112828
16113500
16113571
16114031
16114082
16114138
16114506
16114962
16115219
16115721
16116222
16131845
16154673
16252840
16253113
16260261
16261761
16264074
16264129
16267433
16267496
16269252
16364832
16365911
16366413
16366784
16366933
16367875
16367887
16368189
16368739
16369527
16369766
16370442
16370631
16371154
16371839
16371839
16371895
16372320
16372732
16373322
16373396
16373441
16373874
16374443
16374772
16374988
16375068
16375284
16375398
16375786
16375786
16375942
16376051
16376347
16376960
16377333
16377786
16377929
16377932
16378240
16378650
16378718
16378788
16378997
16379420
16379739
16380055
16380432
16380663
16381197
16381419
16381838
16381994
16382035
16382051
16382085
16382571
16382636
16382688
16383433
16384046
16384286
16384401
16384482
16384522
16384616
16385214
16385781
16385973
16437275
16438121
16439753
16441161
16443197
16444472
16445441
16446446
16447446
16447530
16448566
16449279
16450736
16450750
16451474
16452449
16453466
16453635
16453768
16454379
16454383
16454422
16454953
16454972
16455034
16455312
16455354
16455605
16455974
16456462
16456488
16456643
16456648
16457013
16457208
16457242
16457245
16457412
16457578
16457615
16457762
16458030
16458126
16458277
16458314
16458413
16458443
16458732
16458892
16459293
16459340
16459470
16459875
16460277
16460466
16460468
16460731
16460915
16461425
16461432
16461511
16461540
16461573
16461609
16462144
16462375
16462440
16462741
16462875
16462989
16463914
16464669
16464782
16464787
16464941
16465400
16465418
16465517
16465549
16465619
16466169
16466307
16466373
16466631
16466943
16467102
16467126
16467250
16467327
16467329
16467351
16467909
16468039
16468106
16468228
16468293
16468312
16468409
16468487
16468686
16469012
16469420
16469763
16469774
16469987
16470669
16470857
16471300
16471390
16471619
16471651
16472128
16472409
16472484
16472590
16472843
16472985
16473423
16473814
16474023
16474629
16474763
16475189
16475268
16475418
16475465
16475562
16475671
16476563
16476674
16477118
16477540
16580269
16580430
16580759
16580819
16581938
16582670
16582687
16583164
16584042
16584056
16584719
16584782
16585986
16586016
16587973
16588690
16588904
16589450
16589698
16589710
16589716
16590249
16591818
16592056
16594243
16596237
16596820
16597140
16598342
16620750
16621318
16621445
16621894
16622098
16622110
16622457
16623735
16623782
16623912
16624518
16625354
16627076
16627087
16628221
16628286
16628351
16628848
16629017
16629382
16629663
16629838
16630181
16630404
16630714
16630886
16631190
16631921
16632989
16633968
16634568
16635206
16636291
16637610
16637716
16637787
16637956
16638586
16639555
16640227
16640325
16641325
16641545
16641944
16643311
16670764
16673373
16674155
16792570
16794139
16794160
16794628
16794903
16795628
16796191
16797474
16797592
16797661
16799485
16799521
16799711
16800671
16801079
16801454
16802105
16802300
16802723
16804605
16804731
16808894
16810115
16810957
16811936
16814804
16815905
16816386
16817040
16818030
16822042
16885775
16890684
16890941
16893765
16893955
16894424
16896561
16898132
16899731
16899768
16899988
16900932
16901574
16903858
16904070
16904482
16908043
16911212
17058591
17070678
17142043
17142062
17142149
17142264
17142945
17143114
17143204
17143454
17143590
17144082
17144272
17144272
17144369
17144452
17145477
17145772
17146145
17146672
17146684
17147252
17147259
17147518
17147628
17148421
17148779
17148793
17148944
17149040
17149101
17149252
17149454
17149614
17149720
17149723
17149775
17149896
17150438
17150601
17150832
17150846
17151452
17151572
17151608
17152279
17152640
17152680
17152716
17152786
17152924
17153844
17154080
17154415
17154733
17154836
17155053
17155151
17155200
17155278
17155332
17155658
17155678
17156094
17156521
17156674
17156787
17156904
17157327
17157648
17157829
17157898
17157942
17158115
17158305
17158446
17158654
17158662
17158667
17159223
17159311
17195441
17196196
17196277
17196329
17196367
17197713
17198017
17198021
17198383
17198445
17198550
17198557
17198831
17199348
17199366
17199521
17200450
17200572
17200811
17201119
17201478
17201749
17202269
17202880
17203112
17203194
17203225
17203532
17203834
17204177
17204212
17204379
17204708
17205230
17205357
17205466
17205774
17206440
17206589
17206680
17206816
17207257
17207365
17226355
17228230
17232211
17234069
17234863
17244355
17464698
17465736
17466311
17466349
17466358
17466434
17466760
17467582
17468691
17469462
17469475
17470295
17471493
17472595
17472598
17472737
17474248
17474381
17474627
17475632
17475784
17475932
17476884
17477207
17479148
17479290
17479583
17480808
17481100
17481327
17481445
17481495
17481735
17482310
17482407
17483193
17484184
17484792
17485195
17485512
17485551
17485703
17485829
17486350
17510084
17510098
17510154
17510459
17510515
17510719
17511105
17511268
17511819
17511856
17511925
17512056
17512063
17512135
17512347
17512411
17512493
17512794
17512802
17513843
17514093
17514407
17514535
17515056
17515143
17515269
17515329
17515445
17515528
17515553
17515589
17515748
17516226
17516556
17517182
17517210
17517368
17517382
17518084
17518141
17518427
17518647
17518767
17519082
17519379
17520127
17520319
17520672
17520732
17520979
17521044
17521047
17521647
17521736
17521786
17521940
17522245
17522435
17523096
17523128
17523214
17523662
17924840
17925127
17925281
17925527
17925549
17925869
17925882
17925952
17925988
17926574
17926671
17927016
17927164
17927221
17927856
17928319
17928632
17928677
17929166
17929371
17929491
17929650
17929674
17929677
17930153
17930181
17930559
17930596
17930788
17930911
17931268
17931320
17932233
17932333
17932648
17933230
17933483
17933872
17934340
17934748
17934867
17934929
17935350
17935626
17935825
17936183
17936399
17936849
17936869
17936896
17936960
17937804
17938004
17939815
17939832
17939988
17940164
17940697
17940703
17940776
17940820
17941112
17941276
17941286
17941660
17941913
17941954
17941959
17942337
17942749
17942800
17942992
17943707
17944001
17944151
17944264
17944283
17944480
17944589
17944738
17944874
17945135
17945528
17945839
17946230
17946422
17946888
17947349
17947413
17947634
18031106
18031686
18035384
18035725
18037174
18037540
18047237
18047741
18048881
18049532
18050922
18052991
18062316
18109624
18109880
18110135
18110899
18110912
18111264
18112537
18112705
18112837
18113095
18113219
18113560
18114041
18114095
18114541
18114710
18114771
18114887
18116353
18116640
18116887
18117028
18117706
18117870
18118068
18118471
18118596
18118972
18119117
18119595
18119774
18119785
18120429
18120893
18121418
18122046
18122209
18122328
18122360
18122459
18123375
18123750
18123992
18124226
18124700
18124812
18124844
18125096
18125480
18125967
18253412
18253944
18418699
18422116
18424497
18467257
18474080
18617912
18618560
18619045
18619216
18619271
18619401
18619566
18619728
18620673
18621334
18621458
18622038
18622063
18622147
18622841
18622930
18623479
18623871
18624096
18624198
18624585
18625314
18625567
18625773
18625804
18625895
18626270
18626290
18627721
18627980
18628220
18628251
18628330
18628880
18628892
18629431
18629973
18630022
18730592
18732028
18733997
18734083
18736045
18736355
18738706
18740720
18742309
18744587
18745377
18746955
18751112
18795832
18795959
18796100
18796101
18796540
18796724
18797486
18797718
18798058
18798792
18798837
18799492
18800334
18800387
18800455
18800621
18800684
18800992
18801149
18801566
18801818
18802516
18802787
18802912
18803084
18803365
18803979
18804073
18804324
18804479
18804788
18804904
18805437
18805477
18806436
18806451
18806489
18807007
18807010
18807169
18807825
18808111
18808991
18809399
18809767
18809822
18810573
18810976
18811252
18811688
18812016
18813033
18813377
18813612
18814231
18838579
18838791
18839633
18936698
18937884
18938240
18938840
18939174
18939223
18940148
18940760
18940857
18940858
18941436
18942169
18942171
18942592
18943230
18943913
18944423
18945287
18945443
18945479
18946288
18946295
18946388
18946455
18948146
18948411
18966870
18967600
18967692
18967969
18967991
18968189
18968463
18968942
18969138
18969195
18969260
18969767
18970228
18970392
18970394
18970694
18971066
18971926
18972978
18973039
18974041
18974169
18974346
18975225
18975342
18975556
18975609
18976218
18976530
18976903
18977012
18977344
18977574
18977884
18978067
18978581
18979223
18979477
18979823
18980228
18980233
18980576
18980718
18980946
18981001
18981260
18981762
18981987
18982530
18982550
18982630
18982670
18983111
18983240
18983364
18983694
18983722
18983984
18984164
18984264
18985166
18985350
18985980
18986819
18986908
18987321
18987460
18987526
18987640
18988151
18988974
18989278
19055328
19056510
19056868
19057793
19057862
19058948
19059051
19059278
19060240
19060745
19061054
19061780
19061942
19063772
19064460
19064837
19064912
19064913
19065046
19065857
19066136
19066184
19066808
19067386
19067804
19068103
19068253
19068342
19068565
19068963
19070482
19070608
19071009
19071053
19071393
19073093
19074600
19121222
19121764
19122232
19122760
19122991
19123469
19123698
19123944
19124346
19125253
19125614
19126118
19126647
19126874
19127120
19127373
19127969
19127999
19128642
19129018
19129036
19129612
19129726
19129972
19130196
19130374
19131260
19131276
19131428
19131500
19131510
19131703
19132795
19133267
19133283
19133583
19134270
19134500
19134694
19135292
19135326
19135663
19135898
19136533
19136547
19136730
19136951
19138989
19139104
19139122
19140123
19140444
19141184
19141240
19216530
19216743
19216960
19217107
19217934
19218300
19218592
19218765
19219027
19219318
19219424
19220497
19221137
19222590
19222710
19222747
19223440
19224571
19225337
19225466
19226955
19227523
19228435
19228891
19229282
19229414
19231246
19231273
19231404
19231575
19231865
19232182
19232411
19301775
19301814
19302164
19302623
19302655
19302749
19302865
19302883
19303068
19303358
19304010
19304056
19304311
19304443
19304447
19304765
19305030
19305286
19305828
19306091
19306557
19307041
19307953
19308279
19309215
19309220
19309257
19309628
19310199
19310429
19310621
19311059
19311142
19311672
19312088
19312186
19312196
19312455
19312677
19312759
19312856
19523642
19523664
19523714
19523862
19524429
19524991
19525239
19525244
19525479
19525498
19525717
19526331
19526369
19526640
19526652
19526825
19526888
19527036
19527199
19528102
19528702
19528772
19528827
19528992
19529036
19529070
19529619
19530302
19531111
19532503
19532534
19533427
19534068
19534272
19534528
19534621
19534697
19534741
19534766
19534776
19534809
19534846
19534922
19534962
19534968
19535013
19535116
19535525
19535762
19535902
19536031
19536494
19537168
19537253
19537300
19537364
19537691
19538272
19538584
19538636
19538644
19539031
19539287
19539312
19539641
19539870
19621313
19621356
19621635
19622008
19622745
19623244
19623341
19623354
19623734
19623817
19624362
19624750
19624869
19625416
19626034
19626267
19626843
19626943
19627085
19627664
19628052
19629096
19629842
19629905
19630201
19630929
19631475
19631832
19633183
19633627
19633903
19634509
19634981
19635454
19659325
19666138
19668236
19735648
19941780
19944180
19958877
19959798
19959962
19960627
19962362
19962760
19963230
19965246
19965601
19965961
19966534
19968498
19968900
19969665
19969803
19970258
19970371
19971776
19972881
19974274
19976221
19976686
19977051
20050422
20050529
20050530
20050548
20050595
20050953
20051179
20053142
20053163
20054130
20054315
20054433
20054442
20054508
20054596
20054724
20054788
20055068
20055149
20055361
20055761
20055957
20056228
20056537
20056547
20056572
20056688
20056900
20057343
20058579
20058672
20058685
20058767
20059244
20059412
20059534
20059724
20060429
20060837
20060985
20061118
20061190
20061196
20061522
20061803
20061998
20062545
20062626
20063188
20063248
20063563
20064004
20064028
20064174
20064878
20064894
20065153
20065178
20065860
20065870
20104726
20104774
20105054
20105206
20105513
20106370
20107960
20107966
20108428
20110996
20112080
20112988
20113224
20113315
20113507
20113807
20114168
20116017
20116684
20118113
20118851
20213803
20214222
20215324
20216352
20216470
20216751
20216961
20218048
20218174
20218245
20218312
20218422
20218527
20218949
20218949
20219072
20219167
20219440
20219641
20220119
20220275
20220332
20220785
20221045
20221265
20221543
20221729
20222182
20222481
20223203
20223650
20225140
20225394
20225897
20226149
20226564
20227139
20227205
20227427
20227731
20228082
20228133
20228325
20228435
20228955
20229247
20229419
20229764
20230409
20230965
20231174
20232276
20232469
20232830
20233048
20233311
20233368
20233390
20233758
20234105
20269275
20272545
20273054
20337155
20338143
20338252
20338254
20339941
20341077
20341567
20342048
20342607
20344504
20346076
20346560
20346995
20348581
20348815
20349144
20349736
20349807
20349955
20349981
20350133
20351620
20352014
20352181
20353383
20353868
20353978
20354423
20355656
20356305
20373475
20373989
20374711
20375016
20375132
20375315
20376113
20376215
20376842
20377051
20378172
20378586
20379268
20379507
20381105
20381618
20382009
20382132
20383350
20384010
20384256
20385733
20386242
20386362
20386947
20387044
20388748
20390040
20390062
20390089
20390600
20390897
20390949
20392058
20392236
20393137
20393431
20394004
20394084
20394094
20394413
20394968
20395248
20395351
20395375
20423398
20504546
20504550
20505349
20505649
20505883
20505893
20505896
20506442
20506637
20506941
20506952
20506960
20507562
20507828
20508839
20509189
20511271
20511318
20511361
20511521
20511741
20512094
20512666
20512934
20513311
20513575
20513624
20513731
20514075
20514154
20514953
20514954
20515135
20515387
20515488
20516053
20516537
20516796
20517750
20518134
20518276
20519107
20519124
20519358
20519466
20519599
20519674
20519863
20520001
20520451
20520790
20521161
20521319
20521435
20521464
20522215
20522401
20522774
20522785
20523149
20523747
20524318
20652067
20652747
20655171
20660461
20684229
20685962
20686333
20687436
20692165
20694733
20698349
20931321
20931960
20932186
20933152
20935724
20936095
20936639
20939959
20940948
20941266
20941558
20941759
20942419
20942822
20944159
20944523
20946905
20947407
20947410
20947432
20948498
20949362
20949388
20949878
20951268
20951279
21122240
21122833
21124069
21124682
21124747
21124793
21126278
21126476
21126667
21126772
21126801
21126885
21127468
21127606
21128211
21128338
21129295
21129564
21130190
21130822
21130996
21131172
21132037
21133050
21133055
21134339
21255231
21258249
21260230
21268483
21269183
21269978
21274155
21275775
21275924
21516727
21516907
21516967
21517159
21517227
21518631
21518746
21518806
21518921
21519424
21519742
21520027
21520144
21520201
21520246
21520886
21521057
21521310
21521540
21521648
21521845
21522003
21522330
21522439
21522804
21523478
21523533
21523540
21523662
21524263
21524320
21524424
21524472
21524588
21525034
21525118
21525648
21525665
21526747
21526788
21527013
21527563
21528047
21528609
21528699
21528989
21529366
21529936
21530516
21530628
21530713
21530751
21530862
21531042
21531684
21531807
21531850
21532331
21532399
21532806
21533251
21533746
21534187
21534232
21534501
21534995
21535062
21535858
21536251
21536376
21536393
21536414
21537014
21537066
21537703
21538601
21556600
21557021
21557682
21557718
21558083
21558122
21558948
21559013
21559575
21559736
21559915
21560473
21560952
21561458
21562643
21563473
21565480
21565514
21566054
21566336
21566997
21567065
21567302
21568476
21568684
21569186
21569213
21569409
21569420
21569659
21570387
21570612
21571206
21571685
21697102
21698320
21706891
21708727
21711770
21715314
21716585
21791014
21791514
21791590
21791606
21791620
21792407
21792588
21793037
21793088
21793245
21793320
21793681
21793814
21794226
21794345
21794398
21794462
21794485
21794532
21794556
21794726
21794957
21795090
21795974
21796034
21796055
21797477
21798040
21798741
21798924
21799096
21799137
21799353
21799623
21799686
21799868
21800227
21800563
21800805
21800835
21801225
21801448
21801452
21802036
21802544
21802675
21802931
21803285
21803305
21803361
21803400
21803648
21803735
21803748
21803802
21803825
21803987
21804369
21804380
21804412
21804480
21804493
21804561
21804713
21805074
21805098
21805209
21805829
21805908
21806008
21806029
21806177
21806306
21806662
21807259
21807330
21807550
21807601
21807680
21837252
22074826
22075491
22075599
22077441
22078038
22078105
22078261
22078607
22078713
22079731
22079828
22080325
22080602
22081262
22081950
22082336
22083108
22083496
22083561
22083788
22083963
22084176
22084233
22084644
22084861
22084875
22085101
22085156
22085782
22086031
22086470
22086478
22086611
22086903
22087021
22087363
22087607
22088034
22088733
22088820
22089108
22089133
22089204
22089205
22089206
22090094
22090401
22090444
22090601
22091359
22091597
22122931
22125311
22135157
22136474
22137010
22138514
22148383
22149352
22153356
22158550
22232788
22233672
22233830
22235257
22236584
22236945
22237403
22237610
22237789
22238002
22238203
22238376
22238399
22238874
22238960
22239944
22240531
22241112
22241924
22243303
22244147
22244726
22245215
22246216
22247646
22247711
22248393
22248943
22248947
22269153
22269179
22269211
22269365
22270054
22270212
22270396
22270984
22270985
22271041
22271242
22271392
22271840
22271848
22272128
22272476
22272590
22272951
22273042
22273163
22273741
22274112
22274738
22275326
22275832
22275970
22276071
22276191
22276712
22276970
22277207
22277910
22277952
22278105
22278201
22279351
22280545
22280743
22280796
22281110
22282650
22282934
22282947
22282968
22283033
22283448
22283511
22284463
22284465
22284604
22284688
22284741
22285077
22285407
22329311
22354390
22354715
22355043
22355262
22355780
22356136
22356555
22356697
22356717
22357143
22358260
22358273
22358844
22358945
22359065
22359582
22360940
22361994
22362012
22362402
22362674
22362780
22363012
22363565
22363622
22363798
22364112
22364163
22364429
22364532
22364659
22365239
22365421
22365470
22365859
22366250
22367027
22527514
22753871
22754507
22760798
22763672
22785738
22786789
22787263
22787620
22788149
22788235
22788821
22789016
22789050
22789087
22789093
22789165
22789760
22790167
22790436
22790576
22790974
22791089
22791147
22792178
22792814
22792901
22793212
22793479
22793558
22793650
22794776
22794931
22794993
22795336
22795396
22795476
22795655
22795728
22795863
22796183
22796248
22796755
22796819
22797632
22797686
22797862
22797916
22797983
22798490
22798952
22799267
22799629
22799913
22800038
22800181
22800258
22800344
22800501
22800538
22801002
22801056
22801089
22844666
22845071
22861647
22862056
22862148
22862458
22862694
22863152
22864190
22864298
22864541
22864788
22865249
22865319
22865487
22866075
22866621
22866875
22867113
22867355
22867515
22867708
22867879
22867974
22868133
22868589
22868933
22869053
22869190
22869213
22869497
22869918
22870212
22870380
22870470
22870489
22870534
22870552
22870590
22871012
22871555
22871601
22871773
22872094
22872397
22872531
22872970
22873020
22873465
22873504
22873632
22874263
22874323
22874524
22874571
22874579
22874871
22875031
22875088
22875405
22875913
22876001
22876063
22877240
22953849
22954627
22960226
22964003
22975986
22976112
22976457
22977476
22978196
22979311
22983511
22984776
22985209
22985741
22985747
22985910
22985972
22986477
22986728
22986825
22987339
22987411
22987928
22988214
22988572
22989024
22989045
22989128
22989129
22989151
22989253
22989279
22990229
22990366
22990491
22991357
22991390
22991588
22991778
22992193
22992711
22992803
22993013
22993372
22993753
22994339
22994450
22994470
22994537
22995046
22995566
22995645
22996408
22996501
22996745
22997279
22997565
22997741
22997784
22998027
22998665
22998720
22998942
22998980
22999276
22999521
22999553
23038309
23050645
23058504
23062315
23186937
23187364
23187819
23187824
23188658
23190211
23192683
23195609
23197180
23197326
23199342
23200642
23354454
23354461
23355257
23355361
23355418
23357356
23357455
23357521
23357901
23357952
23358742
23359357
23359423
23359686
23360231
23360318
23360721
23361386
23362671
23363109
23364378
23364612
23364701
23364896
23364970
23365114
23365905
23366095
23366760
23367127
23367397
23367492
23368362
23368515
23368769
23369253
23370052
23370073
23370182
23370898
23371107
23371168
23371260
23372595
23373019
23374174
23374949
23375078
23375918
23375999
23376462
23376594
23570785
23581880
23585237
23607765
23617339
23618685
23619859
23683248
23685199
23686007
23686059
23686456
23688067
23688458
23689090
23691250
23691332
23691699
23693859
23694194
23694354
23694862
23695140
23695197
23696076
23696101
23696711
23697962
23698337
23699684
23764364
23764456
23765472
23765716
23766192
23766743
23766925
23767187
23767783
23768715
23769060
23769297
23770053
23770403
23771034
23771285
23773983
23776262
23802534
23854619
23854671
23854674
23854735
23855919
23857048
23857323
23857420
23857456
23858414
23858838
23859449
23861066
23861726
23861969
23862055
23862277
23863394
23863648
23863995
23864220
23867843
23868063
23868156
23870225
23870598
23870706
23871026
23871182
23872059
23872597
23872688
23873029
23873074
23873321
23874180
23874788
23875212
23875728
23876009
23876441
23876494
23876847
23877022
23877074
23877739
23877751
23877884
23877904
23877970
23878584
23878654
23879140
23879380
23879916
23880124
23880247
23880589
23880622
23880985
23881167
23881204
23881594
23881753
23883085
23883345
23884399
23884543
23884708
23885070
23885132
23885477
23885882
23886503
23886595
23886897
23886912
23887581
23888133
23888660
23888912
23888931
23888970
23889244
23890149
23890360
23890360
23891016
23891667
23892352
23892495
23892702
23892707
23892828
23893274
23893404
23893797
23894325
23894755
23895533
23914248
23917057
23918232
23918250
23922372
23926097
23927086
23928840
23930355
23931273
23936525
23936541
23937187
23937374
23937406
23937692
23937879
23938209
23938456
23938501
23938810
23939078
23939102
23939533
23939773
23940125
23940136
23940328
23940411
23940725
23941121
23941302
23941647
23942343
23942604
23942943
23943259
23943590
23943833
23943860
23944429
23944615
23945807
23946302
23946336
23946611
23947038
23947206
23947313
23947961
23948005
23948401
23948615
23948679
23949076
23950388
23950561
23950826
23951752
23952371
23953156
23953233
23953336
23953741
23954021
23954039
23954040
23954167
23954823
23955889
23956332
23956496
23956779
23956922
23957086
23957118
23957169
23957501
23957605
23958062
23958095
23958495
23958624
23958692
23958761
24161803
24161833
24162157
24162447
24162762
24162906
24163394
24163460
24163535
24164107
24164409
24164539
24164806
24164888
24165165
24165201
24165288
24165424
24165778
24165867
24166330
24166805
24167365
24167427
24167874
24168387
24169030
24169259
24170618
24171129
24171242
24171436
24171644
24171876
24172225
24172280
24172770
24172791
24173179
24173802
24174957
24175117
24175427
24175463
24175524
24175863
24176124
24176205
24176398
24176726
24177253
24177329
24177587
24177801
24178334
24178694
24178754
24178894
24178906
24179345
24179474
24179551
24179708
24179745
24180020
24180890
24181023
24181343
24181699
24181848
24181877
24181963
24182364
24182969
24183195
24183259
24183703
24183793
24351425
24351889
24355233
24357724
24360833
24362840
24388619
24834438
24835045
24835410
24835738
24836453
24836528
24836541
24836846
24837076
24837342
24837618
24837975
24838080
24838128
24838572
24838922
24839982
24840513
24840680
24840832
24840897
24840933
24840973
24841078
24841147
24841187
24841305
24841342
24841681
24841738
24842390
24842617
24842856
24842893
24842999
24843480
24843498
24843525
24843557
24843905
24843954
24844537
24844548
24844593
24844634
24844996
24845101
24845116
24845690
24845889
24846110
24846333
24846392
24846394
24846698
24846798
24846842
24847017
24847282
24847467
24847678
24847920
24848052
24848103
24848363
24848400
24848448
24848476
24848592
24848602
24848608
24849089
25124422
25172012
25184141
25184173
25184181
25184363
25184751
25185914
25185969
25186324
25186521
25186883
25186921
25186959
25187057
25187084
25187405
25187563
25187621
25187684
25187966
25188165
25188183
25188363
25188407
25188710
25188877
25189692
25190646
25191435
25191758
25191869
25192052
25192083
25192141
25192192
25192441
25192770
25192783
25193187
25193323
25193767
25193872
25194459
25194736
25195156
25195487
25195915
25196206
25196291
25196310
25196554
25197104
25197712
25197825
25198120
25198477
25198529
25198595
25198792
25198943
25199174
25199488
25199559
25199596
25199837
25199984
25200175
25200285
25200334
25200395
25200534
25200711
25201317
25201762
25201892
25201953
25202374
25202538
25202553
25202610
25202737
25202738
25203111
25203293
25203647
25204589
25204608
25204739
25205146
25205179
25205757
25205797
25205807
25206235
25206462
25206639
25206733
25206992
25207287
25353015
25742578
25743382
25766421
25772891
25775933
25776480
25776645
25777206
25778025
25779425
25780391
25781054
25782142
25782370
25783321
25783658
25783826
25783833
25784262
25784289
25785547
25785834
25785974
25785991
25786967
25787063
25787174
25787400
25789569
25791556
25791864
25792422
25793644
25796303
25796936
25797111
25797375
25798212
25798830
25799795
25801190
25804402
25804440
25804849
25819423
25822188
25823195
25823736
25825445
25826776
25828588
25828923
25829258
25830148
25833866
25835035
25835700
25835710
25835745
25836257
25836608
25838802
25839409
25839644
25841625
25841832
25843145
25843392
25844966
25845973
25846294
25846349
25846535
25846637
25847055
25848110
25849207
25850294
25850432
25851814
25852994
25853052
25854660
25854787
25855266
25856558
25856937
25862760
25874190
25874378
25875303
25875548
25876073
25877703
25878060
25880265
25880466
25880694
25881474
25883326
25885451
25885995
25886179
25888699
25888739
25890931
25892022
25892073
25893707
25914584
25914634
25914684
25915572
25915751
25915818
25915911
25916382
25917040
25917044
25917310
25917331
25917466
25917713
25918662
25919173
25919180
25919333
25919540
25919612
25919638
25920265
25920277
25920411
25920663
25921462
25921584
25923154
25923273
25923369
25924192
25924541
25924739
25924773
25924983
25925235
25925933
25926014
25926056
25926151
25926399
25927275
25927345
25927686
25928207
25928342
25929052
25929154
25929456
25929952
25930201
25930594
25930646
25930654
25931396
25932056
25932149
25932185
25933113
25933338
25933516
25933561
25933888
25933999
25934029
25934300
25934598
25934674
25934906
25934920
25935668
25935715
25935865
25936348
25936932
25937193
25937416
25937434
26013175
26015040
26015912
26018296
26018635
26019396
26020492
26020677
26024912
26027189
26027458
26027568
26064712
26065471
26066360
26067348
26068059
26068584
26069949
26073226
26075335
26076225
26076841
26077290
26077463
26078565
26079851
26080669
26081082
26081803
26081868
26083541
26084187
26084197
26097828
26099928
26100640
26221593
26221594
26222021
26222387
26222639
26222945
26223119
26223661
26223889
26224126
26224219
26224286
26225374
26225650
26225961
26226609
26226661
26226705
26227009
26227142
26227601
26228810
26228962
26229000
26229312
26230214
26230414
26230572
26230811
26231198
26231320
26231922
26232375
26232972
26233060
26233337
26233474
26233595
26233941
26233969
26234757
26234790
26234936
26235129
26235316
26235539
26298864
26299137
26302979
26304121
26305157
26307630
26308155
26308673
26343066
26367484
26367654
26367726
26367946
26368038
26368065
26368087
26368504
26368526
26368752
26369185
26369298
26369375
26369679
26369859
26370366
26370796
26371657
26371680
26372356
26372436
26374446
26374578
26374764
26375605
26375730
26376150
26376223
26376344
26376845
26377517
26378069
26378264
26378350
26378361
26378846
26379094
26379340
26379377
26379427
26379502
26379939
26380033
26380070
26380156
26380222
26380929
26381227
26381407
26381855
26381962
26382251
26382305
26383084
26383125
26383193
26383754
26384292
26384306
26384429
26384756
26384815
26384866
26385158
26385358
26385515
26385821
26385826
26385978
26386133
26386296
26386414
26386840
26387359
26387442
26387447
26387565
26387697
26387881
26388110
26388498
26388603
26388913
26389012
26389173
26389268
26389438
26389585
26390384
26390491
26390704
26429164
26429620
26430048
26430707
26433249
26434062
26436384
26436420
26436550
26438179
26439579
26440376
26440500
26441006
26677741
26681789
26683803
26683848
26686802
26688893
26689067
26691930
26694978
26698056
26728128
26728534
26728840
26728920
26729068
26729253
26729300
26730059
26730425
26730620
26730640
26730967
26731700
26732755
26733444
26733540
26733588
26733590
26734527
26734633
26734966
26735963
26735983
26737154
26737162
26737457
26737590
26738459
26738502
26739594
26739801
26740150
26740309
26740932
26740986
26741096
26741817
26742271
26742373
26742885
26743502
26744345
26744566
26744704
26745414
26745577
26746142
26746526
26746686
26767518
26767639
26767836
26767837
26767917
26768111
26768181
26768366
26768405
26768633
26768678
26768894
26769080
26769327
26769683
26769861
26769966
26770027
26770368
26770602
26770859
26770881
26771428
26771833
26771953
26772695
26772795
26772939
26772952
26773999
26774092
26774632
26774832
26775063
26775256
26775369
26775457
26775489
26775540
26776039
26776040
26776582
26777031
26777223
26777455
26777850
26778021
26778075
26778136
26778159
26778161
26778284
26779365
26779519
26779643
26779776
26780310
26780581
26780625
26781178
26781781
27288261
27290468
27290831
27291082
27291572
27291688
27291743
27292565
27292787
27292836
27293774
27293833
27293937
27294342
27294626
27294878
27295958
27295969
27296361
27296598
27297122
27297183
27297569
27298772
27298784
27298931
27299114
27299242
27300032
27300042
27300713
27300728
27300851
27300905
27301219
27301346
27302070
27302211
27302407
27302493
27302594
27303951
27304163
27304717
27304898
27306038
27306089
27307072
27307140
27379923
27381217
27381951
27385540
27394621
27412134
27412328
27412469
27412487
27413259
27414024
27414094
27414444
27414940
27415116
27415324
27415429
27415812
27415889
27416160
27416402
27416560
27416871
27416979
27417274
27417356
27417416
27417417
27417472
27418673
27418683
27418887
27419165
27419781
27421066
27421084
27422190
27422259
27422652
27422733
27423001
27423367
27423838
27423985
27424104
27424140
27424782
27425703
27426146
27426371
27427989
27428653
27428801
27429071
27429656
27430152
27431074
27431591
27435966
27436199
27436231
27438185
27438764
27438983
27439491
27442044
27445021
27445369
27446168
27446674
27447454
27462739
27463018
27463571
27465011
27466889
27466936
27469251
27472358
27472373
27473059
27473896
27498394
27509264
27609230
27610076
27610719
27611102
27611930
27612053
27612087
27612417
27613040
27613427
27613919
27613938
27614858
27614934
27614980
27615244
27615262
27616427
27616472
27616820
27617024
27617933
27618525
27618683
27618692
27619135
27619607
27622028
27622338
27623769
27624004
27624012
27624885
27625024
27625993
27626131
27640628
27640970
27643283
27645389
27646600
27646963
27646964
27647568
27648752
27648871
27649231
27650718
27653008
27653499
27724724
27724844
27725304
27725793
27725820
27725975
27726393
27726585
27726646
27726937
27726945
27727471
27727525
27727640
27727789
27727792
27727808
27728179
27728392
27729182
27730014
27730052
27730138
27730391
27730418
27730628
27730780
27730968
27731342
27732586
27732930
27733332
27733381
27733664
27733878
27733943
27733980
27734065
27734307
27734956
27735059
27735189
27735251
27736040
27736412
27736837
27736951
27737000
27737061
27737367
27737609
27737629
27738011
27738040
27738139
27738154
27738322
27738345
27738594
27738622
27738995
27739430
27739451
27739452
27739632
27740012
27740080
27740178
27740405
27740811
27740852
27741150
27741828
27742317
27742408
27742445
27742798
27743657
27743799
27744081
27744101
27744415
27744492
27744559
27745129
27745438
27746330
27932890
27934731
27936231
27942556
27944498
27947860
27948090
27951816
28149409
28151580
28153165
28156761
28157334
28159322
28159676
28159698
28161745
28163191
28163318
28164332
28164856
28165804
28167644
28170596
28170946
28171179
28171891
28358697
28359336
28360396
28360900
28361047
28362923
28370670
28372033
28372642
28372923
28388392
28388574
28392702
28393010
28393256
28393907
28394011
28395398
28395746
28396011
28396514
28396982
28397840
28397989
28398130
28398743
28398859
28401420
28401648
28401844
28402178
28402509
28402832
28403969
28405023
28405087
28405200
28405892
28406437
28406908
28407562
28407844
28408222
28408348
28409966
28410825
28411218
28411364
28429692
28433503
28438769
28592066
28592308
28593508
28598271
28601170
28601312
28601956
28649383
28649410
28649890
28650164
28651307
28651985
28652151
28653464
28653588
28653772
28653816
28654200
28654545
28655083
28655370
28655479
28655715
28655777
28656234
28656638
28656754
28656822
28657338
28657421
28657787
28658996
28659279
28659396
28659655
28659777
28660578
28660599
28660691
28661019
28661285
28661333
28661464
28661571
28661731
28662147
28662334
28662500
28662577
28663120
28663304
28663606
28663755
28664868
28668449
28668492
28668593
28669554
28670686
28750140
28969063
28969071
28969156
28970233
28970259
28970629
28970756
28970968
28971001
28971200
28971380
28971425
28971508
28971704
28971856
28972057
28972379
28972564
28973504
28974772
28974998
28975611
28976326
28976402
28976584
28977369
28977832
28977834
28978005
28978244
28978397
28978525
28978741
28979240
28979756
28980062
28980079
28980284
28980584
28980756
28980775
28980818
28981032
28981085
28981239
28981879
28982164
28982464
28982505
28982936
28983090
28984320
28984343
28985323
28985472
28985631
28985947
28986143
28986645
28987079
28987600
28987699
28987733
28987750
28987912
28988133
28988341
28988447
28988694
28988763
28989054
28989217
28989251
28989275
28989347
28989871
28989884
28990004
28990741
28990963
28991058
28991759
29037089
29037956
29038344
29039367
29039421
29039531
29039836
29040334
29040429
29040725
29040751
29040840
29040861
29041707
29043579
29043605
29043836
29044037
29044340
29044798
29044981
29045205
29045346
29045388
29045401
29045410
29046031
29046088
29047029
29047697
29048022
29048557
29048615
29048653
29048905
29050110
29050318
29050823
29050882
29051271
29051369
29051474
29051613
29051627
29051632
29054515
29055741
29055802
29056616
29060948
29060971
29061020
29063129
29063732
29063945
29064149
29064995
29065369
29066372
29069140
29071080
29072958
29073403
29108860
29109299
29112870
29113370
29126301
29168135
29168737
29169136
29169416
29170143
29170279
29170533
29170845
29170899
29171556
29171867
29172217
29172690
29173537
29173961
29174187
29174536
29174856
29174864
29175575
29175864
29175896
29176447
29176543
29176801
29177166
29177289
29177519
29177795
29178022
29178036
29178566
29178711
29179379
29179399
29179415
29180918
29181203
29181456
29181987
29182026
29182119
29182294
29182486
29182598
29182982
29183133
29183264
29184612
29185425
29185518
29185701
29186443
29186669
29186756
29187843
29187970
29188007
29188405
29188816
29188933
29189501
29205762
29208611
29208729
29217322
29226119
29226788
29429886
29430380
29430506
29430579
29434639
29435042
29436150
29436301
29442330
29443626
29443772
29445672
29447272
29449893
29468495
29470063
29472567
29473450
29474431
29476107
29476990
29478858
29482630
29483663
29484311
29484541
29485526
29487576
29487950
29488671
29489365
29564618
29565041
29565320
29566238
29567895
29568130
29569214
29569396
29569648
29569717
29570073
29570520
29570563
29571027
29571058
29571196
29571297
29572626
29572859
29573175
29574792
29575215
29575506
29576414
29577459
29578044
29578626
29579671
29580521
29581076
29581314
29582562
29621293
29621833
29622139
29622241
29622480
29622679
29622689
29623083
29624864
29625265
29625525
29625729
29625766
29626102
29626713
29626786
29626935
29628060
29628144
29628274
29628301
29628489
29628570
29628667
29629071
29630226
29630259
29630625
29631050
29631095
29631631
29631755
29632388
29632563
29632634
29632754
29632979
29633019
29633285
29633347
29633747
29633997
29634203
29634662
29635162
29635540
29635792
29635823
29636050
29636192
29636980
29637374
29637751
29638022
29638240
29638845
29639136
29640127
29640417
29640643
29641095
29830249
29830373
29830470
29830708
29831002
29832847
29833373
29834333
29834402
29834651
29834964
29835275
29835666
29835681
29836236
29836400
29837018
29837408
29837511
29837635
29837659
29837781
29837789
29837974
29838226
29839082
29839546
29839880
29840070
29840458
29840492
29840511
29840839
29841161
29841652
29841874
29842123
29842320
29842371
29844113
29844491
29844546
29844717
29845076
29845106
29845180
29845869
29846198
29846266
29846301
29846346
29846353
29846482
29846714
29846953
29847228
29847617
29847658
29929349
30047971
30050931
30050961
30051380
30051733
30051981
30052089
30052557
30052784
30054485
30054645
30054762
30055439
30056611
30060712
30060733
30062246
30062991
30063238
30232639
30232967
30233303
30233327
30233466
30234255
30234278
30234977
30235109
30235150
30235152
30235516
30235596
30235788
30235828
30235834
30236217
30236276
30236723
30236807
30236899
30237021
30237177
30237191
30237291
30237516
30237743
30237931
30238077
30238664
30239354
30239645
30239717
30239978
30240362
30240642
30241161
30241319
30241729
30241929
30242388
30242707
30243225
30243420
30243751
30243778
30243799
30243806
30244155
30244518
30245508
30245530
30246029
30246248
30246360
30246578
30246627
30246852
30247281
30247373
30247526
30247837
30248718
30249192
30249328
30249997
30250501
30251953
30252099
30252104
30252215
30252903
30253262
30253320
30253581
30253633
30253661
30254140
30254781
30254944
30255220
30255270
