783
4222
6438
8546
10973
12519
23811
24853
29276
30695
31859
32710
34367
36344
45620
48389
52992
69008
69744
74867
75636
84131
86564
96570
98428
98926
99646
99953
100217
100865
104796
107102
114070
124670
124792
129980
134938
139812
140647
142505
144209
145244
145975
147001
150621
154733
155182
156045
156229
157782
164440
171647
183266
183901
184573
188829
192204
194877
195910
196105
196860
196956
197789
201988
204596
204817
207320
208022
210514
210713
215218
215563
215737
220098
220374
221117
221558
223097
223470
223913
224255
246786
246806
248387
251368
252106
256439
257984
261347
261512
262300
264113
277215
284033
287989
288130
288523
288807
291810
291971
294928
296764
298350
305481
312742
314425
315088
316225
319177
321945
326075
326942
327114
332276
333772
334029
337051
346341
349022
349760
351443
351656
356529
357021
357140
363909
373706
375961
384173
384202
388301
389858
393895
395068
397119
398947
399859
402601
404359
410482
412927
416206
418077
424287
427421
430553
436955
449241
449904
452876
453389
454374
454924
455433
456000
457976
458483
464734
469137
469578
470437
477331
482511
492066
497706
502434
504314
505490
505802
506348
507011
515370
516518
516735
519699
520023
520680
527567
535790
537857
542301
543133
544005
548559
550578
558763
559361
575383
576985
579063
589280
590418
591973
592703
594992
608000
610689
613322
613731
616242
616684
617121
617727
627910
628983
633504
639461
644676
650989
653511
655148
657805
657946
660324
660328
661111
661894
666506
670015
672030
672884
673115
674779
679300
680985
682351
686146
692653
693209
693566
697066
697547
699563
701437
705088
707722
715932
720097
721262
722303
733449
737371
744965
745719
749750
750064
754222
763713
769241
771694
772618
776327
776569
784148
785230
788028
789376
790378
791896
792404
796149
797859
800499
801588
802405
803089
808823
808841
811196
815477
816097
816167
823822
827428
832707
837189
838691
838916
842435
842880
844996
845532
848497
848703
851489
855013
857198
859004
863872
865027
865313
866134
866869
871467
875079
876619
880305
881045
890565
890731
895930
901826
903663
904030
905714
907655
910488
911641
913782
920117
923436
927065
929177
930642
935057
936168
936298
936989
938933
939684
940153
942296
946793
947097
947822
947891
949220
953113
954418
959437
960625
968698
972325
973266
976036
982076
983925
987650
988435
989687
990038
994802
995024
995287
1006282
1011550
1012401
1017217
1025150
1031474
1031893
1036051
1041364
1046063
1048212
1053029
1053517
1054743
1057878
1060930
1062940
1064284
1064439
1067755
1068424
1069719
1071262
1078619
1081364
1082726
1092331
1092815
1101489
1106925
1108168
1111662
1115327
1117162
1117913
1122578
1123439
1123820
1124814
1126669
1127822
1127839
1128038
1128990
1141241
1142244
1144913
1151520
1153865
1154021
1155132
1157134
1159095
1162713
1168669
1171302
1173535
1174019
1174721
1178404
1182980
1184561
1186429
1187216
1187524
1193127
1201966
1202512
1205886
1207161
1218869
1218888
1222276
1226428
1238222
1241944
1242822
1250354
1251095
1254391
1254999
1255525
1256432
1259946
1262940
1264616
1266950
1267047
1267951
1276323
1276890
1285730
1288463
1288786
1289524
1290851
1297054
1298115
1300296
1301665
1304666
1305163
1306609
1307245
1320137
1321256
1321359
1327296
1328789
1335427
1337498
1339586
1339748
1346112
1349285
1357676
1358329
1359906
1361073
1364335
1377103
1377105
1378024
1384587
1388187
1391198
1392868
1393819
1395462
1395960
1396531
1397513
1399344
1401683
1402462
1406165
1411748
1412066
1416426
1419532
1421484
1423582
1424743
1429388
1432442
1434815
1438906
1442010
1444316
1444635
1445240
1448115
1448457
1449500
1451400
1452221
1455297
1456774
1461738
1463612
1465336
1471099
1478642
1480438
1483460
1497847
1502900
1506187
1507102
1507263
1507351
1508407
1509131
1509530
1513523
1513618
1516005
1518964
1519234
1523104
1523370
1525333
1526412
1526856
1531653
1532162
1533257
1534869
1536762
1539574
1544493
1546919
1553965
1565434
1567469
1570913
1578766
1582671
1586549
1588262
1591505
1591551
1592196
1594705
1599134
1605817
1607277
1614702
1614864
1616627
1617382
1617463
1618123
1620286
1622021
1627268
1628806
1629146
1630720
1631114
1637557
1638191
1638248
1647366
1648717
1653185
1675706
1682227
1684412
1686471
1687662
1688451
1694265
1695031
1695480
1695796
1696172
1702348
1703224
1706230
1707200
1709577
1711818
1713744
1714543
1714597
1715483
1718176
1720352
1722153
1726905
1727785
1738934
1740002
1744006
1744251
1746376
1749969
1752765
1752897
1755169
1765150
1766088
1768785
1771549
1774615
1779680
1781003
1782157
1799080
1802518
1808393
1809190
1813250
1816877
1819629
1825208
1825776
1826083
1826932
1827032
1830061
1831243
1832693
1833190
1846736
1848722
1851091
1852340
1853255
1854389
1855982
1864759
1869743
1870359
1871303
1871771
1873023
1876182
1888743
1891218
1892640
1894205
1896201
1898904
1901014
1904094
1906627
1908879
1918324
1923406
1923866
1928117
1928607
1932269
1933042
1933771
1937186
1940160
1943174
1954498
1955066
1955148
1978931
1979616
1981579
1983483
1986329
1989178
1993847
1995812
1996371
2002941
2005695
2009418
2012929
2013157
2015448
2016294
2032707
2035438
2035558
2035807
2035935
2038264
2040917
2044329
2049610
2050446
2050528
2052863
2054933
2056862
2062641
2070254
2071395
2075137
2079570
2084251
2084888
2086975
2087059
2089827
2099891
2100295
2105139
2109931
2109996
2111833
2115471
2118704
2121969
2122981
2126734
2129548
2132128
2136232
2137687
2138247
2138385
2141988
2150743
2151053
2157120
2158786
2160836
2172035
2172935
2173637
2180559
2190024
2190888
2192561
2193872
2198402
2208102
2226325
2227544
2230320
2236466
2240477
2247255
2248966
2252194
2261915
2263619
2269260
2269655
2270783
2271533
2272845
2278084
2290802
2293044
2297049
2299442
2299582
2299931
2300349
2300538
2300846
2301212
2302473
2304011
2305972
2306320
2306985
2309602
2312193
2312318
2317846
2319470
2320107
2320643
2323623
2328754
2330410
2330979
2332011
2341574
2341825
2343183
2343325
2344464
2346131
2346243
2349074
2352901
2362286
2362397
2363395
2366218
2368521
2369759
2372798
2372968
2378266
2379360
2386476
2387754
2388178
2399410
2401882
2402110
2406000
2414592
2416630
2418503
2420253
2426359
2427852
2428769
2431672
2440747
2443922
2444003
2444122
2444561
2445575
2446206
2461824
2462205
2463766
2467657
2468327
2471277
2474225
2474405
2476547
2476738
2480954
2486757
2491464
2491490
2492288
2503279
2504560
2509748
2513935
2515802
2516683
2518804
2522086
2522624
2522846
2529082
2532488
2537031
2546449
2547906
2551579
2555329
2557117
2559298
2560704
2561870
2567661
2577699
2581433
2581664
2582734
2587923
2595689
2597592
2598948
2598979
2599022
2601613
2603491
2604433
2604550
2604723
2605295
2606562
2611618
2612360
2612420
2618200
2618215
2625901
2625966
2631744
2635931
2639030
2639691
2640711
2641267
2644310
2644482
2644642
2646970
2652354
2660970
2666620
2673173
2676957
2678315
2686958
2689356
2695559
2696874
2697717
2705055
2706428
2710234
2711422
2715116
2717926
2720629
2723779
2724639
2725123
2730476
2734161
2737909
2738453
2739073
2739647
2741967
2745351
2746820
2747834
2749456
2749613
2751636
2753385
2753517
2754187
2762291
2765711
2766796
2775104
2775567
2782539
2787153
2794416
2796655
2798560
2802204
2804229
2805581
2807825
2809089
2810049
2813511
2820247
2827206
2833018
2834306
2836711
2838761
2848901
2849376
2849540
2849957
2850649
2853270
2854040
2855047
2857552
2859647
2860523
2860689
2862242
2870465
2874480
2880603
2884257
2895050
2904571
2908661
2910297
2915304
2915802
2918174
2921528
2922670
2933627
2934329
2938983
2941221
2950527
2950559
2950561
2951410
2956380
2957453
2957740
2958097
2967257
2967421
2975660
2977021
2978084
2980066
2982133
2983165
2985524
2990444
2992569
2996374
2997923
3002586
3010920
3012792
3017913
3019499
3020062
3020610
3023319
3023626
3025768
3041806
3046630
3047804
3064783
3065402
3067918
3070423
3071395
3077127
3077182
3081635
3082518
3086309
3086529
3088342
3090587
3093899
3095779
3102639
3106268
3107218
3107575
3112700
3114117
3114301
3123490
3124111
3124911
3126537
3127833
3129532
3135974
3141759
3146241
3146353
3147383
3156247
3160240
3162951
3163633
3164208
3172205
3172850
3181506
3181855
3182532
3192448
3195786
3198420
3199874
3203076
3203427
3203934
3208310
3208639
3209155
3211097
3214407
3215838
3219716
3225968
3225986
3228542
3229261
3238485
3239152
3240210
3240399
3240971
3242932
3244671
3245164
3246223
3246328
3246752
3253745
3253976
3258112
3261639
3268283
3274666
3275894
3280456
3280997
3283073
3283323
3286796
3286798
3292549
3300285
3307493
3308053
3308066
3310030
3312583
3318400
3319453
3323553
3323624
3324908
3325519
3329616
3329878
3330319
3332115
3334138
3335139
3335176
3339702
3343365
3349026
3354076
3358184
3361484
3362887
3363524
3363554
3369576
3370976
3372314
3372467
3372506
3377446
3382038
3382229
3382634
3382745
3383785
3386237
3387925
3389075
3394272
3398492
3403042
3404046
3404475
3406732
3411136
3411254
3412205
3418415
3420219
3426064
3430056
3431242
3432871
3438399
3440577
3440660
3443177
3445198
3448198
3449024
3454361
3454395
3456116
3461765
3465059
3468899
3469805
3472073
3476631
3477608
3478413
3479687
3487895
3490188
3490466
3491206
3494007
3495404
3496965
3497552
3500846
3504118
3507512
3509654
3510480
3512774
3518201
3521874
3524215
3524593
3525467
3527225
3528919
3532867
3532904
3534067
3536005
3536359
3537756
3538343
3539211
3539848
3547819
3551821
3556688
3566928
3567810
3569192
3570897
3573535
3573890
3577616
3578660
3579640
3587035
3594961
3596105
3596760
3604605
3609164
3610564
3612033
3613467
3620629
3626889
3632811
3635566
3637070
3643491
3649501
3650668
3652832
3654406
3657963
3659780
3659925
3661685
3670115
3671346
3671557
3683814
3685168
3687486
3688007
3692708
3696821
3697012
3697574
3706278
3707232
3707640
3710684
3711524
3715620
3717736
3719145
3719924
3724508
3730122
3730405
3731971
3733284
3733419
3735170
3735899
3736774
3738451
3739072
3743172
3746569
3748118
3748193
3753567
3758189
3761048
3761222
3763003
3763578
3763763
3766050
3776645
3785292
3785975
3787313
3788729
3790210
3796718
3799062
3810616
3816222
3819882
3822001
3825017
3827521
3831322
3833648
3837914
3839865
3840021
3841752
3843610
3844883
3846370
3848912
3851429
3851718
3857154
3858889
3860134
3861119
3863769
3864388
3866307
3867445
3869342
3875142
3880986
3884056
3885297
3886571
3889387
3896937
3902432
3903667
3904090
3907486
3909969
3911671
3911800
3913600
3918065
3920033
3922582
3923777
3925166
3925209
3925935
3926014
3927071
3930856
3933326
3933831
3935880
3937349
3938502
3948456
3949546
3951270
3952270
3954764
3955861
3956495
3959310
3961852
3963411
3968376
3968535
3987212
3989278
4004006
4004639
4005941
4006869
4011566
4013433
4015137
4015621
4023843
4025733
4026337
4032690
4036509
4038331
4052278
4056136
4061104
4064565
4068137
4074652
4076383
4077103
4086540
4095759
4101529
4103600
4105056
4110009
4111062
4113703
4119130
4123333
4123637
4128297
4130417
4131547
4136433
4141456
4141622
4145568
4151424
4153270
4156859
4164649
4164808
4167536
4170958
4173302
4174986
4178407
4178588
4179881
4183516
4186235
4186365
4186863
4197076
4200224
4207099
4210375
4217290
4218664
4230793
4231644
4236363
4243404
4248000
4249770
4254407
4256771
4258967
4259125
4260675
4267042
4270994
4275981
4277089
4282159
4285672
4288202
4294164
4295318
4295600
4296309
4301321
4312809
4315130
4317114
4317422
4317643
4319112
4325064
4325649
4325908
4327021
4327101
4328521
4330111
4336046
4340732
4340908
4343451
4344452
4356920
4357550
4358352
4361287
4364039
4366735
4366928
4367926
4371469
4372534
4376094
4377296
4379087
4382760
4387422
4387901
4388954
4389327
4389957
4396428
4398445
4400537
4402840
4403715
4405356
4406151
4408642
4409060
4412102
4413336
4417981
4425953
4428311
4431980
4446451
4446505
4454857
4462134
4462235
4462780
4467874
4468909
4471901
4472669
4473991
4474286
4474673
4474951
4476404
4477461
4478071
4484725
4486336
4486422
4487358
4491772
4494929
4495312
4498461
4499076
4501068
4508180
4512011
4512305
4512603
4513282
4519027
4524440
4538699
4540572
4541324
4542744
4543398
4545423
4547859
4552583
4554383
4555065
4555946
4558724
4561163
4561279
4561664
4564143
4579014
4580615
4587858
4592769
4598824
4601868
4605501
4609688
4612319
4612564
4614582
4619299
4620137
4621188
4624283
4624974
4634670
4638306
4639045
4640828
4642709
4646995
4655836
4655918
4656084
4662980
4672657
4674235
4677715
4682468
4686918
4697723
4714254
4715153
4716182
4718343
4719041
4720318
4726331
4727423
4733106
4734533
4740019
4740882
4747536
4749481
4751232
4751862
4752597
4752895
4757679
4759922
4763168
4763375
4765978
4769678
4771146
4771618
4772437
4775646
4776648
4776814
4777217
4781032
4786560
4790959
4793777
4794241
4794936
4799750
4800099
4808362
4812801
4815493
4820856
4825345
4830496
4834833
4835771
4842304
4842325
4842469
4845362
4847832
4850237
4851185
4854153
4856399
4857512
4858249
4859126
4859410
4862542
4865201
4868883
4869018
4869464
4870650
4871244
4875997
4879250
4883020
4885379
4886840
4887556
4892532
4896247
4896426
4897822
4897907
4902410
4903210
4907384
4908748
4912567
4914181
4916994
4928507
4929737
4929858
4930489
4933449
4934415
4942492
4953356
4954109
4954555
4957482
4962665
4965874
4968682
4969407
4970962
4971438
4973353
4975919
4978337
4979557
4984301
4984596
4987235
4989585
4990203
4992334
4994460
4994956
4997255
4999192
5015113
5016154
5019791
5020932
5025882
5026768
5031525
5032236
5035067
5035336
5040469
5046787
5047645
5052541
5053165
5054960
5055076
5060226
5061700
5061783
5062172
5064496
5067634
5067894
5068644
5071169
5071536
5076971
5083245
5085209
5086355
5087726
5087911
5089748
5093917
5097370
5102305
5105260
5106844
5112595
5116479
5118037
5122554
5124372
5126741
5127703
5138729
5142843
5147943
5148495
5149036
5156642
5161513
5162084
5162386
5164520
5175189
5176990
5181528
5183336
5185935
5186696
5190409
5194501
5198829
5201688
5201942
5202519
5203535
5206948
5208926
5215782
5216279
5217298
5217553
5224404
5224625
5227272
5227928
5229880
5235111
5241070
5244792
5250217
5256070
5259521
5263896
5267690
5268560
5271366
5273369
5278241
5280107
5283699
5285801
5286130
5289773
5294142
5295615
5296868
5304874
5305731
5310970
5311600
5313432
5316033
5316737
5324788
5327382
5327633
5327873
5329471
5330259
5340824
5343019
5343799
5344123
5353701
5355772
5359649
5361691
5362647
5364065
5364168
5364864
5364998
5365095
5369850
5372700
5378888
5380590
5382430
5382718
5386467
5390218
5390496
5392054
5396336
5398003
5398099
5399359
5400356
5404837
5407320
5407547
5407817
5413856
5417027
5418002
5421221
5422699
5422936
5424654
5424718
5429572
5430747
5432362
5433031
5434821
5435635
5437522
5441125
5453058
5460885
5462460
5464424
5464773
5466967
5469227
5476734
5476739
5479443
5483383
5488934
5489745
5493631
5494698
5495513
5504177
5505474
5506465
5510547
5510922
5511021
5515840
5522472
5525616
5527699
5530407
5532401
5534120
5537589
5539604
5543693
5546210
5546534
5546667
5546718
5553139
5554676
5558937
5561970
5564731
5566781
5569707
5571122
5575272
5577134
5580851
5583976
5586875
5592036
5600903
5602596
5602797
5604539
5615887
5619390
5621249
5629345
5629638
5631066
5636434
5636511
5639141
5641070
5644783
5648795
5650072
5652475
5653906
5655858
5656607
5657563
5658359
5664597
5669677
5672632
5673924
5680569
5682043
5682653
5684836
5685167
5690299
5691559
5692215
5693097
5700577
5703504
5709760
5712703
5725861
5730852
5731594
5736503
5737144
5740129
5740836
5744308
5745777
5751309
5753681
5755188
5757637
5758235
5758574
5761114
5762817
5762825
5764135
5765315
5765924
5769931
5769959
5770340
5774419
5779122
5781058
5790871
5799286
5811296
5815349
5824060
5824632
5829378
5830277
5831467
5831824
5836224
5836373
5836892
5838241
5842129
5844191
5851124
5851324
5855094
5859778
5865725
5871771
5873137
5879468
5879734
5885641
5899082
5900593
5904108
5907546
5908395
5911731
5912597
5917912
5918576
5920257
5921315
5923983
5924203
5933105
5939747
5940791
5941855
5944660
5953678
5958679
5959259
5960159
5963160
5965934
5967858
5968010
5969019
5972375
5973541
5973767
5985921
5987708
5988380
5988589
5989428
5993319
5994442
5995952
5999945
6003055
6003461
6005101
6018562
6023062
6030012
6034999
6037759
6049895
6051354
6055974
6061013
6068986
6069254
6072421
6075574
6075624
6076356
6077886
6078353
6083393
6091744
6098741
6099861
6106289
6107082
6107315
6107978
6108139
6110604
6112025
6112859
6113665
6115743
6122584
6124852
6125370
6137345
6137698
6141801
6142277
6143362
6143572
6144835
6149310
6149880
6149957
6150491
6150504
6154687
6175264
6177163
6182656
6183588
6186283
6187586
6188744
6190273
6190310
6192571
6193178
6194903
6198567
6198875
6206195
6213006
6213516
6214072
6214075
6215899
6216056
6220084
6221655
6226811
6233016
6233336
6235420
6240910
6241312
6247956
6250289
6250901
6253077
6253417
6256053
6262489
6264113
6267224
6268916
6271573
6273805
6276205
6277338
6277752
6278411
6281085
6281421
6285828
6286016
6288183
6291532
6293803
6300559
6301491
6301546
6307616
6308234
6320838
6320923
6322401
6322928
6329077
6332334
6334239
6338955
6340398
6343276
6348598
6348620
6353232
6353544
6354141
6356667
6357148
6358186
6359301
6361891
6362669
6370142
6371900
6372946
6374093
6378062
6380609
6382350
6383349
6386707
6387650
6390055
6394073
6394949
6395400
6395539
6404547
6404780
6407861
6408227
6409252
6418229
6419519
6419634
6424093
6426435
6428862
6429107
6432279
6433612
6435332
6439013
6439816
6441046
6442498
6442655
6444631
6445429
6448371
6449049
6450772
6451088
6453353
6454158
6456358
6456373
6460903
6462997
6463057
6463721
6468060
6475072
6475416
6476061
6483231
6483420
6486204
6487767
6488834
6489198
6489405
6492585
6492709
6495563
6495887
6501759
6506852
6510383
6515407
6515641
6520167
6523421
6528846
6530297
6530704
6532229
6538311
6539445
6541384
6543757
6544671
6544902
6554066
6554689
6564177
6564399
6564863
6565660
6570829
6573047
6574856
6577915
6582406
6585260
6586903
6590187
6593265
6599283
6608201
6621191
6625618
6628824
6638608
6640562
6648385
6649276
6655878
6668456
6678161
6680105
6687175
6694682
6697704
6700054
6708492
6709982
6714578
6715951
6718584
6720283
6721270
6722950
6725974
6733161
6733829
6734699
6736887
6739916
6740222
6741010
6744953
6752185
6753313
6754688
6757414
6761004
6763416
6764454
6769181
6774758
6775594
6776508
6776575
6780124
6780604
6783243
6788045
6792791
6794947
6797146
6800549
6802080
6802109
6805452
6808873
6810434
6820972
6825404
6825544
6835220
6836695
6838326
6838646
6839159
6842290
6842640
6843716
6843987
6846129
6848930
6851419
6853534
6853921
6854823
6857963
6858392
6860133
6863837
6864334
6865035
6865479
6867207
6868954
6870387
6877916
6883742
6888272
6895153
6898717
6899106
6902136
6902753
6903391
6907797
6911328
6912946
6915767
6917103
6917595
6919818
6921102
6922720
6924979
6925776
6930847
6934639
6939086
6939697
6941622
6943869
6948836
6950244
6954731
6955053
6956018
6959635
6961658
6973046
6974971
6977039
6980527
6982293
6986771
6988420
6994034
6996785
7001933
7014068
7017202
7018349
7018665
7020752
7022734
7023226
7029404
7031269
7034018
7034210
7034912
7035677
7037572
7039080
7040322
7040995
7043294
7044128
7052571
7061495
7064357
7066406
7071048
7073811
7079581
7081387
7086831
7093654
7098750
7100071
7102902
7108484
7110736
7113204
7127606
7127894
7129365
7131351
7145122
7151349
7155214
7173470
7176497
7186153
7186879
7193690
7198630
7201402
7204960
7207662
7211108
7218509
7219266
7221141
7222349
7230951
7232829
7237068
7241143
7246668
7248589
7249608
7253481
7253727
7258094
7260243
7261176
7263509
7267636
7267801
7271070
7271320
7272306
7274601
7275004
7277105
7277952
7278159
7281082
7281802
7283122
7287772
7288974
7289912
7290793
7299323
7304154
7305874
7312898
7317143
7322504
7327508
7336356
7336672
7337285
7337543
7338715
7338746
7342242
7347841
7349051
7350299
7352950
7356536
7357419
7362700
7373911
7377383
7388134
7398023
7403300
7403629
7406853
7407097
7410170
7410959
7415801
7417775
7423525
7424627
7426465
7430150
7432430
7435568
7436207
7439206
7439447
7440755
7441724
7442314
7442816
7442969
7445595
7446063
7447812
7448916
7449917
7450808
7453983
7457021
7458298
7461370
7465314
7465769
7472547
7473097
7475886
7480018
7482001
7482298
7485084
7486979
7493016
7493964
7494990
7499966
7502078
7502701
7504030
7506842
7508160
7510112
7510211
7511171
7517899
7523468
7523973
7527076
7540684
7541525
7550053
7557041
7563763
7564492
7569878
7576112
7590282
7594015
7595492
7597065
7599797
7601112
7602329
7604314
7604359
7609681
7616444
7619583
7627987
7631462
7632861
7633212
7634513
7638885
7643191
7643229
7645244
7650396
7665299
7673229
7673598
7673617
7673852
7681814
7682051
7688748
7692003
7694538
7696859
7699053
7699824
7708310
7719911
7730836
7731004
7732486
7732903
7737559
7742377
7750620
7750648
7751153
7753907
7757400
7757850
7758341
7771285
7771375
7774214
7775579
7775717
7781970
7783208
7788772
7791786
7797226
7802741
7806941
7810250
7816457
7818355
7821575
7821852
7822101
7824497
7824998
7836372
7841483
7841585
7851100
7854374
7858463
7859359
7864780
7866455
7871214
7872697
7877493
7880156
7881033
7888880
7889989
7890767
7890948
7897234
7902122
7910159
7910240
7912797
7912992
7917730
7922219
7924936
7926148
7926179
7928500
7940294
7944351
7945423
7967083
7975974
7976475
7977139
7977301
7980231
7981717
7984041
7984875
7985629
7988392
7990330
7990773
7991226
7991851
7995100
7995165
7995249
7995727
7996951
8002545
8005499
8006615
8007566
8010772
8012641
8014462
8017150
8017169
8018189
8024902
8027543
8027952
8034123
8035102
8036878
8040680
8041080
8043694
8047443
8056790
8057131
8069631
8070116
8073658
8077089
8077140
8078288
8078514
8082933
8083582
8084356
8097587
8099847
8103221
8103281
8110941
8113833
8114291
8119666
8121014
8123466
8125032
8129078
8134608
8138222
8140144
8147542
8148076
8148777
8149745
8150771
8153792
8154289
8155282
8156305
8159699
8160070
8161753
8162709
8163776
8166843
8170420
8174621
8175644
8177383
8181877
8186430
8188981
8193515
8197763
8198107
8199089
8215734
8215940
8218943
8221492
8222457
8232754
8232951
8233069
8236440
8240143
8240287
8242658
8243905
8247298
8257038
8258632
8268264
8270642
8271960
8273382
8275117
8279920
8279998
8286387
8289441
8291951
8292238
8295788
8298227
8298353
8298734
8298888
8303979
8304578
8310755
8313915
8314301
8316637
8318791
8332689
8338010
8341290
8343753
8345402
8352495
8355081
8356142
8357753
8358177
8363262
8363720
8363785
8366370
8368423
8372912
8373477
8377602
8382534
8383970
8384098
8387367
8391181
8393274
8397565
8399861
8404745
8406886
8408943
8410890
8418409
8419568
8419587
8423009
8432424
8432477
8433706
8436397
8438735
8440233
8441314
8462494
8463885
8465516
8466762
8475613
8476605
8486451
8488563
8493751
8502589
8503182
8503489
8503550
8505223
8506122
8507098
8508552
8514489
8516394
8519110
8520252
8523902
8524228
8530318
8533040
8533173
8535119
8535729
8536715
8537548
8538556
8539664
8542753
8543625
8543874
8545100
8549230
8561126
8562267
8563763
8565393
8567315
8568184
8569154
8570343
8574038
8580956
8582375
8585811
8588201
8588840
8590672
8590771
8591657
8594445
8595229
8595970
8596694
8600635
8600941
8604014
8607305
8609248
8612567
8616021
8616406
8619999
8620579
8624082
8628308
8629040
8632339
8633615
8634126
8634484
8635491
8641455
8645056
8645595
8646452
8647435
8652460
8652965
8655678
8656612
8662492
8664947
8665352
8668745
8669007
8671969
8678581
8680697
8683368
8686087
8689250
8690233
8709058
8709109
8711737
8712857
8715891
8719840
8720054
8736394
8741157
8749040
8749183
8751619
8758761
8759057
8763099
8766749
8767347
8768200
8772388
8776249
8784524
8785505
8790503
8800214
8804521
8815328
8817307
8817584
8818437
8825880
8829423
8835331
8835658
8839380
8840812
8852770
8854724
8857247
8859308
8864226
8865369
8865685
8868425
8870699
8874406
8874968
8875869
8879831
8880913
8882183
8886390
8893278
8895378
8899958
8900615
8902675
8903414
8903991
8904135
8906883
8906891
8909381
8914484
8915223
8920133
8923547
8923876
8924018
8924101
8925877
8926342
8927979
8928356
8931549
8932970
8936188
8937055
8939128
8939180
8940204
8942222
8945645
8947105
8950141
8953949
8954512
8962875
8964923
8965439
8980701
8982655
8984795
8988039
8988146
8993365
8996167
8997082
8997682
9000263
9000490
9000531
9007190
9007693
9009195
9013843
9015465
9016260
9016487
9017470
9031387
9033554
9035800
9038981
9039241
9040757
9044777
9045978
9046261
9049153
9051137
9053207
9053967
9062108
9065077
9065460
9066360
9070489
9070619
9074163
9075846
9085281
9087749
9092020
9093339
9099954
9100581
9104364
9104658
9109164
9111963
9112519
9114716
9117244
9124622
9137783
9139818
9139928
9145011
9148929
9154687
9160658
9165373
9165463
9166823
9169548
9173369
9173399
9176129
9180453
9186727
9191532
9193491
9198372
9199549
9201645
9201836
9206168
9206664
9207815
9212162
9214582
9215581
9217997
9218512
9231980
9232769
9237170
9238033
9238708
9238785
9239147
9239591
9246288
9248223
9248377
9249713
9252525
9255163
9256815
9262936
9263841
9265285
9266019
9269386
9286479
9289822
9301052
9305768
9311440
9312257
9321909
9323176
9325767
9326018
9329539
9332863
9335972
9341513
9347784
9350928
9356200
9359330
9360868
9365515
9365690
9370009
9371739
9374516
9374820
9375829
9382465
9392582
9392813
9394927
9401035
9403017
9405913
9407029
9410586
9415951
9416909
9419314
9424104
9428111
9429596
9433678
9433818
9436580
9436973
9437425
9441865
9444413
9447156
9449484
9459502
9460058
9460817
9462527
9465398
9465830
9471070
9489675
9496968
9498954
9499233
9501738
9503093
9503148
9503959
9507523
9508954
9509100
9510028
9514507
9518274
9519069
9523202
9531387
9531898
9533030
9534279
9534520
9553394
9556812
9558586
9558833
9559122
9560510
9563100
9564807
9564952
9567122
9568242
9568429
9569198
9580097
9582083
9582352
9584178
9591815
9593714
9596332
9598825
9603495
9604833
9606493
9611027
9611361
9619062
9620322
9621875
9628690
9630922
9633158
9643437
9648178
9661160
9662020
9662637
9664785
9666807
9667043
9668872
9668917
9672622
9674680
9676247
9680609
9681443
9682652
9682655
9686129
9691291
9700790
9705555
9708340
9708397
9708668
9709776
9709807
9716959
9718243
9718807
9719182
9725163
9732618
9736955
9742166
9742354
9749958
9750218
9755869
9756819
9760164
9761704
9764532
9767683
9769774
9770514
9775728
9776685
9781154
9789516
9799294
9801144
9810833
9811579
9813166
9819302
9819665
9825575
9834916
9835062
9835607
9837062
9838050
9845276
9849332
9854849
9855671
9856495
9864972
9865965
9866328
9867928
9870597
9870655
9871068
9875801
9879369
9879686
9896898
9897154
9898579
9902970
9914910
9917308
9917709
9918658
9919929
9921048
9922029
9925544
9928346
9933409
9936804
9940153
9942493
9947007
9950906
9952765
9954033
9965935
9971608
9972002
9977594
9978284
9982894
10003706
10004590
10006125
10007605
10008331
10010207
10010538
10011975
10015098
10017014
10017789
10019497
10020538
10021726
10023953
10025670
10032861
10033313
10048057
10049442
10053723
10057855
10061970
10064947
10065533
10073624
10075185
10079784
10082976
10089987
10093816
10096155
10098452
10099381
10104202
10105566
10107403
10107470
10111542
10112203
10115055
10121207
10124175
10127095
10133993
10140642
10140945
10142935
10145953
10146082
10152976
10155679
10156215
10157054
10161874
10176244
10176489
10176825
10183622
10183639
10184244
10184495
10187625
10190113
10192759
10194591
10206263
10207378
10208412
10209799
10211083
10211804
10213460
10217818
10220446
10227117
10229192
10229226
10229846
10231204
10237407
10238063
10240026
10242703
10246320
10251125
10254645
10259256
10259357
10261814
10275391
10275695
10277607
10278798
10279855
10282234
10282734
10282750
10284134
10288251
10295269
10297822
10299206
10300161
10303165
10310822
10315288
10319376
10320494
10323749
10333807
10334113
10337141
10337293
10339205
10341756
10343336
10346002
10352555
10355309
10357125
10360629
10362621
10371814
10372575
10382190
10382243
10382844
10387120
10389015
10389732
10395143
10395515
10398621
10402164
10410899
10411081
10411894
10412035
10421912
10423360
10424252
10430119
10434435
10439906
10443000
10444820
10446472
10447913
10447922
10449197
10449588
10451484
10454422
10461056
10465545
10469047
10471011
10471242
10473003
10489404
10489562
10490861
10491057
10494792
10497897
10498655
10501582
10503048
10504876
10505705
10505860
10507895
10508978
10515906
10518454
10519676
10520888
10524296
10526598
10529871
10535560
10536716
10539980
10544964
10546821
10547459
10558471
10559505
10559928
10560558
10560633
10564463
10565955
10567754
10567787
10575489
10582955
10584548
10584955
10586693
10592879
10596433
10596852
10603780
10607693
10609484
10612632
10613716
10617494
10620568
10623431
10624110
10624223
10627218
10627561
10627814
10632337
10633557
10638139
10638270
10639996
10640062
10644545
10653555
10655318
10657330
10663020
10670722
10672574
10673069
10676791
10677956
10678617
10679320
10688608
10689633
10691576
10694859
10694963
10698172
10699792
10700026
10702729
10702898
10712413
10715467
10715534
10716962
10718838
10719941
10720685
10726060
10727323
10729354
10730148
10733780
10735773
10736877
10737869
10741640
10742483
10747186
10747415
10751372
10751737
10752933
10756258
10762694
10776859
10777241
10781419
10785417
10786260
10790847
10790940
10791901
10795481
10800979
10812504
10817346
10818237
10823147
10823175
10823493
10826562
10831522
10834427
10837046
10837652
10842295
10844541
10848017
10849266
10850536
10851000
10851695
10856480
10857849
10863193
10864161
10865394
10867125
10869658
10874532
10877341
10881729
10882306
10884970
10885171
10885224
10886126
10894910
10908152
10911633
10920688
10922821
10924264
10926430
10927036
10929884
10931283
10935848
10938721
10941616
10943093
10946970
10947258
10947603
10948116
10949126
10952251
10956245
10963066
10965881
10967584
10967822
10968265
10968278
10968527
10969950
10971058
10981692
10981799
10983399
10984942
10988228
10991393
10991729
10994213
10996912
10997944
10998895
10998902
11002632
11022619
11023158
11029930
11030026
11036663
11037831
11043539
11044394
11046726
11054147
11060122
11064731
11066810
11070434
11071084
11071824
11074277
11076364
11076921
11077348
11079992
11080031
11081733
11086652
11087653
11088640
11095361
11097350
11101920
11103737
11105850
11109002
11113374
11113378
11122008
11128070
11128333
11131605
11133441
11133635
11134885
11136063
11136203
11139406
11140004
11144940
11147252
11150596
11150672
11150854
11152222
11155625
11159669
11160293
11161677
11163749
11167690
11167900
11168861
11168971
11170314
11171208
11171958
11172354
11173408
11174832
11176917
11179552
11186173
11188536
11188885
11196376
11198315
11198357
11200270
11200816
11201394
11203823
11209393
11220731
11220823
11222147
11229029
11234387
11238642
11240583
11241831
11253268
11255441
11259056
11262670
11265332
11267470
11270795
11275023
11277865
11287288
11287649
11290874
11291703
11294894
11303166
11304746
11308921
11317024
11324139
11324188
11324405
11326311
11327791
11335729
11335886
11336558
11343204
11343716
11345048
11347428
11350150
11350293
11350962
11356077
11356778
11363471
11369362
11369911
11373062
11373311
11379146
11381847
11382515
11384535
11384587
11389224
11391822
11392319
11397013
11397706
11401711
11402378
11403666
11406995
11411912
11413143
11419639
11420284
11426966
11428593
11436612
11437769
11438881
11440453
11443465
11443538
11444818
11446882
11453311
11456067
11457592
11457667
11463209
11463240
11470354
11473353
11480341
11486560
11491521
11491782
11492947
11494265
11495698
11499654
11501528
11503837
11509254
11511973
11518426
11530772
11542475
11553968
11561213
11565090
11572468
11574606
11575449
11584005
11586190
11587859
11589961
11595667
11601413
11602138
11602940
11605339
11609076
11621943
11623795
11625271
11625296
11626381
11626954
11627327
11630240
11639169
11639581
11646996
11648737
11651949
11653135
11655737
11659787
11661206
11675375
11677556
11679882
11680319
11680490
11682043
11682879
11688769
11692501
11696230
11699423
11709784
11714851
11718941
11722473
11725240
11729831
11731213
11733203
11734966
11740953
11747556
11752474
11756032
11758403
11759429
11764585
11766699
11766741
11771154
11773186
11774450
11776856
11781375
11781970
11783865
11784054
11784930
11786437
11788486
11789752
11792889
11799054
11800668
11803010
11808144
11811689
11817481
11817697
11819593
11819817
11825553
11825670
11828466
11834408
11834693
11841469
11850126
11851593
11859513
11861501
11868220
11871266
11875175
11878002
11888464
11889119
11894113
11895834
11896776
11896876
11898207
11902939
11903579
11905446
11906352
11915182
11922592
11923437
11928681
11932009
11932223
11932802
11933886
11934916
11936134
11942621
11943269
11946233
11952766
11953687
11954596
11963028
11965830
11967291
11969766
11971248
11972642
11974749
11981901
11982239
11984333
11987599
11994009
11994927
11996858
12003548
12006266
12014496
12014988
12015176
12020757
12021169
12021228
12021257
12021482
12022546
12023420
12023483
12024002
12026364
12026849
12029031
12030279
12031707
12035121
12039011
12043844
12043877
12047607
12050343
12054392
12055119
12057394
12063272
12063300
12065128
12067680
12071800
12076010
12082873
12084245
12090919
12091136
12096252
12096720
12096821
12097103
12097291
12100435
12103674
12105740
12107616
12110680
12111113
12113438
12115913
12118292
12119424
12123507
12124308
12125970
12127580
12127955
12129038
12129457
12134290
12139229
12143118
12143505
12144809
12147284
12147955
12148183
12151040
12154760
12159144
12159428
12167291
12167378
12173459
12173927
12184721
12187425
12187860
12190139
12190875
12192187
12194408
12196637
12198399
12202833
12212414
12212597
12220228
12222101
12227121
12228404
12231676
12234470
12235302
12237826
12239588
12240889
12241142
12246264
12246955
12249317
12249577
12253928
12256163
12258589
12260888
12264248
12268827
12269512
12272347
12275772
12287114
12287730
12288080
12288090
12288677
12289102
12297792
12299609
12301749
12302204
12307142
12309265
12311418
12312358
12313616
12315218
12316122
12317343
12318230
12321368
12325591
12327303
12342100
12342982
12343502
12344577
12348884
12353140
12354136
12357457
12363093
12363871
12367127
12370227
12370291
12375668
12379004
12379789
12381795
12384940
12386486
12386530
12387955
12389473
12392248
12394082
12398115
12398619
12404325
12406913
12412388
12412988
12413122
12415477
12415543
12417878
12418970
12430525
12432265
12433777
12441411
12443825
12445758
12447587
12447984
12449762
12452228
12452669
12452980
12453242
12455131
12455257
12457846
12458237
12458615
12465184
12479179
12483688
12484451
12487701
12488660
12491015
12495345
12496149
12497968
12501044
12502012
12503273
12503351
12503946
12505059
12510888
12512261
12515574
12530149
12545475
12549384
12550331
12551975
12555440
12556156
12556600
12564234
12564324
12565969
12569713
12576532
12578017
12579038
12581065
12582047
12582715
12586961
12588153
12588941
12590262
12594344
12597846
12599002
12601637
12604008
12614774
12616487
12617462
12620899
12631415
12631925
12633165
12642247
12642753
12646301
12647955
12653057
12655197
12657059
12657984
12660357
12665308
12665758
12665841
12668651
12669385
12669932
12675260
12676466
12678902
12683855
12692766
12696457
12698197
12705855
12707520
12710908
12712728
12718468
12718581
12720808
12724954
12725253
12727054
12729648
12730043
12733909
12737075
12740510
12751871
12756302
12764037
12767556
12767897
12768878
12769114
12769513
12771145
12771836
12772602
12776313
12779291
12780079
12780489
12783193
12788133
12790736
12792808
12796014
12799955
12800532
12801119
12802576
12805635
12805667
12806680
12808243
12809264
12813955
12816973
12818008
12819427
12826215
12827837
12828462
12829901
12831379
12832841
12836205
12838263
12839847
12843801
12847570
12848109
12850817
12857860
12860194
12861654
12863337
12867134
12867587
12867636
12868410
12868867
12869713
12870557
12871255
12878741
12883237
12885360
12888026
12893362
12893726
12898887
12902019
12902573
12905002
12913096
12914332
12916627
12917409
12920500
12921955
12925606
12925703
12935311
12939356
12951190
12951474
12954647
12960381
12964069
12980074
12995972
12996450
12999247
13000507
13001388
13002699
13004189
13005294
13008364
13012839
13012939
13016831
13021081
13021122
13025251
13025342
13035231
13036299
13038147
13039431
13045050
13045878
13047539
13048028
13051208
13053010
13055263
13068637
13074167
13076391
13077123
13079458
13090080
13091030
13096214
13103645
13104227
13104400
13107303
13109161
13113421
13114793
13118019
13123447
13128069
13129994
13132488
13138178
13148916
13150070
13150532
13153151
13154495
13158001
13158823
13160223
13160824
13169183
13170086
13170765
13171930
13172139
13172520
13173063
13183579
13187280
13189538
13192718
13193356
13197971
13200052
13200806
13201808
13203515
13203905
13205795
13212433
13213465
13214227
13214567
13215532
13223048
13223135
13227025
13232688
13237580
13242078
13245652
13249757
13250675
13258346
13258742
13262493
13264288
13272078
13281583
13283403
13290236
13292745
13294899
13294979
13298912
13299827
13301185
13304678
13306853
13308165
13309131
13309319
13310544
13312741
13313193
13313874
13315328
13322061
13332012
13332282
13339822
13344800
13350953
13350993
13352454
13354073
13356708
13364422
13368307
13372503
13374299
13376032
13376396
13378151
13378900
13380770
13382814
13386779
13388063
13390727
13391996
13394394
13396583
13396679
13403486
13405226
13405347
13406160
13407064
13407922
13412299
13413540
13414725
13415528
13416094
13416870
13420684
13420703
13429331
13433100
13434688
13436610
13440618
13441707
13443407
13443529
13451936
13455200
13457608
13463309
13472661
13476881
13477471
13479828
13480542
13480919
13481114
13481291
13482112
13482802
13484997
13485417
13486496
13491918
13496896
13497436
13505463
13508473
13509147
13511724
13511974
13512167
13512713
13515124
13517156
13519668
13529869
13532704
13536302
13542009
13546494
13549958
13551490
13552422
13554445
13554736
13558386
13562703
13572451
13574946
13578999
13579117
13579728
13583643
13587246
13589625
13589832
13589932
13592975
13597378
13597499
13598908
13600498
13605941
13609801
13610685
13610941
13613250
13616734
13617959
13618836
13621146
13628499
13630073
13632128
13634859
13635288
13636118
13639937
13641924
13643273
13647908
13649449
13652820
13657459
13657971
13665916
13666787
13668495
13670126
13670936
13673860
13678293
13678891
13683370
13684609
13689186
13691805
13698592
13701170
13703717
13705079
13711642
13712974
13714114
13714769
13719183
13720914
13721845
13723542
13724586
13724648
13724677
13725717
13726032
13726933
13727077
13736715
13741318
13743511
13747512
13749532
13751440
13760109
13761625
13761776
13765984
13768378
13768694
13772032
13776587
13780275
13780862
13787259
13788093
13788445
13788909
13791495
13797841
13806483
13807620
13809734
13816017
13816144
13817768
13817828
13818520
13819054
13820755
13824290
13827698
13828226
13829139
13832465
13833100
13833800
13833932
13838294
13840653
13841880
13843859
13844116
13851509
13857376
13870886
13873367
13875081
13876810
13877666
13877823
13877829
13891269
13893723
13899470
13903363
13917239
13917462
13917915
13920327
13925846
13927302
13932117
13935630
13948327
13953769
13960816
13962259
13963567
13965315
13974097
13974888
13975037
13977473
13990705
14000952
14003695
14011472
14013673
14014885
14021202
14029745
14032501
14036231
14043850
14044165
14044401
14048004
14054179
14055823
14057375
14058753
14059755
14062339
14064365
14068650
14074463
14076998
14078787
14080003
14082070
14082624
14086996
14092548
14102380
14102963
14103008
14105216
14107953
14109573
14118780
14130434
14134280
14136254
14136906
14139140
14139614
14140959
14142195
14142239
14146522
14154170
14156257
14156342
14156421
14158543
14160035
14160181
14161593
14163143
14163234
14167608
14177731
14179286
14179560
14184856
14188238
14188326
14191480
14203000
14203355
14206982
14206984
14213492
14216416
14219096
14223788
14226923
14227676
14236655
14239981
14248931
14250820
14250902
14253518
14257957
14261868
14268815
14269463
14270417
14273133
14275212
14275730
14276077
14282677
14286644
14287358
14289335
14291452
14308250
14309888
14314706
14318069
14318438
14320447
14321046
14326047
14334407
14339128
14344385
14345500
14365929
14366801
14382605
14383125
14385071
14391984
14403265
14403669
14407393
14411772
14413437
14414325
14414660
14418671
14419382
14425283
14427421
14431417
14431742
14435334
14436728
14440985
14441039
14441054
14441355
14447583
14456728
14469759
14471209
14471443
14474266
14479765
14483637
14487319
14487744
14490135
14491244
14491399
14491601
14492923
14494172
14496782
14508414
14509494
14514677
14515013
14516094
14519587
14519902
14523467
14528029
14532950
14534993
14535849
14540201
14543812
14548300
14549913
14550946
14552552
14552806
14561525
14566018
14576753
14582037
14594303
14598696
14600162
14608084
14619236
14627732
14630708
14633069
14636284
14641600
14646185
14655912
14657302
14658334
14665057
14668970
14669377
14671875
14674707
14674755
14684163
14685066
14686034
14686161
14695192
14695330
14697245
14702120
14702717
14706310
14706834
14715008
14715467
14721561
14722564
14726641
14731652
14735472
14738984
14750101
14750737
14756178
14760285
14763750
14767346
14768588
14768965
14770474
14772415
14773073
14776982
14778809
14779220
14781946
14782984
14783898
14784945
14794372
14801570
14807799
14811649
14815475
14822327
14823263
14823750
14825524
14828867
14830598
14837392
14838743
14839085
14840402
14840846
14841366
14846954
14847206
14854558
14855251
14861769
14865866
14866559
14868307
14872413
14873056
14882156
14892096
14894504
14898794
14900349
14900527
14901328
14905987
14907678
14916789
14922593
14927453
14930720
14934472
14937182
14938661
14944395
14948257
14949755
14956006
14957076
14965304
14967695
14972942
14975828
14979398
14979800
14981044
14985993
14991240
14992913
15000990
15001214
15002686
15004809
15007114
15007818
15007840
15008852
15017611
15018595
15021052
15023919
15028949
15033453
15033466
15033591
15035329
15035606
15036307
15039735
15042630
15046927
15047333
15048178
15057313
15074871
15080019
15086746
15086950
15088569
15102433
15107341
15108028
15108705
15119101
15121529
15121851
15122090
15132395
15138651
15141882
15146819
15155076
15158565
15160662
15163969
15165735
15167105
15168892
15172889
15174955
15175287
15187169
15188196
15191852
15193183
15194806
15199939
15207778
15210575
15211900
15219277
15219845
15241809
15242191
15244108
15250090
15256195
15256529
15262915
15264949
15269128
15275576
15287189
15291242
15292374
15292940
15294446
15306248
15311738
15311905
15321091
15321907
15326975
15328419
15331731
15337572
15338904
15339822
15340709
15343830
15344647
15348662
15355810
15361231
15368288
15374536
15378042
15385313
15386109
15387481
15387842
15392353
15400365
15407943
15417189
15426635
15427571
15443659
15444480
15456802
15457417
15457710
15471210
15472522
15474374
15479083
15480777
15481776
15489381
15493427
15497001
15497384
15497952
15500717
15505652
15509755
15514282
15515508
15518429
15521025
15522571
15522896
15522943
15525033
15525601
15525631
15528466
15534922
15535754
15544912
15545343
15545553
15548925
15549384
15552786
15562394
15565686
15566138
15570733
15572304
15574577
15576207
15578267
15582707
15591730
15591811
15599372
15603516
15604088
15609791
15625392
15628256
15629559
15635466
15639619
15640764
15642369
15643960
15644116
15648015
15650405
15655486
15668071
15681196
15681207
15681513
15684969
15688355
15688443
15691136
15694041
15696954
15711167
15712964
15715083
15726942
15733781
15735511
15736798
15744311
15745818
15748230
15755238
15757385
15757881
15759529
15762467
15766012
15767093
15768198
15769013
15773693
15785837
15801718
15802682
15803535
15810961
15812455
15813125
15815059
15815516
15823173
15823343
15823923
15824981
15827106
15832150
15837787
15839197
15841358
15850350
15854625
15861856
15863869
15871703
15874260
15875460
15884626
15887988
15890207
15890725
15896488
15900016
15905054
15915395
15927113
15927650
15928053
15928909
15931915
15935805
15938266
15939162
15941918
15949267
15953413
15955378
15962170
15962715
15963867
15968104
15968514
15968950
15976008
15980877
15982807
15985443
15985760
15986175
15986804
15988852
15989155
15991525
15992214
15996190
15996895
15998018
16002077
16003983
16027543
16031054
16033887
16037679
16047721
16057918
16061378
16062182
16063344
16070451
16071940
16077347
16082714
16089081
16089309
16102258
16118869
16121106
16134964
16137072
16137673
16141035
16144900
16144987
16145198
16150218
16153575
16154630
16156773
16157517
16159034
16162726
16164238
16177017
16177037
16183305
16185932
16191029
16191169
16193240
16195876
16209649
16215581
16217992
16219658
16225200
16227548
16228818
16230860
16231324
16231561
16232950
16235867
16239867
16240099
16240579
16240774
16267210
16270194
16275884
16277325
16280813
16283710
16294945
16308589
16312337
16315869
16316192
16317495
16318971
16326625
16329763
16329836
16332720
16332787
16335101
16337106
16342883
16349106
16349613
16350795
16352014
16353301
16354922
16359753
16368054
16370019
16372073
16376451
16377097
16377712
16381526
16394830
16396480
16396836
16398041
16400573
16408866
16409584
16409613
16410098
16410217
16413711
16422321
16422348
16422509
16424698
16426850
16428549
16435359
16437504
16438470
16439061
16439109
16440531
16442418
16454559
16456551
16459677
16468004
16469970
16471841
16475879
16478342
16479071
16480066
16480853
16485372
16485456
16503794
16503896
16505226
16505506
16507783
16509957
16510904
16519771
16520605
16533362
16534843
16540154
16542281
16544341
16548346
16549953
16550704
16550807
16555261
16558511
16559332
16572928
16577620
16581540
16587008
16601135
16603855
16604488
16607979
16612725
16620292
16622172
16622693
16623177
16624299
16626556
16630880
16630888
16634063
16634792
16644102
16646500
16651977
16652542
16667495
16671435
16671448
16672045
16674446
16674947
16677702
16679669
16682567
16682681
16685024
16692919
16703799
16707104
16709101
16711813
16714490
16714520
16717603
16719093
16719393
16723238
16723367
16726023
16730479
16734871
16737978
16739620
16742897
16758134
16763491
16763709
16766460
16773624
16776030
16776378
16778890
16780968
16781338
16782624
16789200
16790269
16790675
16792957
16801980
16803349
16804331
16808148
16818688
16822170
16822502
16828221
16828807
16828901
16830266
16833249
16835504
16838429
16850987
16867391
16876385
16879388
16884099
16884218
16886504
16886782
16891611
16896537
16903907
16907318
16909697
16916575
16923781
16924323
16926644
16933815
16936266
16943121
16944298
16948338
16950667
16953574
16954608
16957519
16957671
16959735
16960949
16960972
16967158
16967823
16970386
16975733
16979487
16979729
16984809
16985757
16986456
16987532
16988078
16988300
16989861
16993038
16994666
16995716
16996146
16997004
16999231
16999824
17009069
17010228
17010996
17012439
17018746
17023887
17025396
17031491
17033309
17034087
17035616
17036621
17038555
17040878
17045317
17045928
17048090
17048619
17049272
17050490
17052456
17054920
17055787
17059155
17063686
17070558
17075959
17077543
17082439
17086468
17086679
17086836
17093131
17094258
17095518
17098981
17105542
17108024
17108352
17114292
17116737
17119041
17124601
17125599
17128039
17129660
17137553
17140887
17145219
17145864
17146999
17147125
17148470
17160881
17161734
17163858
17164149
17164946
17167770
17169632
17170940
17173638
17176685
17182677
17184535
17190472
17196061
17196196
17202547
17202578
17203187
17208343
17208727
17208992
17209247
17209618
17214401
17222201
17222846
17225133
17226896
17228889
17230816
17232684
17237810
17240788
17247375
17258650
17258915
17259933
17266686
17270552
17270677
17278357
17278853
17282163
17282273
17283970
17288100
17292338
17293234
17293671
17295640
17298373
17299145
17300702
17301157
17301734
17305435
17308032
17310150
17316925
17319826
17324859
17337605
17337824
17338725
17339902
17341869
17342563
17342658
17350002
17351945
17353154
17357258
17364543
17373597
17383898
17387471
17394538
17394561
17402772
17403512
17406472
17407614
17414047
17415033
17416909
17428544
17430281
17431804
17433202
17438879
17441399
17445969
17447789
17452522
17455180
17462695
17464598
17465328
17467438
17471214
17471390
17473518
17473541
17474388
17475952
17477124
17477451
17479155
17482127
17482892
17483207
17485854
17487151
17488984
17489086
17495317
17499741
17500563
17500932
17502390
17503674
17508239
17510162
17514503
17518088
17521992
17525409
17526443
17529550
17534691
17540334
17541095
17547060
17548461
17551453
17552780
17558357
17559153
17559499
17563102
17563884
17565764
17568880
17568986
17569788
17571182
17571249
17574808
17576936
17579132
17581216
17586462
17589662
17590126
17592861
17593530
17594742
17597745
17598114
17598808
17600090
17601495
17602549
17609345
17610132
17610593
17611083
17619011
17621219
17621858
17622549
17624323
17624788
17627911
17629223
17632302
17633970
17637769
17638311
17638494
17638885
17645182
17646682
17647527
17648639
17650144
17652267
17652989
17658081
17660200
17664976
17668426
17669435
17670934
17671777
17673066
17674882
17676115
17679506
17679570
17684202
17684958
17687806
17689507
17694867
17703618
17705963
17710690
17710946
17712879
17720214
17720608
17722398
17729659
17731076
17738028
17739028
17739563
17743489
17744101
17747146
17748353
17749467
17751037
17752680
17755828
17760074
17769626
17770788
17776383
17776408
17785657
17806096
17807769
17808161
17808877
17810690
17811748
17814585
17816797
17817260
17818169
17819658
17821401
17826193
17827518
17830934
17832171
17834908
17835694
17843642
17848483
17851429
17851834
17852672
17854093
17855893
17856145
17858829
17858991
17859554
17860708
17863498
17866019
17867263
17867644
17871685
17872235
17876122
17877705
17878484
17884725
17887478
17888333
17890353
17894338
17894970
17899386
17899481
17901537
17916418
17921210
17926393
17928951
17932048
17932332
17932380
17936905
17949310
17949485
17950621
17951310
17953956
17954486
17956134
17961986
17974006
17974432
17986864
17988183
17989724
17991955
17992167
17998516
18001966
18004097
18005819
18006322
18012625
18013133
18013183
18028231
18033348
18036150
18036524
18038758
18038977
18040248
18042571
18044084
18048566
18049056
18050738
18052465
18057177
18059217
18061667
18064064
18068981
18069027
18072155
18078093
18086215
18090593
18092134
18097022
18099344
18100807
18102271
18110019
18117695
18120159
18131244
18138308
18138649
18140181
18148429
18149574
18150404
18152119
18156972
18158012
18159205
18159833
18161209
18162608
18164084
18164129
18174417
18180291
18182141
18182636
18184109
18185104
18192984
18194657
18201685
18202015
18209132
18215675
18217613
18218218
18220177
18221841
18224390
18225581
18225636
18226864
18226880
18232591
18233029
18241318
18247474
18251394
18264522
18266313
18269580
18275719
18283013
18285933
18286923
18289071
18292558
18295391
18296989
18298067
18301705
18304070
18305794
18308624
18319684
18320454
18323892
18324960
18325256
18335020
18335642
18335878
18338541
18340537
18345320
18350414
18351023
18353290
18356465
18357116
18359325
18364677
18367606
18367844
18369859
18374531
18375213
18375393
18379361
18388175
18388440
18398298
18402136
18404574
18404786
18409922
18412839
18413700
18417686
18424798
18427208
18429034
18430596
18433667
18434125
18440028
18445005
18445616
18446441
18454160
18457085
18463303
18468531
18469156
18470787
18472241
18472875
18478478
18481841
18490607
18500064
18504999
18512054
18512412
18523291
18525630
18528903
18531293
18533586
18533863
18534491
18536308
18544750
18547122
18551289
18552012
18553981
18559948
18560576
18560649
18561220
18566590
18568816
18569994
18570224
18570571
18571525
18572376
18573475
18573910
18574490
18575108
18575356
18576786
18588313
18588940
18595929
18596766
18596911
18599370
18601552
18602516
18605812
18610454
18613017
18613296
18614432
18615252
18618721
18620985
18626123
18626365
18638767
18639671
18641804
18644892
18645234
18645837
18649496
18652865
18654997
18670266
18675733
18676094
18683185
18684192
18686792
18692514
18694612
18696613
18696902
18697611
18699689
18701790
18703199
18707620
18708222
18712501
18714033
18718097
18719394
18721881
18723214
18726732
18728743
18729010
18729956
18733534
18735030
18736207
18736758
18737957
18744984
18746830
18747051
18747513
18747569
18749659
18750377
18750741
18752958
18753459
18759726
18762855
18767328
18772022
18776825
18777625
18777854
18779267
18779865
18781147
18802995
18806288
18814174
18819334
18823096
18827102
18827850
18834560
18836472
18836719
18837841
18838110
18838739
18839028
18840020
18840558
18841547
18842008
18843289
18844030
18847868
18848626
18851802
18852304
18853529
18854167
18855934
18856047
18861524
18864376
18864670
18864826
18866045
18871509
18873244
18876129
18882621
18883645
18887072
18887771
18889380
18893878
18899495
18900480
18902404
18905639
18916063
18919731
18926941
18927442
18933551
18936326
18937606
18937827
18939117
18942295
18947374
18947738
18948828
18949394
18949751
18949768
18954494
18955777
18955876
18957759
18959981
18976060
18976180
18982032
18984271
18984397
18990741
18993937
18996426
18996768
18998887
19000167
19003666
19006301
19006434
19007129
19007517
19016223
19026794
19026995
19028164
19032186
19033512
19038481
19046585
19048948
19049681
19051576
19051988
19052029
19052953
19055445
19057909
19058819
19062591
19065114
19065541
19075892
19081985
19085870
19088199
19092348
19093658
19100038
19108502
19113052
19113449
19114734
19121884
19125245
19126388
19132651
19134985
19135273
19136400
19140721
19146557
19147294
19150696
19151610
19153239
19153538
19155854
19159965
19161883
19163518
19165937
19166371
19169780
19170252
19172457
19172971
19174585
19188751
19200481
19203747
19219396
19223525
19227527
19229517
19230850
19231717
19231863
19236657
19242563
19243107
19255666
19258034
19261032
19262184
19264097
19269951
19283969
19285191
19285717
19286812
19287240
19290872
19309232
19311395
19312546
19314294
19317028
19318473
19330126
19332336
19332512
19336661
19341939
19343207
19346004
19346399
19346646
19346868
19347174
19352921
19354122
19356266
19358751
19365363
19365622
19368967
19369437
19374922
19384038
19389074
19393312
19394688
19395776
19396843
19401332
19401745
19404431
19410726
19414247
19414671
19415038
19417343
19417615
19418215
19422654
19427572
19432016
19432874
19440866
19448673
19448834
19449382
19449977
19452631
19457086
19457438
19457566
19460509
19465635
19473313
19474556
19482367
19486160
19487855
19495179
19498189
19499897
19500264
19500299
19501048
19507037
19507113
19509157
19509530
19509841
19510742
19521421
19521678
19523431
19525813
19527436
19536851
19542300
19542530
19545492
19551973
19555410
19556185
19557751
19558608
19560407
19566289
19569308
19569749
19577807
19578405
19582251
19588986
19592052
19593234
19595696
19597017
19597629
19602449
19603517
19607677
19608325
19608444
19615820
19620292
19626278
19627462
19629455
19629742
19633529
19633848
19641245
19647800
19652772
19655919
19656422
19657849
19658778
19660127
19661177
19663905
19667336
19668836
19673045
19673087
19674663
19675566
19675696
19686983
19688681
19689084
19691261
19692630
19701954
19707231
19708184
19714861
19718139
19718819
19724963
19730061
19731550
19733145
19734082
19734809
19740687
19743005
19744515
19745763
19749263
19751134
19754397
19754604
19759094
19760621
19765819
19768553
19770669
19778742
19784065
19786917
19792959
19797613
19801213
19805286
19808335
19818139
19820836
19821311
19823733
19827438
19828258
19835864
19843409
19844434
19848927
19850109
19850812
19855984
19859046
19859709
19869256
19871879
19874088
19878592
19879248
19881857
19886969
19887850
19896204
19900450
19902196
19910315
19914624
19917379
19918696
19918771
19919264
19930653
19932605
19934490
19936622
19939380
19939804
19941206
19945070
19946103
19949136
19956168
19957646
19959607
19963051
19973526
19978098
19982331
19982345
19986756
19988006
19988569
19990187
20001690
20006441
20008803
20009721
20017055
20019859
20021069
20025444
20026520
20028727
20029214
20030045
20030626
20030741
20032145
20033342
20043243
20043276
20045063
20047259
20052581
20056065
20056266
20059306
20072820
20073650
20074636
20075186
20077019
20079450
20085899
20086747
20086991
20088061
20088735
20089551
20094587
20097006
20097641
20101901
20104204
20106600
20108634
20109357
20112624
20112954
20115087
20117609
20117869
20119901
20120815
20125540
20127885
20132013
20136264
20136725
20144222
20146884
20149939
20152822
20153787
20155532
20156266
20165746
20170373
20170876
20171652
20178565
20182572
20184661
20185148
20185476
20186441
20191968
20193198
20195941
20197478
20203165
20208543
20209865
20211557
20212268
20213431
20216471
20217331
20220934
20225731
20226813
20227055
20227988
20230207
20232283
20232395
20234745
20237210
20237626
20246281
20247430
20250029
20250195
20255189
20256605
20257955
20261899
20264873
20267039
20269451
20270304
20274540
20275712
20278942
20281473
20283847
20287565
20287809
20290839
20292087
20299475
20300590
20300776
20316889
20321132
20327371
20329682
20330426
20339642
20342977
20343288
20344992
20347246
20349310
20351934
20356839
20358964
20361639
20361653
20367284
20373326
20381929
20382280
20387794
20390519
20393316
20394296
20395850
20396872
20397013
20402152
20403182
20408755
20408997
20419911
20420517
20421168
20421860
20429077
20433631
20433889
20435484
20436145
20440306
20444421
20448739
20449716
20450915
20460045
20461378
20461594
20469134
20470803
20479014
20482274
20482283
20482762
20485697
20486532
20486667
20488493
20494314
20495732
20503835
20504869
20511326
20515499
20518528
20519299
20519985
20520639
20520663
20525325
20526146
20529642
20530927
20532233
20534291
20540913
20541587
20549470
20551011
20551987
20552234
20553686
20554964
20557476
20575576
20579085
20582261
20586106
20586316
20586712
20587052
20588055
20588062
20593509
20597017
20607406
20609615
20610280
20611592
20613041
20613478
20620763
20627975
20628949
20631619
20636126
20639740
20640363
20640412
20640782
20654773
20657310
20657879
20660277
20661042
20661256
20661552
20661814
20663468
20664921
20667898
20669432
20669893
20672910
20673564
20673632
20675902
20678397
20685128
20685592
20685905
20688715
20691656
20692825
20693547
20697634
20701963
20703152
20703443
20705320
20710742
20717825
20718833
20719320
20721618
20723743
20723810
20733362
20735316
20736479
20742166
20747400
20747891
20754508
20754528
20758254
20762743
20764225
20766695
20772587
20782145
20786648
20787347
20789505
20790247
20793221
20796924
20798584
20802363
20807370
20808856
20812396
20815535
20816632
20818915
20820714
20836936
20839083
20842352
20846709
20855672
20855947
20857103
20858719
20858749
20865256
20865720
20869052
20869848
20869966
20874768
20876353
20889461
20893417
20893761
20899971
20902591
20909883
20914592
20917990
20923685
20924013
20924431
20925205
20925770
20926604
20928553
20928850
20928988
20929246
20930658
20935183
20936413
20936686
20945314
20948063
20950139
20950784
20950945
20960494
20968017
20970391
20974076
20975021
20975800
20979735
20983349
20985692
20986797
20993236
20998219
21004814
21005385
21008420
21010446
21011312
21017000
21017035
21017670
21023206
21027278
21031823
21033374
21040226
21043603
21045100
21048535
21051962
21056102
21058778
21062088
21068258
21075973
21079189
21079806
21080670
21082532
21084063
21088040
21092174
21093640
21093819
21097338
21099383
21104022
21110405
21114136
21115148
21118312
21121799
21130234
21134524
21136354
21138636
21139062
21142439
21151101
21156703
21163003
21163818
21163903
21165512
21168603
21177013
21177590
21177694
21178105
21178482
21179832
21182482
21193457
21195656
21195711
21202088
21204225
21207375
21210076
21222827
21228023
21229286
21229581
21230337
21232963
21239754
21239992
21243787
21245247
21248081
21248812
21250396
21257195
21262611
21267458
21268156
21268223
21269667
21271653
21275377
21275985
21283118
21285411
21286932
21288289
21296994
21298364
21310459
21310616
21315655
21320594
21321869
21321946
21323839
21324689
21324977
21328608
21337446
21339552
21339615
21345778
21345958
21346565
21349899
21357328
21358198
21368468
21370635
21371529
21372325
21373872
21376703
21377345
21380002
21380639
21381115
21381600
21384466
21386715
21389610
21392650
21393306
21393975
21395884
21396773
21397616
21399133
21403820
21404133
21406035
21407536
21407882
21409054
21409553
21409606
21410353
21413107
21418005
21419820
21430647
21430857
21431203
21440746
21441268
21442504
21444527
21447565
21449566
21453320
21456412
21456435
21458044
21459185
21463565
21463715
21464128
21466165
21466921
21467169
21468800
21470655
21475094
21475574
21481969
21486487
21490264
21490660
21492359
21494441
21495443
21496469
21501507
21506185
21514403
21518437
21519852
21527013
21527940
21537430
21538985
21540023
21543622
21546345
21546386
21547690
21549663
21550089
21562325
21564277
21570032
21570246
21570297
21571148
21576925
21586937
21591000
21600195
21600593
21603564
21604507
21605439
21608108
21608391
21608690
21611353
21620824
21624081
21628298
21631202
21631424
21632617
21634807
21638758
21648040
21648066
21649533
21649557
21658506
21659613
21662145
21662667
21667328
21667550
21668318
21673995
21676272
21676953
21678169
21680404
21681405
21681444
21682211
21683612
21689817
21691508
21692333
21693099
21697885
21699110
21704588
21708363
21709968
21710082
21721569
21726227
21727827
21732922
21735841
21742850
21748134
21750285
21750894
21753238
21753444
21761358
21768441
21775124
21775344
21777920
21779856
21781110
21789368
21796230
21803536
21806952
21809785
21812354
21812620
21815416
21824447
21830600
21831402
21832519
21840788
21842668
21847985
21862148
21864755
21866141
21866174
21867752
21867941
21870123
21870730
21875803
21876681
21881391
21884468
21884638
21889116
21889440
21891271
21892920
21894156
21898799
21901236
21903096
21903253
21904610
21910159
21913710
21915050
21916509
21916989
21917977
21919560
21920300
21924605
21933649
21933900
21945404
21948939
21952945
21965915
21968389
21970204
21974431
21976362
21984530
21985844
21985874
21986871
21989232
21993646
21996445
21997900
21999501
22000774
22004236
22009225
22016564
22026009
22026824
22032610
22037862
22043195
22043327
22044042
22044067
22049047
22052266
22055299
22057612
22058980
22061094
22062008
22063518
22066672
22069155
22077542
22079649
22079876
22080674
22080935
22082150
22083304
22087562
22097223
22098331
22099823
22103078
22103332
22103541
22111307
22119216
22122042
22124602
22133148
22142700
22144641
22145198
22150909
22152557
22155590
22157338
22160163
22161655
22163497
22168943
22173109
22174123
22174312
22174871
22177071
22177639
22179336
22180945
22181351
22182275
22182371
22182560
22184648
22186680
22187483
22188797
22193580
22201551
22205021
22206117
22216146
22216305
22221255
22221777
22225401
22227093
22229100
22236941
22241633
22241920
22242203
22246435
22248890
22249480
22255657
22258668
22259793
22260158
22260415
22262271
22262627
22266929
22268499
22271163
22272800
22273375
22274632
22280293
22281306
22284390
22289466
22291716
22292018
22293556
22296662
22299336
22307203
22308002
22309241
22310226
22313187
22319916
22321761
22322198
22323420
22323556
22324967
22325256
22327064
22328610
22336740
22339311
22339675
22355682
22355997
22360877
22369250
22369342
22371246
22372546
22378648
22379350
22380599
22383083
22387368
22389029
22389330
22390233
22391325
22395178
22400438
22401869
22406946
22408072
22413567
22418390
22420570
22423889
22427373
22433004
22434034
22434113
22438682
22439250
22444355
22448135
22456132
22456310
22456834
22463292
22467553
22473763
22475494
22477273
22478673
22479404
22484129
22485875
22491010
22499240
22507540
22508297
22508481
22509452
22509658
22511282
22517223
22520874
22524286
22525620
22526333
22527067
22528665
22529378
22529469
22529889
22532141
22533170
22533434
22534732
22541782
22547919
22548506
22548873
22550232
22555826
22560604
22560732
22562227
22569565
22575914
22587545
22590904
22595271
22595383
22596860
22607296
22607797
22608123
22608255
22614575
22614856
22614973
22616685
22618286
22618773
22620180
22623762
22625619
22630403
22636228
22645394
22645456
22646793
22654967
22655702
22656543
22657988
22660537
22661122
22665616
22666855
22672523
22672560
22680083
22683552
22683584
22685113
22685555
22692228
22694143
22694864
22696180
22716244
22719792
22723318
22732345
22737503
22748581
22753402
22756538
22759105
22760158
22762099
22763771
22768394
22769692
22776373
22785720
22793419
22796602
22799003
22799583
22807543
22808032
22808811
22809739
22810394
22814103
22818583
22820660
22821375
22821643
22822232
22829994
22830641
22831644
22832637
22835033
22836130
22837118
22839203
22840561
22842331
22842759
22846097
22849033
22852726
22854518
22855139
22858669
22859131
22862237
22862897
22863461
22864721
22866138
22884137
22886434
22888005
22896131
22902633
22907717
22915115
22915186
22916557
22918452
22921241
22923083
22924182
22932872
22941734
22942376
22943012
22943327
22945960
22948196
22951812
22963514
22968275
22972682
22982098
22984957
22993406
23001184
23004349
23014589
23016569
23016607
23026187
23028776
23033013
23036873
23046986
23048947
23053373
23055308
23057553
23058598
23061968
23067002
23068608
23069016
23069797
23069883
23080174
23081911
23084950
23086615
23096569
23104914
23108604
23108748
23108778
23123152
23125012
23126399
23126777
23136450
23140475
23140854
23152972
23153477
23155649
23161234
23161511
23162081
23163566
23173058
23173656
23174697
23175942
23177607
23179408
23179766
23181735
23183811
23186035
23187916
23189291
23191944
23194179
23201214
23208428
23210890
23212663
23227627
23227805
23227993
23230242
23232829
23238839
23239772
23258386
23261448
23263470
23273624
23286215
23288714
23292160
23293434
23293687
23293980
23298510
23302425
23308729
23311855
23312507
23312651
23315375
23316523
23317653
23320235
23320487
23323024
23329761
23334255
23338554
23338872
23346671
23346677
23348742
23358420
23360930
23360999
23362056
23364690
23365814
23373096
23375107
23376987
23379867
23380045
23392663
23395490
23396155
23397497
23399404
23413925
23417592
23417660
23421943
23429342
23431403
23442946
23448923
23451069
23453159
23455458
23459527
23460023
23460312
23460993
23465768
23466539
23466684
23466870
23468160
23470403
23471866
23475234
23476616
23480032
23480263
23481961
23482514
23484326
23485296
23491858
23493267
23493939
23494505
23494593
23503724
23509212
23511108
23518484
23519197
23521780
23521949
23526211
23531987
23535877
23546665
23547364
23548380
23550162
23555392
23556203
23559924
23561821
23565546
23570919
23571231
23571641
23572578
23574086
23577767
23580397
23581166
23581485
23582123
23582323
23586931
23586974
23589198
23591365
23595772
23595979
23600587
23601392
23602002
23617490
23617986
23622932
23624536
23628317
23630800
23633525
23637858
23646234
23648446
23652271
23657538
23658942
23659268
23660379
23661184
23662459
23668586
23668648
23669537
23672289
23680103
23684331
23686854
23687885
23689272
23695285
23696035
23697764
23698288
23703037
23704242
23708689
23710327
23715616
23716958
23717395
23718662
23725787
23728748
23729183
23729348
23731719
23731912
23738649
23745746
23745912
23748134
23748898
23751791
23754444
23756749
23758462
23761238
23767614
23769424
23780215
23781123
23782611
23794088
23796868
23798294
23800772
23807578
23819270
23820548
23823849
23823929
23827353
23841413
23842383
23844936
23846840
23850138
23852550
23854088
23855545
23857462
23857914
23862052
23863958
23864297
23873864
23876835
23878255
23878966
23879520
23891420
23893064
23898091
23904297
23913844
23915278
23916612
23922652
23923281
23926197
23927223
23927397
23932079
23935483
23935755
23938082
23938835
23945808
23946658
23948722
23948766
23949342
23953253
23954832
23958431
23966535
23967101
23967119
23969259
23970199
23977166
23984044
23991450
23993880
23994395
23994458
23995765
24002597
24013682
24018986
24020638
24023707
24027306
24028234
24029005
24033532
24034019
24039563
24042063
24047758
24048470
24054050
24055822
24061823
24067034
24067679
24067943
24068561
24068949
24080923
24087102
24087660
24094889
24097751
24098980
24106507
24111475
24112490
24112702
24116689
24117539
24120068
24135942
24140608
24141050
24149082
24149977
24151205
24154390
24154658
24157379
24157617
24159892
24160102
24164884
24165252
24168540
24171693
24180980
24183742
24188471
24192718
24195156
24195265
24205270
24208343
24209458
24214693
24218169
24234608
24240810
24242151
24243656
24251057
24252919
24254969
24255092
24256462
24261875
24261950
24264193
24266629
24268313
24272407
24272467
24273855
24273862
24274839
24277212
24286233
24287308
24289469
24296557
24297593
24301194
24302710
24305909
24309980
24315022
24315258
24316371
24318279
24318587
24320894
24323800
24327082
24329224
24329695
24332281
24335409
24343153
24346391
24347668
24347710
24353423
24355436
24356343
24359518
24360262
24362239
24364656
24374842
24376505
24382422
24382703
24400557
24401175
24405598
24405955
24406784
24407028
24408487
24409343
24412150
24417667
24420922
24422415
24424062
24425874
24427905
24430842
24431098
24432593
24436522
24443430
24446560
24447956
24450207
24450535
24451100
24452513
24456569
24457001
24464151
24466757
24468079
24468421
24468586
24473894
24474639
24476992
24479547
24479889
24485613
24487311
24492415
24501220
24501329
24504362
24506363
24510516
24511207
24513446
24515399
24516381
24520082
24525703
24525999
24527485
24531035
24538949
24539068
24543715
24551776
24553242
24553881
24557685
24560932
24562658
24565381
24567037
24568569
24573583
24575040
24575542
24582430
24583195
24583919
24585314
24589381
24593357
24600938
24602954
24616762
24617640
24620508
24622652
24623771
24624642
24624979
24626078
24626607
24630113
24634097
24636869
24642797
24645103
24650069
24661120
24661148
24661961
24663853
24664340
24666305
24668540
24671250
24672948
24682146
24683848
24692342
24694386
24696755
24700656
24701698
24701846
24703009
24704822
24705591
24709020
24710728
24712648
24719504
24725466
24735374
24737089
24737749
24739696
24745277
24746522
24748680
24749397
24752204
24752800
24752964
24760125
24760188
24762004
24771270
24771300
24776131
24787774
24793125
24793985
24798646
24806598
24809218
24809751
24811430
24813417
24813690
24814051
24814475
24815585
24818079
24828594
24832555
24834487
24836867
24840182
24843027
24848496
24851840
24857256
24858086
24861065
24863016
24869711
24871092
24873226
24873471
24877546
24884950
24885740
24888052
24888509
24892570
24898232
24899338
24908732
24911005
24911193
24912984
24918216
24924017
24933322
24936635
24940087
24940436
24940522
24943791
24947176
24948952
24949462
24952080
24952312
24960806
24961688
24965016
24967239
24973438
24973655
24985772
24985782
24985985
24986335
24990071
25002428
25002816
25002882
25005899
25006364
25009033
25009854
25011728
25011872
25014054
25015595
25015896
25017347
25022220
25025262
25026364
25028325
25031053
25032194
25033011
25034782
25035407
25042718
25054132
25060495
25062345
25068148
25069536
25070791
25077184
25077352
25077728
25078687
25081367
25086940
25091057
25092672
25096389
25100969
25103447
25103763
25106195
25114995
25116263
25117424
25117650
25119151
25122123
25129625
25132307
25133162
25144304
25147192
25149505
25150035
25153583
25155438
25156153
25156255
25159504
25162166
25165224
25165574
25171801
25173606
25177824
25181823
25182481
25183880
25184137
25188546
25191422
25198257
25198583
25199748
25201005
25204142
25204714
25208426
25212066
25213155
25222364
25225296
25230868
25231925
25235382
25237889
25240457
25243918
25249677
25255799
25255940
25256544
25266415
25267174
25268623
25277424
25281839
25291786
25293876
25295304
25296147
25296363
25312239
25313554
25314067
25325953
25326238
25336453
25346058
25348306
25348957
25350285
25352254
25352714
25352757
25355534
25374267
25374289
25375325
25376202
25382253
25382911
25385098
25392942
25398699
25399382
25401405
25414820
25416140
25434967
25435842
25436035
25438723
25440134
25441056
25442848
25443334
25444304
25451020
25451168
25457528
25463477
25464128
25465782
25469495
25471934
25475130
25488731
25488734
25490151
25491008
25491968
25493947
25494941
25497836
25505277
25508567
25509163
25517380
25523641
25527238
25528975
25530053
25534982
25540631
25544046
25544245
25549293
25550174
25550972
25556788
25556840
25562400
25562788
25564984
25574864
25580009
25586919
25587016
25588387
25591048
25593102
25602145
25606758
25610893
25614219
25614634
25619081
25621542
25623806
25626347
25630213
25633240
25634691
25638023
25641697
25646529
25656617
25658809
25662030
25663618
25665175
25668568
25669190
25671864
25675363
25675515
25683060
25690043
25690988
25694493
25699660
25703773
25705060
25705299
25705600
25707369
25708133
25713112
25716904
25717124
25718816
25723555
25725112
25726803
25731019
25733987
25735300
25735970
25737568
25744188
25749835
25751103
25756861
25758784
25759798
25760779
25763186
25766448
25775243
25776296
25777893
25778809
25781270
25786207
25787501
25789305
25796756
25802033
25804322
25804664
25805454
25810439
25811357
25812340
25813152
25816350
25818945
25822449
25823043
25829481
25830927
25831581
25832062
25844386
25847244
25847883
25850193
25854281
25857584
25860095
25872301
25873760
25878853
25883773
25886296
25888612
25889071
25895570
25895597
25898055
25898553
25898660
25899766
25904397
25904718
25908540
25916586
25918123
25923028
25924694
25935967
25941349
25941755
25945320
25951739
25951837
25952740
25955738
25957782
25958744
25960057
25960691
25961858
25965698
25967784
25970492
25971686
25981903
25987217
25995030
25997553
26000564
26006450
26006877
26009167
26013880
26015358
26015571
26016434
26026780
26029871
26031320
26038573
26049753
26051200
26052917
26056045
26057709
26072085
26072382
26074659
26075275
26076995
26081374
26083811
26083950
26084010
26085996
26089639
26092336
26096556
26101460
26111430
26112567
26114003
26121959
26122769
26127348
26127845
26129503
26129919
26131060
26133945
26137113
26140321
26140448
26140967
26150346
26151523
26153021
26153110
26156564
26164504
26167599
26167657
26170985
26171665
26173806
26174401
26176573
26177090
26179049
26180425
26192748
26193728
26196951
26198641
26199233
26203446
26207430
26220418
26221665
26222689
26223838
26223962
26224398
26229584
26232645
26236180
26236557
26238522
26244817
26245764
26246065
26248256
26257521
26257675
26258370
26261252
26263580
26265630
26277154
26278581
26283443
26284142
26285264
26291420
26292381
26300349
26303040
26309292
26309990
26312390
26315585
26324686
26329384
26330307
26331225
26337392
26340147
26340442
26340787
26343866
26354240
26354894
26355830
26361912
26362985
26363237
26363720
26391579
26407822
26411073
26417211
26417703
26417761
26419216
26419599
26421812
26424479
26425065
26427103
26427921
26428672
26430370
26432553
26434443
26437198
26439211
26440413
26442111
26443662
26444104
26444534
26445853
26447944
26449738
26451513
26452888
26456362
26459989
26464075
26471231
26474013
26478193
26485564
26490107
26492762
26492980
26493048
26496391
26498221
26501347
26503180
26505386
26506068
26506246
26507734
26509829
26512949
26513301
26513474
26513764
26513888
26515171
26523783
26525506
26528273
26529900
26531132
26533711
26535460
26537484
26548252
26549713
26552952
26553793
26562102
26573452
26574304
26575558
26584652
26597032
26599296
26602557
26602899
26606870
26607876
26609817
26610448
26610591
26611912
26612086
26613165
26615105
26615889
26624079
26633576
26633923
26635518
26636372
26636898
26638603
26641665
26654599
26656832
26659149
26661400
26662411
26666932
26667343
26669637
26671840
26673974
26684351
26688418
26694554
26694566
26694939
26698436
26700285
26700535
26701460
26702508
26706814
26712555
26713017
26713258
26713852
26721982
26725174
26726022
26730047
26730771
26730774
26734173
26737432
26737975
26738569
26739086
26740616
26744377
26744413
26748217
26749470
26749835
26750745
26761926
26767040
26768442
26771458
26771937
26773798
26774131
26774241
26776411
26782363
26783501
26795024
26804863
26807592
26808325
26809963
26816394
26816399
26823926
26839874
26842489
26844118
26848520
26851112
26853555
26854769
26857736
26866210
26867623
26873118
26874296
26874982
26877905
26880573
26891340
26894651
26902029
26904767
26905124
26905505
26910311
26913953
26918279
26918459
26920277
26925008
26929927
26934193
26945027
26949984
26950041
26950830
26951513
26955059
26957897
26957976
26967121
26977145
26980851
26981947
26983884
26987830
26989021
26992254
26994792
26995633
26998402
27001192
27001323
27006007
27017136
27019354
27021388
27026648
27029085
27031553
27040223
27041100
27041486
27042107
27042320
27045764
27047487
27048685
27049750
27052471
27055248
27063263
27066058
27074019
27075239
27077987
27079651
27081317
27082990
27083183
27084319
27085734
27086930
27093610
27096894
27097257
27099459
27099803
27101555
27106014
27107525
27110893
27115274
27127494
27130622
27132225
27132595
27134055
27136892
27144681
27147594
27147632
27151301
27151736
27154318
27159591
27159851
27161215
27164196
27169685
27172800
27175754
27181476
27185141
27186845
27188371
27191717
27193156
27193869
27195358
27198049
27199278
27201855
27208579
27208992
27210398
27211124
27213746
27219510
27227904
27229205
27233400
27233722
27233903
27235230
27238453
27238599
27239734
27242809
27246438
27246600
27247954
27249966
27255640
27256352
27256834
27257911
27261211
27263755
27267260
27267662
27269131
27270346
27275601
27276196
27277875
27278629
27282818
27283950
27286644
27291798
27292673
27294379
27303604
27317277
27317680
27319309
27320988
27323772
27332975
27345534
27348861
27354330
27355171
27356578
27358505
27360930
27366621
27367204
27372281
27374388
27375140
27375533
27384626
27387562
27391116
27399304
27399365
27400997
27401401
27402884
27406621
27407551
27408515
27409101
27412700
27413464
27415123
27416630
27419096
27423443
27424561
27431195
27431602
27433912
27440365
27441423
27442409
27442487
27445260
27448350
27452121
27454534
27457170
27462523
27466228
27467072
27471433
27479483
27480680
27489125
27491860
27496683
27497888
27499933
27500490
27504361
27505455
27505777
27508482
27512463
27514886
27515572
27517856
27523874
27524990
27527940
27528605
27533078
27534076
27537906
27538916
27539586
27540688
27543648
27550386
27551705
27552526
27553963
27557225
27557908
27558848
27558858
27559209
27560393
27569324
27577818
27588699
27589889
27595332
27600418
27601531
27617434
27619783
27624248
27633593
27634163
27637592
27641854
27644439
27646146
27646515
27648022
27651904
27652961
27654112
27658341
27659624
27660403
27660652
27663009
27663133
27665693
27668718
27670649
27674814
27676072
27677327
27678817
27683360
27687619
27688019
27701188
27702000
27705863
27707637
27711518
27713239
27713983
27724777
27729156
27730263
27733023
27733225
27735677
27739187
27741688
27751536
27754677
27756957
27758529
27760696
27760786
27770035
27770280
27771780
27775241
27779012
27782019
27785300
27789401
27790129
27795519
27796459
27801814
27804081
27813600
27816672
27820974
27821675
27827736
27830070
27833685
27835164
27842521
27844265
27845761
27846763
27851693
27853302
27854552
27855196
27858408
27868164
27870103
27870927
27872226
27877782
27878617
27884036
27887541
27891989
27896139
27903382
27920540
27922349
27923495
27923912
27924561
27924665
27929825
27929940
27930871
27934399
27941033
27943411
27948152
27952750
27955216
27958299
27959077
27972475
27976014
27976291
27983222
27985935
27986904
28004346
28006513
28009275
28009813
28024809
28035656
28044946
28047613
28048743
28050837
28059723
28067659
28068087
28072185
28074499
28075924
28078719
28079439
28081678
28086614
28090778
28101930
28102482
28103877
28110592
28115109
28122803
28132516
28132646
28133922
28143067
28144655
28151610
28158204
28163624
28163733
28169517
28173031
28173496
28174287
28178702
28182048
28184628
28184841
28188337
28188873
28199045
28202985
28203448
28208688
28212966
28215418
28215632
28219001
28229495
28232785
28233035
28238880
28243186
28245309
28246431
28248538
28248608
28250048
28254822
28256301
28260467
28262484
28262703
28266123
28272142
28275253
28278834
28283535
28283680
28285630
28285895
28287261
28288047
28291365
28303917
28306760
28314364
28315340
28319993
28321378
28329894
28331721
28341152
28341258
28342790
28349711
28351365
28351810
28361188
28361832
28364988
28365961
28368457
28371444
28372719
28373133
28380784
28384297
28390933
28391103
28397538
28398625
28399081
28408118
28412296
28418327
28420628
28424087
28426760
28427143
28430384
28431496
28435673
28435785
28442815
28443175
28445363
28445547
28449296
28453010
28457077
28460272
28462213
28463120
28464529
28467537
28467572
28469476
28470775
28471533
28471726
28476717
28478841
28479049
28479102
28480262
28481487
28483623
28486907
28489732
28490211
28495219
28504001
28512162
28513306
28515565
28524545
28526502
28528476
28535760
28541386
28547869
28548170
28554810
28556458
28559081
28561641
28561990
28564370
28565126
28566903
28568504
28569622
28573131
28574959
28578002
28583950
28586504
28587036
28588633
28588696
28592058
28592118
28593046
28596172
28598814
28601392
28603279
28608369
28612196
28615171
28615914
28620051
28625953
28627535
28629928
28640407
28642445
28645144
28645564
28647872
28649353
28652207
28655279
28663286
28668370
28676450
28676545
28679685
28680182
28681775
28685758
28687219
28689022
28693388
28695367
28695592
28697831
28700910
28704479
28704577
28708726
28710696
28712302
28715292
28717962
28723888
28727376
28732235
28734806
28734985
28739704
28744486
28747037
28747751
28752112
28754385
28758494
28763119
28766893
28767114
28767188
28780249
28787062
28788976
28789951
28791130
28792404
28793753
28803886
28805239
28819323
28820485
28822523
28823916
28824227
28830941
28838567
28839708
28844942
28849702
28853955
28859915
28860008
28860561
28864683
28865747
28869007
28870552
28872747
28874964
28875008
28884858
28887089
28889718
28901030
28903092
28909357
28910004
28916255
28917359
28922421
28934092
28935561
28936177
28942468
28944539
28945217
28945922
28953116
28954789
28958682
28964455
28964529
28964883
28967356
28969117
28972384
28972698
28974109
28978176
28979996
28980606
28984247
28987858
28990168
28990671
28992291
28992308
28995831
28998264
29017599
29018249
29018979
29024079
29025640
29025834
29026476
29027173
29028170
29029492
29034927
29038089
29040551
29042579
29042974
29048937
29052094
29052277
29052425
29058013
29064093
29065021
29065037
29069605
29071411
29074795
29074936
29082263
29083712
29084707
29084876
29087269
29088216
29088406
29088854
29089690
29090602
29092414
29094081
29095193
29095497
29103032
29106952
29107054
29107301
29108037
29110639
29114508
29115818
29115968
29120578
29125468
29125886
29127893
29129285
29129494
29135316
29136362
29140613
29141360
29141675
29156701
29158070
29159638
29160350
29162144
29162375
29163046
29176087
29177806
29179411
29181207
29197756
29201802
29202925
29205938
29206680
29206964
29207531
29208548
29208549
29218030
29220361
29223650
29226283
29227476
29233795
29237202
29238579
29246368
29254571
29254810
29262950
29264138
29264546
29267865
29268384
29271114
29271477
29273018
29275570
29276541
29278556
29284900
29287440
29288333
29290346
29290494
29293147
29299439
29300676
29301079
29302499
29306658
29319081
29324268
29326055
29328614
29332925
29334193
29334465
29337944
29340575
29341334
29341685
29341756
29351024
29351252
29353261
29358427
29360193
29361203
29365238
29368081
29369989
29370883
29373589
29374499
29375181
29375873
29379422
29379646
29383441
29384669
29385548
29386319
29386806
29387761
29388368
29390851
29393464
29396171
29400942
29403319
29403624
29403849
29404042
29405635
29410022
29410181
29412055
29412539
29419153
29419881
29422707
29423262
29423982
29427261
29428424
29432721
29433630
29437522
29438882
29447774
29464913
29469756
29470286
29471707
29472405
29485414
29486359
29489913
29490911
29491603
29493202
29493532
29494930
29500519
29505560
29507166
29508796
29509927
29510053
29514772
29515437
29515818
29516597
29523749
29525144
29527287
29532097
29532187
29535394
29538530
29538926
29540293
29548958
29550104
29551651
29552340
29557121
29558531
29563999
29564526
29566908
29570205
29577323
29586925
29587635
29591832
29594229
29600830
29602222
29606386
29616781
29616796
29618204
29621658
29622879
29625251
29626015
29626322
29630035
29632742
29637946
29638973
29643188
29648948
29649022
29654490
29656915
29657564
29660344
29663768
29669151
29669812
29671308
29671311
29679976
29690378
29693321
29699119
29701360
29708461
29710761
29717950
29726369
29729517
29734452
29737811
29739719
29739773
29745638
29747259
29750044
29750478
29754135
29759831
29763787
29764145
29764973
29774387
29776400
29778944
29782533
29792556
29794231
29800376
29801298
29801756
29801787
29810248
29812859
29812874
29814426
29825961
29826348
29826383
29829102
29833895
29835797
29838329
29841669
29848759
29849803
29850232
29851177
29859578
29870971
29872671
29875747
29879009
29880522
29880670
29884064
29884103
29884885
29890163
29891192
29893024
29895196
29899078
29899827
29902853
29904456
29904712
29905501
29905522
29919571
29921376
29926564
29927382
29927480
29930769
29931336
29935086
29935987
29936356
29937315
29950210
29953366
29958220
29964905
29965297
29966704
29971645
29971897
29974095
29976587
29983170
29984335
29986835
30002147
30004352
30005730
30005803
30012004
30020001
30022945
30023750
30032556
30037542
30038001
30040073
30042094
30042736
30045858
30046914
30047501
30048268
30048642
30051077
30055132
30060613
30062844
30073245
30073302
30073523
30074873
30076893
30084791
30087093
30087923
30088978
30093669
30098030
30099014
30099129
30108229
30109224
30118494
30120004
30120614
30121067
30121543
30127494
30133009
30134215
30135405
30139940
30143647
30145245
30146127
30147056
30148817
30151249
30152299
30159476
30159734
30167472
30168319
30168835
30170479
30171372
30177660
30180950
30185254
30193912
30194704
30203570
30203774
30209908
30211708
30214498
30219887
30227309
30228860
30229535
30231158
30234067
30239702
30240187
30240860
30242550
30242663
30245107
30250175
30250665
30253659
30258156
30260209
30270766
30274514
30274601
30282998
30286572
30289789
30290739
30292802
30296123
30298324
30300997
30301087
30301397
30302115
30304205
30306144
30309055
30313356
30313772
30315611
30319185
30319309
30321533
30323970
30325300
30325743
30327638
30329483
30330309
30331029
30335473
30337083
30337815
30338238
30340654
30341795
30344695
30350007
30353983
30354846
30355019
30358252
30359517
30373506
30385427
30387260
30387791
30393807
30396089
30396321
30398968
30400943
30407221
30407418
30418337
30418435
30419965
30422178
30423223
