897669
898092
898371
899289
900946
901181
902265
902447
902699
902768
903124
903571
903614
904078
904109
904247
904348
905677
905910
906226
907843
908266
908557
909465
910510
911095
911677
912722
913572
914127
914365
915613
962405
962778
963217
963743
964381
964703
964959
965978
966053
966629
966641
966999
967346
967690
967777
967825
967914
968102
968258
968267
968533
968700
968733
969071
969211
969563
970106
970168
970238
970249
970266
970421
970502
970539
971089
971275
971289
971504
972212
972224
972237
972359
972686
972837
973390
973866
974002
974111
974266
974437
974442
974590
974981
975019
975264
975880
976048
976061
976225
1007872
1010371
1014039
1014855
1015066
1015246
1015356
1015632
1015734
1016040
1016226
1016273
1016347
1016369
1016429
1016511
1016552
1016958
1017341
1017524
1017739
1018407
1018453
1018669
1018878
1019013
1019365
1019498
1020881
1021672
1022176
1022369
1023219
1023721
1024949
1025119
1025140
1025391
1025401
1026778
1026784
1026804
1026903
1026927
1027034
1027177
1027532
1027623
1027931
1027952
1028059
1028141
1028530
1028727
1028819
1028832
1029334
1029860
1030533
1030925
1031140
1031799
1032385
1032664
1032788
1032986
1033129
1033151
1033328
1033405
1382893
1383208
1383540
1384417
1384598
1384994
1385066
1385203
1385414
1385997
1386065
1386126
1386509
1387044
1387051
1387299
1388781
1388906
1389659
1390020
1390234
1390844
1390889
1391345
1391884
1391963
1392338
1393049
1393083
1393252
1393420
1394472
1395016
1395139
1395186
1395619
1395799
1396006
1396178
1396243
1396531
1396831
1396894
1397618
1397740
1397881
1397912
1398111
1398473
1398598
1398636
1399059
1399262
1399336
1399356
1400097
1400417
1400709
1400981
1401226
1402011
1402063
1402141
1402665
1403734
1403869
1403915
1403934
1403937
1404176
1404754
1404791
1405344
1405394
1405444
1406332
1406511
1406578
1406671
1407142
1407800
1407804
1408070
1408091
1408226
1408473
1409422
1409933
1409940
1410093
1410300
1410372
1410398
1411025
1411037
1411171
1411423
1412222
1412344
1413914
1414033
1414129
1414952
1415301
1415499
1415533
1415743
1415995
1416693
1416774
1416816
1416911
1417159
1418035
1418105
1418446
1418967
1419102
1419812
1419914
1420216
1420712
1420961
1421354
1421406
1421414
1422156
1422816
1422909
1422945
1423873
1424098
1424276
1424321
1424648
1424759
1424789
1425060
1425358
1425434
1425666
1425680
1426428
1426475
1426625
1427108
1427692
1427953
1428176
1428194
1559336
1559929
1561165
1561778
1561843
1561889
1563374
1563572
1563763
1563868
1563897
1563981
1564564
1564702
1565307
1565434
1566391
1566660
1567286
1567918
1568092
1568268
1569133
1570146
1570151
1571435
1656990
1657489
1657518
1658586
1659343
1659514
1659889
1660163
1660353
1660777
1660789
1661975
1662478
1663800
1664298
1664893
1665145
1665364
1666237
1666339
1666521
1666544
1667068
1667089
1668732
1670575
1671431
1671900
1674129
1674710
1674725
1675746
1675808
1676072
1676485
1676713
1677078
1677136
1677611
1677655
1677705
1678022
1678276
1855852
1858113
1858721
1858913
1861174
1863846
1864171
1867553
1867822
1868297
1869061
1869937
1907083
1909206
1910646
1911196
1914084
1914759
1918095
1919736
1920058
1920108
1920350
1927926
2071165
2071355
2071985
2072331
2072792
2073017
2073401
2074133
2074136
2074302
2074392
2074483
2075094
2075532
2076219
2077215
2078568
2078814
2078910
2078926
2079227
2079298
2080666
2081002
2081074
2081494
2081942
2082033
2082277
2082501
2082930
2083060
2083646
2083961
2166998
2167122
2167219
2167457
2167751
2169596
2170122
2171082
2171151
2171400
2171713
2172024
2172415
2172430
2172985
2173149
2173767
2174157
2174260
2174384
2174408
2174530
2174538
2174723
2174975
2175831
2176295
2176629
2176819
2177207
2177241
2177260
2177588
2177910
2178401
2178623
2178872
2179069
2179120
2180862
2181240
2181295
2181466
2181825
2181855
2181929
2182618
2182947
2183015
2183050
2183095
2183102
2183231
2183463
2183702
2183977
2184366
2184407
2218075
2223898
2322881
2322895
2322951
2323256
2323312
2323516
2323902
2324065
2324616
2324653
2324722
2324853
2324860
2324932
2325144
2325208
2325290
2325591
2325599
2326640
2326890
2327204
2327332
2327853
2327940
2328066
2328126
2328242
2328325
2328350
2328386
2328545
2329023
2329353
2329979
2330007
2330165
2330179
2330881
2330938
2331224
2331444
2331564
2331879
2332176
2332924
2333116
2333469
2333529
2333776
2333841
2333844
2334444
2334533
2334583
2334737
2335042
2335232
2335893
2335925
2336011
2336459
2399760
2401245
2403512
2411072
2416853
2419569
2419642
2495094
2496132
2496707
2496745
2496754
2496830
2497156
2497978
2499087
2499858
2499871
2500691
2501889
2502991
2502994
2503133
2504644
2504777
2505023
2506028
2506180
2506328
2507280
2507603
2509544
2509686
2509979
2511204
2511496
2511723
2511841
2511891
2512131
2512706
2512803
2513589
2514580
2515188
2515591
2515908
2515947
2516099
2516225
2516746
2570893
2571180
2571334
2571580
2571602
2571922
2571935
2572005
2572041
2572627
2572724
2573069
2573217
2573274
2573909
2574372
2574685
2574730
2575219
2575424
2575544
2575703
2575727
2575730
2576206
2576234
2576612
2576649
2576841
2576964
2577321
2577373
2578286
2578386
2578701
2579283
2579536
2579925
2580393
2580801
2580920
2580982
2581403
2581679
2581878
2582236
2582452
2582902
2582922
2582949
2583013
2583857
2584057
2585868
2585885
2586041
2586217
2586750
2586756
2586829
2586873
2587165
2587329
2587339
2587713
2587966
2588007
2588012
2588390
2588802
2588853
2589045
2589760
2590054
2590204
2590317
2590336
2590533
2590642
2590791
2590927
2591188
2591581
2591892
2592283
2592475
2592941
2593402
2593466
2593687
2600149
2603566
2605947
2618482
2688016
2691034
2693015
2701268
2701968
2702763
2706940
2708560
2708709
2709652
2709734
2710131
2710955
2710961
2711683
2711688
2711801
2711875
2712115
2712184
2712368
2712803
2713197
2713592
2713967
2713986
2714055
2714176
2714242
2714932
2715839
2715956
2716000
2716710
2716744
2716870
2717444
2717503
2717609
2718004
2718213
2719605
2719677
2719898
2720315
2720646
2721094
2721175
2721665
2721898
2722128
2722215
2722250
2722403
2723046
2723852
2723989
2724984
2725057
2725495
2726029
2726387
2726404
2726852
2727030
2727060
2728287
2728398
2728733
2728884
2729057
2729275
2729365
2730074
2730510
2730584
2731035
2731157
2731311
2731418
2731591
2731679
2732406
2732452
2841084
2841092
2841177
2842254
2842280
2842650
2842777
2842989
2843022
2843221
2843401
2843446
2843529
2843725
2843877
2844078
2844400
2844585
2845525
2846793
2847019
2847632
2848347
2848423
2848605
2849390
2849853
2849855
2850026
2850265
2850418
2850546
2850762
2851261
2851777
2852083
2852100
2852305
2852605
2852777
2852796
2852839
2853053
2853106
2853260
2853900
2854185
2854485
2854526
2854957
2855111
2856341
2856364
2857344
2857493
2857652
2857968
2858164
2858666
2859100
2859621
2859720
2859754
2859771
2859933
2860154
2860362
2860468
2860715
2860784
2861075
2861238
2861272
2861296
2861368
2861892
2861905
2862025
2862762
2862984
2863079
2863780
3012429
3014304
3018285
3020143
3020937
3030429
3075596
3079830
3080175
3083092
3085351
3089911
3090303
3091210
3095677
3115323
3116509
3116865
3117465
3117799
3117848
3118773
3119385
3119482
3119483
3120061
3120794
3120796
3121217
3121855
3122538
3123048
3123912
3124068
3124104
3124913
3124920
3125013
3125080
3126771
3127036
3131856
3132261
3164898
3164960
3165052
3165238
3166013
3166445
3166575
3166847
3168430
3168669
3170213
3170423
3170518
3170925
3171053
3171269
3171325
3171505
3171543
3171884
3172714
3172777
3173076
3173357
3174570
3174980
3175329
3175724
3176226
3176908
3177916
3178375
3179530
3266983
3266996
3267068
3267186
3267355
3267429
3267480
3267759
3267859
3268113
3268191
3268193
3268217
3268230
3269163
3269166
3269571
3269579
3269711
3269900
3270230
3270354
3270455
3270992
3271045
3271139
3271339
3271873
3271906
3271930
3271967
3272302
3272536
3272579
3272966
3273029
3273438
3273489
3274261
3274322
3274415
3274902
3275224
3275823
3275842
3275897
3276019
3276206
3276227
3276348
3276832
3276907
3277316
3277808
3278321
3278361
3278410
3278687
3279186
3279363
3279432
3280327
3280995
3281127
3281373
3281558
3282163
3282249
3282279
3282675
3282750
3282851
3283213
3283825
3283842
3283908
3284077
3284128
3284198
3284947
3285072
3285119
3285149
3285235
3285299
3285637
3285678
3285747
3285772
3286419
3390507
3390913
3391219
3391299
3391447
3391632
3391679
3392438
3392804
3392999
3393019
3393346
3394079
3395134
3395823
3395919
3395967
3395969
3396906
3397012
3397345
3398342
3398362
3399533
3399541
3399836
3399969
3400838
3400881
3401973
3402180
3402529
3402688
3403311
3403365
3403475
3404196
3404650
3404752
3405264
3405881
3406724
3406945
3407083
3407793
3407956
3408521
3408905
3409065
3447599
3447907
3448465
3449687
3452346
3452979
3453154
3453418
3454255
3454873
3455838
3457233
3460445
3460483
3460892
3463576
3467856
3470705
3476660
3500693
3504274
3504317
3504418
3505379
3506511
3520787
3535075
3555148
3555750
3556149
3556429
3557156
3557292
3557546
3557858
3557912
3558569
3558880
3559230
3559703
3560550
3560974
3561200
3561549
3561869
3561877
3562588
3562877
3562909
3563460
3563556
3563814
3564179
3564302
3564532
3564808
3565035
3565049
3565579
3565724
3566392
3566412
3566428
3567931
3568216
3568469
3569000
3569039
3569132
3569307
3569499
3569611
3569995
3570146
3570277
3571625
3572438
3572531
3572714
3573456
3573682
3573769
3574856
3574983
3575020
3575418
3575829
3575946
3576514
3741130
3743739
3744521
4048852
4048934
4048967
4049336
4049369
4049936
4052220
4052384
4052482
4052753
4052795
4053011
4053155
4053317
4055539
4056381
4056653
4057002
4057522
4057822
4057892
4058578
4058941
4059562
4060027
4060090
4060823
4062049
4062453
4062464
4062784
4063240
4063271
4063849
4064214
4064677
4064869
4065137
4065537
4065761
4065875
4066112
4066159
4066201
4067300
4068210
4068325
4068570
4068741
4069117
4070601
4075017
4076289
4292672
4297164
4301683
4302230
4302395
4302956
4303775
4305175
4306141
4306804
4307892
4308120
4309071
4309408
4309576
4309583
4310012
4310039
4311297
4311584
4311724
4311741
4312717
4312813
4312924
4313150
4315319
4315732
4315848
4315867
4316483
4316898
4317329
4317357
4317371
4317625
4318145
4318704
4318729
4319456
4319898
4320166
4320833
4321419
4321696
4322193
4322445
4322611
4322873
4322912
4323043
4325450
4325601
4326268
4327476
4327533
4327830
4328479
4328765
4329018
4330214
4330595
4332231
4332275
4332377
4332918
4334654
4334813
4335271
4336965
4337767
4338782
4338846
4338858
4338980
4339373
4340806
4345155
4345336
4345419
4345836
4346429
4350906
4351158
4351946
4351956
4352431
4352453
4353079
4353349
4353445
4354185
4354609
4354929
4355056
4355136
4355275
4355787
4356371
4356408
4356764
4356911
4357036
4357526
4357616
4357665
4357735
4357850
4357971
4358170
4358186
4358677
4359022
4359090
4359096
4359115
4359235
4359273
4359331
4359862
4360259
4360270
4360382
4360666
4360896
4361037
4361122
4361220
4361268
4361395
4361781
4362641
4362687
4362729
4364110
4364547
4364785
4364899
4364911
4365056
4365258
4365335
4365430
4365682
4365814
4366569
4366632
4366643
4366824
4367132
4367599
4367836
4368074
4368382
4368577
4368628
4368745
4368837
4369920
4370092
4370308
4370355
4426432
4426875
4427860
4430256
4433635
4434095
4435067
4435559
4436658
4437654
4439053
4484088
4493662
4495008
4496182
4700635
4771659
4772713
4774695
4775064
4783037
4785539
4786292
4788759
4788876
4789817
4842646
4842988
4845301
4847407
4848618
4848981
4848982
4849586
4850770
4850889
4851249
4852736
4855026
4855517
4947163
4947720
4952953
4953427
4955543
4957211
4957232
5171800
5244408
5247173
5248180
5248721
5250430
5251761
5253573
5253908
5254243
5255133
5258851
5342136
5353231
5356588
5381575
5413124
5413210
5413497
5413521
5413759
5414016
5414426
5414859
5415483
5415686
5416100
5416122
5416546
5416609
5416809
5417251
5417829
5417952
5418345
5419257
5419426
5419469
5419541
5419696
5419891
5419905
5419922
5420247
5420451
5420896
5421030
5421412
5422211
5422466
5422695
5422720
5422728
5422761
5422927
5422928
5422956
5423023
5423232
5423255
5423852
5423946
5424101
5424279
5424362
5424546
5424665
5425680
5426108
5426136
5426491
5427043
5427108
5427443
5427915
5428874
5429064
5429101
5549364
5549577
5549794
5549941
5550768
5551134
5551426
5551599
5551861
5552152
5552258
5553331
5553971
5555424
5555544
5555581
5556274
5557405
5558171
5558300
5559789
5560357
5561269
5561725
5562116
5562248
5564080
5564107
5564238
5564409
5564699
5565016
5565245
5638031
5650118
5710826
5711400
5711427
5711678
5711703
5712238
5712638
5712775
5713033
5713150
5713615
5713773
5713861
5713884
5714098
5714694
5714814
5715293
5715653
5715794
5716046
5716478
5716524
5716648
5716733
5716955
5717027
5717040
5717557
5718696
5719420
5719654
5719835
5720200
5720250
5720612
5720735
5721205
5721237
5721548
5721722
5721789
5721848
5721899
5722000
5722267
5722439
5722479
5723015
5724031
5724387
5725411
5725416
5725944
5726194
5726549
5784257
5786553
5786777
5787744
5788547
5794667
5795705
5797789
5882736
5882939
5883307
5883315
5883374
5883493
5884542
5884559
5884905
5885059
5885062
5885299
5885333
5885501
5885583
5885713
5885755
5885923
5885933
5886233
5886254
5886287
5887184
5887295
5887596
5887668
5887717
5887876
5888118
5888221
5888434
5888471
5888809
5889082
5889813
5889963
5890039
5890546
5890697
5890781
5891083
5891184
5891335
5891440
5891538
5891686
5891887
5891930
5892002
5892023
5892124
5892347
5892408
5892845
5893183
5893729
5894164
5894166
5894287
5894554
5894603
5895177
5895216
5895318
5895748
5896211
5896299
5896593
5896994
5897534
5897778
5897835
5897900
5898612
5898708
5898776
5898782
5898991
5899124
5899604
5899720
5900072
5901535
5901643
5901659
5901785
5901929
5901998
5902045
5902631
5902992
5903046
5903314
5903556
5903635
5903793
5904010
5904440
5904484
5904615
5905135
5905144
5905426
5905537
5905593
5905699
5905717
5905723
5905819
5911054
5914865
5920131
6017602
6019038
6021007
6021093
6023055
6023365
6025716
6027730
6029319
6031597
6032387
6033965
6038122
6098378
6098485
6098486
6098504
6098551
6098909
6099135
6101098
6101119
6102086
6102271
6102389
6102398
6102464
6102552
6102680
6102744
6103024
6103105
6103317
6103717
6103913
6104184
6104493
6104503
6104528
6104644
6104856
6105299
6106535
6106628
6106641
6106723
6107200
6107368
6107490
6107680
6108385
6108793
6108941
6109074
6109146
6109152
6109478
6109759
6109954
6110501
6110582
6111144
6111204
6111519
6111960
6111984
6112130
6112834
6112850
6113109
6113134
6113816
6113826
6160997
6161734
6163145
6163263
6163555
6163638
6163731
6163801
6163829
6163884
6164011
6164114
6164207
6164232
6164698
6164988
6165215
6165885
6166065
6166131
6166211
6166471
6166767
6166877
6167096
6167198
6168016
6168100
6168250
6168548
6169267
6169449
6169976
6170425
6170849
6170993
6171520
6171665
6171794
6172030
6172659
6172797
6173073
6173232
6173585
6174338
6174446
6174631
6174870
6175265
6175490
6175840
6176100
6176878
6176936
6177087
6177144
6177416
6177431
6177511
6177529
6178265
6178511
6179214
6179290
6179554
6179875
6317740
6317866
6318559
6318767
6319002
6319915
6319976
6320780
6321543
6321949
6322153
6322381
6322475
6322765
6323132
6324041
6324154
6324485
6326177
6326342
6326563
6327807
6328199
6328272
6328771
6329219
6329368
6330499
6330538
6331266
6331303
6331817
6333345
6335179
6335503
6335548
6585634
6592447
6594545
6686846
6691358
6692392
6693315
6693824
6693914
6694979
6696269
6697099
6701343
6703651
6705598
6705959
6706486
6708738
6744613
6744795
6748923
6749231
6749477
6750128
6750232
6751619
6751967
6752232
6752735
6753203
6754061
6754210
6754351
6754964
6755080
6757641
6757869
6758065
6758399
6758730
6759053
6760190
6761244
6761308
6761421
6762113
6762658
6763129
6763783
6764065
6764443
6764569
6766187
6767046
6767439
6767585
6846759
6846880
6847077
6847078
6847158
6847352
6847422
6847607
6847646
6847874
6847919
6848135
6848321
6848568
6848924
6849102
6849207
6849268
6849609
6849843
6850100
6850122
6850669
6851074
6851194
6851936
6852036
6852180
6852193
6853240
6853333
6853873
6854073
6854304
6854497
6854610
6854698
6854730
6854781
6855280
6855281
6855823
6856272
6856464
6856696
6857091
6857262
6857316
6857377
6857400
6857402
6857525
6858606
6858760
6858884
6859017
6859551
6859822
6859866
6860419
6861022
6862271
6863840
6863861
6864329
6864604
6865329
6865892
6867175
6867293
6867362
6869186
6869222
6869412
6870372
6870780
6871155
6871806
6872001
6872424
6874306
6874432
6915947
6916039
6917055
6917299
6917775
6918326
6918508
6918770
6919366
6920298
6920643
6920880
6921636
6921986
6922617
6922868
6925566
6927845
7086169
7088010
7089510
7095835
7097777
7101139
7101369
7105095
7173770
7174435
7174543
7176385
7176982
7177049
7177205
7177551
7177657
7178675
7178772
7179269
7179546
7180206
7180894
7181280
7182052
7182440
7182505
7182732
7182907
7183120
7183177
7183588
7183805
7183819
7184045
7184100
7184726
7184975
7185414
7185422
7185555
7185847
7185965
7186307
7186551
7186978
7187677
7187764
7188052
7188077
7188148
7188149
7188150
7189038
7189345
7189388
7189545
7190303
7190541
7213109
7220968
7224779
7257427
7257460
7257916
7259062
7260666
7260713
7260720
7261081
7261426
7261766
7261879
7261904
7262003
7262839
7263524
7263745
7263851
7264594
7264705
7265517
7265608
7265666
7265800
7266697
7267541
7267591
7267814
7267935
7268188
7269177
7269721
7270185
7270618
7270619
7270819
7270837
7271081
7271415
7271811
7271937
7271996
7272492
7273006
7273494
7274385
7274419
7274554
7274787
7275413
7275425
7275484
7275805
7276220
7276260
7276318
7276519
7276737
7277047
7277306
7278057
7278648
7278776
7280061
7280074
7280445
7280566
7280599
7303080
7303174
7303301
7303434
7303679
7303913
7305401
7305710
7305885
7305908
7306000
7306322
7306957
7307404
7307677
7307719
7308478
7308759
7310413
7310658
7310744
7311846
7311874
7311916
7311984
7312118
7312234
7312694
7312955
7313346
7313697
7313713
7314167
7314241
7314937
7315022
7315201
7315268
7315485
7315578
7315755
7316235
7316542
7316707
7316889
7317181
7317300
7317353
7317484
7317952
7317992
7318019
7318206
7318783
7319981
7320314
7320317
7320497
7320979
7541568
7541840
7541935
7541974
7542383
7542403
7542700
7542933
7542939
7542999
7543306
7543468
7543902
7544010
7544165
7544535
7544543
7545232
7545436
7545856
7546432
7546808
7548417
7548532
7548738
7549009
7549350
7549378
7549792
7550143
7551066
7551121
7551578
7551782
7552030
7553420
7553823
7554108
7554442
7554622
7554756
7554882
7554929
7555260
7555283
7555305
7555432
7556750
7557219
7557406
7557487
7557493
7557535
7557614
7558016
7558168
7558384
7558618
7558747
7559359
7559706
7559868
7560121
7560589
7560659
7560975
7561464
7561552
7561727
7561895
7562464
7563157
7563595
7563829
7563928
7564078
7564190
7564376
7564700
7564712
7564819
7564842
7565741
7566008
7566332
7566434
7567140
7569025
7569165
7569698
7569952
7570388
7570730
7571389
7571456
7572597
7572681
7572702
7573011
7573887
7574304
7574701
7574966
7575389
7575425
7575518
7575687
7576045
7576686
7576769
7577453
7577578
7577590
7577975
7578715
7578826
7578832
7579422
7579620
7579871
7774807
7775947
7776598
7777988
7780057
7789382
7904677
7905523
7906166
7906549
7907377
7907500
7907534
7907864
7908487
7908874
7909366
7909385
7910305
7910381
7910427
7910691
7910709
7911874
7911919
7912267
7912471
7913380
7913972
7914130
7914139
7914582
7915054
7917475
7917785
7919216
7919451
7919459
7920332
7920471
7921440
7921578
7945654
7945725
7946183
7946882
7947297
7948128
7948156
7948279
7948452
7948656
7948777
7949084
7949983
7950035
7950163
7950974
7951069
7951392
7951682
7951861
7952304
7955142
7955248
7956911
7957632
7958404
7958434
7959528
7961688
7961833
8219042
8230737
8232284
8232358
8232369
8233194
8233357
8233617
8233734
8233907
8234593
8234992
8235088
8235191
8236578
8237170
8237206
8237323
8238001
8238099
8238193
8239089
8239791
8239815
8239998
8240484
8241727
8242734
8243117
8243672
8243853
8243990
8244279
8244323
8244771
8245469
8253519
8264484
8265544
8266252
8266957
8266994
8267247
8269185
8269208
8269973
8270120
8270159
8271462
8273344
8273929
8273959
8274604
8275292
8276133
8276398
8276409
8331076
8331085
8331091
8331141
8331271
8331354
8331522
8331620
8332115
8332331
8334784
8335621
8337419
8337611
8337929
8338091
8338181
8338211
8338228
8338965
8339160
8339409
8339526
8339712
8340046
8341178
8341550
8342200
8342216
8342459
8342757
8343024
8343397
8343452
8343682
8344811
8344910
8344985
8375023
8524012
8524315
8524347
8524851
8525098
8525164
8525173
8525628
8525692
8525769
8526052
8526133
8526722
8526731
8527049
8527180
8527869
8528142
8528594
8528736
8528824
8528887
8530551
8530578
8530740
8530771
8530947
8531924
8532198
8532318
8533358
8533394
8533425
8534276
8534568
8534613
8534674
8535081
8535188
8536057
8610675
8610696
8611019
8611299
8611471
8611928
8612500
8613212
8613485
8613830
8614028
8614038
8614518
8615468
8615480
8615661
8615798
8616080
8616124
8616364
8616671
8617089
8618239
8618884
8619031
8619125
8619760
8621095
8621249
8621452
8621541
8621761
8622327
8707297
8908254
8908258
8909057
8909357
8909591
8909601
8909604
8910150
8910345
8910649
8910660
8910668
8911270
8911536
8912547
8912897
8914979
8915026
8915069
8915229
8915449
8915802
8916374
8916642
8917019
8917283
8917332
8917439
8917783
8917862
8918661
8918662
8918843
8919095
8919196
8919761
8920245
8920504
8921458
8921842
8921984
8922815
8922832
8923066
8923174
8923307
8923382
8923571
8923709
8924159
8924498
8924869
8925027
8925143
8925172
8925923
8926109
8926482
8926493
8926857
8927455
8928026
8958456
8960658
8964189
8964782
8966825
8967516
8967647
8968290
8970148
8971941
8972962
8973641
8974419
8974670
8976305
9052404
9052423
9052510
9052625
9053306
9053475
9053565
9053815
9053951
9054443
9054633
9054633
9054730
9054813
9055838
9056133
9056506
9057033
9057045
9057613
9057620
9057879
9057989
9058782
9059140
9059154
9059305
9059401
9059462
9059613
9059815
9059975
9060081
9060084
9060136
9060257
9060799
9060962
9061193
9061207
9061813
9061933
9061969
9062640
9063001
9063041
9063077
9063147
9063285
9064205
9064441
9064776
9065094
9065197
9065414
9065512
9065561
9065639
9065693
9066019
9066039
9066455
9066882
9067035
9067148
9067265
9067688
9068009
9068190
9068259
9068303
9068476
9068666
9068807
9069015
9069023
9069028
9069584
9069672
9580472
9580623
9580826
9580879
9581274
9581342
9581472
9581570
9582053
9582372
9582677
9582716
9583047
9584232
9585350
9585536
9585603
9585756
9585761
9587205
9587269
9587446
9587910
9588054
9589011
9589199
9589204
9589524
9589866
9590116
9590206
9590489
9591083
9591141
9591894
9591995
9592138
9592529
9592846
9592874
9592970
9593417
9593569
9593582
9593902
9594038
9594082
9594353
9594412
9594930
9595363
9595507
9596212
9596728
9596753
9596841
9596947
9597793
9598025
9598143
9953069
9953249
9953309
9953501
9953569
9954973
9955088
9955148
9955263
9955766
9956084
9956369
9956486
9956543
9956588
9957228
9957399
9957652
9957882
9957990
9958187
9958345
9958672
9958781
9959146
9959820
9959875
9959882
9960004
9960605
9960662
9960766
9960814
9960930
9961376
9961460
9961990
9962007
9963089
9963130
9963355
9963905
9964389
9964951
9965041
9965331
9965708
9966278
9966858
9966970
9967055
9967093
9967204
9967384
9968026
9968149
9968192
9968673
9968741
9969148
9969593
9970088
9970529
9970574
9970843
9971337
9971404
9972200
9972593
9972718
9972735
9972756
9973356
9973408
9974045
9974943
9992848
9993810
9994109
9994485
9995075
9995943
9996315
9996951
9997067
9997861
9998589
10000755
10002833
10004182
10004598
10005147
10006854
10007357
10040177
10040813
10047104
10049978
10070504
10073313
10074488
10074506
10078628
10082353
10083342
10085096
10086611
10087529
10092589
10092939
10093062
10093221
10093256
10093550
10093866
10094291
10094507
10094623
10094885
10095050
10095139
10095186
10095251
10095619
10096147
10096582
10097268
10097340
10097616
10097683
10097686
10097872
10097885
10098099
10098327
10098465
10098710
10098925
10099575
10100272
10100666
10100899
10101140
10101498
10101570
10101749
10102523
10102880
10103708
10104223
10104316
10104418
10104582
10104843
10105727
10105917
10105994
10106261
10106433
10106612
10106743
10106986
10107111
10107954
10108056
10108423
10109166
10109421
10109552
10110437
10110447
10111196
10111541
10111600
10112120
10112203
10112427
10113506
10114008
10114379
10114528
10115470
10115482
10115784
10116334
10117122
10117361
10118037
10118226
10118749
10119434
10119434
10119490
10119915
10120327
10120917
10120991
10121036
10121469
10122038
10122367
10122583
10122663
10122879
10122993
10123381
10123381
10123537
10123646
10123942
10124555
10124928
10125381
10125524
10125527
10125835
10126245
10126313
10126383
10126592
10127015
10127334
10127650
10128027
10128258
10128792
10129014
10129433
10129589
10129630
10129646
10129680
10130166
10130231
10130283
10131028
10131641
10131881
10131996
10132077
10132117
10132211
10132809
10133376
10133568
10217352
10217739
10218045
10218353
10218383
10218685
10219474
10219969
10220043
10220323
10220437
10220952
10222285
10222525
10222528
10222567
10222729
10222964
10223029
10223177
10223434
10224192
10224343
10224520
10224552
10224658
10224687
10224970
10225505
10226439
10226768
10227404
10227471
10227661
10227684
10227860
10228011
10228029
10228095
10228115
10228259
10228304
10228617
10229137
10229258
10229368
10229917
10230227
10230515
10230772
10231121
10231175
10231682
10231745
10231875
10232470
10233098
10234145
10234554
10234997
10235218
10235398
10235672
10236667
10236731
10236737
10237116
10257398
10257410
10257499
10257558
10257777
10257848
10257900
10258064
10258114
10258287
10258570
10258571
10258576
10258634
10258795
10259239
10259419
10259617
10259973
10260100
10260333
10260403
10260671
10260673
10260778
10260863
10260924
10261203
10261638
10261892
10261909
10261941
10262167
10262592
10262681
10263044
10264372
10264748
10264843
10265152
10265705
10265920
10266134
10266466
10266508
10266892
10267197
10267275
10267439
10267466
10268082
10268090
10268121
10268186
10268496
10268631
10268658
10269176
10270471
10270521
10270857
10270928
10270997
10271154
10271188
10271520
10271523
10271639
10271758
10271762
10272059
10272842
10272886
10273089
10273179
10273609
10273665
10273699
10273841
10273890
10274236
10274875
10275312
10275554
10275941
10276263
10276412
10276789
10276898
10471084
10473544
10474447
10475673
10475843
10480639
10481876
10486539
10486750
10488062
10488337
10490311
10491603
10492032
10588528
10588557
10588653
10588802
10589162
10589840
10589987
10590646
10590780
10590815
10591080
10591537
10591914
10592084
10592561
10592759
10592842
10593293
10593711
10594284
10594521
10594536
10594637
10595124
10595127
10595264
10595584
10595621
10595999
10596005
10596168
10596417
10596531
10597197
10597228
10597264
10597676
10597725
10598693
10598998
10599007
10600026
10600769
10600980
10601996
10602636
10603169
10603863
10603998
10604508
10604585
10604609
10605606
10605617
10606315
10607138
10607346
10607586
10607711
10607964
10608203
10608702
10609055
10609066
10609234
10609514
10609636
10609647
10609748
10609762
10609804
10610075
10610471
10610551
10872044
10872092
10872175
10872331
10872605
10872718
10873067
10873345
10873380
10873645
10873812
10873914
10874080
10874555
10874575
10875110
10875453
10875666
10876407
10876418
10876432
10876683
10876815
10877247
10877360
10877441
10877526
10877881
10878126
10878145
10878425
10878549
10878959
10878969
10879033
10879279
10879495
10879541
10880060
10880096
10880339
10880669
10880673
10880736
10880827
10880832
10881114
10881433
10881665
10881930
10882117
10882231
10882495
10882528
10883533
10883619
10883820
10883956
10883976
10884045
10884344
10884586
10884804
10884891
10884937
10885353
10885367
10885439
10885693
10885925
10886397
10887091
10887314
10887823
10888278
10888292
10888325
10888344
10888383
10888615
10888618
10888776
10888856
10888902
10888937
10889116
10889626
10889798
10889940
10890118
10890235
10890336
10890420
10890545
10890549
10890929
10891387
10892178
10892269
10892321
10892388
10892562
11063838
11064542
11065125
11065420
11066090
11066153
11066812
11066884
11066934
11067362
11067697
11068027
11068248
11068389
11068456
11069269
11069343
11070428
11070574
11070767
11071164
11071562
11071828
11072206
11072283
11072442
11072765
11072965
11073314
11074227
11074642
11075432
11075605
11075834
11075836
11076122
11076576
11077366
11134544
11134963
11136065
11137093
11137211
11137492
11137702
11138789
11138915
11138986
11139053
11139163
11139268
11139690
11139690
11139813
11139908
11140181
11140382
11140860
11141016
11141073
11141526
11141786
11142006
11142284
11142470
11142923
11143222
11143944
11144391
11145881
11146135
11146638
11146890
11147305
11147880
11147946
11148168
11148472
11148823
11148874
11149066
11149176
11149696
11149988
11150160
11150505
11151150
11151706
11151915
11153017
11153210
11153571
11153789
11154052
11154109
11154131
11154499
11154846
11172806
11173471
11173481
11173516
11174028
11174379
11176573
11177180
11177415
11179396
11179603
11180916
11181163
11182737
11183744
11184065
11184120
11184306
11184408
11184826
11185881
11186978
11188065
11188203
11189585
11190765
11190823
11192431
11192558
11193037
11194329
11504152
11504472
11507381
11507514
11507688
11507750
11507874
11508692
11510517
11512098
11512214
11512524
11512902
11513677
11514000
11514084
11514485
11514702
11515217
11515326
11515491
11515629
11516727
11516826
11517445
11518159
11518474
11518532
11518658
11519170
11519734
11520778
11521545
11522272
11522316
11522448
11522624
11522959
11523186
11523352
11524304
11757202
11757841
11758067
11759033
11761605
11761976
11762520
11765840
11766829
11767147
11767439
11767640
11768300
11768703
11770040
11770404
11772786
11773288
11773291
11773313
11774379
11775243
11775269
11775759
11777149
11777160
11792984
11793648
11793796
11794066
11794651
11795147
11796069
11796586
11800961
11801194
11801226
11803180
11803759
11803978
11804486
11807039
11810016
11810364
11811163
11811669
11812449
11862122
11862153
11862235
11862601
11862677
11862833
11863592
11863674
11864951
11866048
11866167
11866771
11867596
11867951
11868122
11868160
11868180
11868267
11868451
11868798
11869011
11869471
11869494
11869666
11870449
11870607
11871132
11872909
11872978
11873445
11873967
11874317
11875061
11875204
11953358
11954912
11955050
11956147
11957015
11958520
11959313
11960427
11960493
11960530
11961007
11962024
11962396
11962816
11963054
11966035
12212559
12212719
12212966
12213012
12213103
12213315
12213785
12214265
12214797
12214931
12215023
12215034
12215051
12215927
12215954
12215988
12216240
12216383
12216648
12217340
12217460
12217489
12217643
12217877
12218011
12218272
12218386
12218858
12219333
12219443
12219639
12220031
12221117
12221276
12221610
12221890
12222126
12222340
12222371
12222666
12222703
12222984
12223717
12223860
12224029
12224080
12224139
12224254
12224611
12224685
12224782
12224984
12225568
12225742
12225799
12226058
12226411
12226429
12226431
12226863
12227004
12317861
12318031
12318362
12318373
12318437
12318487
12318654
12318727
12318815
12318891
12318976
12319005
12319171
12319990
12320080
12320214
12320396
12320559
12320683
12320690
12320899
12320924
12321111
12321203
12321429
12321813
12321842
12321884
12322343
12322627
12323316
12323961
12324055
12324810
12324944
12325417
12325750
12325859
12325876
12325969
12326178
12326241
12326575
12326880
12326885
12327210
12327739
12328938
12329021
12329071
12329440
12329886
12330640
12331116
12331490
12331733
12331923
12332609
12332623
12332719
12332826
12332907
12333534
12333789
12334991
12398017
12399740
12400752
12401503
12403517
12404274
12404595
12404862
12405964
12406435
12406549
12407088
12408984
12410226
12412380
12415423
12416544
12438002
12438466
12439490
12440231
12440258
12440454
12441667
12441738
12441756
12441927
12442207
12442378
12442490
12442739
12442810
12443143
12444770
12445841
12446756
12447452
12447637
12448608
12448724
12448769
12448786
12449974
12451378
12465263
12465870
12466235
12466563
12467278
12467353
12467366
12467671
12467901
12468167
12468443
12468800
12468905
12468953
12469397
12469747
12470807
12471338
12471505
12471657
12471722
12471758
12471798
12471903
12471972
12472012
12472130
12472167
12472506
12472563
12473215
12473442
12473681
12473718
12473824
12474305
12474323
12474350
12474382
12474730
12474779
12475362
12475373
12475418
12475459
12475821
12475926
12475941
12476515
12476714
12476935
12477158
12477217
12477219
12477523
12477623
12477667
12477842
12478107
12478292
12478503
12478745
12478877
12478928
12479188
12479225
12479273
12479301
12479417
12479427
12479433
12479914
12676375
12677181
12677386
12677567
12677635
12678202
12678216
12678530
12678716
12678924
12679379
12679578
12679628
12679704
12679928
12680186
12680413
12680681
12680844
12680862
12680905
12681294
12681859
12681985
12682110
12682163
12682226
12682757
12682833
12682883
12683211
12683488
12683506
12683515
12684464
12685064
12686057
12686066
12686242
12686256
12686328
12686772
12687065
12687207
12687449
12687944
12688159
12688422
12688444
12688482
12688663
12688725
12688924
12689063
12689288
12689316
12689447
12690298
12690438
12690891
12691013
12691257
12691447
12691611
12691640
12691656
12691804
12691846
12692095
12692137
12692222
12692505
12692688
12692787
12692851
12692917
12693875
12694523
12695008
12695179
12695234
12695364
12695529
12695691
12696636
12697297
12697421
12698001
12698026
12698110
12698804
12698893
12699442
12699834
12700059
12700161
12700548
12701277
12701530
12701736
12701767
12701858
12702233
12702253
12703684
12703943
12704183
12704214
12704293
12704843
12704855
12705394
12705936
12705985
12707150
12707262
12707386
12708724
12710451
12710783
12710883
12712623
12712976
12714591
12716982
12718562
12718940
12810482
12810887
12811200
12811407
12811552
12811611
12811688
12811721
12811747
12812011
12812653
12812968
12813029
12813048
12813184
12813221
12813654
12813968
12814310
12815361
12815396
12815993
12816028
12816286
12816668
12816714
12816817
12816923
12817155
12817308
12817953
12818159
12818371
12818966
12818979
12819293
12819339
12819570
12820318
12820413
12820670
12822043
12822336
12822994
12823008
12823615
12823917
12823976
12824060
12824153
12824232
12824547
12824661
12824788
12866812
12866981
12867495
12868235
12869048
12869244
12869299
12869622
12869646
12869907
12870129
12870301
12870413
12870762
12871184
12871782
12872170
12872287
12872485
12873808
12873948
12874141
12874323
12874523
12874631
12874820
12874987
12875703
12875971
12876054
12876240
12876594
12876865
12877373
12877490
12877510
12877988
12878075
12878839
12879257
12879933
12879940
12880270
12880274
12880560
12881016
12881496
12881666
12881925
12882303
12882873
12883282
12883521
12883554
12883894
12883959
12884032
12884480
12884658
12884661
12884869
12885539
12982278
12982551
12986393
12987535
12988571
12991044
12991569
12992087
12996732
12997300
12997427
12997876
12998080
12998092
12998439
12999717
12999764
12999894
13000500
13001336
13003058
13003069
13004203
13004268
13004333
13004830
13004999
13005364
13005645
13005820
13006163
13006386
13006696
13006868
13007172
13007903
13008971
13009950
13010550
13011188
13012273
13013592
13013698
13013769
13013938
13014568
13015537
13016209
13016307
13017307
13017527
13017926
13019293
13019543
13019561
13020245
13020283
13020490
13020577
13020848
13020936
13022024
13022757
13022801
13023111
13023429
13023459
13023520
13023595
13023707
13023811
13023948
13024314
13024368
13025076
13025321
13025896
13026167
13026363
13026571
13026640
13026904
13026938
13027299
13027389
13027486
13027639
13027652
13027715
13027814
13027996
13028167
13028359
13028621
13028990
13029167
13029675
13029937
13030077
13030317
13030997
13031349
13031413
13031677
13031863
13031942
13032001
13032168
13032278
13032489
13032525
13032537
13032772
13033249
13033372
13033479
13033536
13033729
13034123
13034130
13034381
13034408
13034668
13035072
13035102
13035147
13035376
13035730
13035740
13035957
13036016
13036465
13036522
13036577
13036788
13036867
13036966
13036984
13037478
13037676
13037766
13037979
13038495
13055817
13056311
13056437
13056510
13060570
13060973
13062081
13062232
13068261
13069557
13069703
13071603
13073203
13075824
13112898
13113782
13113940
13115367
13116694
13117055
13117513
13117720
13117899
13118112
13118313
13118486
13118509
13118984
13119070
13120054
13120641
13121222
13122034
13123413
13124257
13124836
13125325
13126326
13127756
13127821
13128503
13129053
13129057
13147901
13148873
13149236
13149647
13151825
13152256
13153623
13154465
13155941
13156109
13156318
13160074
13160560
13161728
13161820
13163683
13199213
13199307
13199385
13199815
13199868
13199963
13200180
13200437
13200515
13200626
13200689
13200780
13201408
13201754
13201944
13202265
13202424
13203771
13203990
13204483
13204591
13204720
13205817
13205938
13206015
13206491
13206531
13206737
13207350
13207408
13207477
13207802
13207822
13208581
13208722
13209097
13209185
13209405
13209677
13209940
13210970
13211162
13211458
13211797
13212147
13212149
13213185
13213688
13213942
13214063
13214383
13214495
13214692
13214912
13215011
13215134
13215167
13215291
13215501
13215813
13215936
13216101
13216644
13216776
13216893
13217800
13217843
13218443
13433619
13433875
13434130
13434894
13434907
13435259
13436532
13436700
13436832
13437090
13437214
13437555
13438036
13438090
13438536
13438705
13438766
13438882
13440348
13440635
13440882
13441023
13441701
13441865
13442063
13442466
13442591
13442967
13443112
13443590
13443769
13443780
13444424
13444888
13445413
13446041
13446204
13446323
13446355
13446454
13447370
13447745
13447987
13448221
13448695
13448807
13448839
13449091
13449475
13449962
13450319
13450507
13451432
13451677
13452202
13453832
13454189
13456394
13456595
13456823
13457603
13459455
13461580
13462124
13462308
13464828
13464868
13467060
13468151
13468202
13469836
13623330
13646605
13646769
13646844
13647964
13648141
13648218
13648416
13648646
13649030
13649066
13649268
13649385
13649497
13649605
13649790
13650355
13650501
13650936
13650950
13651155
13651370
13651390
13651552
13651866
13652015
13652286
13652338
13652463
13652725
13652764
13652794
13653017
13653286
13653568
13653931
13653980
13654009
13654104
13654469
13655061
13655177
13655438
13656217
13656631
13656704
13656929
13657064
13657144
13658422
13658465
13658521
13658631
13658641
13658770
13658797
13658986
13659014
13659062
13659245
13659257
13659468
13660240
13660265
13660678
13661176
13661685
13662303
13662370
13662604
13680174
13693472
13694523
13694997
13695354
13695883
13695969
13696555
13696750
13696784
13696821
13696827
13696899
13697494
13697901
13698170
13698310
13698708
13698823
13698881
13699912
13700548
13700635
13700946
13701213
13701292
13701384
13702510
13702665
13702727
13703070
13703130
13703210
13703389
13703462
13703597
13703917
13703982
13704489
13704553
13705366
13705420
13705596
13705650
13705717
13706224
13706686
13707001
13707363
13707647
13707772
13707915
13707992
13708078
13708235
13708272
13708736
13708790
13708823
13792519
14009935
14010177
14011377
14016140
14019039
14019181
14019825
14057535
14057567
14057792
14057923
14058845
14059118
14061532
14062975
14064793
14065706
14066136
14067761
14068358
14069152
14069231
14069492
14069539
14169877
14170047
14170119
14170339
14170431
14170458
14170480
14170897
14170919
14171145
14171578
14171691
14171768
14172072
14172252
14172759
14173189
14174050
14174073
14174749
14174829
14176839
14176971
14177157
14177998
14178123
14178543
14178616
14178737
14179238
14179910
14180462
14180657
14180743
14180754
14181239
14181487
14181733
14181770
14181820
14181895
14182332
14182426
14182463
14182549
14182615
14183322
14183620
14183800
14184248
14184355
14184644
14184698
14185477
14185518
14185586
14186147
14186685
14186699
14186822
14187149
14187208
14187259
14187551
14187751
14187908
14188214
14188219
14188371
14188526
14188689
14188807
14189233
14189752
14189835
14189840
14189958
14190090
14190274
14190503
14190891
14190996
14191306
14191405
14191566
14191661
14191831
14191978
14192777
14192884
14193097
14432629
14433193
14433354
14434281
14434460
14434771
14435113
14435400
14435547
14438243
14438774
14439212
14439489
14440712
14441219
14441220
14441230
14441487
14442110
14442427
14442431
14443531
14444827
14445055
14445244
14446153
14446274
14446650
14447278
14447797
14447871
14448587
14448906
14449123
14449167
14449338
14450451
14450638
14450642
14450851
14451265
14451362
14451631
14451992
14452353
14452714
14452803
14453168
14453978
14454326
14454450
14454879
14455799
14456266
14456412
14456442
14456766
14457056
14457371
14457515
14458003
14458069
14458144
14458716
14459018
14459148
14459415
14459497
14459774
14459810
14459897
14460033
14460387
14460476
14460939
14461414
14461974
14462036
14462483
14462996
14463639
14463868
14465227
14465738
14465851
14466045
14466253
14466485
14466834
14466889
14467379
14467400
14467788
14468411
14469566
14469726
14470036
14470072
14470133
14470472
14470733
14470814
14471007
14471335
14471862
14471938
14472196
14472410
14472943
14473303
14473363
14473503
14473515
14473954
14474083
14474160
14474317
14474354
14474629
14475499
14475632
14475952
14476308
14476457
14476486
14476572
14476973
14477578
14477804
14477868
14478312
14478402
14590140
14590798
14591340
14593117
14593792
14594021
14594209
14594330
14594349
14595494
14596084
14596246
14596658
14596821
14597277
14600501
14600544
14600975
14601095
14601250
14602209
14602695
14603105
14603512
14770840
14775175
14775332
14823613
14826462
14826580
14835173
14843970
14844639
14858629
14858727
14858800
14859070
14859245
14859369
14860210
14860404
14860513
14860567
14861267
14862166
14862305
14862594
14862598
14863095
14863903
14864392
14865071
14866043
14866320
14866673
14866895
14866907
14867151
14867619
14867710
14867934
14868280
14869037
14869114
14869363
14869450
14869455
14869818
14869955
14870121
14870195
14870338
14870953
14871150
14872038
14872344
14872549
14872648
14872830
14873724
14873837
14874112
14874253
14874461
14874481
14874786
14875188
14875884
14875919
14876083
14876263
14877167
14889546
14893138
14893351
14934580
15017396
15017785
15019985
15020669
15020793
15021703
15022410
15024272
15025772
15026503
15027242
15030824
15032097
15034336
15034845
15035041
15036295
15113291
15113612
15114118
15115112
15115428
15115933
15116405
15116756
15117095
15117435
15117940
15118407
15118700
15119505
15119753
15119836
15120593
15120617
15120644
15120664
15121134
15121250
15121345
15121453
15121688
15121826
15123401
15123854
15125250
15125292
15125564
15125622
15125761
15125789
15125968
15126349
15126441
15129209
15155819
15156597
15162196
15165973
15218189
15315667
15316531
15316825
15319080
15319714
15320299
15321839
15322012
15324255
15327194
15370766
15372579
15372809
15373138
15374232
15374898
15374920
15375368
15375922
15378367
15378792
15381095
15386200
15388492
15395693
15417199
15417487
15418993
15419451
15420271
15421510
15422230
15423442
15424967
15424981
15426106
15426993
15428069
15428416
15430396
15430683
15434192
15434818
15434899
15435248
15483638
15484583
15488942
15491354
15512356
15512580
15513162
15513487
15513491
15513760
15513923
15514138
15514290
15514534
15514962
15515043
15515321
15515330
15515598
15515954
15517127
15517773
15517785
15517801
15518018
15518066
15518542
15518654
15518774
15519033
15519487
15520456
15521705
15521712
15522222
15522266
15522419
15522426
15522545
15522864
15523973
15524035
15524532
15524895
15525081
15525614
15525647
15525776
15525853
15526038
15526381
15526652
15526759
15526766
15527562
15527666
15527723
15529661
15529760
15529826
15530206
15530257
15531047
15531662
15531728
15531991
15532536
15532623
15533026
15533691
15534976
15535414
15536683
15536917
15537006
15537201
15537275
15537419
15538210
15538400
15539065
15539432
15539702
15539797
15540667
15540820
15541074
15541558
15542357
15542378
15542487
15543203
15543412
15543473
15543565
15544900
15545324
15546479
15547254
15547383
15548223
15548304
15548767
15548899
15619945
15619993
15620273
15620425
15620732
15621589
15623179
15623185
15623647
15626215
15627299
15628207
15628443
15628534
15628726
15629026
15629387
15631236
15631903
15633332
15634070
15638966
15639696
15639788
15640065
15640087
15640285
15640559
15641038
15641234
15641291
15641356
15641863
15642324
15642488
15642490
15642790
15643162
15644022
15645074
15645135
15646137
15646265
15646442
15647321
15647438
15647652
15647705
15648314
15648626
15648999
15649108
15649440
15649670
15649980
15650163
15650677
15651319
15651573
15651919
15652324
15652329
15652672
15652814
15653042
15653097
15653356
15653858
15654083
15654626
15654646
15654726
15654766
15655207
15655336
15655460
15655790
15655818
15656080
15656260
15656360
15657262
15657446
15658076
15658915
15659004
15659417
15659556
15659622
15659736
15660247
15661070
15661374
15787519
15787952
15788373
15789028
15789143
15789209
15789724
15790222
15790459
15790466
15790531
15791173
15791189
15791213
15791279
15791421
15791642
15792192
15792415
15792482
15792581
15793199
15793558
15793976
15794211
15794305
15794455
15794814
15795076
15795152
15795833
15796148
15796163
15797194
15797381
15797449
15798078
15798129
15798166
15798400
15798414
15798745
15799283
15800340
15800348
15800881
15801420
15801432
15803039
15803163
15803315
15803441
15803536
15803769
15804493
15806020
15806034
15806676
15806686
15806777
15807084
15807249
15807891
15816864
15817076
15817918
15965853
16010767
16031055
16031094
16031444
16031903
16031935
16032029
16032145
16032163
16032348
16032638
16033290
16033336
16033591
16033723
16033727
16034045
16034310
16034566
16035108
16035371
16035837
16036321
16037233
16037559
16038495
16038500
16038537
16038908
16039479
16039709
16039901
16040339
16040422
16040952
16041368
16041466
16041476
16041735
16041957
16042039
16042136
16043044
16043875
16044082
16044372
16044672
16044920
16045203
16046111
16046245
16046255
16046420
16046458
16046484
16046634
16046948
16047550
16047886
16048196
16048539
16048939
16049535
16049791
16049935
16049961
16050020
16050064
16050513
16050926
16050979
16051043
16051287
16051614
16051695
16051849
16051994
16052021
16052110
16052206
16052535
16052588
16052862
16052872
16053072
16053323
16054461
16054510
16054816
16054841
16054910
16055021
16055101
16055407
16055624
16055679
16055862
16056177
16056268
16056378
16056789
16056872
16056939
16056978
16057028
16057512
16058022
16058326
16058352
16058384
16058538
16059227
16059385
16059569
16060157
16060158
16060214
16060415
16060565
16061013
16061021
16061301
16061649
16061763
16062124
16062215
16062336
16062914
16063285
16063911
16064499
16065005
16065143
16065244
16065364
16065885
16066143
16066380
16067083
16067125
16067278
16067374
16068524
16069718
16069916
16069969
16070283
16071823
16072107
16072120
16072141
16072206
16072621
16072684
16073636
16073638
16073777
16073861
16073914
16074250
16074580
16119674
16120796
16121042
16121619
16121753
16122215
16125875
16126647
16128523
16132614
16225081
16225208
16225349
16225350
16225789
16225973
16226735
16226967
16227307
16228041
16228086
16228741
16229583
16229636
16229704
16229870
16229933
16230241
16230398
16230815
16231067
16231765
16232036
16232161
16232333
16232614
16233228
16233322
16233573
16233728
16234037
16234153
16234686
16234726
16235685
16235700
16235738
16236256
16236259
16236418
16237074
16237360
16238240
16238648
16239016
16239071
16239822
16240225
16240501
16240937
16241265
16242282
16242626
16242861
16243480
16265127
16265997
16266960
16270174
16278230
16279666
16280766
16286557
16293463
16298258
16419695
16420023
16420359
16420383
16420522
16421311
16421334
16422033
16422165
16422206
16422208
16422572
16422652
16422844
16422884
16422890
16423273
16423332
16423779
16423863
16423955
16424077
16424233
16424247
16424347
16424572
16424799
16424987
16425133
16425720
16426410
16426701
16426773
16427034
16427418
16427698
16428217
16428375
16428785
16428985
16429444
16429763
16430281
16430476
16430807
16430834
16430855
16430862
16431211
16431574
16432564
16432586
16433085
16433304
16433416
16433634
16433683
16433908
16434337
16434429
16434582
16434893
16435774
16436248
16436384
16437053
16437557
16439009
16439155
16439160
16439271
16439959
16440318
16440376
16440637
16440689
16440717
16441196
16441837
16442000
16442276
16442326
16589508
16649992
16650909
16652953
16653566
16659757
16670625
16671162
16671361
16671502
16672349
16672382
16672569
16672779
16673563
16673900
16674223
16674424
16674693
16674758
16675373
16677328
16677850
16677855
16677919
16678105
16678150
16678205
16678699
16678743
16679003
16679601
16679613
16679642
16679734
16680105
16680200
16680376
16680697
16680896
16680961
16682068
16682311
16682403
16682590
16683434
16683465
16683485
16683490
16683736
16683757
16683840
16683925
16683950
16684234
16684701
16684714
16685077
16685181
16685193
16685683
16686191
16686366
16686752
16686813
16686979
16687742
16688066
16688084
16780218
16781400
16781758
16782683
16782752
16783838
16783941
16784168
16785130
16785635
16785944
16786670
16786832
16788662
16789350
16789727
16789802
16789803
16789936
16790747
16791026
16791074
16791698
16792276
16792694
16792993
16793143
16793232
16793455
16793853
16795372
16795498
16795899
16795943
16796283
16797983
16799490
16853252
16859524
16859602
16860155
17023131
17023564
17024096
17024102
17024265
17024327
17024832
17025083
17025180
17025694
17025766
17026283
17026569
17026927
17027379
17027400
17027483
17027484
17027506
17027608
17027634
17028584
17028721
17028846
17029712
17029745
17029943
17030133
17030548
17031066
17031158
17031368
17031727
17032108
17032694
17032805
17032825
17032892
17033401
17033921
17034000
17034763
17034856
17035100
17035634
17035920
17036096
17036139
17036382
17037020
17037075
17037297
17037335
17037631
17037876
17037908
17156863
17163445
17166582
17244165
17244225
17244344
17244790
17245079
17245256
17245681
17245754
17245918
17246114
17246135
17246211
17246521
17246804
17246861
17247220
17247322
17247736
17247826
17248672
17248862
17249014
17249026
17249162
17249586
17249667
17249769
17249960
17250760
17250824
17251021
17251379
17251433
17251507
17251579
17251737
17251979
17252025
17252103
17252119
17252455
17253056
17253237
17253296
17253336
17254361
17254429
17254485
17254536
17255404
17255535
17255611
17255708
17255899
17256064
17257096
17257633
17257916
17258171
17258182
17258681
17259311
17259317
17259513
17260544
17261041
17261474
17261727
17261951
17261999
17262289
17262796
17263256
17263673
17263675
17263723
17263813
17263899
17263986
17264140
17264211
17413489
17413619
17413642
17413763
17415150
17415459
17415944
17416996
17417820
17417837
17418199
17418571
17418617
17418711
17420208
17420802
17421302
17421399
17421651
17422210
17422462
17424257
17424789
17425111
17425485
17425496
17425896
17427285
17427524
17427893
17450260
17452549
17460208
17485445
17485977
17554231
17554687
17555115
17555774
17558316
17559129
17561451
17561487
17561617
17563246
17564646
17565443
17565567
17566073
17750376
17750439
17750864
17751485
17752096
17752170
17752486
17752712
17753152
17753312
17753543
17754117
17754301
17754337
17755410
17755494
17755982
17756171
17756345
17756748
17757012
17757103
17757152
17757282
17757330
17757439
17757639
17757784
17758304
17758423
17758593
17759034
17759118
17759567
17760018
17760265
17760385
17760922
17761395
17761495
17761512
17761722
17762655
17762790
17763045
17763248
17763252
17763429
17763491
17763531
17763577
17763780
17764187
17764394
17764443
17764451
17764539
17764546
17764939
17765160
17765654
17765761
17765901
17766218
17766326
17766589
17766914
17767237
17767583
17767632
17768369
17768502
17768816
17768892
17768915
17769191
17769221
17770340
17771773
17773067
17773379
17774547
17775442
17775561
17778406
17778475
17779375
17779811
17780093
17780197
17780455
17780534
17781037
17781367
17782074
17782253
17782580
17782760
17783452
17783838
17783872
17785128
17785419
17785858
17786361
17788744
17789972
17790667
17790699
17791412
17791434
17791484
17791632
17792199
17792761
17793009
17793014
17793249
17793268
17793487
17794101
17794139
17794410
17794422
17794595
17794658
17794806
17794969
17795872
17796472
17796542
17796597
17796762
17796806
17796840
17797389
17798072
17798881
17800273
17800304
17801197
17801838
17802042
17802298
17802391
17802467
17802511
17802536
17802546
17802579
17802616
17802692
17802732
17802738
17802783
17802886
17803295
17803532
17803672
17803801
17804264
17804938
17805023
17805070
17805134
17805461
17806042
17806354
17806406
17806414
17806801
17807057
17807082
17807411
17807640
17871749
17873614
17874486
17876870
17877209
17877970
17879066
17879251
17883486
17885763
17886032
17886142
17912533
17912960
17913415
17913420
17914254
17915807
17918279
17921205
17922776
17922922
17924938
17926238
17945206
17945456
17946148
17946280
17946399
17946772
17947079
17949876
17949896
17950027
17950512
17950731
17951087
17951199
17951613
17951713
17951776
17951961
17952030
17952177
17952386
17952571
17952836
17952999
17953455
17953905
17954548
17954559
17954588
17954609
17954795
17954865
17954908
17955073
17955324
17956299
17956607
17956610
17957863
17958118
17958132
17958593
17958706
17958881
17959022
17959289
17959605
17959919
17959927
17960294
17960438
17960539
17960651
17960811
17960846
17961625
17962055
17963276
17963425
17964261
17964435
17965112
17965152
17965476
17965505
17965808
17965908
17966454
17967155
17967334
18000483
18000941
18001152
18001353
18002270
18002287
18003429
18004429
18004790
18004812
18005400
18005622
18005636
18006677
18007029
18007126
18007451
18007460
18008712
18009603
18009878
18009921
18010056
18010076
18010128
18010767
18010969
18011109
18011328
18011369
18011531
18011915
18012164
18012202
18012646
18012726
18014979
18015381
18015978
18016976
18017638
18017679
18018077
18018098
18018179
18018555
18018663
18018983
18019151
18019162
18019798
18020265
18020545
18020622
18021718
18022409
18120128
18123748
18125015
18125448
18128457
18128891
18129547
18129647
18129679
18129731
18130427
18130513
18130659
18130779
18131372
18131546
18131719
18131743
18132048
18132256
18132611
18132843
18133223
18133344
18133602
18134071
18135088
18135532
18135644
18135667
18135800
18135939
18136217
18136422
18136492
18136941
18137036
18137190
18137967
18138191
18139209
18139398
18139504
18139734
18140059
18140083
18140111
18140225
18140258
18140270
18176796
18176929
18177319
18177853
18178482
18179188
18179545
18179877
18182720
18182806
18184372
18185365
18186433
18186894
18187038
18187448
18188037
18188508
18189805
18190057
18190295
18190896
18191138
18192454
18193265
18196057
18197475
18227364
18227525
18227854
18227914
18229033
18229765
18229782
18230259
18231137
18231151
18231814
18231877
18233081
18233111
18235068
18235785
18235999
18236545
18236793
18236805
18236811
18237344
18238913
18239151
18241338
18243332
18243915
18244235
18245437
18351830
18353051
18353893
18354872
18357740
18358841
18359322
18359976
18360966
18364978
18437018
18437195
18438339
18439361
18441796
18442027
18443162
18443624
18444762
18446461
18446753
18447319
18450273
18543776
18544675
18544819
18545250
18545473
18546126
18546363
18547603
18549637
18550083
18550400
18550458
18551932
18552094
18552408
18553439
18554164
18555255
18557049
18557402
18558207
18559898
18561101
18561187
18561201
18561322
18562977
18563050
18563167
18564655
18567288
18567987
18568259
18568843
18569050
18570566
18570616
18570867
18572781
18572842
18573310
18573453
18574198
18574530
18576747
18577607
18579316
18629727
18631460
18631831
18632934
18637663
18640231
18643847
18749145
18750486
18750649
18751098
18751273
18751400
18751416
18751486
18751577
18752005
18752035
18752560
18752941
18753006
18753078
18753243
18753274
18753447
18754166
18754257
18754449
18754742
18755656
18756294
18756358
18756419
18756665
18756675
18756905
18757245
18757369
18757548
18757611
18758399
18758774
18758899
18759193
18759233
18759413
18759509
18760017
18760496
18760866
18761006
18761175
18761925
18763258
18763508
18763829
18764439
18765066
18765972
18766105
18777142
18819207
18821587
18831433
18832750
18833286
18834790
18859143
18859970
18862756
18868037
18869101
18872328
18874448
18874785
18875217
18879242
19058207
19059653
19149314
19149753
19153324
19153824
19166755
19321529
19324857
19325120
19327088
19330264
19331236
19365167
19366088
19366252
19366917
19368652
19369050
19369520
19371536
19371891
19372251
19372824
19374788
19375190
19375955
19376093
19376548
19376661
19378066
19379171
19380564
19382511
19382976
19383341
19423443
19423695
19423903
19424372
19424540
19424685
19424832
19424879
19425890
19426172
19426205
19426705
19426827
19426841
19427032
19427802
19428007
19428633
19428698
19428934
19429094
19429587
19430133
19431460
19431590
19431775
19431890
19432219
19432780
19433809
19434263
19434971
19435067
19435688
19435785
19435951
19436085
19436358
19436661
19437796
19437874
19438233
19438556
19438766
19439881
19440761
19496058
19500603
19501826
19501972
19503013
19509278
19510033
19511133
19512337
19512805
19589374
19589687
19589757
19590000
19590680
19590778
19591096
19591238
19591485
19592035
19592240
19592769
19592819
19593031
19593091
19593327
19593806
19595167
19596131
19596570
19596592
19596736
19597071
19597173
19597991
19598221
19598335
19598371
19599122
19600154
19600896
19600911
19602111
19603069
19603552
19603707
19603718
19603858
19604316
19604904
19605911
19606550
19606958
19607731
19707156
19711204
19713218
19713263
19716217
19718308
19718482
19721345
19724393
19727471
19732867
19734161
19734895
19738484
19747565
19909424
19909476
19909479
19909540
19910724
19911853
19912128
19912225
19912261
19913219
19913643
19914254
19915871
19916531
19916774
19916860
19917082
19918199
19918453
19918800
19919025
19922648
19922868
19922961
19925030
19925403
19925511
19925831
19925987
19947737
19947753
19948399
19948586
19948618
19948904
19949091
19949421
19949668
19949713
19950022
19950290
19950314
19950745
19950985
19951337
19951348
19951540
19951623
19951937
19952333
19952514
19952859
19953555
19953816
19954155
19954471
19954802
19955045
19955072
19955641
19955827
19957019
19957514
19957548
19957823
19958250
19958418
19958525
19959173
19959217
19959613
19959827
19959891
19960288
19961600
19961773
19962038
19962964
19963583
19964368
19964445
19964548
19964953
19965233
19965251
19965252
19965379
19966035
19967101
19967544
19967708
19967991
19968134
19968298
19968330
19968381
19968713
19968817
19969274
19969307
19969707
19969836
19969904
19969973
20063279
20063859
20067557
20067898
20069347
20069713
20079410
20286730
20287534
20370276
20370555
20371108
20372548
20374426
20374473
20376788
20379895
20379910
20380596
20381433
20401658
20401676
20402338
20402482
20402541
20402852
20403385
20404829
20405011
20405150
20405236
20405580
20405607
20405834
20406000
20406079
20406181
20406249
20406474
20406701
20407218
20407270
20407971
20408096
20408227
20408720
20409052
20409128
20409709
20410027
20410387
20410547
20411007
20411174
20411207
20411506
20411568
20411768
20411968
20412211
20412874
20413025
20413041
20413596
20413766
20414269
20414440
20414711
20415430
20415444
20415633
20415755
20416052
20416702
20416922
20417423
20417779
20418040
20418084
20418530
20418609
20418649
20418759
20418953
20419921
20420196
20420791
20420939
20421046
20421098
20421408
20421539
20421706
20421747
20421920
20422143
20422416
20422465
20422677
20422798
20423043
20423203
20423432
20423541
20423680
20485457
20496327
20559299
20559303
20559342
20559873
20559892
20559954
20560232
20560274
20560525
20560894
20561382
20561408
20561563
20561568
20561933
20562128
20562162
20562165
20562332
20562498
20562535
20562682
20562950
20563046
20563197
20563234
20563333
20563363
20563652
20563812
20564213
20564260
20564390
20564795
20565197
20565386
20565388
20565651
20565835
20566345
20566352
20566431
20566460
20566493
20566529
20567064
20567295
20567360
20567661
20567795
20567909
20568834
20569589
20569702
20569707
20569861
20570320
20570338
20570437
20570469
20570539
20571089
20571227
20571293
20571551
20571863
20572022
20572046
20572170
20572247
20572249
20572271
20572829
20572959
20573026
20573148
20573213
20573232
20573329
20573407
20573606
20573932
20574340
20574683
20574694
20574907
20575589
20575777
20576220
20576310
20576539
20576571
20577048
20577329
20577404
20577510
20577763
20577905
20578343
20578734
20578943
20579549
20579683
20580109
20580188
20580338
20580385
20580482
20580591
20581483
20581594
20582038
20582460
20583909
20584373
20587717
20590208
20593317
20595324
20820097
20820217
20820677
20821166
20821193
20821348
20821766
20821958
20822019
20822310
20822318
20822844
20822898
20823013
20823162
20823165
20823181
20823552
20823765
20824555
20825387
20825425
20825511
20825764
20825791
20826001
20826153
20826341
20826715
20827959
20828303
20828705
20828754
20829037
20829251
20829316
20829353
20829438
20829680
20830329
20830432
20830562
20830624
20831413
20831785
20832210
20832324
20832373
20832434
20832740
20832982
20833002
20833384
20833413
20833512
20833527
20833695
20833718
20833967
20833995
20834368
20834803
20834824
20834825
20835005
20835385
20835453
20835551
20835778
20836184
20836225
20836523
20837201
20837690
20837781
20837818
20838171
20839030
20839172
20839454
20839474
20839788
20839865
20839932
20840502
20840811
20841703
20883760
20884170
20884430
20884538
20885533
20885574
20885651
20885853
20887329
20887475
20887665
20887981
20888037
20888268
20888701
20889003
20889297
20889346
20889493
20889886
20889906
20890095
20890151
20890436
20890718
20890846
20891280
20891789
20892014
20892266
20892425
20892916
20894003
20894548
20894935
20894940
20895108
20895131
20895167
20895173
20895242
20896015
20896091
20896219
20896749
20897564
20897616
20897990
20898188
20898357
20898706
20935947
20940246
20941933
20946657
20976332
20976971
20978031
20978535
20978682
20980558
20988305
20989668
20990277
20990558
21015548
21020654
21020689
21022446
21057581
21059386
21063801
21065731
21067531
21072086
21074326
21086491
21159906
21160036
21160081
21160640
21162331
21162503
21162633
21162745
21162844
21163151
21163346
21163352
21163624
21164273
21164460
21164679
21164911
21165703
21166228
21166427
21166428
21166612
21166891
21167062
21167217
21168439
21170045
21170480
21171003
21171197
21171348
21171563
21171688
21172843
21173551
21173594
21174246
21174581
21174719
21175244
21175487
21175523
21175860
21176309
21176444
21177524
21217331
21217532
21219682
21219780
21220224
21220903
21221241
21221500
21221588
21221747
21221987
21223103
21223828
21223937
21223980
21225119
21225142
21225370
21226385
21226459
21227131
21227464
21229368
21230102
21230286
21231399
21231584
21231959
21232413
21232899
21233646
21234133
21234522
21234905
21235294
21235646
21235658
21235730
21237171
21237544
21238380
21238432
21239892
21240455
21240496
21306491
21331344
21333444
21334156
21357222
21358028
21358440
21358635
21358972
21359139
21359410
21359613
21359892
21360013
21360046
21360442
21360993
21361076
21361620
21361629
21361780
21362298
21362358
21362691
21362973
21363055
21363331
21363561
21363796
21364085
21364281
21364459
21364931
21365049
21365269
21365429
21365620
21365675
21365694
21365719
21365757
21365774
21366215
21366234
21366468
21366693
21366705
21368040
21368118
21368254
21368602
21368893
21369043
21369089
21369290
21369770
21497926
21498251
21498579
21498798
21499316
21499672
21500091
21500233
21500253
21500679
21501796
21501809
21502380
21502481
21502601
21503118
21504476
21505530
21505548
21505938
21506210
21506316
21506548
21507101
21507158
21507334
21507648
21507699
21507965
21508068
21508195
21508775
21508957
21509006
21509395
21509786
21510563
21511780
21512205
21512548
21513001
21513914
21515793
21516973
21517185
21517198
21517693
21518703
21520557
21520871
21521306
21522560
21522820
21523184
21524284
21524402
21553109
21556379
21556888
21605351
21605566
21605971
21606001
21606272
21607079
21607142
21607558
21607857
21607858
21608301
21608716
21609104
21609151
21609470
21609970
21610093
21611176
21611397
21611530
21611888
21612072
21612083
21612119
21612150
21612432
21612825
21613691
21614547
21614616
21615238
21615405
21616194
21616441
21616801
21617047
21617127
21617174
21617219
21617542
21618023
21618140
21618161
21618266
21618380
21618418
21618609
21618764
21618903
21619081
21619109
21619123
21619343
21620146
21620152
21620255
21620431
21620512
21621036
21621299
21621392
21621763
21622005
21622015
21622638
21622908
21622958
21635401
21642224
21662887
21663425
21663516
21663857
21663902
21664149
21665008
21665616
21666040
21666556
21666837
21667269
21667322
21667675
21667850
21667902
21668567
21668579
21668712
21668732
21668798
21669412
21669482
21669968
21670208
21670744
21670952
21671075
21671417
21671450
21671813
21671995
21672032
21672422
21672581
21673913
21674173
21675227
21675371
21675536
21675898
21675960
21676305
21676710
21677331
21677423
21677725
21677740
21678409
21678961
21679488
21679740
21679759
21679798
21680072
21680977
21681188
21681188
21681844
21682495
21683180
21683323
21683530
21683535
21683656
21684102
21684232
21684625
21685153
21685583
21686361
21687045
21692205
21695071
21696380
21700008
21701299
21837035
21839206
21840791
21844387
21844960
21846948
21847302
21847324
21849371
21850817
21850944
21851958
21852482
21853430
21855270
21858222
21858572
21858805
21859517
21899417
21900643
21900704
21901518
21905850
21905873
21905922
21908031
21908634
21908847
21909051
21909897
21910271
21911274
21914042
21915982
21917860
21918305
22015082
22015886
22015948
22017755
22017928
22018358
22018718
22019027
22019112
22019414
22021372
22021476
22025294
22026553
22028745
22029271
22029460
22029597
22030894
22032841
22033133
22033184
22033681
22035293
22035676
22035973
22036132
22036169
22038635
22039682
22041435
22041597
22042910
22046175
22048782
22049603
22050956
22094768
22095635
22096023
22097046
22097100
22097210
22097515
22098013
22098108
22098404
22098430
22098519
22098540
22099386
22101258
22101284
22101515
22101716
22102019
22102477
22102660
22102884
22103025
22103067
22103080
22103089
22103710
22103767
22104708
22105376
22105701
22106236
22106294
22106332
22106584
22107789
22107997
22108502
22108561
22108950
22109048
22109153
22109292
22109306
22109311
22252756
22254522
22272033
22272074
22272156
22272287
22272459
22272593
22273025
22273436
22273475
22273762
22273822
22273849
22274489
22274522
22274707
22275980
22276973
22277310
22277424
22277509
22277633
22277670
22277834
22277934
22279350
22279362
22280173
22281792
22281830
22282271
22282382
22283118
22285619
22315426
22317633
22317996
22318247
22318737
22318853
22318908
22319730
22319952
22320001
22320939
22320998
22321102
22321507
22321791
22322043
22323123
22323134
22323526
22323763
22324287
22324348
22324734
22325937
22325949
22326096
22326279
22326407
22327197
22327207
22327878
22327893
22328016
22328070
22328384
22328511
22329235
22329376
22329572
22329658
22329759
22331116
22331328
22331882
22332063
22333203
22333254
22334237
22334305
22416534
22416666
22416744
22416946
22416987
22417476
22418424
22418523
22418587
22418800
22418974
22419397
22419479
22419525
22419975
22420085
22420213
22420463
22420528
22420648
22420777
22420869
22421186
22421212
22422606
22422729
22422800
22422852
22423755
22423816
22423897
22423909
22424040
22424059
22424248
22424344
22424344
22424431
22424436
22424851
22425186
22425899
22427049
22427231
22427661
22427690
22427872
22427986
22428067
22428150
22428243
22428611
22428691
22429370
22430455
22431897
22435875
22440015
22441446
22442516
22443006
22443909
22446676
22524535
22525866
22525998
22526046
22526730
22527250
22527799
22527913
22528805
22528901
22529568
22530663
22530739
22530858
22531090
22531654
22531880
22532052
22532122
22532232
22532385
22532490
22532880
22532884
22533429
22533573
22533940
22534180
22534967
22534992
22535355
22535374
22535783
22536084
22536391
22536603
22537150
22537169
22537390
22537425
22538498
22538514
22538519
22538852
22538968
22539437
22539480
22539481
22539599
22539667
22540162
22540554
22540725
22541274
22541565
22541585
22541663
22542228
22542229
22542565
22542821
22542868
22543036
22543425
22544012
22544281
22544354
22544801
22545066
22545239
22545242
22545262
22545436
22545499
22545628
22545746
22546396
22633210
22634179
22638183
22643377
22758225
22795051
22796643
22797023
22797304
22798610
22800690
22801536
22802732
22804188
22804963
22807316
22810780
22812578
22861815
22903133
22998673
23305947
23424598
23424641
23424920
23425293
23426030
23426529
23426626
23426639
23427019
23427102
23427647
23428035
23428154
23428701
23429319
23429552
23430128
23430228
23430370
23430949
23431337
23432381
23433127
23433190
23433486
23434214
23434760
23435117
23436468
23436912
23437188
23437794
23438266
23438739
23438843
23438955
23439798
23439897
23440548
23441485
23441951
23442729
23443377
23443503
23443644
23443788
23444257
23444583
23445051
23446036
23446417
23446586
23446638
23446733
23446977
23447357
23447447
23447594
23447608
23448020
23448873
23449016
23449251
23449874
23450236
23450695
23450811
23450840
23450892
23451205
23451432
23451880
23452146
23452548
23452614
23452664
23453031
23453375
23453682
23453717
23453833
23453969
23454140
23454377
23454430
23454706
23455249
23455583
23520358
23521113
23521194
23521246
23521284
23522630
23522934
23522938
23523300
23523362
23523467
23523474
23523748
23524265
23524283
23524438
23525367
23525489
23525728
23526036
23526395
23526666
23527186
23527797
23528029
23528111
23528142
23528449
23528751
23529094
23529129
23529296
23529625
23530147
23530274
23530383
23530691
23531357
23531506
23531597
23531733
23532174
23532282
23612400
23615501
23624969
23690705
23690899
23691040
23691058
23691830
23692595
23692665
23693015
23693511
23693687
23693895
23694000
23694383
23694460
23694731
23694973
23695131
23695442
23695550
23695845
23695927
23695987
23695988
23696043
23697244
23697254
23697458
23697736
23698352
23699637
23699655
23700761
23700830
23701223
23701304
23701572
23701938
23702409
23702556
23702675
23702711
23703353
23704274
23704717
23704942
23706837
23712018
23712642
23713760
23714808
23716601
23717035
23719741
23926928
23927215
23927820
23932126
23934592
23935718
23936211
23936904
23939183
23957744
23958110
23958587
23958694
23959692
23959801
23959878
23960336
23960691
23960926
23961188
23961542
23961598
23961648
23962135
23962200
23962644
23962664
23963296
23964331
23964771
23965473
23965505
23965820
23965828
23966291
23967376
23968179
23968718
23968937
23969292
23970783
23971314
23971658
23972540
23973745
23973748
23974229
23974507
23974686
23974717
23975682
23975776
23976186
23976367
23976792
23977122
23977303
23977435
23977812
23978054
23978399
23978408
23979099
23979514
24105668
24106064
24106905
24111007
24111288
24111581
24111908
24112439
24115423
24115901
24116031
24117485
24119004
24120999
24122832
24125362
24126555
24143745
24152117
24152771
24153986
24155284
24156159
24158523
24158949
24158999
24403144
24403176
24403184
24403366
24403754
24404917
24404972
24405327
24405524
24405886
24405924
24405962
24406060
24406087
24406408
24406566
24406624
24406687
24406969
24407168
24407186
24407366
24407410
24407713
24407880
24408695
24409649
24410438
24410761
24410872
24411055
24411086
24411144
24411195
24411444
24411773
24411786
24412190
24412326
24412770
24412875
24413462
24413739
24414159
24414490
24414918
24415209
24415294
24415313
24415557
24416107
24416715
24416828
24417123
24417480
24417532
24417598
24417795
24417946
24418177
24418491
24418562
24418599
24418840
24418987
24419178
24419288
24419337
24419398
24419537
24419714
24420320
24420765
24420895
24420956
24421377
24421541
24421556
24421613
24421740
24421741
24422114
24422296
24422650
24423592
24423611
24423742
24424149
24424182
24424760
24424800
24424810
24425238
24425465
24425642
24425736
24425995
24426290
24427369
24427699
24427835
24428006
24428984
24429206
24429268
24429830
24430327
24430975
24431258
24431754
24431800
24432476
24432561
24432594
24433203
24433589
24434297
24434627
24435397
24436128
24436296
24437364
24437670
24437900
24438725
24439200
24439233
24439410
24439429
24439643
24453184
24453511
24453699
24455273
24455559
24455736
24455803
24455808
24455946
24456502
24456560
24456683
24456741
24458072
24458290
24459549
24459706
24460032
24460135
24460155
24460477
24460984
24461723
24461886
24461983
24463085
24463430
24464033
24464093
24464185
24464418
24464989
24465145
24465176
24465193
24465199
24466057
24466956
24468471
24469408
24470246
24470380
24470500
24470517
24470564
24536432
24536670
24537003
24537166
24537675
24537695
24537959
24538005
24538208
24538562
24539242
24539903
24540433
24540581
24541007
24541223
24541408
24541545
24541620
24541683
24541989
24541993
24542044
24543301
24543489
24543657
24543802
24544199
24544572
24544601
24544619
24544649
24544654
24544664
24544792
24544846
24544901
24545181
24545265
24545333
24545856
24545881
24546460
24546464
24546615
24546921
24546999
24547161
24547199
24547298
24547449
24547597
24548039
24548169
24548302
24549360
24549810
24550002
24550099
24550168
24550199
24550315
24550507
24550709
24550830
24551075
24551139
24551477
24551608
24551636
24551818
24551890
24552194
24552717
24552768
24553052
24553075
24553224
24553418
24554007
24554755
24554829
24554939
24554947
24555556
24555805
24556636
24557322
24557397
24557659
24557666
24558562
24558731
24558924
24558981
24559024
24559170
24559226
24559363
24661647
24662327
24664751
24670041
24688992
24689348
24689601
24689952
24689985
24690507
24690713
24690762
24691474
24691696
24691834
24692495
24692695
24693119
24693244
24693334
24693564
24693577
24693887
24693965
24694386
24694486
24694834
24695378
24695428
24695479
24696961
24697108
24697227
24697410
24697411
24699120
24699226
24699365
24700413
24700566
24701134
24701366
24701387
24701926
24702357
24702494
24702619
24702749
24702794
24703075
24703459
24703466
24703612
24703722
24703821
24703868
24703875
24703896
24704264
24704337
24704341
24704418
24705057
24705247
24705451
24705533
24705641
24705704
24706214
24706362
24706544
24706642
24706693
24706900
24707043
24707335
24707408
24707424
24707786
24707882
24708235
24708343
24708615
24708877
24726806
24727729
24727907
24728029
24728297
24729035
24729176
24730986
24733431
24733537
24733751
24734159
24734286
24735474
24735763
24735942
24737314
24737946
24738887
24738908
24738911
24740545
24742264
24834319
24835307
24835416
24835418
24837105
24838241
24838731
24839212
24839771
24841668
24843240
24843724
24844159
24845745
24845979
24846308
24846900
24846971
24847119
24847145
24847297
24848784
24849178
24849345
24850547
24851032
24851142
24851587
24852820
24853469
24855426
24856644
24865215
24867051
24870094
24873638
24874909
25226084
25226998
25227553
25227641
25228511
25228521
25229849
25230963
25231743
25231874
25232075
25232214
25232267
25232299
25233147
25233362
25233847
25234397
25234434
25234677
25235739
25235905
25236008
25236165
25236612
25236683
25236974
25237198
25237862
25237944
25238027
25238498
25238853
25239147
25239218
25239347
25240818
25240847
25240917
25241196
25241368
25241708
25242076
25242131
25243856
25245000
25245096
25245266
25245324
25245996
25246067
25246527
25246578
25246634
25247002
25247458
25247715
25248217
25248718
25249165
25249222
25249747
25250190
25250272
25250274
25250384
25251092
25251121
25251123
25251457
25251977
25252675
25253258
25253305
25253438
25253827
25253952
25255378
25255522
25255636
25255817
25255821
25255849
25256604
25256665
25256793
25256800
25257092
25257173
25257282
25257314
25257807
25257968
25258012
25258081
25258097
25258594
25258726
25258871
25259595
25259636
25259735
25259876
25260132
25260283
25260354
25260692
25260759
25260845
25261030
25261382
25261489
25261829
25262355
25262491
25329788
25390390
25395749
25395968
25396387
25396787
25399905
25401919
25402469
25402482
25405987
25406567
25408714
25412059
25413961
25414899
25415292
25415617
25416154
25416187
25416319
25416765
25417144
25417727
25417951
25418138
25418165
25419268
25419573
25419770
25420081
25420269
25420362
25420737
25421567
25422068
25422210
25422505
25422758
25422816
25422931
25423069
25423539
25423585
25423606
25423900
25424271
25424464
25424695
25425096
25425661
25425752
25425926
25425986
25426309
25427427
25427885
25427908
25427951
25427955
25428445
25428500
25428532
25428651
25428953
25428995
25429187
25429719
25429839
25430438
25430442
25430569
25430614
25430625
25430655
25430958
25431146
25431173
25431316
25431593
25431622
25431720
25431847
25431987
25432366
25433246
25433289
25433360
25433483
25433530
25433599
25433865
25434169
25434903
25435100
25435634
25435751
25435761
25436090
25436268
25436318
25436850
25436927
25437235
25437464
25437569
25437640
25437693
25437770
25437801
25437828
25438067
25438215
25438219
25438910
25439027
25439478
25439662
25439909
25440342
25440551
25441151
25441331
25441360
25441496
25441848
25441928
25442150
25442914
25442940
25443002
25443121
25443243
25443749
25444219
25444296
25444841
25445006
25445653
25446663
25446971
25447341
25447682
25447733
25447984
25448515
25448984
25449353
25449810
25450611
25451404
25451860
25452011
25452245
25452802
25453596
25453676
25453901
25453907
25454085
25454679
25454999
25455124
25455947
25456310
25456677
25456686
25456726
25456900
25457278
25458054
25458232
25458271
25458332
25459201
25459265
25459742
25459757
25459832
25468525
25476603
25481737
25484137
25630322
25654763
25654916
25655555
25655999
25656111
25656401
25656705
25656916
25657354
25657695
25657814
25658398
25658430
25659368
25659608
25659612
25659725
25660008
25660830
25660875
25660945
25661787
25663266
25665596
25666537
25666686
25667963
25668115
25668186
25668370
25669247
25786712
25787083
25787857
25791463
25795156
25795160
25796713
25800208
25994966
26074978
26154013
26155461
26156728
26157106
26158009
26158530
26159435
26161735
26164300
26164698
26166399
26167016
26167046
26167119
26168288
26168934
26170479
26599595
26600016
26600677
26600713
26601078
26601117
26601943
26602008
26602570
26602731
26602910
26603468
26603947
26604453
26605638
26606468
26608475
26608509
26609049
26609331
26609992
26610060
26610297
26611471
26611679
26612181
26612208
26612404
26612415
26612654
26613382
26613607
26614201
26614680
27010676
27011760
27012952
27012999
27014096
27014939
27015568
27015903
27016152
27016220
27016483
27016710
27016790
27017021
27017598
27017642
27019394
27019536
27019655
27020102
27020249
27020973
27021239
27021263
27021532
27022093
27022111
27022396
27022421
27022662
27022988
27023210
27023283
27023303
27023470
27023525
27023864
27024934
27025268
27025322
27026133
27026349
27026370
27026401
27026541
27026727
27027025
27027809
27027842
27027895
27027980
27027996
27028706
27028818
27277930
27280256
27284774
27284886
27285387
27288755
27290651
27292245
27332540
27332992
27333033
27333483
27333893
27334519
27335896
27336149
27336435
27339122
27340044
27340053
27346927
27346936
27348828
27354626
27354846
27391142
27391649
27392987
27394009
27394020
27394130
27394282
27394309
27395211
27395240
27395686
27396022
27396069
27397223
27397277
27397385
27397519
27397603
27397889
27398192
27398911
27399234
27399346
27399409
27399412
27399467
27399603
27399926
27401242
27401772
27402158
27402560
27403479
27404296
27404389
27405136
27406741
27406906
27407565
27407575
27407594
27407645
27408138
27483987
27486679
27490787
27537102
27538543
27539456
27539861
27540869
27541447
27542468
27542604
27542805
27543803
27546327
27547622
27549213
27550170
27550656
27550907
27553202
27553456
27553909
27554712
27558629
27559717
27559893
27559970
27560021
27561100
27561324
27561332
27561348
27562105
27562336
27562571
27563338
27563353
27563534
27563824
27563830
27564408
27565023
27565114
27565184
27565263
27565860
27566047
27566364
27566921
27567004
27567166
27568027
27568132
27568572
27568720
27568949
27569158
27569196
27569289
27569374
27569577
27569756
27569773
27569916
27569997
27570076
27570743
27571370
27571553
27571871
27572044
27572547
27572897
27573097
27573183
27573407
27573514
27573948
27575241
27575401
27575500
27575640
27575913
27576178
27576220
27576269
27576330
27576368
27576937
27576960
27577014
27577026
27769712
27770212
27770288
27770304
27770318
27771105
27771286
27771735
27771786
27771943
27772018
27772379
27772512
27772924
27773043
27773096
27773160
27773183
27773230
27773254
27773424
27773655
27773788
27774672
27774732
27774753
27776175
27776738
27777439
27777622
27777794
27777835
27778051
27778321
27778384
27778566
27778925
27779261
27779503
27779533
27779923
27780146
27780150
27780734
27781242
27781373
27781629
27781983
27782003
27782059
27782098
27782346
27782433
27782446
27782500
27782523
27782685
27783067
27783078
27783110
27783178
27783191
27783259
27783411
27783772
27783796
27783907
27784527
27784606
27784706
27784727
27784875
27785004
27785360
27785957
27786028
27786248
27786299
27786378
27913822
27913948
27914293
27915312
27916032
27917147
27921347
28132741
28133816
28133862
28134057
28134113
28134444
28134477
28134883
28135979
28136081
28136708
28137012
28137422
28138134
28138299
28138994
28139352
28139390
28139431
28139623
28140147
28140826
28140946
28141489
28141639
28141764
28141849
28142281
28142798
28142829
28143330
28144196
28144267
28145120
28146140
28146269
28146501
28146502
28146862
28147767
28147993
28148846
28148984
28149373
28149589
28173382
28186033
28186293
28187241
28193221
28397384
28397926
28398394
28398922
28399153
28399631
28399860
28400106
28400508
28401415
28401776
28402280
28402809
28403036
28403282
28403535
28404131
28404161
28404804
28405180
28405198
28405774
28405888
28406134
28406358
28406536
28407422
28407438
28407590
28407662
28407672
28407865
28408957
28409429
28409445
28409745
28410432
28410662
28410856
28411454
28411488
28411825
28412060
28412695
28412709
28412892
28413113
28415151
28415266
28415284
28416285
28416606
28417346
28417402
28440197
28440404
28443761
28447587
28448218
28448271
28448598
28448917
28449117
28449294
28449563
28449937
28453431
28453570
28454647
28455346
28456208
28648499
28649039
28649345
28649447
28649686
28649885
28649895
28650289
28652070
28652471
28652731
28652935
28652972
28653308
28653919
28653992
28654141
28655266
28655350
28655480
28655507
28655695
28655776
28655873
28656277
28657432
28657465
28657831
28658256
28658301
28658837
28658961
28659594
28659769
28659840
28659960
28660185
28660225
28660491
28660553
28660953
28661203
28661409
28661868
28662368
28662746
28662998
28663029
28663256
28663398
28664186
28664580
28664957
28665228
28665446
28666051
28666342
28667333
28667623
28667849
28668301
28668952
28675383
28678228
28678757
28680883
28683305
28705177
28705434
28708258
28708448
28708917
28711054
28712625
28714224
28714261
28714481
28715425
28716067
28718351
28718563
28718975
28722536
28725705
28761316
28762093
28762284
28762982
28763062
28763185
28763323
28764081
28764408
28764722
28764850
28764996
28765703
28766674
28766822
28766979
28767077
28767161
28767653
28768272
28768806
28768875
28768886
28769138
28769261
28769669
28769720
28769864
28770409
28770495
28771051
28771085
28771169
28771599
28772235
28772517
28772654
28772761
28773350
28773393
28773406
28773410
28773654
28774259
28774673
28774693
28774771
28775129
28775988
28776649
28776696
28777396
28777908
28778406
28778625
28778696
28778865
28778915
28778960
28779572
28779814
28780047
28780106
28780328
28780452
28780538
28780911
28781148
28782133
28864768
28864795
28865275
28865549
28866692
28867370
28867536
28868849
28868973
28869157
28869201
28869585
28869930
28870468
28870755
28870864
28871100
28871162
28871619
28872023
28872139
28872207
28872723
28872806
28873172
28874381
28874664
28874781
28875040
28875162
28875963
28875984
28876076
28876404
28876670
28876718
28876849
28876956
28877116
28877532
28877719
28877885
28877962
28878505
28878689
28878991
28879140
28921228
28921501
28928649
28930149
28932462
28932517
28935821
28935884
28937640
29113377
29116337
29116367
29116786
29117139
29117387
29117495
29117963
29118190
29119891
29120051
29120168
29120845
29122017
29126118
29126139
29127652
29128397
29128644
29183250
29184009
29184898
29185886
29186597
29187122
29188487
29191764
29193873
29194763
29195379
29195828
29196001
29197103
29198389
29199207
29199620
29200341
29200406
29202079
29202725
29202735
29233593
29234075
29235677
29236226
29237631
29238953
29239399
29243579
29243883
29391646
29392393
29392403
29392516
29392752
29392929
29393199
29393201
29393239
29396829
29396928
29397930
29397974
29398042
29398171
29398399
29398602
29398812
29398855
29400035
29400199
29400368
29400728
29400876
29401851
29402069
29402086
29403358
29403401
29403723
29403915
29404412
29404584
29405421
29405823
29406170
29406721
29407385
29437881
29439449
29441953
29442836
29443817
29445493
29446376
29448244
29452016
29453049
29453697
29453927
29454912
29456962
29457336
29458057
29458751
29553447
29554293
29555925
29557333
29559369
29560644
29561613
29562618
29563618
29563702
29564738
29565451
29566908
29566922
29567646
29568621
29569638
29569807
29569940
29583761
29590231
29657218
29657874
29659862
29659908
29662525
29662810
29662997
29663603
29663676
29664441
29665048
29670079
29670830
29671287
29671315
29671899
29672712
29673814
29674236
29674836
29676030
29676696
29676714
29676729
29676943
29677331
29678090
29678350
29678620
29678698
29678995
29679411
29679506
29679653
29680043
29680059
29680090
29680686
29680820
29680962
29681052
29681153
29681227
29681638
29681740
29682424
29683209
29752769
29754720
29755528
29755580
29755977
29757588
29757979
29758611
29760771
29760853
29761220
29763380
29763715
29763875
29764383
29764661
29764718
29765597
29765622
29766232
29767483
29767858
29769205
29769788
29770302
29771024
29771329
29771445
29771628
29772426
29772528
29773155
29773364
29774485
29774899
29775581
29775820
29777418
29777931
29778322
29778445
29779663
29780323
29780569
29782046
29782555
29782675
29783260
29783357
29785061
29786353
29786375
29786402
29786913
29787210
29787262
29788371
29788549
29789450
29789744
29790317
29790397
29790407
29790726
29791281
29791561
29791664
29791688
29977842
29979218
29980087
29980185
29980429
29980757
29981790
29981848
29982117
29983596
29984073
29984786
29985767
29988495
29988581
29988876
29991652
29992866
30108569
30108570
30108997
30109363
30109615
30109921
30110095
30110637
30110865
30111102
30111195
30111262
30112350
30112626
30112937
30113585
30113637
30113681
30113985
30114118
30114577
30115786
30115938
30115976
30116288
30117190
30117390
30117548
30117787
30118174
30118296
30118898
30119351
30119948
30120036
30120313
30120450
30120571
30120917
30120945
30121733
30121766
30121912
30122105
30122292
30122515
30183132
30183541
30183633
30183943
30184179
30184637
30185675
30185783
30186026
30186273
30186734
30186804
30186972
30187560
30188106
30188360
30188598
30188840
30189000
30189193
30189364
30189459
30189618
30190074
30190418
30190538
30190675
30190698
30190982
30191403
30191697
30191865
30191955
30191974
30192019
30192037
30192075
30192497
30193040
30193086
30193258
30193579
30193882
30194016
30194455
30194505
30194950
30194989
30195117
30195748
30195808
30196009
30196056
30196064
30196356
30196516
30196573
30196890
30197398
30197486
30197548
30198725
30289650
