115
565
775
1752
2315
2709
3281
3755
4953
5639
8493
9690
10459
10611
12649
14220
14816
17121
17944
18127
22255
23166
23875
24251
25025
27319
27537
29393
29886
30344
33874
34499
35159
35602
36456
36462
36503
36971
37137
38026
38591
39845
40967
41706
42653
43284
43667
44870
47114
47920
48413
50298
50791
51587
51870
52725
54029
54818
54862
54971
58216
58693
61323
61336
62185
62573
63583
64948
66848
67903
68236
68242
69463
70116
71153
71613
71966
72424
74422
74486
75834
76477
77572
77772
78483
79226
79444
82875
83552
84006
86389
90106
92064
92634
94108
94921
95446
97601
97697
98690
99204
102537
102799
104940
108093
109325
109950
112675
113343
113551
113615
114525
115064
115723
120879
124390
127362
129069
132308
132787
133791
134766
134839
135187
135611
136367
136659
136758
139567
139679
142279
143415
144557
146538
147729
149051
149668
150673
152068
153243
154327
154330
157852
157917
159402
160244
160635
161006
163897
163947
164491
164577
164668
165215
165680
166168
166619
167015
168545
168790
168970
169509
171766
172410
172947
174342
174827
175527
180275
182225
182941
185115
185391
186511
187316
189497
189764
191035
191259
194346
196104
196310
196967
197984
198118
200060
200332
201432
202803
203307
203502
203818
205172
205898
210167
210250
214383
217289
219860
220454
222194
225279
227975
229075
230361
230882
231433
232512
233484
235324
236944
237139
239133
239912
241084
242051
244692
245179
245205
249232
250237
251121
251770
251813
252524
253841
254447
255937
256258
257483
258862
260492
261803
265186
265223
266772
267397
268041
268829
269256
269335
270953
271088
271290
271353
271859
272458
273447
275086
275586
276621
279717
281221
281232
281344
282695
283473
284936
286523
286900
288888
288990
291491
292690
293327
294226
295350
295643
295738
297064
297571
300413
301199
303441
305436
305756
306442
306470
306682
309282
309364
310868
310911
311756
311957
312364
314423
314499
314776
315550
317403
317548
318050
319708
320826
321955
322002
322511
322705
322774
324120
324381
325673
326422
327449
327706
327823
328745
330005
331279
332763
333866
334138
334497
335401
336754
336970
338964
339013
340275
340692
342009
344548
344909
348124
349000
349020
350961
351405
352232
352550
352903
353459
354140
354602
355402
356449
357188
358460
358732
358957
359457
360102
360200
360359
360997
361006
361579
361953
362862
363292
363733
364938
365327
366582
368952
370359
370729
371006
371234
371758
372303
374266
375002
376394
379171
379454
379558
381109
381582
381733
381830
383189
384398
384825
386847
388757
389295
389304
390889
391836
391882
392742
393357
393686
394407
395554
396221
397146
398094
398527
399370
399590
400062
404431
404906
405597
406618
406715
412898
415126
415210
418056
418058
418450
419205
419472
420194
421536
422264
422280
422456
422588
423684
424766
424828
426371
427263
428079
429709
430010
430157
432315
433707
434880
435782
436291
436793
438197
438733
439270
441430
442117
442118
442488
442580
443677
444300
444812
446533
447901
450639
452761
452810
453403
453772
456264
456878
458000
458178
461089
461672
462305
462556
464853
464889
465594
466092
466433
468366
469909
472345
474378
474826
475641
479033
479099
479238
479573
480253
480684
484706
484735
485615
485837
486481
486757
487370
490397
490489
491265
493993
495378
497026
497563
497569
497780
497845
500442
502527
503491
507676
512884
514379
514816
515241
515509
515719
515969
516566
517018
518130
520276
523165
526287
526531
527065
528180
528406
530310
531273
532409
532661
533023
533315
534335
534495
536753
538123
538181
538859
539541
541159
542635
543722
545160
546043
547082
548163
551337
551353
551941
552906
553382
556322
556476
557627
558433
560918
561653
564214
564415
566049
569644
572013
572047
573350
576616
577095
577127
578601
581342
582783
586654
587229
588834
589042
589616
590496
590829
591542
591650
592038
592561
592981
593202
593647
594578
594990
595495
595717
599970
604233
604507
604932
610928
613705
615976
617597
618429
618794
619838
621951
624444
625664
625697
625893
626806
627639
629838
632694
633031
634492
634750
635727
636105
638573
638670
638817
638819
639055
639888
639922
639952
640725
642735
644276
645999
646618
647271
649165
649487
650758
651643
653910
654635
655114
655774
656008
656375
657185
658735
660889
661790
661877
662284
662692
663206
664880
665733
666178
666544
666658
667588
668776
669012
669485
669691
670917
672696
673659
674181
674246
674789
675411
676265
678351
678769
679981
680107
680148
680891
681570
682997
683513
684566
685499
685567
686178
686315
686358
686694
687731
690396
690495
690907
691021
692115
692117
692916
694154
695536
697939
699446
701505
702843
703693
703751
703760
705650
705843
706995
707622
707838
708909
709877
712561
713781
715681
717953
718150
718202
719031
719891
720499
720847
722774
723980
724070
724199
724536
725569
727057
727859
728089
728988
729839
730512
731200
733051
733457
733633
735980
738942
739168
740235
740313
740577
743395
743858
744026
744723
746808
747660
747896
748909
749834
750639
750740
750950
751796
752567
753114
753656
755484
757653
757862
758238
758753
759242
760073
760893
762897
764361
765064
765527
766070
766143
766920
767063
768503
769176
769755
769976
771638
774943
775646
776217
779016
779310
779689
781253
783565
783578
786439
786800
787832
788469
788572
789696
791869
793986
795384
795929
796020
797243
797930
800119
800349
800725
800758
801362
801681
802824
803441
803684
803766
804349
805935
806004
807770
808517
808564
809274
809572
812033
812348
813939
814797
815409
815559
815605
817072
817087
817830
817938
818343
820065
821265
823176
823397
823700
823738
824527
829422
829502
830170
830690
831169
831456
831943
832435
832778
833338
833931
835497
836172
838937
839489
839573
841628
842207
842262
842891
843294
844864
844940
845281
848184
850399
850960
851086
851690
853315
854087
856077
857100
857463
858604
858919
859882
859965
860030
861052
861232
861520
861575
861654
863714
865279
865475
865751
865840
866337
866639
867291
867634
867775
868166
868518
868691
870103
870958
871114
871424
871691
872038
872874
873546
874084
875211
877244
877582
877836
879252
880113
880943
882032
883176
884149
885649
885731
886086
887162
887617
888245
888450
889146
892776
892820
894778
894949
896409
896661
897047
899698
900167
901388
901410
902344
902629
903796
905571
905953
907846
908608
909116
909471
909612
909663
909897
910239
912689
915856
916279
916849
917530
918386
919007
919861
920259
920818
921037
921236
923202
924541
926439
928219
928591
929212
929647
931544
931960
933195
935732
935786
936649
937260
941422
942032
944065
945805
948022
948383
949673
950034
952159
952971
953056
953562
956455
957354
957685
958384
958463
959372
960546
960898
963297
964397
967134
967972
968753
969205
970435
970656
974371
975898
976420
977704
978379
981038
981459
982081
982369
984258
988576
989428
989795
991714
993123
993166
994375
994983
995007
996456
997825
997964
998075
999431
