3821
7334
13970
14140
17010
19570
19919
22299
23055
24832
26433
27551
31060
32888
35693
38313
45605
50314
53712
59108
70381
75763
76169
79806
79952
80497
81952
82940
90166
94222
104479
105940
109179
110020
110926
118625
121808
124209
124789
131895
137172
138125
145991
147540
147615
152989
160995
162346
166814
176550
178296
183431
190636
191000
192090
192656
193013
193030
197756
199039
199138
201021
203243
215975
219048
220163
225398
228874
234734
236632
239852
240129
240378
242774
243275
245274
249272
250115
254702
254795
255756
259336
263399
265546
266042
267690
270628
274173
275254
276359
277174
280240
288995
289305
295372
301234
301438
303057
320735
322987
325455
333032
333074
334650
335553
335683
344241
346357
354430
359753
362605
368447
368769
368950
370277
373500
373646
374781
377856
381485
381647
383001
385013
400522
401061
407626
435104
435554
435637
438447
439181
439728
445056
446262
448698
452665
452887
453351
454148
459317
461535
463344
466403
472878
473370
473558
479139
479551
479610
479639
479864
480928
481802
481865
482384
484746
485231
487413
488661
490089
493615
496769
499252
507639
509746
509973
510771
511032
513183
513956
514685
518100
521074
524088
525231
525258
527716
528214
528321
529427
534058
534379
545314
546196
546716
547791
550478
563606
565397
568664
578979
580426
582143
585271
589406
590135
595521
601755
606062
608618
609337
619415
624563
634544
634558
640189
646231
651181
652304
655317
656059
656343
656910
657927
657928
667409
669740
676993
677494
677820
677952
684272
684553
684670
686382
688147
688857
693054
695451
703717
703895
704083
706332
708919
714929
715862
724223
724964
728260
728868
729394
730301
733815
736809
739648
739762
742105
750000
760153
760854
767547
773438
773987
775762
777781
785966
786564
794403
815797
823090
827392
828777
833058
837190
841305
844813
846926
850078
854450
854454
863362
864229
864401
869563
871059
871316
874338
876870
877762
883629
887945
893416
896510
900212
900903
903142
905095
906077
909778
915399
918916
928421
933158
940213
940571
949955
950114
962183
964280
967587
969353
970723
972510
976507
978971
987633
993235
1008443
1010044
1017195
1021699
1021712
1021837
1023575
1023852
1024553
1027981
1030876
1043435
1046916
1047955
1049826
1053089
1053296
1057786
1059313
1064511
1068487
1072352
1089448
1090006
1097235
1100097
1101326
1102776
1103501
1104303
1106702
1110439
1122678
1132925
1135668
1143445
1144696
1144903
1147506
1151206
1152674
1153146
1153965
1157174
1158176
1158342
1158745
1162560
1165140
1174103
1174378
1175534
1177150
1177180
1181307
1182990
1192425
1197914
1201823
1202770
1204414
1207879
1208595
1209039
1213301
1216789
1218555
1223033
1224682
1230296
1238786
1240852
1252943
1254397
1257599
1257950
1258457
1262833
1263162
1263678
1265620
1270488
1276018
1279632
1281554
1284800
1291675
1294951
1297847
1301564
1306144
1308622
1308938
1311370
1313551
1314011
1314054
1316831
1331958
1334303
1339030
1339286
1341219
1347352
1351241
1351628
1352932
1355407
1356078
1356306
1359163
1362883
1365386
1366817
1368769
1369518
1370474
1371270
1377508
1384124
1384630
1388178
1389832
1394934
1397074
1398936
1399861
1402234
1405452
1406462
1407132
1408234
1411194
1417932
1419251
1420072
1421509
1424771
1425454
1426394
1426404
1426755
1427939
1435320
1440071
1442433
1443351
1453067
1453188
1454597
1456187
1461630
1465490
1466374
1466630
1468939
1470860
1477695
1478021
1479186
1480443
1484479
1490587
1492569
1495465
1496581
1500138
1505503
1510363
1511243
1522392
1524032
1525570
1527531
1527879
1528544
1531161
1533752
1533877
1539405
1541029
1541666
1542202
1545213
1547048
1547799
1552464
1553325
1553706
1554700
1556555
1557708
1557725
1557924
1558876
1561772
1566062
1567892
1570174
1570600
1575162
1576977
1587804
1588014
1588360
1600559
1609450
1609951
1610615
1610777
1613762
1615144
1616849
1619487
1619842
1623568
1624612
1625592
1631588
1632680
1638363
1639790
1647205
1648240
1649659
1656447
1658069
1658694
1659918
1663289
1667928
1668440
1676385
1677256
1678964
1680595
1681524
1681584
1689244
1692136
1692594
1697969
1699317
1701769
1703335
1705790
1706217
1716568
1722661
1726546
1731234
1741272
1745006
1745237
1746307
1755067
1758227
1758613
1760949
1763103
1770591
1777602
1781431
1783770
1797518
1800674
1805528
1807968
1811379
1813758
1820636
1826125
1828588
1830237
1837745
1839683
1840037
1841434
1842021
1842889
1843526
1851497
1855499
1858742
1859337
1861232
1861421
1862297
1863804
1865853
1867119
1870256
1884325
1886598
1886786
1888577
1893809
1894009
1896560
1897274
1901635
1903908
1908017
1909685
1910997
1911963
1912151
1913376
1915573
1916025
1916706
1918160
1924893
1932383
1932795
1940210
1941951
1945163
1946349
1949034
1950483
1957736
1964267
1967729
1974465
1981424
1984198
1987153
1988445
1995090
1996564
1999558
2003745
2006376
2006621
2008639
2011162
2011728
2011746
2013886
2014826
2021793
2028671
2031623
2032561
2039094
2039115
2039259
2042152
2044622
2047027
2047975
2050943
2055863
2055953
2057598
2061342
2068161
2069646
2070667
2072694
2076288
2078281
2079385
2080377
2084148
2084991
2086693
2097250
2100998
2101085
2105570
2107371
2109965
2110360
2114226
2117392
2120827
2126275
2131724
2131954
2134916
2141397
2144834
2145609
2147175
2151349
2154105
2155630
2155705
2161247
2161278
2168392
2170094
2170839
2173192
2175747
2176089
2181813
2183511
2190611
2190793
2191606
2191747
2201624
2203607
2206240
2207433
2213752
2217159
2218536
2220940
2222355
2223551
2230231
2233515
2233878
2236080
2236424
2238707
2243887
2253442
2272022
2272542
2274488
2283337
2284958
2287743
2288177
2291834
2297530
2301486
2301844
2302672
2306929
2307795
2313110
2313774
2315455
2316513
2319181
2319401
2327038
2327140
2333371
2337795
2338617
2338986
2358670
2360262
2362848
2363909
2365520
2365944
2371029
2371487
2371552
2374137
2376190
2381208
2386334
2394012
2395255
2401830
2405999
2409452
2414387
2417342
2418926
2423268
2426581
2448975
2449379
2454223
2462070
2466407
2470071
2472885
2475465
2479569
2481024
2481584
2481722
2488517
2501622
2503442
2508175
2510833
2518348
2521948
2534092
2537675
2539899
2540631
2542966
2553588
2554538
2560261
2564260
2564918
2566317
2566574
2570983
2584271
2589063
2594246
2600988
2604826
2607264
2607476
2612612
2615529
2616390
2623173
2626679
2634880
2638295
2638494
2643542
2644423
2645221
2651037
2651089
2660661
2663688
2668783
2680306
2690049
2695465
2700312
2701010
2701077
2702521
2704507
2708231
2708839
2712287
2716572
2722385
2724920
2726709
2727925
2729992
2730546
2734918
2740334
2742692
2746361
2768686
2768974
2770445
2773641
2775727
2778435
2779629
2791389
2793279
2793883
2800236
2804055
2806033
2806888
2809220
2816641
2822616
2827225
2827716
2840877
2842912
2843022
2848050
2848880
2851859
2853810
2860505
2861886
2864020
2864265
2866791
2868732
2869639
2871048
2874056
2874091
2875995
2877294
2878052
2878245
2883236
2885360
2885568
2885621
2886781
2888006
2889384
2890369
2892293
2895528
2917250
2918888
2923706
2926243
2934009
2935912
2937268
2937299
2937342
2939940
2944610
2945948
2947608
2952142
2952476
2960177
2961437
2963052
2964215
2968512
2969421
2973313
2974673
2977839
2983767
2986073
2991039
2997338
2999993
3000211
3000279
3003622
3005452
3008578
3010411
3012617
3018342
3034746
3038661
3038811
3039224
3041261
3042017
3042265
3043896
3045751
3050190
3050670
3063251
3064259
3064746
3067044
3069169
3069236
3076603
3080493
3089085
3091123
3092996
3094746
3101002
3101758
3104606
3106307
3111667
3117028
3118066
3122793
3128370
3129206
3131677
3132139
3135245
3135905
3136469
3137729
3139146
3153533
3154048
3178673
3179545
3201450
3202841
3204472
3205718
3207009
3207161
3209073
3211624
3213204
3215870
3220954
3226832
3229150
3230660
3231908
3235042
3236041
3239399
3240342
3242747
3246765
3247641
3248092
3248231
3257877
3262132
3264073
3265321
3272234
3273269
3276261
3277029
3278351
3278646
3279033
3279311
3280764
3281821
3282431
3290581
3292504
3293518
3294499
3296906
3300168
3309027
3310767
3312279
3319913
3336148
3336463
3344667
3345335
3346205
3348393
3351422
3351728
3352516
3360707
3365685
3366225
3369354
3370915
3381453
3385885
3386025
3396990
3397812
3398636
3407113
3408106
3408469
3410069
3413910
3414937
3419152
3424912
3424986
3431299
3440604
3443917
3447369
3447718
3447804
3448953
3460134
3465248
3468263
3468291
3468672
3472751
3477454
3479390
3488217
3491228
3497114
3497541
3499831
3504924
3508309
3510085
3510595
3513213
3513445
3523516
3523988
3526193
3526707
3528321
3536166
3536589
3537219
3537294
3541124
3542616
3544415
3544448
3552150
3555217
3557885
3568652
3571963
3583726
3600064
3603969
3607847
3609560
3612803
3612849
3613494
3616003
3620432
3624668
3627350
3628205
3639522
3640105
3640150
3642358
3645095
3646715
3655922
3660205
3664065
3674178
3676139
3678116
3679030
3680659
3680958
3683274
3687385
3689303
3690938
3693357
3693791
3698298
3698805
3699987
3701206
3702493
3704114
3708945
3710742
3717034
3718271
3718674
3720094
3724253
3740041
3743981
3743994
3744591
3746992
3747493
3750248
3752215
3756063
3764363
3770672
3770815
3773251
3783903
3785444
3786420
3786667
3788119
3789397
3791909
3804601
3814548
3816155
3817839
3821933
3821993
3823381
3823388
3824365
3826738
3834504
3838323
3839937
3842750
3855581
3859887
3862010
3863132
3865239
3865309
3866749
3872926
3876846
3876948
3877195
3877931
3880533
3883980
3886163
3886494
3891626
3892886
3893542
3894424
3899361
3903513
3915307
3919029
3919907
3921867
3921921
3930273
3937550
3937651
3938196
3943113
3945192
3945710
3946057
3952657
3956624
3957338
3959315
3961432
3967174
3968044
3978314
3980481
3981375
3982171
3983493
3983747
3992466
3996959
4005939
4006171
4008818
4010793
4017071
4017268
4021209
4030133
4032995
4035044
4037428
4044050
4044724
4048985
4066078
4069421
4069633
4070062
4072319
4076723
4076841
4077792
4084002
4085670
4086971
4087224
4092346
4093037
4095399
4095659
4100010
4102718
4107675
4107732
4108521
4109204
4112750
4115588
4115667
4121098
4122480
4124470
4126233
4133334
4137224
4142057
4142090
4145820
4148556
4152605
4153332
4154897
4157361
4158228
4161596
4166127
4178068
4179743
4185888
4186810
4187268
4187299
4189100
4190829
4191685
4191842
4191848
4205288
4207742
4213535
4214632
4216915
4218714
4226610
4233254
4239637
4240865
4245427
4248613
4254469
4256315
4258483
4262571
4265874
4268385
4281854
4283435
4285303
4286090
4286398
4292001
4300840
4301386
4302761
4303697
4304184
4305958
4309301
4311032
4323553
4323721
4325203
4325620
4330967
4331105
4333020
4337895
4338492
4342085
4342609
4350783
4351242
4356943
4359953
4360627
4363204
4363454
4363647
4364193
4366604
4368636
4371158
4377579
4383589
4384756
4386920
4388494
4392993
4401911
4414948
4419931
4425951
4426733
4429824
4431279
4434930
4435027
4451398
4454734
4456054
4472337
4481722
4481833
4482831
4485228
4486662
4487996
4494036
4494665
4497581
4498607
4498781
4511793
4514142
4518607
4523449
4537825
4538122
4540399
4541015
4542735
4545629
4547428
4553310
4556329
4556770
4562260
4562417
4563089
4569735
4570247
4571579
4573959
4576681
4576824
4577493
4585444
4586274
4587260
4587810
4589643
4592074
4599656
4607169
4608676
4611088
4624884
4625129
4625465
4632262
4632279
4632843
4636059
4636676
4637540
4639402
4640933
4644910
4649044
4650002
4651839
4652206
4653890
4655831
4658664
4659817
4661958
4668293
4683595
4694442
4700511
4703931
4705016
4713758
4714599
4723127
4730115
4736505
4737793
4740198
4742248
4752025
4755475
4756484
4757983
4758826
4760115
4761931
4763164
4766555
4766619
4772163
4773389
4776310
4778906
4780452
4780777
4780824
4782914
4783482
4783512
4786347
4800263
4801079
4806147
4807591
4810441
4813056
4814685
4819087
4821679
4824122
4825336
4829701
4830707
4832648
4833279
4833422
4834743
4834917
4835996
4837936
4838720
4843450
4845484
4849663
4858350
4859653
4860811
4862340
4862377
4864638
4869127
4869188
4870820
4871224
4872707
4876444
4877374
4878338
4878924
4882523
4883287
4884946
4889179
4890839
4894618
4899625
4901111
4904651
4907394
4915868
4917281
4922776
4923954
4924640
4928220
4932385
4933550
4934591
4945737
4950324
4951308
4953765
4956632
4960216
4962409
4966410
4968430
4970338
4974024
4974066
4975979
4976525
4977103
4979532
4985102
4997018
4997238
4999814
5001750
5003004
5011262
5015844
5016648
5018467
5021543
5022511
5023772
5023850
5024445
5025558
5031387
5048875
5054023
5059157
5070242
5071628
5075067
5077283
5079391
5081818
5083364
5096659
5096751
5098075
5104957
5108129
5108639
5109195
5109198
5111022
5111179
5115207
5116778
5121934
5128139
5128459
5130543
5131724
5137168
5143991
5149087
5150408
5153239
5154894
5168841
5171803
5175377
5175760
5176328
5179093
5184028
5188131
5196027
5196675
5199639
5208122
5208590
5219384
5222088
5222523
5224497
5224678
5225971
5229606
5232325
5232455
5232953
5243166
5253221
5255888
5257018
5259112
5265736
5273858
5278236
5279777
5284971
5292014
5294348
5300182
5303109
5309365
5314685
5316673
5323392
5325260
5326952
5328959
5336800
5344667
5349408
5357884
5358447
5358995
5361704
5362011
5364153
5374562
5378477
5384781
5387907
5388559
5388703
5391427
5395992
5396682
5401292
5414816
5417519
5418055
5418894
5423714
5434502
5435912
5438073
5447065
5451340
5454661
5464901
5465944
5466122
5467610
5469705
5472825
5473177
5473350
5473640
5473764
5475047
5482647
5482653
5484718
5493405
5507176
5514006
5514630
5516014
5518086
5522027
5522237
5523198
5523308
5524651
5525545
5526295
5526691
5527745
5529169
5540031
5544658
5545161
5545937
5564516
5567915
5577520
5579768
5580419
5581747
5584672
5585903
5592399
5593044
5600992
5607716
5608129
5609535
5610261
5616743
5618756
5619663
5622838
5623582
5625559
5627976
5633045
5633690
5634825
5634951
5636296
5648707
5649560
5651684
5651975
5652772
5655899
5657106
5658220
5659790
5661433
5664581
5668827
5677416
5677868
5682463
5684034
5686307
5687937
5689997
5694437
5697327
5698380
5700321
5701993
5706616
5707914
5710696
5714779
5715580
5717242
5718852
5719227
5720310
5720729
5725562
5728573
5730689
5733360
5736079
5739242
5740225
5744653
5745795
5752228
5753214
5755090
5767246
5768640
5770747
5777899
5778237
5780331
5782280
5789392
5793223
5793517
5793815
5794494
5800730
5801195
5803864
5804685
5806559
5806703
5808885
5813169
5813284
5814215
5817743
5824377
5826755
5833171
5842202
5853920
5854457
5854860
5855716
5858722
5862612
5864116
5864141
5869121
5872340
5875373
5877686
5879054
5881168
5882082
5882378
5883487
5883642
5883844
5885166
5886415
5889025
5900657
5901737
5906092
5908586
5909683
5910317
5913132
5915674
5917233
5923875
5933615
5935209
5944690
5948363
5950704
5951082
5951956
5953714
5955408
5959356
5959393
5964977
5965885
5967373
5979181
5979307
5981896
5982287
5982665
5989234
5997942
5999633
6000458
6001224
6006010
6007235
6012713
6016795
6018092
6020579
6021912
6025430
6027441
6027708
6028654
6032232
6033728
6034905
6035456
6036655
6042068
6047133
6048456
6049610
6059194
6061084
6063839
6065852
6067054
6068752
6070303
6070745
6071175
6072494
6074585
6076379
6078154
6086678
6089177
6092623
6093897
6094150
6094443
6101063
6104547
6104748
6107788
6118054
6123496
6130543
6131986
6133294
6135042
6139123
6142877
6143119
6148199
6149147
6149846
6150922
6151468
6151690
6153251
6156428
6158056
6159106
6159536
6160394
6162766
6163244
6166041
6167301
6168182
6169493
6170983
6172088
6175158
6179633
6179733
6181083
6188927
6198287
6198636
6199313
6209229
6212567
6215449
6218503
6218570
6219998
6221874
6222977
6223721
6229096
6230359
6232390
6233184
6236455
6241260
6243219
6248363
6250197
6254230
6254734
6260440
6263028
6268503
6269103
6269237
6269946
6271650
6272685
6273416
6274442
6278062
6281730
6284135
6288925
6292932
6294417
6298499
6298639
6301401
6301794
6302246
6307205
6307529
6309360
6311009
6312245
6316888
6322526
6323667
6325163
6326793
6328715
6329584
6330554
6331743
6335438
6340958
6343189
6353590
6353647
6353868
6355218
6367430
6367588
6368887
6369083
6372818
6375923
6376681
6378276
6378974
6381374
6384569
6393670
6401552
6411049
6411396
6412991
6416278
6419137
6419311
6421092
6421667
6421852
6424139
6430114
6438337
6442352
6449588
6450538
6450895
6456020
6457437
6457621
6467159
6467230
6468601
6470496
6473285
6475127
6476226
6480780
6485298
6489075
6489471
6491170
6493252
6494254
6495280
6499262
6501277
6502131
6502362
6504026
6508547
6510232
6512556
6518098
6520446
6521716
6523758
6524222
6524459
6525848
6527408
6533810
6541834
6542716
6546044
6548267
6554466
6554683
6565950
6569228
6569908
6576052
6581150
6582639
6584234
6585171
6585666
6586169
6587596
6588525
6589874
6590924
6593652
6597083
6598583
6600523
6600863
6603499
6609935
6611559
6614670
6616362
6619019
6621251
6622986
6625614
6632285
6634360
6634394
6635014
6636372
6642575
6643231
6645194
6647463
6648419
6649486
6652553
6656130
6660331
6661354
6662286
6662398
6664748
6667213
6667629
6676284
6678890
6684291
6685875
6696155
6698263
6698864
6702226
6706091
6706178
6706389
6713771
6718021
6718062
6722191
6722282
6726361
6730079
6730323
6733353
6734601
6741989
6743104
6743290
6748123
6754384
6757981
6759718
6760796
6765725
6773519
6775631
6780819
6789657
6790250
6790557
6790618
6791518
6793895
6796136
6798062
6798861
6798915
6799801
6802494
6804670
6806471
6810605
6817717
6820127
6821953
6823515
6826586
6827044
6829552
6831511
6832887
6845210
6846190
6848814
6854126
6858102
6858965
6859138
6861515
6862584
6862990
6865272
6874295
6877523
6879129
6879537
6880318
6880404
6890695
6892432
6895471
6897136
6903472
6905126
6905571
6914949
6918565
6918726
6919274
6919869
6922523
6926978
6927330
6927458
6933610
6939928
6940786
6945682
6946306
6948101
6948217
6950493
6950721
6952730
6957896
6959662
6960672
6964707
6967550
6969458
6970352
6971852
6975178
6984128
6986017
6986099
6988715
6992001
6992286
6999062
7007719
7009186
7013528
7015872
7027426
7033032
7036309
7036513
7042647
7044447
7047237
7052626
7056486
7061536
7065644
7068944
7070347
7076408
7078235
7087666
7087772
7089304
7092616
7098979
7100829
7106632
7108020
7109275
7114564
7118090
7127117
7132275
7137516
7139560
7141929
7145830
7146872
7147020
7148183
7149996
7150765
7152734
7153284
7156073
7160205
7162188
7162485
7165271
7170518
7186925
7193764
7195494
7200866
7201726
7202343
7204491
7206513
7206749
7208578
7208623
7212328
7214386
7215953
7221651
7224113
7225886
7236966
7237085
7241732
7249793
7258442
7261732
7261982
7264067
7265348
7270536
7274723
7276590
7277471
7279592
7282874
7283412
7283634
7288744
7294343
7295553
7296801
7299452
7303038
7303921
7308611
7310659
7311175
7327792
7330846
7333219
7337310
7340427
7341970
7349327
7352072
7353434
7364405
7366796
7372043
7374929
7378601
7382349
7385881
7386204
7387507
7388983
7393032
7393768
7398891
7399660
7408155
7410588
7414521
7417274
7418129
7420149
7424134
7424766
7429182
7429277
7431333
7436889
7440210
7442411
7445084
7445174
7445484
7446202
7451591
7453089
7459340
7460410
7473004
7478071
7482161
7485693
7488460
7489188
7489489
7490940
7495813
7498855
7499957
7501918
7504167
7510319
7513287
7516207
7523105
7525630
7526242
7531062
7532130
7536290
7536938
7537057
7544433
7546522
7547189
7548247
7548436
7549008
7550969
7552708
7553201
7554260
7554365
7554789
7561782
7562013
7566149
7567636
7577617
7578555
7581252
7584016
7591656
7592724
7594572
7595856
7601475
7602303
7603964
7604453
7609360
7609928
7610235
7611084
7611184
7614213
7615395
7616845
7617342
7624866
7626853
7627126
7627487
7627911
7629021
7631515
7642030
7648920
7651132
7654957
7660224
7661628
7661954
7663065
7663870
7665145
7674991
7688485
7693486
7694066
7694966
7697967
7700741
7708101
7708764
7711736
7712249
7713234
7713784
7714293
7714860
7716836
7717343
7723447
7723882
7726464
7731737
7731997
7733361
7743616
7747054
7753420
7755713
7757234
7758591
7770159
7770527
7773815
7776968
7781997
7782371
7784605
7784824
7786095
7788418
7789931
7794413
7794903
7796585
7798312
7803024
7804391
7811685
7814605
7815595
7817743
7821555
7821879
7822012
7822063
7828484
7830021
7834282
7839497
7843499
7845489
7846822
7847689
7847835
7852629
7859958
7860236
7865065
7869991
7886460
7888665
7890043
7890116
7896557
7900070
7919490
7920859
7922427
7923139
7924933
7925164
7925835
7927178
7929848
7934355
7937969
7938592
7938641
7939011
7951243
7951509
7953472
7954551
7954995
7959792
7960301
7961396
7963008
7964901
7968784
7972994
7979857
7981229
7986996
7987899
7988867
7988994
8003122
8015681
8016803
8021069
8032387
8034795
8040496
8049848
8053921
8054396
8054560
8054977
8055669
8058290
8059060
8060067
8062572
8064667
8065543
8065709
8072192
8072820
8072893
8073464
8078834
8081060
8082238
8082468
8082815
8083769
8085040
8085752
8086234
8087311
8090611
8093155
8096660
8097062
8098659
8100324
8103712
8105532
8111272
8111385
8113612
8117758
8120472
8122352
8129212
8132547
8133605
8134591
8134669
8137442
8140532
8142910
8143225
8144126
8144270
8153908
8157497
8160523
8162126
8162382
8163171
8163192
8175043
8175924
8184278
8186821
8186888
8190437
8190917
8193556
8198358
8204912
8208984
8213529
8215080
8227358
8229230
8234351
8240408
8240711
8242701
8245719
8245848
8251022
8252482
8255319
8263108
8266021
8266059
8276131
8276750
8279266
8281771
8285757
8293754
8293932
8294456
8297778
8300174
8302208
8302931
8306198
8306528
8308661
8311183
8311443
8313475
8314987
8317453
8321800
8322918
8329552
8329959
8332269
8344583
8350073
8350240
8352434
8354428
8356147
8359616
8361631
8365720
8372967
8373573
8374224
8374916
8381758
8382515
8384390
8385598
8394200
8396078
8398302
8398317
8402847
8404941
8405001
8405665
8410004
8417016
8417360
8418005
8421956
8422459
8423961
8428609
8430231
8431026
8431253
8432236
8437497
8439180
8442977
8443430
8443479
8444253
8444710
8445556
8446400
8447098
8454584
8454970
8455496
8457201
8460263
8473197
8475430
8477747
8479089
8481191
8486897
8495997
8496366
8496385
8496620
8504582
8504819
8511516
8516660
8517885
8518762
8521072
8528425
8529386
8533301
8536904
8539283
8539490
8539590
8542633
8550868
8560892
8564598
8565694
8568910
8574277
8580644
8580872
8583039
8585062
8586063
8586100
8590626
8594289
8606666
8608027
8609090
8611072
8613139
8614171
8615600
8622238
8623270
8624032
8624372
8625337
8629372
8638177
8638286
8641319
8643320
8646593
8653997
8654787
8657099
8657556
8661617
8667279
8668385
8676618
8684554
8684982
8689080
8691597
8694259
8697317
8697667
8703894
8705699
8710325
8713506
8713766
8715282
8719302
8720503
8720786
8723678
8725662
8727732
8728492
8739509
8740731
8741257
8742352
8742780
8744939
8745424
8746097
8747787
8747900
8750344
8755412
8755902
8758896
8763393
8766167
8767772
8769568
8786117
8793448
8794084
8799525
8803632
8807097
8814965
8821508
8823446
8824051
8826010
8827674
8830223
8831414
8831469
8832697
8832713
8834542
8835029
8835860
8836441
8836556
8837960
8839157
8849058
8849091
8850878
8853074
8858855
8864917
8865180
8868452
8870288
8870482
8871732
8872910
8873050
8876253
8876851
8878074
8880835
8882885
8885811
8887226
8891376
8893238
8895613
8895678
8895762
8896240
8897464
8903058
8906012
8907128
8908079
8911285
8913154
8916176
8919205
8919976
8920662
8921316
8921340
8926002
8926823
8930319
8931604
8932910
8937903
8941677
8941898
8941972
8953054
8959159
8959493
8964786
8965065
8967570
8968925
8968980
8969791
8973355
8974786
8974932
8975860
8980339
8986261
8986783
8988019
8990042
8993080
8995081
8998835
9001927
9001950
9003559
9004700
9007172
9009766
9010017
9010257
9011855
9012643
9023208
9025403
9026183
9026507
9031930
9034508
9037055
9038417
9045033
9046176
9046492
9049232
9051506
9055213
9055775
9056676
9058881
9060743
9062051
9064749
9067796
9073788
9075415
9076272
9077255
9082280
9082785
9085498
9086432
9093716
9095067
9095409
9096726
9097170
9097690
9103278
9103530
9107722
9108937
9114192
9114787
9116466
9117220
9121409
9122834
9129590
9130522
9130577
9136647
9137265
9145105
9147959
9151031
9159038
9164122
9165524
9167467
9168676
9172780
9179703
9180336
9183827
9188573
9196140
9198020
9198541
9199025
9200147
9201291
9205821
9212702
9216266
9216655
9219685
9220302
9220940
9224399
9225590
9226379
9232193
9232959
9233408
9233724
9234100
9240276
9241152
9244158
9248905
9250020
9259173
9260990
9261135
9262895
9271325
9272556
9272767
9282581
9305586
9306701
9307735
9309122
9310406
9311127
9312783
9319606
9323839
9323853
9328264
9329514
9330077
9331695
9338612
9339800
9343494
9346304
9349007
9352157
9353017
9353501
9358659
9358978
9366375
9372930
9377902
9381224
9383273
9384742
9385895
9395849
9396939
9398663
9404603
9406674
9408762
9408924
9415288
9418461
9422482
9426967
9430431
9431963
9432895
9434918
9435209
9438859
9450402
9450970
9451052
9461133
9474906
9480838
9483249
9484122
9485031
9486520
9488263
9493055
9494380
9497796
9499033
9501775
9504849
9507712
9508391
9508504
9511499
9511842
9512095
9516618
9517838
9521849
9524091
9528096
9530489
9530629
9530978
9531396
9531585
9531893
9532259
9533089
9535515
9537814
9541174
9545753
9546438
9549273
9552963
9557613
9558815
9559753
9560634
9569164
9574099
9574885
9582833
9587674
9594532
9595973
9599461
9602358
9612326
9617330
9626178
9626494
9627107
9627365
9628537
9628568
9629596
9631240
9636267
9642473
9652780
9660437
9665029
9669523
9673822
9674140
9683610
9684062
9698451
9702951
9709901
9712810
9715097
9716860
9718853
9720780
9722648
9728423
9730301
9731243
9731360
9731533
9732105
9733372
9738428
9739170
9739230
9745010
9745025
9756219
9759222
9763933
9764052
9765185
9767617
9768667
9775844
9776102
9785584
9790997
9804292
9804985
9808990
9809657
9810945
9814274
9821006
9825017
9831795
9833506
9835862
9845539
9847117
9850597
9853888
9865591
9867563
9868972
9869644
9870210
9870298
9879429
9885970
9886087
9888883
9902122
9904087
9906141
9924390
9928633
9932405
9935511
9938185
9946052
9946851
9948971
9954849
9954877
9956705
9959257
9965233
9967982
9970058
9970703
9970864
9980413
9985896
9990864
9994325
9997897
10009727
10023478
10023729
10025087
10025229
10026368
10028035
10028147
10030978
10035269
10036299
10036378
10040947
10041515
10046620
10051518
10060948
10066208
10067639
10072716
10073842
10082227
10083225
10085665
10087286
10095179
10098513
10101958
10105012
10107522
10107809
10111359
10113798
10113924
10114305
10114459
10119550
10120149
10122338
10122984
10123599
10127413
10140717
10142367
10142723
10147079
10147338
10150683
10151153
10156638
10164369
10173412
10178025
10182160
10185486
10185901
10187089
10189667
10191554
10196644
10200471
10203446
10210655
10211446
10211595
10214031
10229941
10239668
10241058
10242090
10248051
10252991
10255594
10257666
10260872
10264813
10265390
10268022
10268054
10268056
10268905
10273875
10274948
10275235
10275592
10284752
10284916
10287600
10291135
10294543
10295071
10295984
10299310
10299945
10300645
10300777
10306720
10308039
10309580
10311811
10312023
10323907
10326371
10337456
10340764
10341148
10341413
10341668
10342039
10346822
10354622
10357599
10358991
10363155
10385076
10387807
10387927
10388176
10388304
10390633
10393491
10394624
10395038
10395697
10398371
10398707
10403114
10403302
10405469
10408818
10410633
10415358
10417703
10421831
10427263
10428483
10433227
10433522
10436161
10438511
10439129
10441260
10443386
10443882
10446181
10453989
10454017
10454830
10456722
10457209
10459174
10461409
10462886
10465103
10465147
10474997
10477228
10479857
10488545
10490403
10490901
10491621
10491928
10492192
10492840
10496771
10499077
10505775
10507621
10507842
10508304
10508360
10510450
10511168
10511532
10513749
10514250
10515776
10525497
10527201
10531871
10537650
10545263
10551303
10552419
10555369
10556034
10560507
10561505
10564718
10565085
10565120
10565869
10571858
10571934
10573978
10574351
10574662
10575563
10591111
10592908
10595027
10604483
10605837
10608155
10608676
10613377
10617490
10617681
10618243
10621807
10622058
10625579
10628903
10632012
10637507
10637687
10638294
10641628
10657503
10658133
10658935
10661870
10664622
10667318
10667511
10668509
10673558
10674788
10674909
10675540
10678500
10679466
10687859
10689534
10694293
10695776
10700572
10703235
10704112
10712466
10713344
10718054
10721131
10721301
10733735
10739205
10741324
10744340
10746844
10750645
10752971
10758928
10761165
10772560
10777010
10788336
10790487
10791096
10793440
10793646
10801560
10808643
10812037
10812067
10813064
10815425
10819839
10822638
10824093
10825694
10826967
10830429
10831650
10837613
10840770
10840953
10841101
10847208
10847672
10851004
10851800
10851918
10856720
10858305
10872983
10873867
10875402
10876882
10877608
10880616
10886044
10890666
10892591
10895085
10904451
10908933
10909045
10910075
10918939
10922615
10923769
10928027
10937688
10938796
10940288
10943543
10945428
10949433
10951040
10951791
10951894
10956348
10959598
10960419
10962964
10967423
10968934
10972302
10976686
10988626
10991024
10991425
10992374
10993645
10994764
10995745
11007525
11009036
11012551
11015989
11016838
11021203
11021790
11022157
11023516
11029110
11033057
11036195
11036268
11039152
11039219
11041533
11043538
11049315
11051860
11052309
11053172
11053356
11054909
11061567
11068774
11076041
11077522
11082833
11084960
11086607
11088657
11099856
11100756
11101458
11106484
11107186
11111840
11114078
11123146
11124093
11132960
11133794
11141806
11142517
11143680
11146720
11147580
11151183
11155980
11157062
11157304
11158237
11160456
11169870
11169892
11170928
11171805
11177856
11178514
11183272
11187633
11188617
11188732
11197832
11198827
11212436
11213655
11216431
11226051
11228732
11229470
11231153
11231366
11236239
11236731
11236850
11239399
11242232
11243830
11244908
11248546
11250911
11252635
11255465
11262350
11262813
11269785
11274399
11277090
11278203
11278940
11279817
11280101
11283233
11285892
11289574
11289709
11290155
11291341
11291935
11293376
11297506
11310463
11313753
11314349
11320259
11324753
11329306
11331857
11333841
11334857
11338270
11340248
11347104
11347601
11348620
11348875
11353187
11362241
11372542
11376880
11378654
11378901
11379190
11380578
11383168
11384875
11385020
11387190
11388310
11388497
11389266
11394998
11397143
11398109
11398700
11398748
11400170
11402057
11409813
11410311
11412683
11416037
11417179
11426039
11429162
11430474
11433553
11435221
11439020
11439562
11439745
11440136
11448697
11450596
11456089
11457021
11461767
11462161
11463951
11471212
11474543
11477654
11481235
11485936
11486081
11488031
11488296
11489662
11490610
11490936
11497026
11499748
11499881
11501827
11502437
11503423
11504256
11505264
11506372
11509461
11510333
11510582
11512161
11517529
11517606
11520236
11522165
11525878
11529890
11531167
11532493
11538044
11538855
11542741
11543808
11544623
11553287
11554202
11555939
11557462
11558860
11564537
11567057
11568668
11572091
11573551
11576587
11580395
11580958
11596576
11596841
11597859
11604612
11608478
11608603
11611644
11611670
11613137
11613161
11622110
11623217
11625749
11626271
11633588
11639668
11640596
11640612
11644505
11650542
11651490
11652516
11657492
11659604
11660227
11660287
11661122
11661257
11663083
11668904
11670322
11676697
11680200
11682059
11690155
11690448
11691589
11692452
11699106
11701051
11702802
11703432
11704167
11704465
11709249
11711492
11716126
11716194
11720477
11727876
11729937
11736498
11739191
11742096
11745009
11756108
11757267
11757286
11760708
11763938
11765353
11772514
11773441
11782931
11787266
11789162
11796538
11797251
11800778
11802203
11804998
11805718
11807957
11812893
11817057
11819644
11821924
11825062
11825701
11828700
11828941
11830249
11831218
11831808
11832310
11832463
11835089
11835557
11837306
11838410
11839649
11841186
11846873
11852251
11853573
11854883
11856487
11860268
11862751
11865476
11869809
11874442
11874496
11874511
11874812
11881040
11896792
11897427
11898099
11903912
11905124
11911441
11922213
11927266
11930553
11931468
11931629
11931717
11932773
11939025
11941652
11946749
11946889
11948960
11952886
11956949
11967198
11968155
11972624
11978522
11979367
11984611
11987939
11988153
11988732
11989816
11990846
11992064
12005335
12008874
12010850
12012731
12017017
12025858
12025940
12026106
12036363
12043273
12043370
12044741
12047402
12050314
12051846
12056860
12058317
12058819
12064384
12064812
12068150
12071086
12074779
12076571
12077192
12078862
12078906
12079482
12083393
12084972
12088571
12097060
12103091
12105392
12108851
12109581
12111524
12114843
12118297
12118682
12122275
12122855
12126358
12128067
12128856
12133257
12134120
12134795
12134872
12135234
12135678
12142375
12144319
12155126
12157105
12157382
12158235
12165532
12171064
12173436
12174943
12177392
12177990
12178329
12180869
12182572
12182580
12183890
12185070
12185679
12188197
12188236
12189938
12194857
12195858
12196845
12203566
12205555
12210125
12211521
12214878
12215933
12218076
12218820
12220337
12226396
12227862
12235784
12239499
12242248
12242440
12243142
12243907
12245802
12247310
12248552
12249225
12251524
12252358
12264711
12268285
12271502
12272452
12273075
12273326
12284830
12289230
12290557
12296134
12296930
12297276
12300879
12301661
12303541
12306657
12306763
12307565
12308959
12309026
12314822
12325422
12325544
12330981
12334894
12335301
12337799
12340631
12340679
12351670
12356898
12357523
12359154
12360608
12361242
12366845
12369748
12375719
12380434
12380524
12383261
12385620
12386847
12388826
12389083
12396476
12402343
12406255
12413633
12415771
12416614
12425170
12427355
12428740
12429591
12434310
12441351
12445947
12447717
12452074
12455587
12458117
12464322
12467051
12467784
12469422
12475853
12475858
12482858
12491019
12491499
12492289
12497274
12498192
12499175
12499987
12503185
12505780
12509284
12509878
12515529
12518784
12520277
12521924
12523736
12525767
12534614
12534762
12541122
12546889
12549825
12553379
12559735
12560570
12565989
12569494
12574484
12576192
12578112
12584968
12590930
12596396
12598204
12600803
12601564
12605277
12609369
12613697
12616556
12616810
12618793
12620666
12621418
12622838
12623492
12625517
12627953
12632677
12638891
12640614
12643381
12645008
12646240
12648819
12650568
12652592
12662175
12667496
12673317
12675556
12675682
12682026
12685222
12693696
12696665
12697048
12697948
12702077
12702207
12707881
12710444
12710723
12711859
12712679
12716148
12717855
12718141
12718962
12719697
12724295
12727907
12729447
12746309
12758529
12761657
12763260
12767727
12768688
12776656
12779347
12786574
12791039
12793007
12795556
12796751
12798140
12798183
12798909
12798988
12800045
12803830
12806300
12806591
12813522
12816235
12817204
12823718
12827793
12833318
12835239
12836258
12841074
12849721
12850404
12851742
12853158
12854639
12860566
12860902
12861983
12865476
12865791
12869356
12873918
12882633
12884490
12885128
12896140
12898318
12900213
12900930
12906341
12906713
12909819
12913362
12919794
12921845
12923673
12924585
12927327
12929085
12933555
12939708
12939748
12941209
12942828
12945463
12947597
12949764
12954171
12954378
12958414
12958598
12959569
12959775
12961399
12967340
12970424
12971272
12971516
12972586
12973260
12974076
12979112
12981531
12982166
12986426
12995368
13013663
13014208
13015360
13019597
13020007
13020443
13027501
13032306
13037834
13040012
13040095
13042612
13044633
13047633
13048459
13050882
13051661
13051910
13054267
13054391
13056951
13059976
13061907
13066072
13074978
13077589
13077604
13079156
13092419
13094731
13098075
13098151
13098333
13099701
13103104
13115956
13118103
13121372
13125665
13125952
13126235
13130467
13132922
13133512
13139689
13140672
13140847
13141983
13142672
13145318
13145848
13147496
13153348
13160382
13166223
13167555
13168473
13169360
13172481
13173298
13188893
13191877
13195399
13199067
13206277
13206778
13211101
13211952
13216768
13224701
13235512
13235678
13237900
13238664
13241557
13244210
13248685
13248918
13251999
13252365
13253390
13267479
13269517
13272216
13272636
13274944
13280522
13280584
13281473
13284225
13292039
13296267
13298790
13303085
13305419
13305707
13306834
13311155
13316991
13317728
13319666
13319994
13320412
13321186
13321751
13322585
13324534
13324831
13324969
13325227
13326639
13331164
13332394
13332667
13339161
13342049
13344362
13344892
13348440
13350295
13351010
13351112
13355307
13359307
13359539
13360019
13360214
13390360
13392763
13398495
13398550
13403003
13403886
13407677
13407897
13409710
13411955
13421608
13423775
13426950
13429704
13433427
13436938
13437166
13439457
13440303
13446317
13448639
13450102
13451566
13459314
13461835
13463014
13464288
13465637
13475770
13477123
13482102
13485400
13487812
13489350
13490807
13492724
13493176
13497314
13499220
13499559
13507128
13507698
13507775
13508309
13508322
13512505
13527438
13529888
13532285
13537202
13537248
13540376
13542984
13546595
13548905
13549408
13551028
13551045
13554568
13557001
13561963
13565992
13566203
13566360
13572655
13573782
13575042
13578505
13586122
13587996
13589720
13595456
13599593
13605495
13607077
13609470
13612058
13615470
13616804
13617517
13618251
13619849
13620562
13620653
13621073
13623325
13624354
13624618
13625916
13632966
13635381
13638699
13651251
13654094
13659699
13660844
13662449
13664040
13664196
13668095
13670485
13677362
13678017
13683011
13684732
13685674
13685774
13687105
13691837
13692105
13692800
13697585
13698954
13709950
13710439
13711218
13712146
13712801
13716510
13720990
13721426
13721887
13729384
13732046
13735101
13737984
13738949
13740694
13741428
13745782
13749497
13749676
13751072
13751157
13755660
13756460
13760634
13761293
13764004
13764686
13765261
13773258
13773903
13780152
13785339
13787126
13789685
13793996
13795264
13795536
13798284
13798341
13798612
13799720
13799751
13806903
13808187
13808751
13809126
13815107
13821271
13836052
13837752
13840828
13844090
13845603
13845751
13848531
13860489
13862443
13864966
13867027
13871582
13879579
13882523
13883328
13892134
13892198
13895648
13897779
13899501
13900004
13908841
13918087
13923665
13931680
13934475
13937393
13937682
13938391
13940469
13942570
13943979
13948400
13949002
13953281
13954813
13959791
13968164
13968256
13970160
13971460
13977562
13978264
13979513
13980858
13982049
13983106
13985485
13985985
13986001
13987385
13991502
13998520
14001073
14002457
14003412
14009887
14010890
14014967
14022778
14023653
14023846
14026534
14027945
14028867
14030659
14031145
14032115
14032393
14036452
14038358
14048205
14048870
14049251
14050030
14057182
14058577
14060720
14065530
14065620
14070447
14073255
14073980
14075535
14076011
14077926
14080492
14084481
14085563
14086833
14091040
14097928
14100028
14104266
14106524
14109704
14110342
14114957
14117038
14117792
14118794
14120501
14120891
14126260
14137491
14137975
14146649
14152085
14153328
14156822
14158839
14158991
14160000
14163356
14164522
14164748
14176902
14178689
14179361
14179570
14180409
14183010
14184585
14186549
14186898
14189092
14191352
14198859
14198864
14201568
14207364
14209095
14209815
14219252
14224007
14227878
14228972
14229294
14231999
14235980
14238403
14239089
14241373
14242343
14248479
14248491
14248864
14252361
14254210
14254460
14255385
14256433
14260739
14265591
14267999
14272289
14273844
14274022
14274823
14278176
14283898
14287563
14289267
14290793
14294139
14295578
14296291
14297780
14300471
14301700
14309041
14309995
14310403
14313447
14314287
14318383
14320499
14321908
14329271
14330986
14331646
14333593
14335365
14345742
14351250
14352062
14355925
14357699
14361580
14364064
14367042
14373629
14378005
14378319
14382477
14391968
14397496
14401633
14409472
14415776
14417899
14420565
14425901
14426265
14429241
14449365
14469304
14472066
14476795
14481042
14483480
14483589
14486523
14492976
14513905
14517156
14521759
14521809
14522541
14524071
14524538
14529578
14537929
14547750
14547947
14548065
14551436
14555139
14555283
14557654
14558901
14560386
14568432
14569969
14574874
14577226
14578325
14578760
14579340
14579958
14580206
14581636
14593163
14593790
14597362
14604203
14606471
14606989
14611713
14615597
14617155
14621672
14623490
14625859
14626821
14631484
14631890
14633530
14643776
14648057
14648677
14648747
14656402
14670392
14675084
14679004
14682819
14698088
14711562
14711847
14720969
14724650
14727280
14728049
14728368
14729006
14729206
14733814
14733857
14739898
14740985
14741441
14750478
14754775
14755817
14760240
14761659
14762823
14763674
14765331
14767308
14779232
14780515
14783787
14786581
14787413
14789937
14794597
14794631
14796352
14802001
14805295
14806921
14807669
14814379
14816291
14816538
14817660
14817929
14818558
14818847
14819839
14820377
14821366
14821827
14823108
14823849
14827687
14833199
14835624
14836273
14839053
14842477
14847860
14848521
14850017
14850020
14852864
14856488
14857138
14857878
14860331
14862418
14862975
14863402
14865614
14866016
14867260
14872209
14877456
14879129
14882575
14884216
14885011
14887502
14887920
14890962
14892196
14896841
14902537
14906251
14910318
14914813
14921223
14922141
14924072
14926786
14927685
14928875
14929232
14933632
14933781
14934300
14935649
14949585
14956830
14961704
14962444
14971964
14972130
14977329
14984205
14995416
14998888
15001528
15001824
15005866
15009516
15010114
15010967
15015155
15019016
15025028
15034998
15036135
15037571
15046960
15049903
15055701
15057942
15068031
15068034
15069451
15070308
15071268
15073247
15074241
15077136
15082592
15087583
15088325
15093234
15093875
15096860
15097567
15101039
15102639
15107323
15113270
15120406
15130190
15132144
15136174
15137499
15144876
15145444
15160048
15164455
15173871
15176730
15181307
15182823
15186022
15190093
15195089
15197022
15198851
15199248
15201026
15203492
15203933
15204244
15204506
15208136
15208678
15210999
15218170
15220621
15235071
15236074
15243869
15248951
15249411
15253662
15254152
15257729
15268610
15269800
15271722
15271852
15272543
15274487
15275238
15275707
15277850
15282347
15282651
15283376
15283445
15284774
15287050
15294157
15295646
15304203
15304973
15308411
15309479
15309775
15320688
15324944
15325940
15329261
15338835
15338920
15340398
15340925
15347074
15350331
15352236
15356290
15361210
15363335
15367140
15368689
15373352
15378139
15383416
15383745
15386969
15387213
15392635
15394308
15394700
15395416
15397229
15398287
15401124
15403336
15405353
15407023
15407974
15409617
15410115
15410686
15411668
15413499
15415838
15416617
15420320
15426338
15433453
15433502
15433719
15435625
15437105
15444211
15446624
15449260
15454613
15458318
15459162
15461551
15463717
15466129
15466982
15471218
15472390
15475620
15478151
15483809
15488307
15491881
15495986
15496904
15501444
15502176
15505475
15506751
15507262
15507620
15508627
15514591
15518192
15527221
15527603
15529520
15544364
15544869
15547041
15552626
15552903
15553473
15554958
15555713
15555771
15556184
15560917
15564485
15564802
15572319
15575073
15576889
15580393
15582385
15591851
15593344
15594261
15597164
15606239
15609414
15609495
15612101
15614934
15618726
15628539
15632008
15632040
15633569
15634011
15640684
15642599
15643320
15644636
15658178
15661471
15668535
15671018
15671245
15671515
15677554
15680725
15688561
15689456
15690684
15693869
15694137
15696858
15697096
15699371
15699581
15702905
15710695
15710854
15713582
15717004
15719348
15721032
15724303
15724868
15726281
15730337
15730769
15737919
15740525
15741847
15742189
15742354
15753370
15753432
15754769
15762943
15763678
15764519
15765964
15787185
15795461
15796076
15796369
15809869
15811181
15813033
15814608
15815827
15821291
15823026
15825911
15830413
15833817
15834089
15836416
15837169
15844142
15844992
15847892
15858867
15861066
15861121
15869123
15871605
15871933
15877873
15880318
15882622
15887132
15896690
15901193
15901892
15904050
15904792
15907766
15912301
15921766
15922630
15924303
15925614
15939823
15941383
15945668
15947329
15947630
15948533
15949625
15957634
15975538
15976603
15980163
15981365
15983156
15986829
15991491
15991970
15996659
15997550
16004152
16016164
16019678
16020143
16020934
16025349
16028695
16031275
16031488
16034984
16035520
16041764
16042125
16045350
16046179
16049844
16051356
16064135
16064155
16068555
16069568
16072652
16077728
16079978
16080280
16081861
16085603
16090036
16094717
16095354
16097441
16097525
16100293
16104695
16106649
16107812
16113499
16118733
16119224
16130015
16132196
16134522
16134959
16135130
16136683
16137519
16144667
16144795
16146290
16153628
16159977
16164859
16168865
16179398
16184251
16185291
16186484
16187112
16188488
16189887
16191363
16191408
16198558
16202187
16204299
16205764
16210179
16211197
16211453
16212948
16216877
16223785
16226915
16228311
16230562
16233731
16234755
16238182
16238881
16240490
16244988
16261544
16263353
16264499
16264916
16265565
16265669
16269097
16278802
16280746
16287816
16295649
16300473
16301647
16311783
16312920
16315034
16321317
16321444
16323068
16323128
16323820
16324354
16324663
16327282
16328626
16332132
16332954
16334354
16334955
16343314
16343848
16347223
16349896
16350929
16351124
16351879
16351975
16352808
16357007
16357466
16358533
16363022
16363435
16366121
16376658
16378341
16379004
16380141
16383093
16385861
16388667
16395169
16400253
16409000
16410460
16417885
16418047
16419810
16420565
16420646
16421306
16423469
16425204
16428379
16429289
16429971
16430663
16434212
16434436
16438231
16439459
16440338
16441109
16441596
16442551
16443158
16445641
16448254
16452592
16461303
16461875
16467626
16472610
16473226
16474170
16474638
16475890
16479049
16480978
16486014
16490252
16491628
16492711
16493880
16494602
16498689
16503018
16504207
16504498
16506375
16511797
16513571
16520719
16526140
16533197
16535814
16538604
16538735
16543419
16554548
16558801
16559874
16560126
16560609
16574765
16578286
16578710
16579077
16581382
16581654
16582254
16586693
16594057
16594629
16600332
16608047
16609652
16609766
16621253
16636196
16640862
16641304
16655993
16659610
16661633
16673021
16674946
16677151
16677846
16682660
16683009
16691272
16700425
16702855
16703370
16703433
16704740
16709530
16713768
16714664
16715101
16717070
16719803
16720575
16722132
16722587
16723164
16726865
16729462
16733020
16737281
16743491
16745222
16747001
16748401
16749132
16752628
16753485
16758724
16759354
16761186
16763787
16764491
16776820
16780738
16789552
16791915
16792648
16794543
16794955
16794996
16795920
16798412
16800876
16801786
16805558
16808987
16811326
16814599
16816989
16819282
16819559
16820187
16822004
16826667
16829369
16832815
16839780
16843423
16847792
16849265
16850518
16856187
16867468
16867872
16869914
16878825
16882516
16884256
16891717
16892303
16900394
16901955
16906554
16908647
16911324
16911354
16914437
16915927
16916227
16920072
16920201
16922857
16927313
16931705
16933327
16934602
16934679
16936572
16937422
16937710
16941341
16950179
16952285
16952348
16959033
16961751
16967785
16972743
16977617
16978452
16983318
16986749
16986800
16987948
16988174
16992593
16993242
16993885
16995371
16998921
17010714
17018408
17028121
17028251
17029825
17032990
17043230
17050713
17050766
17051995
17054686
17057024
17058522
17059603
17062160
17062921
17072536
17072589
17073190
17078178
17078414
17079527
17081435
17081743
17084050
17086956
17090238
17092380
17092851
17095437
17096851
17097256
17098094
17099515
17101315
17101567
17104251
17104413
17104976
17106130
17108920
17111441
17113027
17114269
17114646
17116155
17118096
17118754
17122663
17124490
17124901
17125445
17127823
17129141
17130563
17132298
17137101
17137179
17143434
17145969
17148290
17150484
17151255
17162566
17162576
17162779
17163129
17166865
17179222
17179610
17179676
17180185
17181153
17182386
17184117
17186650
17191524
17194333
17198545
17202549
17202794
17204919
17208512
17211308
17211440
17213224
17216321
17216605
17216653
17221178
17235011
17235693
17236574
17239352
17241791
17241907
17242292
17244771
17254086
17255641
17255915
17261211
17264593
17264681
17267835
17275508
17277880
17282047
17282770
17284739
17294138
17302634
17306878
17307828
17311173
17312713
17315541
17318692
17320783
17321523
17324516
17324725
17330547
17331593
17335844
17336591
17336906
17342755
17345894
17354298
17357773
17359172
17359523
17359969
17359999
17366021
17367421
17368759
17368912
17368951
17373891
17378483
17378674
17380266
17387356
17388400
17388829
17389774
17398175
17403226
17403929
17409101
17412163
17412826
17420889
17422609
17429633
17433878
17436549
17437854
17442873
17444061
17452134
17454912
17459730
17467973
17468001
17468506
17472108
17472296
17479900
17480160
17488057
17488495
17496784
17502940
17510284
17514291
17516380
17516867
17517195
17518160
17523687
17524917
17527430
17528483
17531124
17536551
17543892
17552754
17553396
17554032
17554347
17556980
17559688
17560057
17561564
17565446
17566503
17567654
17571883
17577058
17577679
17578479
17580105
17581401
17583100
17589542
17591388
17597233
17601225
17602411
17607624
17610756
17611310
17613739
17621833
17623069
17627167
17629674
17632242
17635703
17641462
17643157
17653358
17656193
17659791
17662182
17662293
17663333
17665785
17667473
17668623
17673820
17678040
17682590
17686494
17686717
17687170
17689582
17695101
17696557
17698129
17709923
17713980
17715052
17717575
17722483
17723170
17723847
17734243
17736671
17736993
17737232
17743777
17747183
17751726
17760337
17761457
17767885
17768678
17768911
17769574
17769735
17772200
17773621
17774455
17775261
17778141
17780689
17783432
17785760
17795778
17796334
17797093
17801234
17801491
17803244
17805626
17807249
17823757
17827490
17828967
17831194
17831524
17832922
17838511
17843552
17845158
17846788
17847919
17848045
17851042
17852511
17853127
17859418
17861489
17862167
17862872
17864598
17864767
17867160
17868107
17868297
17868745
17869581
17870493
17872305
17873972
17875084
17875388
17883875
17884278
17885907
17887586
17890370
17893065
17893833
17895276
17901583
17906724
17908233
17914328
17917602
17918640
17919554
17920601
17930028
17937226
17947415
17948114
17949130
17950912
17958107
17960093
17962462
17963711
17964626
17965760
17967353
17976766
17979389
17981598
17986102
17986758
17989367
17993587
17994266
17995431
17995640
17996021
17996564
18007080
18011532
18011927
18013055
18013805
18015117
18020356
18032300
18032589
18038025
18039760
18041005
18041990
18044640
18045259
18047178
18048316
18050213
18053235
18059438
18060753
18061596
18068934
18070307
18072697
18080278
18082294
18091958
18099190
18100318
18101693
18104419
18108009
18113172
18114295
18115805
18119798
18124919
18128450
18130068
18132889
18134225
18134717
18141336
18150976
18151677
18157738
18160072
18163687
18165166
18170195
18172656
18174920
18177461
18181327
18184917
18185205
18188954
18192705
18192983
18194541
18198823
18200490
18200586
18201846
18202843
18206917
18208377
18211211
18211942
18213526
18219740
18220118
18229791
18233816
18234195
18237911
18252038
18256816
18257037
18259540
18260242
18262734
18262933
18267438
18267783
18267957
18272318
18272594
18273337
18273778
18279813
18284656
18285186
18286607
18287305
18305384
18307336
18309221
18311353
18316519
18319824
18321821
18325716
18326727
18331248
18331659
18333953
18336156
18341552
18341773
18344420
18345076
18347028
18352259
18357097
18358079
18361896
18372436
18377570
18378366
18379738
18380099
18384610
18392622
18399425
18400626
18402770
18405255
18409896
18413384
18418243
18420814
18420993
18425712
18431757
18436917
18440679
18446615
18446681
18449016
18450108
18460574
18460794
18462486
18467225
18468782
18470473
18474689
18477657
18479043
18481119
18481369
18484842
18484844
18490595
18494468
18494800
18500519
18501105
18501199
18502564
18505547
18508007
18508499
18508557
18510012
18510395
18512608
18515275
18515861
18517899
18518717
18519468
18521166
18521921
18522320
18526313
18526408
18528795
18531754
18532024
18535273
18542088
18544320
18546556
18560622
18560963
18573463
18573948
18574996
18576232
18576276
18580559
18589815
18591293
18591506
18592369
18602715
18604730
18608013
18608117
18611326
18612946
18613180
18615883
18616052
18626550
18632472
18635227
18636852
18636872
18640598
18645087
18646569
18649039
18663286
18663492
18666495
18669044
18670009
18676870
18684920
18686117
18689423
18691283
18691440
18692797
18698346
18701897
18703237
18704696
18705176
18706164
18707747
18708487
18728456
18729621
18732121
18738163
18740206
18741062
18745414
18749025
18753513
18755126
18756159
18758478
18760225
18761658
18769187
18783651
18784789
18786344
18787074
18791464
18791851
18791886
18794605
18799398
18801300
18803832
18813494
18813575
18821136
18823283
18826109
18828669
18837215
18849993
18851412
18854848
18857238
18857877
18859709
18859808
18860694
18863128
18866052
18868732
18873424
18876559
18877312
18890492
18891062
18894491
18898753
18901338
18902223
18904415
18907636
18909224
18910781
18914174
18914796
18917470
18920969
18921121
18923840
18944574
18944705
18946431
18946497
18950980
18956708
18957986
18958410
18969642
18972114
18972302
18974996
18980150
18981025
18982731
18991227
18992105
18994973
18997117
18998236
18999107
18999444
19000543
19001072
19004578
19008562
19012993
19013782
19018624
19020598
19026348
19027450
19029288
19033184
19036596
19041877
19042713
19042795
19045130
19047200
19047519
19049371
19049866
19053588
19054753
19055414
19056117
19065405
19066430
19074715
19075368
19076945
19078112
19083327
19086177
19092365
19094067
19095325
19097264
19100175
19104476
19104892
19106731
19110305
19110429
19115584
19115764
19117582
19122313
19127337
19128140
19129454
19134237
19142208
19145678
19146774
19153378
19154939
19155133
19155775
19156472
19157469
19158791
19164226
19167388
19169850
19171878
19174854
19182448
19183202
19192272
19195294
19197644
19206082
19207572
19210323
19218221
19220523
19221353
19222408
19228698
19231305
19232691
19232724
19234302
19234491
19236673
19237280
19243621
19245995
19249680
19250625
19251404
19255339
19258953
19261296
19262401
19265600
19267046
19267700
19268181
19280505
19283363
19284002
19286747
19291113
19293092
19293317
19295556
19298635
19302204
19302302
19305191
19308568
19310065
19313500
19316927
19321067
19323743
19328400
19328650
19329636
19331931
19332334
19334435
19335282
19335489
19338412
19339132
19345001
19351272
19357434
19357718
19360891
19366625
19369837
19371798
19375242
19385717
19388363
19390572
19395924
19398853
19399091
19401106
19405778
19406460
19406640
19411700
19411852
19413916
19415130
19415153
19421339
19422004
19424567
19430113
19431919
19435303
19435444
19442771
19444220
19453910
19454902
19472080
19474247
19477009
19477547
19483377
19484020
19493120
19503611
19504244
19505546
19506474
19511171
19513038
19514742
19515226
19520149
19524199
19525618
19537081
19540874
19542569
19549893
19552903
19555361
19557667
19557986
19558591
19561466
19561808
19562851
19564751
19565572
19568648
19570125
19576240
19578057
19580197
19580652
19585590
19587713
19589866
19590806
19592064
19594775
19595671
19598427
19605776
19609922
19611887
19613605
19614182
19616846
19617047
19617100
19618002
19626786
19635256
19637291
19640735
19651334
19658673
19668118
19668933
19673270
19677163
19688088
19689547
19694640
19699560
19702083
19704399
19704858
19713457
19715389
19717769
19721084
19723929
19729398
19732742
19736573
19742042
19742883
19744290
19746217
19748642
19754333
19754916
19756604
19757758
19758040
19758749
19763761
19775249
19779600
19782662
19784684
19794838
19803935
19806734
19807290
19809487
19812015
19824144
19825737
19826144
19827882
19834068
19841910
19844692
19848872
19856243
19862035
19863088
19867188
19867259
19868543
19869154
19873251
19873513
19873954
19877404
19878769
19878907
19885160
19886398
19891962
19894976
19898046
19906704
19907496
19916720
19919681
19920116
19920281
19922652
19922845
19929582
19933796
19940863
19940886
19949097
19949837
19952661
19953466
19954076
19969564
19970060
19979795
19981464
19989675
19992935
19992944
19993423
20001279
20005129
20008955
20018194
20019999
20025187
20026005
20026103
20029392
20029959
20033709
20034610
20034979
20035938
20036214
20038813
20038979
20043973
20045389
20046739
20050683
20053508
20059852
20062392
20063285
20065298
20065446
20070718
20071895
20075935
20078264
20081171
20082205
20084571
20085239
20089485
20090677
20091465
20092786
20096868
20100370
20101526
20104161
20106532
20107256
20107910
20107978
20110248
20112743
20119474
20119938
20120251
20123061
20132408
20134814
20135162
20137674
20139752
20140122
20141408
20147641
20150276
20156897
20159260
20159609
20167100
20168551
20168773
20169541
20175218
20177495
20178176
20179392
20181627
20182628
20182667
20183434
20184835
20192974
20194004
20199577
20199819
20206216
20210162
20211353
20214586
20217124
20217965
20219124
20223678
20223936
20225531
20226192
20230353
20236521
20242395
20244245
20244740
20246213
20247208
20256413
20259922
20263098
20268124
20268956
20278114
20278545
20278755
20282127
20282586
20287488
20288634
20290181
20290870
20295651
20297061
20302405
20311206
20314330
20316189
20317457
20329359
20335032
20335426
20343265
20347774
20348537
20351787
20352746
20355101
20365920
20370685
20374167
20375477
20375627
20380237
20385127
20385545
20387552
20389514
20393168
20403961
20405905
20409861
20410002
20410395
20410679
20413682
20413843
20416800
20418636
20420222
20427353
20429536
20431227
20440338
20450200
20450287
20454177
20459840
20462487
20469262
20472163
20477196
20493323
20493477
20494172
20497054
20499382
20502417
20504269
20505745
20505770
20506855
20507428
20507801
20510714
20519654
20526487
20528996
20531150
20531230
20535163
20536078
20537436
20540929
20551656
20553369
20554344
20557781
20566532
20568498
20570369
20574407
20576870
20577599
20578594
20579381
20583900
20583984
20593381
20595044
20600961
20601242
20616274
20618277
20623149
20625015
20628607
20630709
20632668
20636946
20639398
20639612
20642981
20645752
20650612
20653879
20657631
20660341
20661820
20667554
20672136
20678949
20680863
20685065
20686328
20686623
20687379
20690005
20696796
20697034
20703325
20704177
20705431
20715755
20718771
20719250
20721111
20721444
20721554
20723724
20729676
20731277
20732061
20732802
20733526
20737467
20737773
20740846
20747745
20747838
20748391
20752513
20753577
20756837
20758382
20762188
20762506
20766866
20769972
20771924
20774022
20775183
20781939
20782920
20787918
20797629
20806946
20810677
20811689
20814853
20818340
20824899
20836423
20837850
20842712
20843411
20844533
20847276
20847763
20849170
20852752
20854609
20859393
20865218
20869247
20870146
20871122
20872576
20878513
20880418
20883134
20884276
20888805
20892493
20893080
20899477
20900311
20900663
20901127
20903268
20904754
20907078
20907912
20908666
20911429
20913367
20913810
20914263
20914888
20925086
20925184
20926714
20928927
20929972
20936300
20938603
20939841
20942880
20943050
20948348
20949442
20960165
20973703
20974230
20976612
20979909
20987027
21000907
21001718
21005439
21007336
21011061
21016434
21016746
21017156
21018093
21020933
21022332
21026897
21029770
21032665
21035978
21037676
21038079
21040256
21041625
21045874
21054688
21054953
21060862
21062313
21062720
21064245
21070327
21071461
21073400
21075773
21076687
21076918
21086259
21086721
21086962
21087556
21095686
21098878
21099726
21103751
21104475
21104478
21105326
21106038
21111618
21113390
21119391
21124602
21125274
21127437
21128588
21130336
21133070
21134515
21146168
21148284
21155568
21161194
21167723
21171836
21173123
21173362
21173663
21175432
21176196
21181175
21186340
21196040
21203133
21204846
21207622
21213998
21215808
21222653
21228099
21232265
21233279
21233468
21234027
21236227
21236795
21238492
21240101
21240507
21241431
21241527
21241716
21243804
21250178
21257804
21258945
21260694
21262728
21267988
21270425
21272893
21281563
21286323
21287568
21289726
21290443
21293250
21293846
21294010
21298164
21312546
21313311
21314035
21315430
21319497
21330396
21331664
21332825
21333051
21334552
21337524
21345243
21345640
21346925
21354075
21357436
21358579
21362053
21368399
21376118
21376384
21379180
21388211
21398395
21402241
21404215
21404867
21407101
21407575
21408984
21411121
21414271
21416972
21429723
21437895
21449625
21452891
21458163
21462923
21467176
21474509
21475346
21475491
21477950
21480132
21481096
21484392
21490182
21491834
21494903
21498502
21499430
21500201
21507001
21519394
21522157
21527927
21533331
21534365
21540822
21544099
21544468
21545162
21546444
21547849
21548903
21560232
21572416
21572912
21576222
21576332
21578029
21581447
21582609
21588204
21588229
21593317
21593486
21597748
21603524
21607414
21612118
21617962
21621032
21622273
21623547
21626363
21631275
21636252
21636863
21637688
21645407
21648332
21649906
21651083
21653179
21653370
21657702
21658198
21659349
21663696
21666116
21667115
21668330
21668410
21671834
21685894
21686864
21689417
21696620
21699982
21702201
21702719
21706798
21710017
21711495
21711732
21713450
21713514
21718368
21718779
21718933
21720269
21723081
21725719
21727371
21733492
21734397
21735841
21736575
21741897
21744822
21753244
21754133
21754976
21756493
21761180
21761493
21763395
21764896
21765242
21766414
21766913
21766966
21767713
21770467
21774548
21779459
21785514
21788558
21805115
21812486
21815290
21816500
21820875
21821951
21826132
21833876
21837114
21838391
21838433
21843104
21843914
21848493
21848990
21850648
21851064
21852205
21855090
21858258
21861466
21861593
21862112
21866782
21869180
21874657
21875222
21885132
21885354
21885617
21896612
21906212
21906671
21908743
21910764
21911406
21914528
21915584
21916171
21916938
21917312
21919747
21923802
21924621
21924660
21925442
21930720
21931749
21933581
21935753
21939635
21945325
21946782
21950455
21954205
21955993
21958174
21959580
21960746
21964244
21965369
21965734
21965991
21967847
21968203
21972505
21974075
21976739
21978376
21978951
21980208
21983072
21987160
21988278
21991533
22001591
22001897
22004422
22005706
22007324
22009583
22010380
22015451
22021354
22029577
22031644
22036088
22036920
22037792
22043515
22053712
22057172
22057976
22058799
22066230
22066812
22066985
22069888
22071746
22076006
22077378
22080933
22084214
22088315
22089043
22094433
22095373
22100144
22105079
22108438
22110346
22110400
22116480
22117685
22122132
22123770
22129059
22130401
22130838
22132105
22145735
22147337
22149415
22151122
22153891
22158494
22177528
22187306
22189156
22191304
22193166
22195216
22195339
22196709
22202122
22202197
22204440
22222132
22222234
22223564
22223844
22226121
22228222
22232133
22239080
22239728
22240682
22241417
22242023
22246666
22248912
22252388
22253637
22254907
22255497
22260416
22262842
22269888
22276575
22277319
22288113
22290231
22292956
22296777
22296807
22299537
22303861
22308608
22309892
22314457
22316380
22324682
22325074
22326481
22331422
22331674
22333872
22336364
22338966
22340706
22340827
22341640
22342544
22343402
22347779
22349020
22350205
22351008
22351574
22352350
22356164
22356183
22359388
22361086
22370284
22371986
22378768
22380855
22380940
22381019
22383141
22384633
22384779
22386191
22387741
22387832
22392206
22401578
22404052
22405867
22410094
22412025
22420193
22422252
22422922
22425872
22428820
22429000
22431142
22431333
22438713
22444228
22448428
22451737
22454891
22461310
22461408
22462311
22465309
22467353
22468315
22469628
22470262
22471429
22476072
22478368
22483252
22485393
22487450
22489397
22493854
22497268
22497597
22497739
22497822
22499598
22500063
22501700
22502077
22505270
22506691
22509909
22510776
22512849
22512901
22513925
22518533
22518598
22524376
22531020
22531356
22533840
22536539
22537571
22538522
22538529
22542259
22553873
22558101
22560943
22571300
22571834
22572535
22573503
22574529
22577550
22578047
22579040
22580063
22583457
22583828
22586552
22587983
22591861
22598113
22601845
22606523
22614741
22619379
22620364
22623325
22630054
22635318
22637259
22637816
22643527
22645175
22648208
22649956
22652781
22654273
22658713
22665234
22667419
22669482
22669888
22670733
22679868
22685812
22691789
22693935
22696025
22698704
22699071
22704506
22710780
22712744
22713890
22715261
22715446
22719490
22719719
22723676
22724041
22725237
22728562
22736326
22736911
22741405
22742644
22748312
22748349
22757245
22757308
22759124
22768390
22768420
22773251
22775292
22777094
22779347
22792721
22804593
22808707
22813807
22814359
22814900
22821343
22829615
22831195
22835370
22842054
22844866
22846184
22848136
22848235
22849195
22855923
22861946
22862250
22866910
22869030
22870160
22875046
22880069
22880235
22881370
22891126
22893065
22893889
22895188
22898911
22899070
22900944
22901428
22908042
22908770
22911596
22912151
22912871
22926263
22931614
22932474
22935024
22940063
22948036
22948304
22951471
22959249
22960922
22964815
22970588
22970662
22971016
22972329
22974766
22976096
22976539
22978434
22980279
22981105
22981825
22986269
22987879
22988611
22989034
22991450
22992591
22998269
23005575
23008991
23011824
23012475
23012848
23013291
23013633
23040578
23042875
23044446
23057491
23061260
23062848
23064770
23065141
23068240
23068901
23069921
23070477
23073520
23073692
23073852
23076180
23081564
23090864
23091023
23095973
23096495
23102233
23102401
23102777
23103736
23106416
23111989
23116106
23132054
23132704
23133434
23137916
23138404
23139630
23142765
23145817
23147827
23149171
23149326
23152642
23153311
23154022
23158750
23160630
23161806
23162118
23162664
23163327
23170901
23171185
23179048
23179135
23183826
23186315
23188430
23188817
23189719
23192859
23193288
23195029
23198733
23199230
23199931
23200375
23203845
23205487
23208764
23213618
23216794
23217296
23218521
23219159
23220926
23221039
23226516
23229368
23229662
23234257
23235795
23236135
23237709
23238103
23244546
23245180
23245237
23249979
23250123
23250153
23264527
23266387
23267275
23280506
23282766
23287130
23290950
23294462
23303043
23305731
23305750
23306770
23313483
23316124
23316533
23327942
23329615
23336643
23336973
23345427
23345616
23348400
23349963
23351030
23351394
23351601
23359283
23363328
23371870
23372535
23373847
23375296
23375733
23383018
23390230
23400947
23406304
23406522
23409273
23418690
23419045
23422672
23422674
23431375
23437361
23438545
23440538
23440825
23453084
23453095
23453401
23456857
23460243
23466066
23466462
23470213
23472008
23476759
23477122
23483032
23495489
23503034
23504059
23508552
23515067
23518196
23522669
23526232
23526825
23536070
23540838
23541055
23546171
23546639
23546740
23547022
23547210
23550354
23555865
23556703
23557754
23560849
23561540
23571236
23574872
23575611
23585128
23589068
23589531
23595867
23598178
23598922
23608138
23615214
23615433
23616334
23617511
23619478
23620172
23620267
23643232
23646289
23647230
23650000
23656040
23657889
23661614
23662399
23663651
23664002
23667298
23669252
23671392
23674636
23674743
23679962
23682764
23683679
23684279
23686860
23687087
23687128
23691056
23691903
23692419
23694063
23694956
23701244
23704534
23708959
23711719
23723855
23725314
23730015
23730053
23739633
23742222
23752790
23761909
23766870
23767131
23768296
23769614
23771047
23775003
23776877
23779186
23784603
23795837
23796956
23797059
23802996
23804489
23806638
23809370
23810685
23811902
23813887
23813932
23819254
23825298
23827990
23833353
23837842
23842993
23847358
23847653
23847998
23851077
23861451
23862105
23863041
23867376
23868819
23871697
23877019
23877041
23881653
23881965
23882562
23885088
23885569
23890047
23890844
23894904
23898531
23901283
23903942
23904672
23906782
23910558
23910734
23912862
23912885
23913732
23915296
23916468
23916795
23918499
23921471
23922236
23922551
23925198
23926495
23926826
23928283
23931342
23931374
23932387
23933950
23934971
23939662
23944946
23948220
23952309
23953205
23959507
23959527
23961108
23964089
23964827
23969160
23970705
23974068
23974233
23975021
23976834
23989936
23999792
24002156
24004352
24004510
24006060
24013214
24016473
24017016
24017610
24018127
24019657
24023418
24023454
24027258
24028511
24028876
24033562
24035041
24039207
24041224
24041443
24044863
24049158
24049936
24053192
24056292
24056356
24061733
24066030
24068901
24069333
24074573
24086835
24091394
24092794
24094263
24095697
24102859
24107889
24108221
24120103
24121130
24124786
24126117
24127740
24130039
24130290
24133420
24135908
24138554
24140386
24144004
24144423
24148581
24153894
24158593
24160742
24161810
24164265
24164670
24168063
24168325
24171287
24176648
24189028
24191292
24194553
24194895
24196658
24198285
24206304
24207461
24208573
24210145
24213157
24213230
24214510
24216574
24222430
24222731
24229371
24231019
24238079
24238505
24251746
24251992
24256359
24258508
24259441
24261774
24265901
24266066
24273125
24274635
24275245
24275698
24276174
24282125
24290322
24292155
24292686
24298702
24301246
24304630
24306099
24307113
24308735
24308892
24310915
24312664
24312796
24313466
24321002
24326279
24328568
24332174
24336577
24337018
24337877
24346555
24351358
24352158
24352387
24353800
24354398
24355680
24368646
24371899
24375669
24378028
24379489
24380205
24385285
24385366
24387923
24388118
24392856
24397345
24400062
24401274
24401305
24405927
24407068
24407885
24409656
24410281
24417592
24428564
24430925
24434140
24439456
24440658
24441230
24444942
24448582
24449671
24458122
24458346
24459818
24461941
24464246
24464950
24464972
24465984
24472192
24475809
24480614
24484134
24488745
24488846
24491303
24495327
24496436
24497214
24497395
24503681
24508569
24519651
24524619
24525634
24525846
24529833
24530683
24533212
24537718
24540052
24540149
24541053
24549425
24549992
24558832
24560741
24561720
24563496
24567298
24567698
24570312
24574061
24575712
24577134
24578699
24580695
24583398
24585508
24588588
24591121
24593373
24599224
24600514
24600629
24605088
24607430
24609857
24610102
24613274
24614607
24616327
24619229
24619244
24620652
24624106
24625327
24627699
24628463
24628770
24632483
24635190
24643077
24644053
24648706
24650091
24653887
24654702
24654787
24656396
24659487
24667897
24668474
24668578
24668989
24669366
24670716
24674642
24678135
24678585
24679076
24692020
24692110
24706486
24711249
24722834
24723580
24725167
24733215
24734588
24737221
24738920
24739907
24741587
24744611
24748839
24753437
24755903
24758986
24759764
24761073
24766837
24775231
24776532
24785277
24787570
24787848
24788588
24791389
24792786
24794347
24794934
24798228
24800774
24800984
24801380
24801720
24802723
24802730
24808177
24811685
24822074
24831463
24835348
24840726
24841037
24842741
24844995
24847059
24849683
24854588
24856713
24860505
24862105
24867200
24870119
24877128
24885893
24886127
24890653
24893907
24911377
24912624
24913648
24914797
24914921
24915357
24921225
24922431
24923621
24928156
24931863
24933461
24934343
24935272
24938527
24938925
24941896
24942839
24943771
24946440
24946723
24947022
24949685
24960134
24960475
24962007
24970255
24971400
24972230
24978472
24981404
24986976
24988033
24997532
24998084
24999479
25006194
25007346
25007525
25011044
25013089
25017728
25018949
25020674
25024338
25024646
25031966
25039146
25039270
25042124
25042448
25048320
25053413
25056944
25060509
25062647
25066643
25066968
25070560
25071954
25075721
25076625
25078758
25081846
25082188
25082791
25086450
25089819
25090865
25091891
25097047
25099161
25099203
25103616
25105648
25106912
25109318
25115559
25115610
25118238
25119358
25122392
25126341
25126555
25133805
25134639
25135848
25135851
25139325
25144487
25145472
25146208
25147520
25149741
25151970
25153732
25158166
25161009
25166140
25167796
25168365
25169397
25172766
25185774
25188463
25193150
25197836
25198012
25200555
25201556
25213943
25214247
25220415
25221038
25236535
25238548
25246382
25248939
25250139
25264149
25266630
25270001
25275958
25281173
25294224
25298314
25299950
25303040
25305342
25308615
25314304
25315460
25318724
25319279
25319716
25320938
25321074
25322485
25322774
25324582
25326128
25334258
25336829
25337193
25338141
25340663
25342300
25344957
25345098
25347476
25347480
25348263
25349046
25353658
25355890
25357265
25359918
25362153
25369188
25376293
25377793
25378638
25379750
25381255
25383378
25384100
25389192
25391311
25396726
25405141
25417151
25418401
25418403
25419322
25425885
25429485
25433202
25437450
25437794
25438776
25444903
25448698
25455205
25455761
25456118
25459618
25460099
25462115
25463989
25474343
25474696
25478799
25479275
25480360
25480570
25481833
25485349
25485773
25487175
25491039
25492072
25495105
25502137
25503442
25504697
25506187
25510730
25514989
25515389
25527272
25530746
25534373
25538459
25543332
25543397
25545234
25548872
25552105
25555370
25556382
25561710
25564844
25565991
25566307
25568394
25570376
25570868
25577046
25583498
25586469
25587889
25588600
25589154
25602285
25605410
25608309
25613470
25628744
25630757
25633301
25636890
25640942
25655107
25655489
25659971
25661623
25663064
25663073
25664348
25664739
25666635
25669573
25674943
25679766
25681946
25685265
25688749
25692558
25703422
25704175
25704621
25707548
25712731
25713724
25714993
25717391
25719580
25719676
25730454
25731928
25732011
25732400
25734724
25737862
25738122
25738872
25741118
25742733
25743402
25745192
25746006
25747893
25751496
25758791
25770483
25771761
25781459
25782636
25784134
25784223
25786191
25787802
25787888
25788824
25793238
25796395
25796778
25799927
25800542
25803816
25806670
25808313
25811597
25814675
25820798
25820974
25825123
25830401
25831669
25834466
25834861
25835108
25835330
25835636
25842695
25846567
25850249
25850674
25854248
25859527
25864009
25865511
25865736
25870461
25871032
25874067
25876093
25876959
25882647
25882682
25883317
25889303
25889954
25891608
25895321
25897760
25900956
25913097
25917476
25919141
25920029
25920364
25924375
25925086
25928697
25929142
25931258
25931794
25934759
25934965
25937751
25941275
25943460
25945266
25950134
25952597
25953518
25954427
25962859
25965661
25967122
25969597
25971670
25973621
25973777
25975508
25977366
25978639
25980126
25982668
25983739
26000270
26001169
26002198
26004359
26005057
26006334
26012403
26013001
26016847
26023582
26026648
26027830
26030292
26033204
26034894
26035486
26039699
26043683
26044169
26045060
26048235
26051273
26052550
26055622
26059566
26060021
26068611
26069229
26073652
26074009
26074838
26075082
26076541
26077397
26080204
26084770
26090945
26092589
26094141
26095519
26096521
26099105
26105507
26112715
26113275
26113288
26115252
26117805
26122217
26127706
26130821
26143826
26148937
26149039
26153674
26155040
26161371
26161637
26167544
26171828
26174608
26176034
26178512
26185016
26186709
26186910
26188652
26199502
26199863
26206954
26207961
26210561
26216283
26218381
26218757
26225022
26225669
26231920
26233024
26238945
26241701
26245431
26253050
26253365
26253601
26257424
26260818
26262960
26263786
26266080
26272353
26273394
26277031
26278172
26283122
26284008
26288765
26289476
26292307
26292576
26295693
26300977
26313243
26319430
26319940
26321180
26337382
26341813
26348681
26352830
26354140
26360520
26368984
26372207
26372456
26378291
26380992
26381660
26388046
26392445
26395263
26398156
26406108
26408728
26409261
26416318
26418062
26419558
26420560
26425490
26427099
26428349
26428993
26437171
26437312
26437916
26447787
26448546
26450491
26450910
26457838
26461751
26463542
26466690
26467774
26474583
26475731
26475948
26478912
26479236
26479893
26485495
26488631
26489027
26490394
26497592
26499020
26499863
26500079
26515955
26517270
26517783
26520518
26524136
26530092
26532725
26534958
26535442
26536144
26539827
26550788
26550883
26554023
26554520
26556113
26560096
26561557
26571702
26573835
26575278
26577444
26578050
26580687
26583748
26587283
26587660
26589625
26595920
26596867
26597168
26599359
26605447
26607399
26613154
26613368
26613419
26614270
26625254
26629401
26634673
26637803
26639341
26643988
26644163
26648482
26650212
26657077
26658022
26661576
26662574
26663266
26663906
26665609
26665847
26666290
26666303
26666552
26667975
26669083
26679717
26679824
26681424
26682967
26686253
26694130
26698086
26698430
26706666
26712338
26713155
26722807
26724074
26724721
26727253
26735546
26736264
26736293
26736778
26736897
26740391
26748286
26749506
26752254
26753918
26755584
26757257
26757450
26759121
26766073
26767073
26767608
26771534
26772146
26776216
26778954
26779311
26779692
26784498
26788140
26793182
26793875
26800393
26804490
26805183
26806931
26808011
26812595
26818209
26818492
26820058
26821371
26821506
26823257
26823986
26824861
26826538
26827159
26831259
26832640
26843378
26844532
26851605
26859336
26860242
26862510
26867068
26868045
26868850
26870124
26876274
26879725
26884100
26887894
26888764
26892656
26894122
26895950
26896779
26896934
26898969
26900052
26906980
26909528
26910750
26911962
26916749
26918719
26920325
26923315
26925985
26935440
26935842
26942486
26944819
26945431
26947767
26952139
26956445
26956483
26958498
26963650
26969189
26971251
26978184
26978384
26981659
26993260
26998810
26999400
27001757
27002471
27002848
27003043
27003220
27004041
27004731
27006926
27007346
27008425
27018068
27018251
27025882
27027755
27032165
27034420
27042632
27042661
27046760
27048317
27052354
27054936
27058888
27063875
27064983
27067559
27070483
27074916
27075514
27079993
27081232
27085809
27088428
27090457
27091587
27094169
27094421
27096958
27102629
27103299
27104897
27111517
27117164
27118432
27122583
27123022
27124036
27124667
27140285
27140666
27142227
27146135
27151006
27151577
27151879
27154013
27164682
27166483
27170271
27172781
27172850
27173907
27176541
27177665
27184947
27190487
27195907
27196016
27201797
27202061
27202679
27203067
27215041
27215901
27224667
27234124
27236096
27236400
27237409
27244045
27254162
27254393
27260811
27263050
27264955
27268599
27270624
27271976
27274220
27275484
27278039
27282976
27291233
27296063
27301866
27306573
27306599
27307397
27317189
27320732
27326640
27326967
27330689
27333370
27334984
27337326
27342460
27346005
27351797
27352013
27353909
27354133
27363661
27366358
27366833
27369255
27372960
27373780
27383446
27389096
27393855
27400497
27401541
27402605
27405410
27408557
27409122
27413247
27418179
27419615
27419743
27423012
27426826
27428919
27430731
27440339
27445563
27447309
27455428
27459737
27462492
27463809
27463884
27464377
27468417
27469749
27470889
27471544
27475958
27477689
27478620
27480317
27481361
27481423
27481452
27485356
27489088
27492817
27496010
27500735
27502994
27511974
27513931
27516901
27517616
27517884
27518473
27526235
27526882
27527885
27528878
27531274
27532371
27533359
27535444
27536802
27541488
27543933
27547212
27549083
27555293
27558427
27563496
27564771
27576479
27576498
27579286
27587226
27590321
27590379
27593707
27594387
27596528
27597123
27599295
27604213
27609983
27612054
27613510
27622602
27627688
27628801
27635976
27637960
27638268
27638489
27639958
27645910
27646495
27646754
27647867
27647947
27649367
27650957
27654166
27656322
27658521
27661924
27663455
27663484
27666827
27673724
27675275
27675950
27677573
27680482
27689448
27694762
27702575
27705704
27709613
27712440
27732379
27734452
27738037
27741941
27745358
27746392
27749499
27752519
27757173
27760773
27764846
27767895
27770479
27772359
27777676
27787974
27791851
27792139
27792484
27792997
27794007
27797132
27801126
27807947
27810527
27814971
27815829
27823821
27832918
27836702
27838060
27846703
27851369
27851738
27853747
27854346
27859347
27867707
27872428
27878994
27880757
27882769
27888459
27900107
27900377
27907917
27915009
27933519
27948334
27948454
27951679
27953979
27961168
27969587
27972082
27976151
27976647
27976936
27977617
27982392
27983163
27983308
27983494
27983730
27984116
27984737
27984950
27988394
27990117
27991315
27992380
27995101
27998233
27998890
28000950
28001689
28002266
28002410
28005158
28005166
28007656
28012759
28013498
28017220
28018144
28021853
28022095
28029674
28030756
28033614
28033956
28036075
28037355
28040854
28043489
28043622
28044317
28044705
28048603
28049973
28062068
28062225
28067264
28073924
28083672
28086167
28090220
28090338
28092533
28093041
28093091
28108139
28113256
28113988
28115855
28116761
28125591
28136665
28138039
28150256
28161869
28165922
28167054
28167620
28169126
28172782
28173897
28176487
28177265
28184738
28186496
28187542
28188689
28192658
28195205
28199015
28203165
28210408
28216561
28225706
28227294
28234249
28238179
28238966
28239427
28239917
28247845
28250053
28250692
28251383
28253157
28264895
28265151
28266576
28269708
28272992
28275817
28276296
28281304
28287573
28288662
28290362
28290484
28298891
28301424
28301797
28302427
28308898
28310915
28313007
28315310
28317709
28318032
28318770
28320097
28326300
28327361
28329542
28330911
28333912
28334409
28335855
28336491
28342139
28343062
28343980
28350147
28352918
28353713
28357846
28366031
28366542
28367674
28368923
28369164
28378486
28381023
28381592
28383990
28384755
28384969
28385265
28385527
28387181
28388634
28391611
28393145
28393606
28402637
28404153
28404304
28408512
28410906
28411222
28414560
28424304
28432230
28433374
28434029
28440234
28442164
28444800
28445117
28445532
28446161
28448209
28448512
28450882
28451571
28455547
28456252
28458623
28458713
28467962
28468207
28469707
28473168
28476939
28483473
28485459
28485728
28487554
28495191
28497090
28499708
28509038
28512179
28514459
28516031
28516999
28517208
28524974
28533293
28534096
28535326
28536778
28536935
28538911
28539709
28542651
28543329
28545052
28545368
28547633
28548438
28558054
28561413
28565780
28565892
28567369
28573634
28576002
28579000
28580152
28582065
28587919
28594749
28599238
28602740
28604704
28604935
28606696
28618845
28624340
28625575
28625998
28629394
28631877
28633579
28633708
28635411
28636050
28639854
28643101
28644827
28647550
28661054
28662018
28662871
28670248
28676855
28679200
28679356
28680467
28682469
28684072
28690020
28692574
28693106
28694703
28694766
28698128
28698188
28699116
28702242
28704252
28710189
28715778
28715913
28722264
28722295
28722904
28728436
28733207
28735584
28735889
28736114
28736307
28737900
28742818
28744614
28746347
28746711
28748466
28749215
28751085
28753129
28757094
28758378
28761102
28761724
28761960
28764623
28766619
28771402
28776496
28777105
28779372
28782547
28785116
28787750
28796070
28797061
28801143
28801518
28801617
28806436
28813068
28816212
28818295
28822290
28823181
28828091
28828119
28828437
28831506
28836466
28839371
28842480
28844723
28846186
28849554
28850936
28854352
28854583
28856281
28856834
28858646
28859616
28872413
28878669
28881292
28882786
28883456
28885390
28885847
28893504
28893674
28894254
28895312
28897437
28902481
28905255
28906330
28908491
28915579
28916615
28921312
28923579
28933098
28936170
28938515
28939419
28940640
28941527
28944665
28948888
28950600
28959396
28963714
28964691
28965890
28975020
28976353
28976569
28981796
28985315
28985656
28986637
28986873
28987272
28988904
28989595
28990361
28994072
28997050
28997838
28998248
29002744
29004219
29005850
29006170
29006683
29009814
29010164
29011240
29011511
29013653
29016316
29016699
29019940
29021052
29025229
29025341
29032371
29032731
29034919
29035103
29041018
29041820
29042937
29051706
29051945
29060085
29061273
29061681
29065000
29065519
29068249
29068612
29070153
29072705
29073676
29074308
29075656
29076658
29078176
29078684
29082429
29084139
29086779
29087868
29088685
29089369
29095103
29095121
29101099
29103034
29105279
29106324
29109694
29114628
29115311
29117334
29129599
29131077
29132539
29135903
29137961
29139545
29143499
29147268
29147807
29149311
29156854
29158650
29161672
29170045
29170830
29172836
29175981
29177527
29177571
29178996
29180514
29190164
29197147
29198092
29201597
29205578
29206685
29209445
29209647
29212099
29215609
29218110
29221015
29223817
29228880
29232275
29235227
29238912
29242660
29243204
29243824
29244398
29250367
29256010
29256771
29262736
29264137
29272649
29274822
29278437
29282051
29284713
29286851
29288601
29291232
29291991
29292342
29292413
29301346
29302672
29307641
29314739
29318267
29323305
29334964
29335649
29337612
29339516
29342362
29345211
29349880
29351845
29352404
29365656
29366254
29367295
29368540
29370205
29372006
29372364
29374333
29376409
29378633
29383100
29384441
29385946
29394878
29406403
29409316
29423837
29427426
29429766
29434280
29437892
29439343
29442675
29446349
29451181
29461202
29479112
29479500
29481696
29491576
29497491
29498217
29505028
29509968
29512740
29525084
29525905
29539280
29540974
29541973
29549578
29559979
29561971
29565097
29571549
29572814
29586803
29600646
29600673
29600834
29603023
29605175
29606874
29621263
29624127
29625430
29631337
29634153
29636033
29638913
29639091
29651709
29654536
29655201
29656543
29657442
29657538
29664175
29665343
29676686
29677622
29689389
29693816
29696331
29699487
29700460
29702956
29705943
29707218
29707632
29713402
29715530
29717726
29719810
29725056
29728256
29728720
29731455
29732124
29733336
29734753
29746095
29746711
29747061
29747071
29747658
29748083
29753113
29758251
29758493
29774356
29774707
29780221
29782946
29785743
29786723
29788277
29789299
29789440
29793001
29793779
29795308
29796313
29798247
29800570
29805009
29805620
29807782
29808311
29808964
29810182
29811338
29817941
29822859
29826417
29829432
29829976
29843932
29846707
29847987
29848208
29849498
29852676
29863706
29868527
29871663
29872963
29877234
29878553
29885168
29885795
29889578
29889872
29892302
29894063
29897330
29897644
29899055
29903122
29904942
29905552
29913434
29916169
29920992
29922197
29924242
29925835
29926764
29931585
29932949
29934786
29934853
29938925
29939586
29940813
29941851
29945450
29948173
29948214
29949518
29951491
29951917
29967266
29975611
29978573
29980639
29982515
29985579
29986012
29988337
29990812
29993191
29996892
29997945
29999542
30000458
30002919
30007856
30009150
30010954
30015351
30022339
30032656
30035913
30040130
30043034
30043256
30044449
30046639
30056362
30058433
30062310
30064352
30065308
30066726
30066829
30067525
30067659
30067756
30073672
30084243
30084444
30085613
30089713
30091768
30094499
30094928
30095758
30099577
30101564
30102913
30107548
30113041
30115148
30115900
30116293
30123832
30136417
30141112
30145436
30145444
30148619
30149348
30156353
30156405
30161042
30163640
30164137
30172241
30177493
30182826
30182958
30192664
30193826
30195864
30197257
30197568
30200176
30203792
30215494
30220772
30226942
30237491
30250522
30251972
30252206
30255029
30255864
30260311
30260922
30262847
30265094
30270061
30271469
30275956
30276278
30278399
30282121
30287546
30289347
30290734
30296747
30297497
30299226
30299750
30304940
30305427
30310971
30313471
30319059
30319564
30322667
30336432
30338869
30339008
30339068
30341054
30344697
30347394
30351614
30356132
30356541
30359052
30359494
30359931
30360537
30370720
30371793
30374330
30374661
30376098
30379221
30381137
30381912
30383620
30384661
30385849
30388076
30389793
30391016
30391397
30395438
30395988
30399875
30401458
30402237
30406878
30409709
30410351
30413008
30413645
30414121
30414606
30417472
30419721
30422616
30425656
30426312
30426981
