7166
9152
11521
12770
13685
14819
16412
27337
27343
29408
40084
41034
41391
46516
47933
48117
67840
67942
69272
69552
71829
72707
75144
76474
76917
78812
80657
81483
82203
86647
88257
88989
89412
91828
92969
96312
99815
101674
109770
110063
113714
113973
117318
117788
123273
135671
146242
146443
147612
154557
159548
160290
165199
165840
168825
169532
173004
175611
184996
185107
186105
188823
190266
193144
198466
198488
203100
203412
204009
206535
207016
210989
214878
215265
216569
219044
219715
219943
222800
226520
228052
230781
231514
233152
239583
239588
240582
248281
251464
253865
254445
263835
266838
271549
271668
275189
275624
278206
283479
283739
285103
295449
296265
301333
302777
312865
317686
320822
322427
324578
325187
327531
327737
335651
342734
351014
353476
355249
369629
373879
373920
378049
378140
385032
386583
387258
388881
391790
396772
401043
402362
408977
409604
413387
413681
414715
416582
417488
426318
433336
439307
444022
444112
446522
461791
471759
476583
477757
486946
489074
491270
493354
498600
501800
502264
504999
505668
506880
519133
524484
525344
528746
531154
536855
546207
549990
550498
550548
565596
570713
571930
577068
577310
589951
591565
593907
599041
602586
608378
608594
610490
610714
618954
621689
626512
627717
629762
632445
632814
634823
635422
640423
648783
653504
659327
659719
661126
666067
666319
668517
671009
677424
680180
681705
681780
687322
687353
694467
698254
703784
707398
709320
717290
718651
719714
721696
723763
724795
729338
731036
731439
733616
734985
741514
741664
742077
744114
744870
745118
746749
748604
753043
753523
762174
763362
767056
769866
772569
775719
776579
777063
786702
787638
795736
799645
802472
813595
820116
822301
823271
824055
824796
825520
829461
829767
832840
851193
859557
862584
869307
875914
878259
878415
879526
881528
889894
889992
891522
893735
894780
909017
909305
910776
915491
925218
926608
927640
935001
939073
943618
945169
954126
955820
956819
964424
969968
971173
975620
977258
982547
983889
984326
985593
994602
996102
996947
998059
999564
1001687
1002409
1007501
1009620
1019273
1024241
1025256
1025468
1029455
1030305
1032834
1036328
1037064
1042187
1042956
1051451
1053884
1059279
1061292
1062199
1065374
1066118
1068095
1070512
1081987
1087308
1091685
1101243
1105746
1106445
1108603
1109345
1112319
1118544
1126666
1131044
1132585
1140036
1140256
1142832
1144768
1146022
1154280
1158412
1168652
1169738
1172792
1175302
1175589
1179139
1181578
1181704
1182085
1182239
1187330
1187929
1196726
1200085
1204452
1204564
1206041
1217180
1218531
1222999
1237063
1239028
1241082
1247373
1247383
1247586
1247936
1251672
1264029
1264417
1264483
1265975
1267602
1275621
1276778
1277890
1279462
1282474
1282547
1283827
1285891
1291790
1292408
1296831
1297188
1298017
1298261
1299720
1300576
1303383
1310704
1311571
1311743
1316905
1318401
1318658
1321680
1328184
1329299
1339153
1340132
1341908
1345710
1346110
1348724
1352473
1366320
1371083
1374060
1375751
1376576
1377342
1382128
1383353
1388831
1396001
1396469
1407263
1409967
1410402
1413056
1420204
1425625
1432682
1432862
1434575
1437351
1443727
1445537
1451493
1452979
1455303
1456137
1456891
1459654
1461592
1462035
1462488
1463113
1469572
1477622
1478819
1484048
1486611
1486890
1488026
1488846
1492315
1497762
1498046
1505909
1505996
1512629
1524875
1525766
1530676
1530704
1531022
1534091
1539051
1541956
1548070
1550322
1552790
1557653
1560147
1561244
1561878
1564693
1567235
1568794
1573415
1573637
1574405
1580082
1582359
1583040
1584256
1586491
1587492
1587531
1588298
1589699
1597183
1598414
1604910
1605555
1611322
1612391
1612797
1615079
1624102
1628097
1641128
1642578
1642812
1645635
1650876
1658182
1661598
1664431
1666671
1668594
1669608
1670589
1672996
1676258
1682682
1683533
1688349
1696282
1703118
1703157
1704859
1709778
1710779
1711766
1718487
1720476
1725046
1727506
1729460
1730623
1736310
1741544
1742035
1753239
1754912
1755304
1756020
1757833
1758891
1761728
1763940
1769570
1771809
1773714
1777358
1779383
1780735
1782979
1784243
1786678
1789167
1791282
1791669
1792571
1795711
1796140
1797881
1801585
1802082
1802783
1803227
1806164
1809775
1812085
1812588
1814208
1814225
1817748
1820181
1825767
1830620
1831660
1832853
1833481
1834857
1836256
1837732
1837777
1847297
1849028
1849748
1859185
1865569
1865671
1871902
1876326
1877148
1877517
1878152
1878403
1881533
1884021
1886667
1888499
1892160
1902407
1905150
1912927
1916620
1919754
1920901
1921217
1923304
1925286
1925778
1931956
1934916
1936289
1938922
1940621
1941608
1943288
1946312
1951906
1955337
1955388
1956536
1956762
1961181
1961830
1966631
1966901
1974441
1977111
1978241
1980823
1981075
1983612
1991656
1995946
1997776
2000058
2000484
2005385
2005877
2006065
2011646
2012058
2012117
2012146
2012371
2013435
2014309
2014372
2014891
2017253
2017738
2019920
2021168
2022596
2027713
2033569
2035415
2042628
2043226
2047072
2053807
2056873
2058055
2060517
2060863
2070008
2071596
2078551
2081628
2083140
2095919
2095939
2097915
2105681
2107584
2108940
2108971
2109014
2114189
2114677
2115903
2119038
2122090
2124100
2125444
2125599
2128915
2129584
2137386
2141155
2142743
2144665
2148320
2153297
2153908
2154733
2162452
2165377
2172769
2174532
2176544
2182234
2189950
2190402
2194997
2196568
2198841
2200471
2202531
2206971
2213524
2215559
2219003
2235298
2235917
2238433
2240938
2245107
2245675
2245982
2246831
2246931
2249960
2251142
2252592
2253089
2260171
2267278
2268767
2276673
2277765
2283448
2284875
2291118
2292970
2294446
2294471
2295556
2296129
2296502
2299415
2313105
2321031
2322175
2322830
2327538
2327977
2328991
2329622
2345240
2345621
2347182
2350044
2355005
2355266
2356431
2357749
2359182
2363138
2365012
2367321
2372738
2374662
2375703
2379340
2380481
2385431
2386317
2391074
2391785
2394616
2394885
2397301
2397596
2397941
2401020
2411394
2412048
2412984
2419112
2419273
2419821
2420416
2423070
2427525
2427877
2428005
2435258
2435926
2436796
2438984
2442013
2442319
2443107
2447891
2448067
2452216
2457494
2458762
2461559
2461954
2462201
2462423
2462729
2466346
2476316
2477453
2478889
2484258
2486197
2489108
2493409
2493825
2495664
2499238
2499362
2505686
2507867
2510193
2510630
2510801
2512354
2513190
2517856
2520306
2522703
2527620
2527666
2530794
2531311
2532009
2534409
2537604
2546705
2553531
2553616
2555094
2555621
2561770
2565027
2566932
2571913
2573058
2574663
2576254
2576410
2580309
2582699
2587440
2588245
2588855
2604343
2604839
2612321
2612986
2613367
2614146
2621298
2622693
2624836
2629646
2629736
2632384
2632762
2642435
2646460
2646839
2649359
2657149
2657308
2660036
2663458
2665802
2667486
2673267
2675346
2675864
2676211
2682811
2686778
2687492
2689469
2691586
2694358
2694819
2702316
2704978
2708033
2710916
2711881
2713626
2714360
2716362
2719719
2720774
2722917
2723661
2725178
2729926
2733648
2739073
2741412
2743568
2745767
2749170
2750701
2750730
2754073
2759049
2763647
2766113
2769196
2769974
2773146
2774816
2775767
2777410
2777908
2778479
2779461
2781292
2783631
2784410
2788113
2791934
2792220
2793041
2793776
2798374
2801986
2803526
2806302
2808289
2808562
2808923
2809347
2810457
2812951
2823466
2834059
2842404
2848775
2859375
2859497
2863555
2864622
2869111
2869524
2872210
2878017
2878567
2881356
2885488
2887471
2887768
2890554
2892599
2892878
2895383
2896738
2896793
2897604
2901168
2902599
2902745
2903673
2908152
2919703
2920402
2921418
2923200
2932407
2932760
2936863
2937339
2938424
2938634
2939897
2941560
2944082
2945719
2948376
2948517
2950895
2950899
2951682
2952465
2957077
2958621
2960501
2963381
2963559
2976177
2979004
2979669
2981011
2982959
2983841
2987169
2989392
2995591
2995808
3007656
3014771
3014820
3015037
3016943
3018423
3024615
3024900
3031676
3040333
3041800
3045770
3055554
3057508
3060919
3072192
3077574
3077980
3079371
3081767
3083801
3084524
3087791
3088121
3090254
3092776
3093036
3095068
3100253
3107066
3108980
3111520
3111786
3114582
3123613
3126923
3133075
3136043
3138963
3145861
3152351
3155511
3155897
3158233
3160387
3166782
3167673
3170848
3173886
3175163
3178235
3182179
3182634
3188086
3191183
3191467
3191515
3196040
3209073
3209099
3210566
3210590
3219539
3220646
3223178
3223700
3231309
3233250
3233807
3239518
3241166
3244199
3245947
3248772
3250264
3251617
3252066
3252929
3253113
3254666
3261324
3268531
3271254
3272036
3275127
3276582
3280233
3280330
3297037
3300193
3305047
3311564
3321083
3324364
3328465
3329193
3334583
3335523
3339288
3341272
3341580
3341801
3343270
3349222
3349807
3350066
3351179
3351259
3352679
3354269
3357147
3359767
3367059
3371768
3375166
3382477
3383192
3383460
3384049
3391811
3392458
3393461
3394454
3396850
3397947
3398935
3401020
3402378
3403010
3404179
3404901
3408988
3413317
3414506
3414797
3416674
3422096
3424686
3430723
3431671
3432697
3437673
3439785
3440408
3444345
3444410
3450188
3456703
3457741
3458655
3459702
3469129
3476327
3479031
3481392
3484607
3489923
3493461
3493835
3496069
3496288
3497559
3499882
3501395
3505877
3506367
3508049
3509776
3514488
3515841
3524646
3524755
3527788
3529789
3538886
3539054
3540536
3540953
3546124
3551613
3554728
3562884
3565462
3568009
3569371
3572398
3577123
3579468
3583596
3589988
3593940
3598927
3600035
3604563
3604946
3608187
3609299
3613476
3613588
3620618
3620978
3623166
3623350
3627649
3633729
3634657
3634673
3644103
3647612
3650788
3654894
3657118
3657850
3660185
3670807
3671757
3681110
3684884
3685105
3685179
3695436
3699721
3701382
3701683
3702586
3703678
3709597
3714964
3721331
3721559
3725485
3726766
3731954
3736141
3738008
3738889
3741010
3744292
3744830
3745052
3750713
3753250
3753819
3756217
3756982
3757196
3757492
3757754
3759408
3760861
3763838
3765372
3765833
3778233
3778979
3780566
3787765
3788776
3793297
3793708
3796002
3798205
3805975
3806638
3809610
3810123
3811108
3811658
3812167
3812734
3814710
3815217
3827720
3835669
3836823
3837105
3837814
3842826
3854314
3856187
3858210
3859211
3859248
3863774
3867437
3877695
3886442
3888764
3890227
3891691
3899439
3903574
3903935
3911026
3912033
3914633
3920355
3922453
3925528
3926338
3930917
3931414
3933072
3933488
3934629
3937514
3940682
3943890
3944017
3944536
3949420
3954697
3955026
3958250
3958494
3963863
3964700
3964845
3967304
3969486
3970450
3973746
3975985
3979733
3983265
3983588
3984891
3986367
3994523
3995357
3996566
3996569
4000043
4005205
4021533
4033008
4033369
4036594
4037423
4044403
4047809
4052352
4057954
4058858
4060991
4064079
4064421
4065024
4068683
4072052
4074761
4078446
4082194
4082738
4083358
4083932
4092179
4093187
4093674
4095972
4098097
4098164
4106547
4112578
4114879
4118338
4122909
4123166
4124919
4127301
4128924
4137539
4143992
4155135
4157618
4157845
4158115
4164154
4167325
4167921
4168320
4172313
4172408
4174795
4177754
4178024
4181438
4182374
4182861
4184635
4187978
4189709
4194607
4196347
4196468
4197281
4198185
4199043
4203420
4204661
4205846
4206649
4207215
4207991
4211805
4211824
4215025
4217328
4218566
4221605
4221775
4227073
4228167
4234718
4235665
4244532
4245366
4257617
4258765
4258982
4261946
4262270
4262927
4267415
4273680
4274327
4280578
4281682
4288970
4293397
4296733
4298783
4309982
4310882
4311584
4318222
4320630
4324920
4326475
4326653
4327454
4331825
4335543
4335787
4338817
4340065
4347453
4348568
4348754
4353528
4354171
4363271
4378944
4380106
4382144
4383537
4383848
4389730
4390423
4396941
4401038
4401731
4403479
4405057
4412435
4414573
4415416
4423972
4426157
4428454
4432619
4433784
4434825
4445971
4447883
4449763
4455080
4464503
4468962
4470473
4473841
4477053
4481993
4484596
4486668
4489874
4493815
4494392
4494948
4500911
4504068
4504251
4504399
4511219
4512757
4513097
4514671
4515065
4521508
4522142
4522199
4526324
4533905
4535921
4545770
4547473
4547711
4548154
4548167
4548416
4549839
4550947
4561581
4561688
4563288
4564831
4568117
4568603
4569270
4570328
4570517
4571089
4573050
4574789
4575282
4576341
4576446
4576870
4583863
4584094
4588230
4589603
4597649
4599186
4604091
4609665
4615308
4616069
4622034
4623435
4624909
4625272
4631182
4639855
4644093
4644989
4645426
4647395
4650128
4650900
4652457
4652912
4653489
4657190
4659787
4664510
4666162
4669231
4672830
4673758
4674529
4677641
4679514
4680266
4681686
4682340
4684365
4686801
4691525
4694145
4696189
4698558
4702459
4703501
4703649
4704812
4706625
4707394
4708544
4710803
4719783
4721740
4723297
4729643
4738571
4738800
4742757
4743122
4744318
4747643
4756651
4759762
4763343
4768044
4768189
4770139
4770404
4771770
4777019
4779946
4786202
4791522
4793510
4800229
4801100
4802784
4806878
4806938
4808326
4808333
4809310
4811683
4820519
4832739
4835867
4837470
4841489
4846167
4854385
4858378
4859394
4862807
4864785
4871641
4872138
4873157
4873412
4882816
4887817
4888397
4889297
4892298
4895072
4898384
4901046
4904104
4904454
4910681
4912486
4918596
4918711
4919642
4923170
4929804
4932182
4935576
4937027
4937434
4938959
4945041
4946175
4948114
4950487
4951401
4951632
4959735
4962696
4963131
4963296
4965667
4965860
4972597
4974262
4975010
4981720
4983632
4983879
4985001
4985270
4985899
4986188
4987180
4987718
4988707
4989168
4990449
4991190
4995028
4997698
4999533
5000284
5004949
5005810
5006191
5007185
5009040
5010193
5010210
5010409
5011361
5011904
5015699
5022206
5022762
5023119
5026619
5027100
5029116
5030990
5038267
5045219
5046944
5050608
5050916
5058236
5071180
5072400
5075148
5076812
5078478
5080151
5080344
5087366
5099096
5102362
5103620
5110904
5116530
5120161
5122627
5126974
5128092
5134726
5135133
5137443
5152372
5163603
5168230
5168733
5169509
5175126
5175576
5175659
5178469
5179203
5179750
5185078
5186284
5188720
5194423
5197177
5198993
5202497
5204489
5214435
5218255
5221767
5232954
5235247
5236768
5238125
5251263
5251886
5271322
5271333
5271639
5275095
5278481
5278570
5281169
5281335
5286329
5287745
5289095
5293039
5298484
5305823
5315268
5316083
5319356
5320731
5323384
5325619
5332654
5335177
5355212
5357070
5357568
5358288
5358595
5358859
5359507
5363438
5365744
5369222
5369732
5370288
5370291
5372115
5372272
5376300
5377871
5383027
5389232
5389552
5391636
5393590
5396394
5397604
5401979
5403055
5404835
5407661
5410221
5418767
5430356
5430560
5432179
5450464
5452281
5454421
5454876
5459814
5461937
5464090
5465030
5466288
5472871
5473037
5475259
5476023
5478916
5481569
5483895
5484460
5485873
5489929
5490361
5497511
5500117
5501439
5501781
5501946
5508023
5511677
5522470
5524900
5529723
5531903
5535222
5538706
5546040
5548890
5555078
5556780
5558158
5560826
5571593
5574904
5589529
5590164
5590836
5595001
5596220
5601684
5603419
5606304
5612339
5612929
5615286
5616000
5616377
5616572
5616749
5617570
5618260
5620455
5620875
5621954
5624346
5625227
5633581
5637472
5638966
5639636
5641570
5642027
5649684
5649854
5650434
5651492
5653617
5658661
5663852
5665445
5665852
5667590
5673776
5681338
5683165
5692596
5692702
5694234
5696656
5702831
5704475
5706027
5707405
5708407
5710991
5713007
5713261
5721980
5726473
5735759
5735786
5738244
5738742
5738849
5739955
5744586
5744907
5749050
5749988
5756521
5756542
5756686
5759579
5762049
5764454
5765402
5768370
5770987
5772849
5774157
5776855
5779902
5785894
5796172
5799313
5801593
5803165
5809817
5810976
5810995
5814417
5818514
5832285
5838314
5838777
5845749
5850363
5867069
5873432
5875282
5881085
5882473
5883728
5888182
5888960
5890489
5891494
5893428
5895751
5900190
5900801
5902963
5903492
5904145
5905363
5909671
5917971
5923056
5927899
5928429
5929850
5930548
5938366
5943050
5948997
5959677
5960818
5962314
5963944
5965866
5966735
5967705
5968894
5972589
5973301
5976457
5977430
5979926
5982913
5984188
5984602
5996286
5997168
5997688
5998763
6001266
6002726
6005563
6013352
6016265
6016303
6021127
6023439
6026783
6026859
6027041
6028409
6031812
6042465
6043580
6044614
6046001
6047285
6048006
6049662
6057319
6065158
6071587
6072764
6076804
6079133
6082040
6083074
6090775
6099666
6100167
6100831
6100993
6105288
6110816
6112994
6113077
6115594
6117615
6120615
6121441
6129016
6129574
6136803
6139665
6140894
6142530
6143653
6146666
6147408
6147692
6148259
6149276
6149277
6158758
6161089
6163710
6164389
6165554
6165763
6166144
6166687
6177203
6180948
6181016
6185299
6192698
6194759
6203491
6207245
6207487
6212567
6213515
6214214
6215290
6215836
6216058
6217619
6220796
6222424
6223474
6223904
6224762
6226145
6227387
6227764
6229273
6231214
6231872
6235781
6237608
6238019
6238559
6239192
6242683
6247429
6254996
6256876
6257397
6257881
6259003
6260033
6265083
6269191
6272491
6273894
6275048
6275805
6277680
6278888
6287490
6289368
6292232
6296147
6302451
6305577
6306229
6306373
6309097
6315316
6317780
6328865
6334225
6344905
6349873
6353334
6356906
6361506
6366000
6370299
6370617
6373549
6377505
6377646
6378039
6378323
6381326
6381487
6384444
6386280
6387866
6394997
6406911
6414156
6418486
6419911
6422706
6423426
6425665
6430601
6434765
6437623
6446378
6446688
6452755
6453782
6454266
6462940
6468376
6469619
6473113
6485702
6487654
6489539
6491671
6493995
6494697
6499351
6501589
6512349
6512470
6513879
6515469
6520912
6524772
6525656
6525912
6528221
6532202
6532774
6538477
6549023
6549926
6550894
6551021
6558764
6562381
6564404
6575792
6577717
6582006
6583405
6587970
6590843
6593738
6594220
6594272
6598909
6601507
6602004
6614657
6621790
6621834
6622410
6626321
6627900
6631499
6639350
6653515
6653897
6660358
6661224
6666539
6667203
6668884
6669942
6672610
6672830
6683395
6702972
6707950
6708490
6719741
6725231
6725398
6725492
6725522
6731544
6732944
6734282
6734435
6734474
6739414
6744006
6744197
6744495
6761026
6761925
6762954
6765115
6765813
6767090
6768497
6768609
6770959
6773424
6773840
6782495
6787461
6790224
6795994
6797485
6802404
6804830
6811876
6818263
6819248
6821172
6824407
6837077
6844703
6845844
6847920
6850974
6853347
6857438
6864306
6868144
6870582
6870794
6875930
6878847
6879708
6880769
6884852
6885653
6887315
6888925
6889300
6890383
6890802
6895635
6899592
6900067
6900231
6900648
6901340
6903961
6904731
6905738
6908243
6910338
6911214
6911380
6918100
6918596
6921906
6922016
6923713
6926971
6927766
6931899
6940084
6940595
6941727
6942976
6943217
6950350
6950559
6956381
6957427
6961678
6962425
6962740
6967365
6968822
6971881
6971913
6972926
6974489
6975510
6980201
6986264
6988376
6993564
7002402
7002995
7003302
7003363
7004011
7007230
7008708
7008945
7010663
7010727
7015581
7016105
7017014
7018503
7020246
7025038
7026363
7029779
7031016
7036973
7038414
7041902
7044799
7049813
7050339
7052044
7055106
7068040
7070273
7072590
7085917
7086037
7090322
7091943
7094728
7095162
7098819
7104515
7108471
7108829
7109657
7116106
7118177
7120265
7120427
7126791
7129964
7133795
7140907
7143317
7145143
7146705
7149776
7150234
7152693
7152751
7153164
7157897
7161465
7161782
7168652
7172029
7173526
7176961
7180388
7184528
7187204
7195383
7195531
7201891
7205657
7210307
7211509
7212447
7213328
7221858
7224863
7227414
7228128
7232489
7234762
7238871
7239377
7241479
7247185
7252626
7263807
7268921
7273976
7278980
7287828
7288144
7288757
7289015
7290187
7290218
7293283
7297787
7297800
7297925
7299663
7299940
7300641
7304069
7306964
7310395
7313857
7320593
7327552
7332756
7335095
7338368
7340758
7343051
7343328
7343956
7345773
7350218
7356326
7358308
7361204
7362320
7365877
7371242
7373946
7375400
7378602
7378953
7379460
7383836
7384165
7384681
7386623
7389743
7394614
7395185
7395487
7397621
7408290
7410091
7414291
7417051
7429187
7430646
7438393
7441906
7448542
7448712
7451887
7451938
7454566
7455686
7458720
7462669
7462883
7470578
7470802
7472274
7474397
7476702
7477406
7477428
7478440
7485444
7487557
7490709
7495081
7495085
7501068
7503374
7503693
7504298
7507173
7507515
7508558
7510458
7511279
7514355
7515832
7518864
7522185
7524386
7527059
7527149
7527459
7528177
7531751
7533444
7533645
7535387
7549755
7551236
7556547
7558674
7564259
7580663
7582298
7591112
7591377
7602388
7605170
7609350
7616721
7621776
7624551
7625831
7626052
7627342
7630520
7633507
7634967
7637801
7638532
7640116
7658633
7661926
7669510
7671048
7673009
7673357
7674022
7676639
7679230
7679355
7684883
7686507
7687144
7687680
7689388
7690685
7693172
7694505
7698023
7700034
7700301
7701247
7704825
7706321
7707498
7708049
7709248
7714170
7715084
7716713
7717012
7719328
7723439
7725357
7726992
7729411
7729845
7730419
7738691
7740271
7744446
7753756
7759008
7764341
7764473
7772100
7774599
7778045
7779319
7779572
7779865
7786082
7793149
7793172
7801383
7802123
7807846
7816557
7817129
7822163
7822474
7824178
7826432
7828496
7831120
7836025
7838150
7853095
7858973
7861291
7862801
7864049
7877159
7877317
7878616
7878812
7882547
7885652
7886410
7892540
7897300
7901553
7906291
7907241
7910586
7912126
7914954
7918105
7920196
7920936
7926631
7926692
7928324
7928728
7930211
7933948
7934878
7935842
7936428
7940027
7940791
7942450
7945582
7947328
7955447
7959756
7962511
7963828
7963903
7964396
7972329
7978940
7979204
7979822
7980210
7992184
7993209
7994247
7998974
8004551
8005387
8010061
8011291
8011412
8012043
8015003
8015969
8024733
8025218
8025891
8027581
8027694
8030138
8035206
8035696
8038690
8043187
8048751
8052758
8054847
8055334
8055662
8056627
8062154
8063384
8067231
8069265
8074525
8076962
8079430
8088100
8095448
8097192
8098688
8099690
8104620
8106229
8107479
8108123
8113466
8114944
8115157
8116020
8126366
8127774
8136692
8148166
8158204
8161938
8162169
8163239
8169116
8169731
8170024
8183524
8184836
8186688
8189476
8190870
8192977
8200129
8200467
8202561
8205405
8206447
8210870
8212289
8213453
8214304
8215961
8217938
8232362
8232907
8234059
8238296
8238706
8239142
8246200
8249966
8254496
8261377
8264941
8265330
8268360
8268977
8269615
8272364
8274415
8276243
8277155
8279897
8281655
8286220
8289028
8289753
8291308
8291784
8293699
8296265
8300111
8300766
8305760
8307481
8308423
8308523
8309854
8314586
8322711
8325408
8325883
8328305
8332010
8332830
8346796
8350335
8351071
8353012
8353919
8355328
8358336
8358371
8360275
8361574
8362332
8362525
8367516
8369640
8369848
8369901
8371061
8372286
8375358
8385305
8398316
8398572
8399997
8411524
8418363
8420093
8420624
8422185
8432723
8437155
8437295
8445151
8446477
8451446
8457149
8461148
8461806
8463205
8463462
8467871
8475195
8479936
8487720
8490355
8496976
8499339
8499688
8507179
8511318
8511821
8513323
8517971
8519593
8520388
8520615
8521598
8530192
8534553
8535537
8535652
8544752
8545747
8548544
8550081
8555768
8561146
8562468
8567064
8570202
8570275
8573159
8573226
8575540
8577545
8583322
8586457
8587879
8589444
8591440
8594143
8596253
8599333
8601866
8604118
8612550
8614223
8621251
8621581
8623738
8634545
8636524
8636801
8637654
8645412
8649581
8653034
8657969
8660924
8662508
8682244
8682559
8688197
8688229
8688231
8689080
8694050
8695123
8695410
8695767
8704927
8705091
8709332
8709700
8712988
8716141
8725278
8730331
8733618
8734533
8734694
8734782
8735838
8736606
8739530
8743963
8744561
8749040
8750279
8754856
8757475
8764455
8764796
8766328
8774576
8775721
8776551
8778782
8789993
8793465
8796488
8797587
8798022
8798602
8799220
8799468
8800898
8812425
8813052
8819649
8820159
8821399
8831026
8832377
8832719
8834036
8834480
8835000
8840588
8840840
8846641
8847139
8849511
8852865
8854007
8871743
8874816
8875931
8881166
8884642
8885590
8889588
8890431
8895018
8895111
8896072
8899652
8903133
8903911
8907167
8910267
8910331
8915708
8921715
8922444
8927830
8934064
8938380
8941830
8943961
8945683
8946186
8958246
8964502
8965737
8966332
8968227
8968416
8969292
8970799
8972848
8974114
8977251
8986724
8990642
9003207
9007321
9012421
9012973
9013514
9021294
9027172
9027200
9029028
9031580
9034340
9037295
9038587
9045232
9046706
9049700
9053887
9056518
9056763
9058781
9063721
9067453
9071182
9074375
9079452
9080038
9088129
9089690
9094289
9097738
9103139
9104723
9113163
9113197
9114918
9120567
9123861
9127515
9131041
9140068
9145226
9151143
9154627
9154828
9157868
9171116
9176198
9176658
9180909
9181399
9191464
9194145
9194883
9196566
9196779
9201652
9202144
9202263
9205137
9205461
9205594
9205645
9212066
9213603
9217864
9233135
9233766
9236535
9241138
9258216
9258368
9260280
9262831
9264411
9267077
9273828
9276338
9276407
9277464
9280098
9281222
9288504
9295574
9303119
9304144
9308637
9316625
9316706
9324267
9326420
9330705
9336518
9339053
9340842
9342058
9344125
9344679
9349051
9361186
9361816
9362618
9365553
9368305
9371001
9371194
9372192
9373921
9374080
9389826
9392065
9392191
9398535
9401731
9407957
9408203
9412570
9414719
9415652
9417985
9422112
9422277
9424359
9426237
9427179
9427296
9427469
9428041
9429308
9434364
9435106
9435166
9440946
9440961
9446489
9447388
9448578
9448935
9453335
9453484
9454003
9455352
9460341
9462608
9472127
9475199
9477311
9479843
9488136
9488854
9488883
9489368
9489487
9492981
9502554
9505844
9506094
9509698
9512321
9514530
9519034
9519690
9522299
9533818
9536429
9536444
9537996
9551221
9553666
9556945
9558816
9565026
9568160
9579271
9581544
9581732
9583523
9588755
9589540
9590824
9592442
9594701
9595498
9600569
9605820
9611599
9619212
9622292
9623399
9626159
9626361
9628813
9632323
9634824
9637336
9638006
9640956
9643904
9644084
9646226
9646417
9649466
9649889
9650519
9650594
9654424
9655916
9657715
9657748
9665450
9674479
9674905
9684528
9684639
9685679
9688131
9689819
9690969
9696166
9700386
9704936
9711075
9714806
9715818
9718982
9722469
9735241
9736309
9738157
9739441
9745060
9745888
9747549
9748038
9750127
9752336
9757688
9760617
9760855
9762870
9767542
9768224
9768404
9775091
9775478
9775513
9778232
9783025
9784927
9787459
9790435
9791951
9795150
9799221
9813085
9817877
9823060
9834203
9835425
9835951
9837046
9837474
9846168
9846909
9850205
9850813
9851339
9852246
9855760
9858754
9864875
9866322
9868039
9871167
9873133
9880144
9883973
9886312
9895652
9898516
9899819
9905726
9909585
9910270
9912233
9914137
9916983
9919832
9924501
9926466
9927025
9932269
9932972
9938144
9941206
9941869
9950943
9953972
9954743
9955429
9956083
9956107
9960769
9961590
9965086
9966371
9967677
9969200
9978905
9980849
9987919
9990533
9991748
9997003
9997598
9999277
10000031
10004220
10010693
10013123
10013638
10013701
10015008
10023480
10032785
10036098
10039550
10039899
10039985
10042702
10044849
10045345
10046993
10049931
10053476
10054557
10055662
10056477
10059193
10060448
10061938
10066481
10070740
10071140
10085745
10087711
10089582
10093620
10096083
10096812
10097807
10098594
10103113
10103197
10107519
10110673
10113156
10121543
10123650
10123877
10124675
10124936
10132514
10133048
10133749
10134717
10135743
10138764
10139261
10140254
10141277
10144671
10145042
10149535
10150825
10150940
10155399
10157741
10160168
10160413
10163585
10164918
10166638
10170235
10184611
10184908
10187185
10187801
10189521
10195000
10197363
10198096
10199991
10200403
10200444
10201368
10203860
10206324
10207234
10211006
10213821
10218139
10219116
10220315
10229445
10230778
10230994
10236245
10241844
10243054
10244302
10246953
10250539
10251422
10260946
10262844
10266064
10266341
10266590
10268986
10269487
10272333
10272904
10275939
10277965
10278831
10284519
10284554
10285189
10297363
10299530
10301312
10301600
10305349
10309100
10309378
10310936
10315218
10316885
10316981
10318241
10319238
10323251
10336412
10338447
10338557
10339422
10339748
10345838
10348560
10348693
10350639
10351249
10352235
10353068
10354076
10355184
10358273
10359145
10359394
10360494
10361206
10366786
10368558
10374559
10379770
10384050
10387303
10391073
10393432
10394893
10395609
10400423
10404908
10408372
10409904
10410836
10412859
10413150
10416800
10418196
10418891
10423705
10424054
10432317
10437985
10441896
10448843
10449491
10450445
10453759
10455752
10456856
10457848
10461619
10462462
10473047
10477812
10482535
10485289
10489012
10492523
10492751
10495042
10495888
10507771
10511656
10515201
10529148
10535082
10540956
10542806
10543301
10544774
10545769
10549965
10550079
10552422
10560317
10568332
10571393
10574928
10575305
10577270
10583565
10584512
10584813
10587004
10591187
10592742
10593016
10598312
10601694
10601782
10604936
10609820
10610444
10611828
10613900
10617841
10618051
10619012
10619122
10620465
10621359
10622109
10622505
10623559
10624983
10628940
10631500
10631849
10634229
10634985
10636762
10638363
10639481
10642990
10644818
10656271
10656869
10657910
10659155
10660820
10662621
10662979
10664948
10667024
10669248
10671259
10674398
10682802
10686277
10687676
10688027
10689650
10693044
10695186
10696012
10698306
10707241
10708987
10714122
10722194
10724558
10726754
10726912
10728462
10734260
10735980
10743004
10747249
10749991
10750483
10750541
10751996
10752379
10754592
10757259
10757845
10759883
10760701
10761452
10763150
10765557
10770227
10771565
10773225
10777759
10778093
10785794
10787054
10788955
10791657
10795103
10803929
10809060
10810716
10811285
10812317
10817824
10823977
10824017
10825478
10827097
10829732
10830606
10830666
10838326
10841218
10841676
10847051
10848399
10850851
10852417
10856883
10859120
10873860
10878927
10883017
10886549
10889316
10895285
10898295
10898969
10901546
10901796
10901989
10902535
10904946
10906978
10915351
10916811
10924236
10924398
10926161
10926916
10926997
10927657
10929820
10931555
10933596
10936777
10937037
10938553
10942573
10943774
10944057
10946949
10948933
10951003
10951763
10962521
10966952
10972582
10972620
10982200
10984789
10987523
10988188
10989500
10990949
10991386
10998671
11005883
11008627
11012096
11012128
11013657
11014099
11020772
11022687
11023408
11024724
11026681
11028576
11029293
11034704
11035076
11038182
11041725
11047452
11048643
11049700
11052079
11052579
11052595
11053979
11058096
11065114
11067667
11069051
11070006
11071840
11072367
11074749
11078046
11085164
11094139
11099047
11099734
11100411
11110807
11113235
11113557
11113796
11119616
11121165
11121240
11126614
11132413
11132983
11133060
11133594
11133607
11137790
11153713
11159635
11162390
11164386
11166629
11168092
11171460
11172842
11176258
11176489
11178187
11178740
11180552
11181522
11191479
11191881
11198525
11200858
11201470
11204433
11204453
11206034
11209015
11209753
11214086
11215631
11218994
11219159
11219947
11221760
11227641
11233627
11234811
11236804
11237091
11241477
11241755
11246584
11251510
11258568
11260785
11260829
11270679
11272910
11275539
11281911
11284933
11287283
11295721
11297211
11313975
11315613
11320431
11322977
11323659
11324540
11327318
11329757
11329873
11330258
11332737
11338543
11345378
11345704
11346869
11348126
11351081
11351870
11356271
11357134
11357809
11357886
11358248
11358692
11365389
11370643
11371975
11373115
11373770
11378184
11379915
11380846
11382543
11383587
11383649
11383678
11385049
11385671
11385907
11388570
11390566
11395349
11400443
11401052
11403319
11406494
11409361
11410396
11413388
11414156
11415478
11415773
11416160
11416438
11417891
11418948
11419558
11427189
11427231
11429144
11429690
11430268
11432697
11438267
11452787
11452976
11455760
11457323
11458390
11458754
11458961
11465279
11467740
11470004
11472545
11476411
11480569
11486913
11489453
11490346
11492359
11492507
11493667
11499399
11499454
11503907
11504790
11508581
11508801
11510614
11512859
11516481
11517800
11519341
11521572
11521784
11528565
11528775
11529171
11529511
11530514
11530521
11535968
11539476
11549865
11556491
11571320
11571886
11571904
11574044
11574984
11581951
11588829
11595421
11602476
11602834
11617210
11617699
11618478
11619406
11620061
11623770
11628250
11628536
11629906
11642001
11642158
11647197
11653455
11660099
11666482
11667710
11672272
11673385
11676077
11681440
11685929
11691080
11694424
11694989
11699114
11704046
11705482
11705610
11708879
11712693
11714786
11716389
11718676
11720439
11722432
11724359
11726227
11732530
11734336
11737720
11737861
11745188
11746637
11749291
11755583
11756820
11757223
11758643
11762802
11773309
11778345
11782583
11783959
11786326
11793369
11795703
11797659
11798960
11799213
11804335
11805026
11807388
11807648
11811999
11818166
11820922
11824652
11832271
11832586
11832822
11839363
11839456
11840009
11844131
11845195
11848455
11850000
11852413
11856031
11861987
11864620
11866853
11867337
11868039
11871722
11875409
11877053
11882080
11888286
11897833
11899267
11900601
11906641
11907270
11910186
11911212
11911386
11919324
11920798
11920881
11921270
11923594
11926732
11926992
11927742
11931636
11932368
11935667
11936943
11937454
11937812
11938819
11944783
11948384
11966593
11974816
11976883
11981327
11982159
11983031
11987410
11990426
11990905
11992766
11993099
11993209
11995379
12001331
12003899
12004823
12008532
12008774
12016353
12017435
12020652
12020748
12027385
12028553
12036963
12040631
12047841
12048342
12055682
12056945
12057240
12057996
12060622
12067413
12067651
12073050
12075921
12076353
12081593
12091323
12101000
12102578
12106058
12118341
12118547
12121550
12124099
12125064
12129048
12130373
12137750
12138318
12155286
12157160
12158884
12164673
12168187
12168652
12169443
12173858
12177204
12179784
12179997
12183493
12184029
12187561
12193405
12196475
12197716
12198990
12201806
12205651
12212375
12212788
12214194
12214920
12219730
12229335
12231583
12232234
12233562
12235842
12237062
12241806
12242101
12244740
12247090
12247708
12249839
12251965
12252461
12254760
12265379
12269319
12269782
12283438
12285151
12286126
12289563
12297849
12297995
12298540
12299995
12300983
12308209
12312265
12314384
12314724
12317360
12323796
12325420
12328531
12330223
12332880
12335112
12342058
12343468
12345629
12354621
12358896
12361743
12364557
12367137
12371241
12372696
12373256
12373394
12379712
12382461
12384537
12385182
12385343
12394892
12399864
12400092
12402101
12407267
12409033
12410043
12414078
12416921
12418829
12419723
12420220
12432014
12436071
12437143
12439759
12443233
12446860
12450946
12454319
12454904
12459398
12460637
12466305
12466342
12472731
12477225
12481778
12484329
12502467
12508731
12509707
12514360
12515745
12519692
12519742
12520474
12522004
12522471
12527511
12535862
12546001
12547993
12551119
12561774
12562344
12565773
12570035
12572620
12574997
12577239
12581244
12583637
12583777
12584126
12584544
12584733
12585041
12585407
12586287
12587132
12592376
12595704
12595918
12596497
12597581
12598611
12599829
12602508
12602831
12603569
12604896
12611099
12612160
12614341
12615710
12618711
12619208
12620654
12621290
12636008
12639344
12640664
12662447
12664162
12664822
12666769
12670596
12672196
12677291
12680210
12687219
12692621
12692660
12693442
12698720
12699749
12701581
12703753
12707635
12709397
12715242
12719234
12720420
12723206
12724063
12729302
12729932
12731764
12734365
12735069
12742998
12753862
12754615
12755061
12757988
12763171
12764623
12764955
12770674
12771260
12771354
12772719
12775702
12783307
12783334
12783495
12785684
12787836
12789535
12800242
12809488
12812966
12814607
12815402
12817893
12818311
12821353
12822587
12827232
12831192
12833560
12836558
12837710
12839623
12845477
12853277
12856991
12861058
12864180
12867345
12877585
12879855
12890830
12893029
12893084
12899654
12899990
12901071
12904564
12904879
12908444
12913006
12918593
12933114
12938902
12941845
12947643
12949884
12960728
12961530
12962647
12970360
12981641
12982045
12984390
12985674
12990239
12992162
12996201
12997004
12998318
13003101
13011072
13014542
13015638
13020514
13020606
13021930
13028812
13032908
13034115
13035229
13036799
13038442
13041590
13045836
13057186
13063828
13064872
13065936
13068741
13075530
13078945
13079144
13084192
13085073
13085871
13091687
13091739
13095480
13095810
13097208
13102797
13107838
13109444
13111074
13112205
13112331
13117438
13127138
13136846
13139782
13143336
13149791
13150024
13153105
13153471
13154496
13164087
13165428
13166933
13173765
13177711
13178902
13182135
13184673
13185514
13187708
13189570
13191620
13191743
13193113
13198526
13198601
13200844
13203466
13220559
13223902
13227624
13228747
13230257
13234250
13237518
13237849
13239286
13242409
13244325
13245100
13246808
13247849
13249037
13251264
13252981
13256480
13266613
13267476
13274130
13276075
13277826
13278456
13279191
13279489
13284273
13286516
13289985
13291295
13291445
13296055
13300945
13301363
13303370
13304989
13305308
13312705
13319260
13324232
13330296
13330324
13330705
13334784
13339487
13341423
13352299
13364857
13373331
13374744
13380239
13381417
13382103
13385825
13386285
13386328
13389105
13400138
13403513
13406186
13407219
13407414
13408169
13408265
13409098
13413297
13419127
13419270
13421706
13429534
13431596
13438529
13438729
13446944
13447572
13447645
13448216
13453586
13455812
13456990
13457220
13457567
13458521
13460743
13467518
13470419
13475452
13485903
13486204
13492844
13494492
13502686
13503863
13505361
13505450
13514604
13515558
13515966
13519010
13519850
13523946
13526062
13527471
13528345
13539869
13541296
13546158
13546857
13547979
13552327
13559315
13565846
13566738
13572605
13576921
13582392
13585486
13589617
13591951
13592239
13593366
13597687
13603523
13604260
13610005
13610008
13611425
13612282
13613242
13615221
13616215
13619110
13633306
13634553
13635577
13636726
13636850
13637286
13641786
13643952
13646364
13647217
13651453
13652625
13655855
13658386
13661199
13661343
13661373
13675747
13677607
13683705
13688982
13691271
13697989
13698392
13700021
13701700
13704484
13707572
13709709
13712859
13715560
13728311
13737703
13743353
13749435
13750136
13756829
13762720
13763269
13766293
13771742
13771972
13774934
13781415
13784852
13785627
13787193
13788026
13793065
13801038
13801306
13804473
13808881
13810106
13810983
13813293
13820646
13823517
13824948
13826900
13827649
13828605
13829401
13835639
13847484
13848903
13852339
13854729
13855368
13857200
13857299
13858185
13865299
13872507
13873067
13873080
13875044
13877597
13881221
13883653
13884703
13891880
13892138
13903083
13904284
13906428
13908913
13913339
13914268
13919089
13920453
13922290
13922357
13926429
13927090
13935947
13936351
13941195
13944358
13946771
13949407
13954760
13958465
13959309
13964366
13965002
13970443
13974550
13978015
13982764
13983889
13984254
13984511
13986367
13986723
13991025
13992595
13995259
13996896
13997471
13998728
14001211
14002626
14003822
14010502
14013786
14014149
14016351
14016695
14017907
14018280
14018723
14019065
14044312
14045697
14049978
14054110
14058225
14063498
14064571
14064823
14065306
14080473
14088470
14088648
14089172
14096806
14096868
14097757
14100509
14108323
14112551
14115074
14119379
14123288
14124235
14125879
14129344
14130060
14130504
14140793
14146288
14147523
14147946
14151342
14153825
14155527
14155656
14161128
14169365
14176878
14178385
14180797
14185921
14188598
14188628
14191711
14193201
14193501
14197346
14197475
14200131
14204587
14208979
14210297
14210664
14216099
14222373
14224337
14225483
14226854
14227039
14228670
14229395
14230197
14232596
14236333
14250714
14252422
14254342
14261198
14267160
14276700
14276762
14278099
14286273
14287008
14287849
14289294
14294154
14299574
14299683
14305099
14317057
14319011
14321534
14323595
14325217
14328535
14341087
14343930
14349280
14356113
14358622
14360776
14360856
14364789
14365704
14367062
14370555
14377578
14379261
14379924
14381061
14384013
14386781
14387900
14390570
14395077
14398691
14399314
14399363
14399733
14410341
14411198
14412181
14417206
14417711
14420424
14421358
14430327
14430791
14434123
14434919
14435037
14439839
14441424
14447802
14451241
14453457
14455565
14457992
14459538
14478404
14480537
14481980
14484146
14484752
14486428
14490333
14494211
14495924
14499167
14499213
14499858
14502367
14506796
14507141
14519521
14521785
14525046
14525388
14527593
14530447
14532090
14535374
14538452
14545577
14550348
14552725
14553030
14553255
14553448
14555041
14559619
14560312
14564317
14564984
14566272
14569601
14572683
14581726
14586339
14590474
14593800
14594215
14595121
14608129
14610818
14613807
14614639
14623797
14624228
14624438
14627810
14628269
14631475
14634859
14636328
14637342
14638964
14639121
14641144
14642893
14643025
14643695
14654951
14655105
14655800
14658682
14661010
14669262
14670772
14671382
14671835
14672311
14678262
14681314
14688070
14689002
14689057
14695127
14695745
14705151
14708672
14709096
14709463
14711768
14712040
14712640
14717079
14724447
14728597
14735840
14742814
14743956
14750389
14751375
14753251
14775245
14778578
14780243
14783631
14785451
14791191
14791304
14793531
14797677
14804653
14804850
14804968
14808339
14812042
14812186
14814557
14815804
14818009
14821886
14822174
14822519
14823032
14824042
14827167
14831161
14837982
14841932
14843951
14852136
14852734
14862013
14871761
14874256
14878309
14878427
14887020
14894715
14906316
14920617
14922764
14926033
14934682
14936975
14937253
14937993
14940794
14942191
14943752
14944339
14947633
14950890
14952422
14957436
14958893
14959395
14975317
14976320
14979310
14991454
14994612
14996555
14999874
15003328
15003713
15007306
15007886
15011389
15020602
15030626
15034332
15035428
15037601
15039032
15042910
15049162
15051736
15052540
15054359
15057435
15058403
15059664
15059742
15060337
15061450
15067279
15068143
15068978
15069113
15070939
15076760
15078178
15085578
15089839
15096049
15097780
15099559
15100959
15101690
15108325
15108544
15109445
15110622
15112589
15113283
15113378
15120752
15122807
15125538
15125967
15126797
15130616
15132603
15133952
15138587
15139986
15144433
15145044
15146969
15149216
15154183
15155591
15160078
15160400
15162162
15166627
15168595
15171144
15172339
15173728
15173771
15174497
15174576
15175633
15179418
15181888
15184368
15188161
15189856
15197180
15200190
15203638
15203927
15204636
15206714
15208815
15210224
15214645
15215247
15219526
15221058
15226224
15232634
15233552
15235483
15240029
15242148
15245164
15247668
15251469
15253795
15258006
15262660
15266260
15270333
15273382
15279149
15290234
15292858
15300262
15301052
15303364
15303821
15307882
15313544
15314650
15317727
15317769
15319345
15320248
15320378
15329038
15331183
15332149
15332740
15332788
15334210
15336097
15341096
15345184
15348487
15350998
15364174
15366117
15367326
15371430
15378042
15381165
15382477
15385556
15387224
15391023
15391565
15391748
15392139
15398218
15399029
15402750
15404647
15408372
15413745
15414057
15414467
15415404
15418272
15421131
15421305
15423086
15423661
15423846
15426133
15434154
15442816
15448418
15456908
15457039
15458765
15458831
15463314
15468118
15469483
15469621
15475874
15477112
15482676
15485690
15488564
15489405
15497933
15504921
15508640
15510244
15514025
15516508
15519233
15523566
15527464
15529069
15530865
15547414
15559511
15561308
15563427
15571446
15573119
15577012
15582785
15582859
15583213
15583730
15583899
15586292
15587239
15587429
15587877
15588713
15589625
15591437
15593104
15594216
15594520
15596932
15602880
15605434
15605966
15607563
15607626
15610988
15611048
15611976
15615102
15629305
15632289
15638474
15641192
15648005
15654110
15654444
15663329
15664416
15664872
15673909
15676893
15677260
15677295
15678044
15684033
15684109
15686153
15686526
15686837
15687738
15695626
15695865
15704005
15705193
15705601
15708920
15709439
15712169
15712532
15714073
15716625
15717596
15721631
15727693
15727956
15731228
15733064
15733258
15734508
15735686
15735826
15739029
15739627
15740732
15744275
15750183
15750510
15754232
15759801
15759918
15762714
15768739
15772356
15777161
15780681
15785292
15785393
15787850
15790135
15790580
15792696
15793232
15796197
15796403
15799189
15802713
15804898
15806704
15811572
15815609
15817424
15828251
15828461
15828807
15840193
15844065
15847747
15848172
15851127
15851888
15861503
15861556
15862157
15867054
15870108
15870175
15871603
15873479
15874582
15875326
15880701
15881964
15883995
15884789
15885869
15885899
15886896
15889257
15893671
15896470
15897925
15899526
15900799
15904261
15906418
15910825
15920241
15923100
15928311
15931436
15934335
15939496
15950407
15950488
15953045
15953240
15957978
15962467
15965184
15966396
15966427
15968518
15970335
15970480
15972240
15980670
15981901
15982112
15991191
15991371
15993189
15997920
16003365
16010659
16013579
16014569
16016717
16026265
16031016
16033378
16034296
16048112
16048765
16050342
16051509
16053965
16054246
16069296
16072028
16073343
16074560
16076545
16076590
16081912
16089599
16107530
16107872
16109991
16111271
16114770
16117405
16117538
16118233
16118621
16127751
16130683
16136255
16137312
16143537
16147582
16157333
16160469
16160865
16162232
16170464
16170891
16181242
16187335
16191220
16191842
16192414
16196126
16199766
16200855
16207600
16208806
16209996
16214531
16218238
16219836
16220718
16221647
16225480
16233224
16236462
16237739
16237781
16240777
16242506
16243362
16243519
16243525
16256965
16259419
16263326
16263932
16268575
16270821
16274297
16275546
16276816
16279913
16284718
16286677
16296751
16299358
16300744
16300777
16302355
16302544
16304726
16305333
16318248
16323605
16323823
16326574
16329843
16334646
16335446
16335675
16337088
16337686
16338968
16352577
16361224
16361907
16363245
16364661
16366142
16377991
16390550
16393456
16393613
16394285
16400931
16401443
16402775
16405155
16407877
16408020
16408689
16413938
16414066
16415561
16422899
16429248
16434243
16435016
16435745
16439160
16442134
16445148
16450152
16451317
16453817
16459465
16459584
16464231
16472292
16481254
16481499
16481835
16488632
16488649
16490655
16492353
16501551
16503253
16509749
16509806
16510077
16511185
16511216
16518368
16519652
16520216
16520591
16526572
16527613
16529072
16534165
16539085
16541608
16543924
16544383
16555047
16555441
16557231
16564492
16573490
16574042
16575437
16582152
16584685
16589750
16591073
16592227
16607058
16607849
16607998
16610434
16625466
16626501
16627920
16634708
16636330
16636955
16645071
16645966
16647194
16650379
16650647
16653368
16653606
16655881
16656091
16660913
16661163
16662149
16664444
16664847
16666948
16667795
16668002
16670925
16671645
16672500
16672684
16673655
16673861
16675485
16681426
16690320
16691265
16694819
16695817
16696509
16696789
16697021
16699668
16701643
16707921
16708118
16712101
16712429
16712847
16713621
16714186
16715020
16716969
16717266
16717404
16717662
16719074
16723599
16724829
16725102
16732986
16734592
16735000
16735781
16735867
16746158
16747895
16750934
16752599
16756026
16760076
16761495
16775801
16778933
16779487
16781916
16790010
16791246
16793155
16794830
16799589
16801072
16805868
16808531
16809408
16816271
16820090
16821704
16824517
16834368
16835817
16843070
16849472
16865023
16865396
16866026
16872497
16874514
16876606
16878909
16884611
16884698
16888588
16894251
16896399
16903021
16903695
16908193
16908937
16919731
16924219
16924920
16930981
16933315
16936930
16938409
16944209
16948691
16948803
16949833
16958697
16972807
16973375
16973457
16985763
16985828
16987665
16991303
16994536
16997801
16998813
17005025
17005242
17010358
17010826
17010927
17011209
17011397
17014541
17017860
17026914
17037215
17045899
17047798
17053291
17054223
17054774
17057698
17060378
17065070
17068205
17068958
17079480
17080276
17081648
17082009
17086520
17094532
17100228
17104607
17106272
17107160
17107495
17111506
17112217
17120843
17123055
17126880
17132147
17133551
17133877
17134988
17135793
17137068
17139254
17139384
17140075
17142019
17142770
17143239
17145382
17149879
17150183
17150908
17150977
17152306
17157855
17163297
17170344
17171787
17173095
17174843
17177783
17178528
17180881
17183436
17183778
17189502
17191200
17204973
17208454
17212479
17213492
17216576
17221652
17223902
17224204
17227310
17230565
17232058
17233705
17235517
17237548
17240844
17241331
17242162
17242743
17242858
17244262
17245459
17255360
17255393
17257180
17259376
17261874
17270097
17274112
17294683
17295736
17299836
17299907
17301191
17301802
17305899
17306161
17306602
17310740
17311138
17314109
17315052
17315984
17318653
17318936
17319235
17321898
17332523
17336829
17338952
17340074
17342181
17342251
17343691
17351747
17355703
17356047
17364393
17365076
17367099
17381612
17387081
17387922
17389329
17391256
17393681
17399372
17399955
17400535
17403228
17406133
17409046
17414395
17415572
17417668
17417859
17422191
17422687
17423838
17428185
17430605
17431604
17435244
17439357
17440644
17440883
17441184
17442953
17443717
17448696
17452718
17453082
17454172
17454738
17455095
17455112
17459838
17461121
17461220
17463103
17465325
17469565
17474149
17479763
17480046
17481612
17482925
17483060
17484811
17485540
17486415
17488092
17488713
17492813
17495021
17498299
17498979
17505123
17510221
17511710
17513305
17514242
17518312
17520117
17525305
17526123
17526221
17529510
17530077
17533827
17534728
17535097
17536056
17542858
17544533
17550678
17551600
17552058
17552089
17557165
17558056
17564658
17579686
17580670
17583127
17585994
17589371
17592204
17593802
17594880
17598518
17600883
17602607
17605437
17615856
17628348
17629228
17640377
17644010
17644233
17644686
17647098
17652617
17654073
17659011
17660154
17660470
17663210
17665484
17669191
17669753
17670654
17676581
17676722
17677326
17687197
17687956
17694632
17699141
17699904
17703154
17704113
17706468
17709072
17713338
17723285
17725979
17731133
17732008
17733714
17739480
17747420
17750515
17750573
17753901
17754581
17756722
17757317
17759489
17765906
17769412
17774814
17778820
17791021
17792162
17792979
17794750
17795375
17802686
17812931
17813187
17814682
17818611
17825519
17828649
17830045
17832296
17832845
17834549
17835584
17836315
17837341
17840961
17846288
17850566
17853018
17853232
17856601
17860454
17873360
17874163
17875393
17876845
17877002
17878978
17879776
17882718
17883396
17885119
17885435
17887700
17888505
17890823
17898254
17898836
17899009
17901912
17903770
17908030
17909402
17910864
17922477
17926530
17927662
17928228
17929734
17936096
17936568
17938773
17939287
17940901
17950515
17962207
17963485
17972974
17979957
17980902
17984407
17995574
18002867
18004770
18005102
18016984
18018011
18021667
18022998
18024621
18027680
18030143
18031792
18040993
18043430
18043569
18043629
18045615
18049258
18051955
18056175
18062895
18066408
18078940
18079737
18083797
18087424
18090176
18092509
18093360
18098079
18105120
18109716
18111486
18114353
18119904
18120715
18124601
18125668
18126483
18135147
18137113
18137400
18137683
18141915
18144370
18144960
18151137
18155969
18156659
18161269
18184646
18184950
18187063
18187799
18189111
18191332
18193561
18195323
18199757
18201643
18207089
18211255
18212269
18212458
18213017
18215217
18215785
18217482
18219091
18219497
18220421
18220517
18220706
18222794
18228995
18232300
18234297
18238924
18239664
18249184
18249350
18254549
18260609
18262725
18270798
18276121
18278973
18293475
18296726
18301623
18301937
18306095
18315586
18321114
18322104
18325975
18327069
18327391
18330096
18334077
18336500
18337186
18339470
18341418
18346236
18354479
18354507
18355012
18356388
18359799
18362178
18369056
18374540
18377866
18386816
18388705
18388787
18391403
18394396
18395243
18395759
18397403
18398296
18404584
18407874
18411461
18416419
18421293
18422128
18424121
18427337
18427954
18428818
18430680
18432211
18436188
18440322
18451531
18454012
18457791
18461050
18461593
18462187
18462704
18464234
18467995
18468031
18471835
18473088
18473453
18475457
18475746
18481182
18482917
18484162
18485147
18487797
18488416
18490335
18491473
18493370
18499529
18504088
18505488
18506957
18508391
18515553
18527867
18528751
18530286
18531766
18532492
18534675
18542519
18546020
18547073
18549714
18555141
18559175
18561639
18562506
18565874
18570405
18578148
18580118
18581724
18584714
18587384
18597988
18599504
18599655
18603863
18606257
18606573
18609911
18613445
18613597
18614606
18617962
18619128
18619354
18631508
18633295
18633967
18634176
18635015
18638358
18639646
18642051
18644101
18653090
18656980
18661813
18661846
18665576
18668312
18672361
18673088
18674847
18679804
18679861
18680650
18681333
18684879
18687717
18687796
18694428
18694499
18695870
18697765
18700554
18702396
18703495
18708350
18711456
18714130
18721997
18722796
18728279
18728738
18730810
18732831
18733473
18736595
18737651
18738238
18739005
18739379
18741814
18745869
18751146
18751449
18753439
18756457
18756586
18764353
18766368
18767222
18767453
18769117
18773638
18775323
18776543
18777891
18778893
18780411
18780919
18784664
18786374
18789014
18790103
18790920
18791604
18797338
18797356
18802646
18804144
18810395
18811465
18817843
18819644
18822238
18822633
18826499
18829665
18833100
18841703
18846686
18855824
18856058
18860584
18863838
18871310
18881050
18882644
18897623
18899609
18899878
18901704
18909341
18911240
18913858
18918630
18920753
18923419
18928755
18929119
18930990
18932181
18932970
18938784
18939550
18939999
18940315
18940691
18946867
18947743
18950749
18951646
18953689
18954545
18958897
18962508
18966996
18968609
18969642
18976414
18976810
18980561
18982356
18987048
18987743
18992528
18993897
19005829
19008591
19013320
19017567
19020005
19020114
19021262
19021513
19033017
19037352
19039233
19043519
19052360
19052442
19052608
19058935
19068691
19070630
19071454
19072753
19080266
19081088
19081912
19090389
19091382
19091745
19093345
19099007
19099211
19105345
19107145
19109935
19115324
19126131
19127831
19130907
19134169
19135682
19135830
19139859
19141975
19144646
19147365
19150528
19151511
19155527
19157465
19157819
19159216
19159803
19160671
19161308
19169279
19173281
19178865
19184822
19190037
19196594
19200682
19201800
19205055
19215113
19215419
19217842
19218841
19222199
19223142
19225547
19229565
19230441
19230892
19231031
19237897
19239312
19246473
19247400
19256890
19259436
19261119
19270554
19274873
19276959
19279667
19280861
19295835
19296973
19298528
19299258
19302454
19306314
19316427
19318388
19319759
19333532
19339464
19341875
19346017
19346107
19347752
19351496
19358315
19359800
19360821
19362848
19363431
19370069
19371101
19371863
19372203
19373168
19378180
19383593
19398836
19400768
19403148
19406463
19409308
19414777
19418121
19419219
19420187
19421420
19423151
19425684
19430558
19433367
19437182
19437568
19438189
19438402
19441846
19443569
19444767
19445832
19448553
19449337
19449766
19452023
19456427
19456545
19457496
19463706
19474876
19480246
19483529
19483633
19486842
19488462
19488696
19491399
19491568
19499619
19500287
19504533
19505725
19506513
19507834
19511916
19515418
19516574
19519209
19521580
19527623
19529854
19540255
19540312
19540533
19541883
19552784
19555451
19556581
19558675
19560366
19563650
19566475
19566954
19571962
19574401
19575783
19577488
19580126
19580481
19584207
19585251
19586231
19589072
19594500
19599122
19601047
19603541
19611140
19612423
19615695
19618489
19619321
19621845
19630308
19634398
19636034
19638426
19640278
19640773
19644495
19645660
19646321
19647024
19656312
19657337
19660362
19663100
19663457
19663838
19668644
19672286
19677459
19679316
19679954
19690966
19691800
19695443
19699812
19701285
19702538
19710110
19722050
19724448
19724849
19725798
19727069
19728188
19729169
19731735
19733927
19737148
19738736
19740293
19743686
19744308
19746982
19750481
19750633
19753506
19761921
19773931
19776952
19779500
19782243
19784571
19794589
19795145
19795904
19796973
19797097
19799951
19800275
19806147
19811240
19814771
19817235
19822170
19825529
19827437
19827491
19833848
19835728
19842588
19844065
19845543
19847005
19850369
19852427
19854011
19857965
19861734
19862273
19869583
19882380
19888317
19893906
19894041
19900392
19900423
19901032
19913343
19914804
19918043
19918884
19920222
19929023
19934428
19935193
19935917
19937312
19941379
19952982
19953141
19958091
19958613
19965826
19966656
19969635
19971586
19978281
19979662
19981796
19982041
19985798
19997501
20001073
20001241
20001617
20002576
20005256
20010829
20014946
20016510
20018469
20019845
20032168
20033148
20034236
20034303
20037852
20038332
20040971
20045773
20063103
20065270
20068032
20068570
20071219
20073056
20073423
20075107
20077048
20079881
20081034
20083175
20089510
20092138
20093624
20097174
20108864
20109371
20110553
20111772
20113059
20114680
20119511
20120129
20120897
20122340
20128647
20133788
20135297
20141392
20143070
20145819
20146011
20146713
20147478
20149373
20150881
20152123
20152796
20155095
20155929
20169710
20173630
20173732
20173979
20174715
20177317
20186264
20189233
20189616
20190516
20194645
20194775
20197804
20199675
20202938
20203145
20207635
20209162
20214360
20225922
20227993
20231870
20233912
20234868
20236286
20236389
20237085
20237219
20237316
20240000
20240304
20241313
20247949
20258066
20258297
20266916
20267011
20270151
20270648
20272241
20276224
20277685
20282813
20284659
20284880
20285342
20285398
20287488
20288206
20288570
20290787
20291288
20291361
20293766
20298556
20302563
20304048
20308130
20308270
20311032
20311425
20311877
20316469
20324421
20327041
20327574
20329695
20330748
20332689
20334361
20338984
20340282
20344417
20348906
20352408
20354372
20354603
20356364
20364947
20375144
20378604
20379408
20380471
20390672
20393507
20397105
20400724
20403083
20404310
20406289
20406546
20413939
20419806
20423365
20424180
20424265
20425874
20428965
20437375
20437952
20438056
20438467
20438844
20440194
20444583
20446058
20447689
20448009
20448522
20451653
20452003
20453079
20453350
20455492
20456912
20459214
20462487
20468176
20469332
20472596
20474875
20476826
20476982
20478713
20480571
20481844
20483331
20485873
20493335
20501496
20502355
20504781
20507080
20510440
20515019
20515704
20518539
20521876
20529774
20532076
20532906
20533961
20537990
20539072
20540342
20544549
20551437
20553537
20561902
20565031
20569504
20572713
20573132
20580060
20583973
20585764
20588912
20589996
20593455
20594267
20598130
20599904
20603785
20605052
20611983
20614696
20615665
20620694
20620901
20623504
20627204
20628672
20629144
20629963
20633172
20634174
20634340
20634743
20638558
20641956
20645487
20647105
20649926
20651262
20651754
20655217
20664180
20664455
20665611
20667227
20667257
20671914
20671980
20674315
20675407
20685556
20686455
20687431
20688885
20694822
20696727
20699443
20700585
20705538
20706131
20715376
20720157
20720526
20720545
20720780
20728742
20728979
20735676
20741317
20745545
20748387
20754381
20754843
20757949
20758609
20759173
20760433
20761850
20775183
20778161
20784748
20793177
20795549
20799716
20800439
20802408
20807545
20809480
20811725
20812770
20816140
20821903
20829900
20832844
20833649
20842455
20849215
20851281
20866030
20869287
20873504
20876408
20876630
20877823
20880013
20884028
20887743
20887922
20889318
20889403
20893906
20894706
20898880
20900068
20902646
20904533
20909623
20913450
20916425
20920959
20921356
20922641
20929791
20933152
20934295
20938285
20939041
20941889
20943590
20948950
20957611
20958572
20966540
20969231
20976925
20981181
20982177
20985498
20995568
20996174
20996825
20997517
21006139
21009667
21014705
21025377
21025864
21027271
21030853
21032710
21037494
21043319
21047487
21048814
21054391
21055187
21055533
21059136
21059918
21061798
21064914
21065020
21065822
21067216
21067283
21072185
21073055
21083325
21085492
21086386
21087182
21087959
21091135
21091637
21092862
21093500
21095267
21095380
21100857
21103709
21104003
21105335
21110614
21115096
21116598
21116823
21125947
21127899
21133654
21133868
21133919
21134770
21143924
21144306
21146223
21150308
21152902
21153153
21153393
21154991
21155779
21166344
21168539
21169319
21169643
21172907
21174373
21182295
21184973
21189491
21193268
21193664
21195363
21197445
21198447
21199473
21204781
21211691
21211788
21213159
21215820
21218698
21222379
21225009
21225778
21226097
21226735
21226935
21231543
21231586
21245309
21245829
21247775
21254866
21256820
21258960
21262204
21262311
21267530
21270332
21271247
21271847
21274428
21274655
21274696
21290790
21301637
21302081
21304042
21307486
21317961
21325388
21326036
21329000
21334454
21335017
21335565
21338274
21338581
21340723
21353308
21354950
21358227
21363261
21363276
21364684
21368138
21369359
21371731
21372495
21372802
21376515
21379222
21388963
21390686
21393453
21395080
21396312
21398891
21400640
21402664
21408774
21417636
21418278
21418914
21419229
21421862
21426307
21427305
21429745
21431366
21439259
21442593
21448922
21450197
21461905
21461924
21477704
21478354
21479084
21479581
21482993
21488274
21489110
21489192
21491527
21493597
21494443
21498573
21506550
21506729
21510248
21512293
21516932
21518651
21522063
21523397
21524110
21524844
21526442
21527155
21527246
21527666
21529918
21530947
21531211
21532509
21539559
21543764
21544873
21545651
21545832
21552118
21557006
21561466
21565356
21573948
21575986
21577859
21579609
21591284
21595621
21601660
21604342
21605197
21617866
21620004
21624000
21624325
21627917
21629311
21633523
21634419
21637175
21644524
21648670
21650635
21651746
21651968
21652432
21653229
21658398
21660616
21662425
21665484
21672500
21674845
21679572
21679828
21681761
21687629
21688467
21689518
21692613
21693304
21703000
21706636
21707375
21707479
21713243
21721637
21722938
21731135
21733243
21733844
21737206
21741071
21741158
21741369
21745337
21749054
21753634
21756112
21756428
21758860
21760633
21765493
21768760
21772512
21775222
21776701
21782435
21786715
21787804
21789504
21789626
21798033
21800827
21801439
21806259
21807327
21811487
21812135
21812254
21819630
21821928
21827200
21830330
21831868
21836515
21836690
21841009
21842739
21846567
21849074
21851642
21855103
21860862
21863749
21866452
21866988
21867827
21872647
21880525
21881830
21886849
21888037
21896110
21906725
21907080
21910707
21910709
21917268
21918873
21918987
21930474
21933196
21937225
21937436
21937593
21943888
21945015
21946275
21949738
21958020
21959499
21963665
21965682
21965901
21969321
21978610
21988107
21988454
21990049
21993062
22000719
22007424
22009084
22012863
22017870
22019356
22022896
22024252
22026051
22031933
22034952
22035393
22046939
22047122
22054753
22056626
22059155
22067921
22077378
22081952
22086450
22090024
22094129
22095047
22098522
22099797
22099874
22101767
22102617
22102905
22106536
22115374
22117480
22117543
22119843
22121590
22123023
22130552
22136597
22142041
22148864
22153960
22155281
22158112
22160697
22165617
22167742
22171547
22173096
22177759
22181927
22183002
22185163
22192251
22193287
22201751
22204048
22205619
22211789
22212827
22216426
22219149
22219190
22220494
22222467
22222893
22229794
22229819
22234799
22238018
22241051
22243364
22244732
22246846
22247760
22248220
22254356
22254368
22254741
22258238
22260087
22260337
22261262
22262310
22266616
22278690
22280499
22281645
22282062
22282711
22282815
22290013
22294412
22297230
22298104
22298815
22299978
22303018
22303878
22307481
22312278
22313360
22313602
22314535
22316754
22323535
22324395
22325012
22327160
22329182
22329418
22331247
22331292
22334997
22337055
22338622
22339019
22341068
22342537
22343690
22353644
22354734
22356458
22357735
22359163
22360006
22360222
22376098
22377413
22377926
22381011
22381900
22382743
22384260
22388947
22389260
22391162
22392663
22393009
22394181
22394680
22394733
22395480
22398234
22401285
22405609
22405617
22408792
22409521
22418504
22419414
22420096
22420788
22424337
22424561
22428356
22429584
22430463
22431234
22431721
22432676
22433283
22435766
22438379
22439328
22448252
22451114
22453163
22456994
22458734
22460246
22467880
22470192
22470978
22478926
22483767
22487960
22488181
22490684
22491386
22493878
22494077
22498582
22498927
22499101
22503462
22503738
22504481
22504922
22507002
22509089
22509174
22509253
22511375
22512867
22513013
22514425
22515975
22516066
22520440
22528501
22531575
22534438
22535117
22535230
22538225
22538568
22538821
22543344
22544564
22546966
22549421
22549826
22553219
22553481
22556443
22564479
22564815
22567299
22569998
22571030
22571981
22571988
22575718
22592845
22600781
22601209
22605307
22608984
22609471
22615015
22617515
22625781
22626303
22627539
22629562
22632600
22634601
22638355
22641447
22641470
22643079
22644220
22650092
22656410
22657268
22662164
22662788
22664583
22664699
22668225
22671287
22673309
22683463
22688567
22688868
22690319
22695192
22698234
22699336
22701297
22703102
22706113
22711999
22712426
22714716
22719622
22726124
22731208
22738255
22738981
22745792
22750732
22753504
22764640
22768078
22770911
22774540
22776652
22778117
22782532
22784114
22784759
22785894
22786020
22787365
22799776
22800629
22802753
22803044
22803841
22809891
22811998
22812750
22813143
22819755
22819964
22827730
22835863
22837659
22839392
22839756
22841511
22842260
22844130
22846174
22850139
22851423
22854706
22865444
22866598
22867553
22869412
22870680
22882582
22888255
22888649
22891394
22892040
22892655
22896469
22909773
22911423
22911779
22913198
22913928
22916038
22919814
22919990
22922118
22922141
22922988
22924552
22925724
22926051
22927755
22930727
22931492
22931807
22934454
22935751
22936936
22937927
22942009
22942384
22942483
22947302
22953934
22957078
22959161
22962069
22968944
22972220
22977173
22980666
22981116
22981607
22994551
22994641
22996311
22998494
22998825
23003957
23005217
23005873
23006755
23012288
23015702
23016031
23016173
23016256
23018032
23018497
23020134
23020511
23023704
23025125
23028343
23029210
23031283
23031335
23032359
23033142
23035867
23039688
23039718
23042448
23046772
23051987
23055900
23056307
23058805
23061637
23061685
23068369
23075912
23077708
23080730
23089663
23093086
23094546
23097582
23101390
23101953
23111143
23114767
23115417
23116157
23118610
23120697
23121254
23121681
23128073
23134344
23137728
23142988
23144419
23149496
23150622
23166490
23180926
23188016
23189060
23189489
23190434
23198835
23203556
23204061
23207164
23235379
23237312
23238425
23239162
23240039
23240323
23243455
23246114
23249796
23249931
23250377
23251563
23252157
23257892
23263169
23264122
23272553
23274927
23278612
23279557
23280336
23284271
23287885
23290228
23291333
23293234
23297444
23304307
23305679
23320019
23322750
23322870
23323119
23323247
23325576
23332944
23334613
23342824
23346084
23346093
23346572
23349709
23356941
23358069
23359444
23362170
23365760
23372381
23373942
23374136
23374778
23375475
23376472
23377794
23383229
23386391
23388853
23390881
23393612
23397860
23398204
23399186
23405718
23410084
23412063
23412288
23414527
23417606
23421175
23421273
23423669
23430090
23436100
23437267
23439431
23441005
23445738
23449354
23461056
23464628
23467654
23469257
23469513
23470302
23470323
23481436
23481842
23483482
23504080
23504619
23517858
23519212
23521530
23522051
23526752
23530865
23531056
23531618
23535904
23536153
23541988
23544689
23545357
23549773
23550424
23552078
23555791
23558230
23561426
23572204
23577364
23581126
23589708
23590059
23595573
23598298
23601095
23602075
23603629
23604651
23604792
23609639
23612429
23612560
23617244
23628373
23629609
23635141
23637513
23639020
23641469
23642067
23642406
23644946
23646649
23646657
23647967
23649147
23649756
23652624
23656629
23658236
23658987
23659090
23663544
23666794
23667615
23673866
23678952
23680065
23688509
23689430
23690339
23698771
23701573
23703034
23705509
23711488
23712258
23715696
23716764
23717060
23727034
23737915
23739105
23744611
23745489
23748357
23750501
23751620
23752491
23752828
23753927
23754456
23757962
23761946
23765541
23766376
23771795
23775300
23778272
23783814
23786162
23787432
23789474
23789938
23790175
23791564
23793347
23795277
23797913
23798230
23798645
23799274
23801322
23801625
23803995
23804684
23808660
23809365
23810732
23812415
23816212
23816665
23816714
23817488
23817945
23818791
23819635
23820333
23827819
23829187
23829491
23834151
23836271
23837401
23842287
23847310
23847476
23848889
23849185
23853227
23856877
23857475
23858328
23862516
23866377
23872912
23873163
23876684
23880008
23883117
23888203
23888665
23888906
23889500
23897630
23900822
23901670
23905695
23906419
23906422
23910767
23911642
23911835
23914523
23915934
23916856
23918648
23919134
23920104
23922688
23923991
23925149
23926678
23926715
23928976
23930050
23931006
23932073
23935140
23938717
23942918
23943941
23946844
23947941
23950224
23952023
23957063
23962785
23966450
23968154
23969680
23973026
23974465
23975178
23976667
23979358
23980587
23986288
23987291
23991368
23997252
24001327
24006852
24008773
24009792
24021032
24022251
24025027
24030722
24031728
24033669
24034300
24034443
24035764
24035938
24037017
24038957
24039741
24047342
24049232
24049836
24056189
24060008
24064342
24065788
24066442
24066923
24079247
24082105
24082744
24087879
24088668
24093510
24095484
24101234
24102336
24104174
24108719
24108871
24110935
24112149
24112172
24118358
24119023
24121586
24125662
24129066
24129338
24131665
24132418
24139391
24140241
24148088
24148437
24149114
24159030
24162368
24173266
24175471
24176849
24176922
24180678
24182726
24183242
24200555
24203037
24203365
24209305
24211750
24214054
24217998
24218410
24225825
24227566
24230778
24231964
24236785
24237406
24238206
24239832
24241128
24242827
24249269
24250717
24254998
24255618
24255688
24263343
24267322
24267644
24267825
24269152
24272375
24272521
24273656
24276731
24280360
24280522
24281876
24283888
24295387
24299327
24299340
24299937
24302338
24302839
24305594
24307561
24311673
24316076
24316517
24317376
24323389
24323570
24324863
24328498
24331217
24331347
24331845
24342058
24344200
24344783
24344828
24347036
24349773
24351393
24360600
24367470
24368590
24375018
24375811
24376044
24376707
24376868
24379333
24380754
24381588
24382394
24386473
24388014
24388990
24389237
24390689
24391967
24394479
24405706
24407540
24411573
24412077
24417783
24420371
24425846
24426446
24426580
24427950
24428369
24432527
24437840
24442539
24444688
24457507
24462173
24462615
24464065
24468134
24468630
24468919
24469600
24474375
24475146
24475291
24475477
24477321
24479665
24491219
24496825
24497790
24500167
24502408
24504334
24505133
24505187
24506073
24508766
24510942
24512743
24514059
24517372
24536658
24538115
24541788
24545538
24547326
24549507
24550913
24552079
24554734
24555999
24569988
24582655
24584318
24592057
24596312
24598253
24599501
24614339
24615708
24617276
24617988
24619782
24620013
24620684
24624491
24628941
24639872
24640026
24641362
24644174
24646812
24648464
24654585
24655490
24656934
24657668
24661636
24664467
24665109
24667766
24668403
24668879
24669364
24672230
24674479
24677374
24680414
24681070
24681739
24685003
24691422
24691520
24692423
24695421
24697465
24698427
24699740
24700374
24701541
24704477
24705639
24711234
24711259
24717696
24718174
24720971
24722231
24723112
24724423
24725913
24727018
24730088
24734563
24734663
24742080
24742910
24743896
24744446
24746279
24748710
24761938
24764344
24764692
24767204
24769282
24769652
24770938
24780439
24782913
24784728
24788955
24790886
24799054
24801653
24805537
24807095
24811612
24813430
24815799
24816761
24825010
24832704
24842417
24842547
24846649
24847673
24851100
24851799
24853408
24857906
24864716
24870557
24871889
24872807
24873694
24876815
24877632
24882686
24882906
24884598
24889337
24890894
24892585
24896801
24899769
24903631
24904055
24905457
24909321
24910354
24913387
24920419
24921803
24924083
24927221
24927860
24930859
24931100
24932408
24933377
24933967
24934469
24934622
24937248
24937716
24939465
24940569
24942023
24947149
24954827
24956070
24971769
24976880
24976982
24990687
24993036
24997501
25002061
25003071
25003741
25004843
25007803
25014541
25015860
25016681
25018118
25021380
25022063
25023003
25023013
25023364
25024548
25025307
25038435
25040226
25043493
25057197
25061043
25063017
25063669
25065903
25066377
25069362
25070019
25072079
25072818
25073395
25073539
25076287
25076295
25078785
25083888
25084627
25088684
25090445
25093712
25094026
25095437
25099504
25101324
25101934
25111202
25113215
25115759
25119348
25124375
25125162
25125623
25126113
25134041
25136249
25136888
25137579
25139353
25141273
25143133
25143290
25144647
25150196
25153747
25155087
25156546
25157026
25158014
25159597
25160337
25163019
25164049
25164128
25168697
25169265
25174370
25174968
25177524
25178243
25189776
25192529
25193384
25195404
25199389
25200021
25204437
25204532
25206588
25221791
25222663
25227007
25227273
25229236
25230315
25230759
25235556
25236065
25237160
25238772
25240665
25244507
25245534
25249749
25255509
25255583
25257170
25260744
25261127
25261695
25264460
25269395
25273498
25277836
25280638
25285701
25289096
25290499
25292110
25292196
25293132
25297546
25300703
25301086
25304235
25304850
25307835
25313638
25318345
25318371
25319169
25330005
25332693
25332712
25333732
25340445
25343086
25343495
25351935
25353969
25358148
25364618
25368106
25369872
25374350
25375999
25381613
25383477
25384631
25388889
25398550
25399658
25401150
25404405
25405348
25408128
25409554
25412032
25428425
25433117
25437037
25440768
25442961
25446962
25448982
25450890
25453743
25455194
25458526
25462200
25467032
25476384
25478970
25480031
25481642
25482066
25487151
25487609
25487674
25490259
25492312
25502014
25503130
25506080
25506745
25511218
25512216
25517629
25518535
25520803
25525361
25526338
25527143
25528417
25531532
25531612
25535036
25549096
25550066
25552619
25557936
25558917
25563915
25573626
25581998
25587312
25595125
25597713
25598097
25598362
25598617
25598988
25603771
25611571
25613352
25616840
25621699
25624270
25624449
25629168
25635183
25640599
25645446
25646144
25646211
25647655
25649641
25653365
25653973
25658656
25665497
25667765
25668283
25671523
25675660
25681562
25683144
25685537
25688819
25691631
25692949
25694901
25695000
25695960
25702688
25709811
25710047
25711160
25713068
25713376
25715683
25718589
25721871
25724013
25724484
25727070
25727417
25729493
25729743
25733216
25733218
25738969
25746325
25751840
25756040
25759349
25765114
25774740
25776734
25778453
25781922
25783937
25788026
25790953
25792362
25793034
25793600
25793688
25802819
25806723
25806777
25806792
25807093
25813321
25826211
25846180
25846618
25854907
25861063
25867704
25868757
25870354
25871270
25873731
25878668
25879962
25881766
25885145
25888833
25889420
25895817
25896651
25897003
25897467
25901811
25907483
25908300
25917952
25919219
25923083
25934608
25936091
25942294
25943609
25944452
25951790
25953163
25954692
25957320
25963991
25966066
25966100
25966720
25968078
25974281
25974937
25976900
25978777
25983221
25984079
25992071
26001387
26004661
26008750
26009646
26014518
26015021
26016448
26017377
26018726
26019776
26022504
26025935
26027435
26029005
26029070
26029154
26029632
26030856
26036450
26039404
26040520
26041471
26044677
26046546
26049632
26050174
26052495
26059666
26062117
26068726
26071525
26072081
26074278
26076806
26086121
26087347
26090268
26092864
26094410
26094735
26094782
26096872
26097440
26097470
26100305
26108753
26119689
26121264
26123228
26123577
26125771
26128031
26135538
26135543
26138247
26142553
26144355
26146608
26159982
26164885
26165539
26165607
26167877
26170372
26177103
26177567
26177880
26180690
26184367
26196952
26202779
26204469
26205061
26209274
26213258
26216363
26230490
26234381
26236548
26240955
26241162
26247586
26248464
26253174
26256251
26256421
26265775
26266040
26267058
26273811
26277677
26277802
26286056
26289346
26289942
26297286
26299684
26305161
26305726
26313816
26315913
26319220
26320986
26322356
26324143
26328140
26335704
26337877
26341492
26345106
26347768
26349906
26351424
26352967
26360324
26363069
26364431
26377464
26381038
26384255
26385205
26386936
26393338
26400632
26403393
26405443
26408369
26409784
26413934
26415796
26432770
26437013
26445455
26447813
26451482
26466635
26468027
26472191
26483252
26484745
26485662
26488565
26497640
26500815
26500896
26504631
26510892
26514489
26516226
26517304
26522233
26526904
26531888
26532504
26533448
26533916
26535168
26538327
26541904
26543678
26543925
26544214
26545602
26548192
26549899
26550044
26552214
26553334
26553521
26554290
26560571
26560697
26563286
26563677
26564055
26570624
26582775
26584149
26596370
26598905
26601226
26603420
26604191
26615708
26616032
26617863
26619512
26620748
26625391
26629410
26631306
26638682
26639395
26646868
26648522
26648967
26658345
26659017
26659594
26662258
26662459
26662512
26663414
26672198
26681951
26683823
26688944
26692688
26693825
26695939
26702222
26702349
26703973
26704033
26704725
26705259
26707974
26712207
26712221
26716632
26717882
26718445
26720063
26724882
26726248
26732579
26732845
26738752
26742351
26753874
26763207
26763209
26764128
26770691
26774291
26777165
26777571
26778416
26787551
26791727
26792650
26793568
26799735
26803989
26804841
26806095
26815678
26818532
26821604
26829611
26834695
26835963
26838578
26840207
26844609
26847201
26849644
26850858
26856902
26857082
26857689
26861023
26867237
26872549
26876525
26877388
26877561
26879583
26880609
26885765
26887879
26887921
26892334
26894366
26895630
26898036
26904538
26907172
26918255
26919637
26921627
26923390
26940485
26940990
26943162
26948747
26949024
26949594
26951079
26952216
26952385
26956647
26962423
26966313
26970094
26972749
26972967
26973035
26976378
26978208
26981334
26983167
26985373
26988398
26989456
26990442
26990520
26993293
26996383
26999687
27001268
27003136
27003923
27004231
27009834
27018673
27019219
27024212
27027996
27029354
27037997
27040949
27044320
27048959
27049471
27057416
27058287
27059995
27061626
27065131
27067427
27072311
27074452
27076509
27078456
27080762
27082031
27084429
27086618
27086714
27093456
27093893
27095115
27095251
27096662
27096951
27098759
27100305
27108435
27111006
27111370
27112540
27119355
27121587
27123823
27133346
27134380
27140837
27152134
27152419
27160796
27164538
27168971
27173652
27174289
27176376
27176460
27179228
27194240
27195204
27196057
27201753
27205812
27207718
27218652
27219239
27219606
27220965
27226559
27227499
27228632
27229046
27229705
27232379
27232715
27237122
27237310
27239477
27242826
27245503
27246282
27246531
27248888
27249012
27251572
27254597
27256528
27260693
27261973
27262763
27267748
27268666
27269649
27270461
27273659
27276254
27279758
27280352
27284950
27289322
27293628
27293666
27295681
27300833
27305743
27306058
27306959
27307103
27316741
27324599
27324777
27324965
27327214
27329801
27335811
27336744
27342033
27342666
27343968
27344896
27349593
27351460
27353164
27353648
27356269
27356284
27360814
27362908
27362968
27363632
27367971
27374983
27375327
27375972
27385389
27385730
27398230
27398715
27399432
27401810
27403128
27404550
27406285
27411088
27411166
27417712
27421010
27423422
27424960
27426417
27428334
27428786
27432924
27434830
27435169
27439996
27440706
27444903
27447300
27451596
27451774
27453262
27455357
27458477
27458829
27459002
27459292
27459416
27460699
27466607
27466795
27474399
27474659
27484484
27484735
27486093
27486235
27487374
27489041
27489153
27491984
27494989
27496225
27496269
27500552
27513599
27517019
27518104
27526519
27532689
27540730
27542796
27544672
27547736
27548169
27550494
27552969
27555348
27556408
27560081
27562422
27562800
27563674
27565432
27567126
27571074
27571111
27573691
27573913
27574176
27585171
27594607
27599835
27600460
27602091
27603545
27604179
27609782
27613135
27614120
27617081
27623810
27625655
27626325
27627923
27634543
27640190
27641458
27651343
27653970
27659067
27659207
27661278
27666048
27670734
27670910
27673453
27674454
27677894
27679702
27682301
27683062
27686775
27690867
27695195
27698054
27698308
27700846
27704995
27706305
27712685
27721149
27723727
27724045
27728405
27731511
27733463
27735561
27736722
27746241
27754250
27757083
27760875
27771118
27771809
27774048
27776001
27776983
27780684
27786305
27789318
27790348
27795921
27796163
27803321
27805579
27808759
27809397
27814012
27816093
27816847
27817849
27819556
27819946
27830166
27838662
27859490
27860881
27862512
27863758
27864671
27866408
27867931
27869329
27875006
27877526
27881685
27881748
27883564
27892830
27892860
27897691
27900672
27902927
27911139
27911168
27915267
27916824
27920861
27925804
27928229
27928878
27931658
27935082
27940465
27941126
27942622
27942625
27944298
27948213
27951816
27954195
27954402
27954502
27957545
27966627
27968665
27971364
27971784
27974092
27979888
27983738
27987564
28003216
28004818
28006896
28013222
28013723
28014049
28014181
28020501
28020782
28020899
28022611
28023797
28026896
28027557
28028577
28029133
28032176
28032348
28032508
28034836
28040220
28041186
28051743
28055491
28055578
28060503
28060523
28064249
28068738
28070220
28072690
28079629
28079850
28082497
28083153
28085105
28090336
28096108
28104481
28104573
28106477
28107777
28113879
28114581
28115830
28117485
28118467
28122284
28132824
28136987
28140852
28159813
28169593
28171245
28172686
28172695
28173970
28174361
28176257
28179195
28194110
28195621
28199136
28202574
28203423
28209424
28212395
28213815
28214526
28215080
28227547
28236458
28240149
28241889
28248579
28255691
28259522
28259816
28260114
28260793
28264417
28277648
28279908
28285340
28289233
28300832
28301617
28303623
28306768
28308314
28308358
28309783
28311301
28317029
28317313
28320486
28326220
28329591
28331754
28332905
28334653
28337387
28338832
28350485
28352071
28363789
28364326
28364729
28365585
28368591
28372481
28378290
28379198
28380686
28393559
28394074
28409509
28411442
28413271
28413668
28415446
28417912
28418353
28418664
28418926
28429208
28430809
28435557
28436666
28436821
28437023
28438345
28439594
28442204
28453836
28454916
28459469
28463473
28463718
28465843
28469436
28472232
28472364
28477129
28477311
28478124
28478265
28488142
28491495
28494880
28496656
28497166
28499784
28500016
28508409
28508499
28517748
28517993
28519493
28522954
28526725
28527792
28528907
28531497
28532275
28539748
28541506
28542552
28543699
28547668
28550215
28551657
28569256
28571089
28571620
28577636
28596515
28601663
28604028
28610980
28611980
28612515
28616441
28617053
28623121
28628891
28630962
28632418
28645086
28645108
28646144
28647021
28653072
28653730
28656664
28656802
28658717
28663592
28664189
28667782
28668306
28676480
28676939
28687843
28688962
28689065
28695002
28696495
28698068
28708445
28714947
28716225
28716649
28727881
28730353
28733138
28736651
28739181
28744015
28744863
28745107
28746177
28746851
28747667
28752703
28755122
28755757
28760017
28764706
28765771
28769331
28770533
28772324
28775997
28780659
28781138
28784863
28785820
28790289
28798846
28808351
28809683
28810088
28810926
28812347
28814147
28814399
28817083
28817245
28817808
28818962
28821752
28824273
28825149
28829877
28831757
28832933
28833245
28833791
28834454
28840030
28848688
28849480
28855508
28856363
28858695
28866116
28872091
28876700
28881414
28883234
28887967
28890625
28898140
28902153
28907064
28913119
28916163
28919706
28920101
28921229
28921979
28923291
28928530
28938976
28939151
28940287
28940976
28943622
28944152
28945800
28951652
28958641
28959280
28963084
28966331
28968057
28970780
28974094
28974559
28977228
28978049
28979923
28980067
28982249
28986913
28987301
28989497
28999377
29002033
29011754
29013458
29024031
29025299
29026460
29026686
29028187
29031159
29054176
29055750
29058369
29059713
29063219
29064041
29065441
29066042
29074401
29080793
29082806
29090640
29093197
29094397
29099543
29104827
29117093
29121355
29125357
29127347
29128680
29129547
29129693
29134487
29142827
29152605
29154455
29154742
29156129
29162142
29162892
29164621
29165145
29168046
29168427
29172468
29173018
29176905
29178488
29179267
29185183
29193198
29195993
29200014
29203533
29203874
29204855
29205091
29205490
29207122
29207813
29208579
29212290
29215268
29216056
29216466
29219190
29221821
29222580
29222931
29223002
29234885
29236130
29238288
29239005
29241812
29242408
29242572
29247462
29247968
29251516
29253170
29258272
29260412
29262274
29263199
29265572
29269341
29271974
29273167
29279486
29282893
29284270
29288043
29290383
29294897
29299539
29305467
29307773
29312739
29318431
29318840
29321351
29321793
29322230
29322836
29333019
29334092
29337125
29338816
29347927
29359591
29359619
29360432
29362324
29362811
29364776
29367011
29371442
29376629
29378416
29380975
29385286
29386554
29386826
29391042
29392508
29394336
29395165
29395320
29397355
29398438
29405366
29407914
29409136
29410348
29414344
29415656
29416622
29416810
29418035
29420232
29420684
29421365
29422819
29429552
29441079
29444441
29446660
29447178
29451118
29452022
29453243
29454130
29457268
29461491
29463203
29482545
29484263
29488817
29489075
29490670
29491331
29495492
29501597
29506097
29513047
29518478
29520789
29521533
29530749
29536186
29539637
29544012
29547806
29548676
29552524
29553736
29560053
29564758
29566761
29571633
29573499
29577091
29579193
29580504
29580518
29586149
29592191
29604902
29605894
29614052
29623517
29624381
29626054
29627365
29629736
29635104
29635181
29637811
29639740
29643453
29647465
29648742
29649943
29652243
29659432
29667851
29670447
29672062
29672731
29674521
29675335
29677222
29680825
29687111
29688803
29690810
29698651
29702571
29702973
29704217
29709166
29714413
29716086
29720995
29724530
29727938
29728466
29729379
29732705
29733340
29734040
29734172
29737590
29747198
29751715
29752143
29755481
29758417
29762110
29763902
29764523
29768108
29770499
29775746
29778632
29783089
29783143
29791495
29798772
29798873
29799418
29808017
29808070
29809299
29811990
29814328
29815826
29816907
29821318
29826255
29834512
29837952
29844555
29849473
29853031
29860396
29866373
29868519
29870609
29872415
29873594
29874868
29876217
29886350
29887703
29902379
29903200
29920403
29933976
29939124
29950042
29950411
29951105
29952387
29953792
29954846
29961191
29966371
29975926
29981764
29993106
29993722
29994072
29994082
29994669
29995094
30004265
30010808
30012746
30013351
30015310
30016974
30019523
30020714
30020769
30021997
30022013
30023950
30024662
30025144
30026221
30029521
30032065
30035570
30035972
30037243
30039577
30039674
30040578
30048950
30049517
30058357
30061554
30062700
30064247
30064936
30069717
30071127
30075854
30076013
30077887
30078371
30084985
30085713
30088539
30089094
30089814
30093916
30097366
30098375
30099874
30100717
30102006
30103822
30105055
30108446
30108510
30113747
30115637
30118392
30120405
30121607
30123305
30124856
30125298
30125728
30127047
30129138
30130932
30132707
30134362
30134906
30166535
30166987
30179186
30179555
30181062
30184944
30186001
30187152
30191381
30193975
30196900
30206762
30210762
30210994
30211474
30211669
30227834
30231986
30243780
30247502
30248380
30249652
30253237
30257141
30260558
30261592
30264699
30269847
30273858
30280636
30282347
30293943
30297676
30299153
30302872
30310466
30311220
30315221
30318109
30320422
30320952
30324500
30326355
30327070
30327172
30329845
30331008
30335305
30336214
30340106
30341466
30344537
30346006
30346622
30352913
30354984
30355662
30356367
30358936
30368917
30369855
30372552
30375316
30378575
30382638
30391461
30392402
30395172
30401212
30403061
30406786
30407571
30408823
30409174
30412417
30415128
30415810
30416385
30424382
30425027
