3244
3292
3293
3295
3702
3706
3708
3717
3719
3727
3730
3736
3739
3741
3745
3750
4022
4029
4050
4194
5387
5408
5409
5419
5421
6043
6069
6857
7778
7787
7799
7800
7810
8378
8391
8401
8792
8795
8799
8800
8817
8818
8821
8822
8825
9781
10240
10250
10254
10264
10265
10817
10824
10834
11275
11458
11466
11487
11906
11907
11912
11920
11922
11932
12272
12349
12360
12369
12371
12373
12376
12381
12382
12390
14782
15040
15054
15066
15073
16059
16064
16073
16075
16470
16471
16474
16477
16486
16873
16884
16885
16887
16891
16894
16897
