88153
90613
91516
92742
92912
97708
98945
103608
103819
105131
105406
107380
108672
109101
245656
246022
246499
246606
247604
247713
247790
248248
248603
248838
249100
249454
249510
249560
250047
250112
250556
250576
251208
252243
252683
253385
253417
253732
253740
254203
255288
256091
256630
256849
257204
258695
259226
259570
260452
261657
261660
262141
262419
262598
262629
263594
263688
264098
264279
264704
265034
265215
265347
265724
265966
266311
266320
267011
267426
284146
284164
284826
284970
285029
285340
285873
287317
287499
287638
287724
288068
288095
288322
288488
288567
288669
288737
288962
289189
289706
289758
290459
290584
290715
291208
291540
291616
292197
292515
292875
293035
293495
293662
293695
293994
294056
294256
294456
294699
295362
295513
295529
296084
296254
296757
296928
297199
297918
297932
298121
298243
298540
299190
299410
299911
300267
300528
300572
301018
301097
301137
301247
301441
302409
302684
303279
303427
303534
303586
303896
304027
304194
304235
304408
304631
304904
304953
305165
305286
305531
305691
305920
306029
306168
359228
359662
360318
360418
360450
360502
361198
361284
361430
361550
362143
362317
362490
362514
362819
363027
363382
363614
363994
364115
364373
364842
365859
366303
366415
366438
366571
366710
366988
367193
367263
367712
367807
367961
368738
368962
369980
370169
370275
370505
370830
370854
370882
370996
371029
371041
406096
407537
408450
408855
409863
410441
411462
411598
411799
412797
415321
416616
418207
419164
419650
419901
422196
422450
422903
423706
427623
428711
428887
428964
429015
525168
525972
526034
527841
528014
528444
528804
529113
529198
529500
531458
531562
535380
536639
538831
539357
539546
539683
540980
542927
543219
543270
543767
545379
545762
546059
546218
546255
590482
681774
681983
682583
682763
682792
682928
683280
683360
683582
684346
684372
684434
684553
684675
685181
685651
685728
686273
686438
687085
688095
688403
688773
689114
689165
689416
689947
690416
690785
691242
692043
692836
693292
693443
693677
694234
695028
695108
695333
695339
695517
696111
696431
696556
697379
697742
698109
698118
698158
698332
698710
699486
699664
699703
699764
700633
700697
701174
701189
701264
865428
865540
865664
867002
868729
869061
869161
870901
871254
872869
875260
876840
877218
1010768
1010862
1010940
1011370
1011423
1011518
1011735
1011992
1012070
1012181
1012244
1012335
1012963
1013309
1013499
1013820
1013979
1015326
1015545
1016038
1016146
1016275
1017372
1017493
1017570
1018046
1018086
1018292
1018905
1018963
1019032
1019357
1019377
1020136
1020277
1020652
1020740
1020960
1021232
1021495
1022525
1022717
1023013
1023352
1023702
1023704
1024740
1025243
1025497
1025618
1025938
1026050
1026247
1026467
1026566
1026689
1026722
1026846
1027056
1027368
1027491
1027656
1028199
1028331
1028448
1029355
1029398
1029998
1031602
1039974
1040628
1041843
1043141
1044016
1046380
1046806
1046856
1130505
1143727
1150158
1153003
1153532
1155658
1158080
1193908
1198400
1203600
1203824
1203832
1203848
1204605
1204836
1205071
1205838
1205853
1206034
1206324
1206330
1206908
1207523
1207614
1207684
1207763
1208360
1208547
1208864
1209421
1209504
1209666
1210527
1210632
1211072
1211220
1211449
1211658
1211696
1211789
1211874
1212077
1212256
1212273
1212416
1212497
1212576
1213243
1213870
1214053
1214371
1214544
1215047
1215397
1215597
1215683
1215907
1216014
1216448
1217741
1217901
1218000
1218140
1218413
1218678
1218720
1218769
1218830
1218868
1219437
1219460
1219514
1219526
1264073
1264311
1264644
1264807
1265316
1265336
1265600
1265646
1265849
1266203
1266883
1267544
1268074
1268222
1268648
1268864
1269049
1269186
1269261
1269324
1269630
1269634
1269685
1270942
1271130
1271298
1271443
1271840
1272213
1272242
1272260
1272290
1272295
1272305
1272433
1272487
1272542
1272822
1272906
1272974
1273497
1273522
1274101
1274105
1274256
1274562
1274640
1274802
1274840
1274939
1275090
1275238
1275680
1275810
1275943
1277001
1277451
1277643
1277740
1277809
1277840
1277956
1278148
1278350
1278471
1278716
1278780
1279118
1279249
1279277
1279459
1279531
1279835
1280358
1280409
1280693
1280716
1280865
1281059
1281648
1282396
1282470
1282580
1282588
1283197
1283446
1284277
1284963
1285038
1285300
1285307
1286203
1286372
1286565
1286622
1286665
1286811
1286867
1287004
1375683
1376621
1377014
1377339
1377876
1377909
1378041
1378487
1378866
1379449
1379673
1379860
1379887
1380990
1381295
1381492
1381803
1381991
1382084
1382459
1383289
1383790
1383932
1384227
1384480
1384538
1384653
1384791
1385261
1385307
1385328
1385622
1385993
1386186
1386417
1386818
1387383
1387474
1387648
1387708
1520897
1520968
1521426
1522125
1522540
1523371
1523399
1523522
1523695
1523899
1524020
1524327
1525226
1525278
1525406
1526217
1526312
1526635
1526925
1527104
1527547
1530385
1530491
1532154
1532875
1533647
1533677
1534771
1536931
1537076
1636558
1637010
1637051
1637501
1637911
1638537
1639914
1640167
1640453
1643140
1644062
1644071
1650945
1650954
1652846
1658644
1658864
1753282
1753975
1754413
1754647
1754746
1754896
1755008
1755194
1755518
1755530
1755637
1755660
1756559
1756826
1757150
1757252
1757958
1759843
1759983
1760516
1760770
1761206
1761548
1762207
1762274
1763415
1763499
1763520
1763829
1764705
1765122
1765519
1765784
1766207
1766243
1766336
1766505
1766863
1767504
1767587
1768271
1768396
1768408
1768793
1769533
1769644
1769650
1770240
1770438
1770689
1838322
1838572
1839264
1839396
1839515
1839888
1840195
1842992
1843012
1843143
1843628
1843847
1844203
1844315
1844729
1844829
1844892
1845077
1845146
1845293
1845502
1845687
1845952
1846115
1846571
1847021
1847664
1847675
1847704
1847725
1847911
1847981
1848024
1848189
1848440
1849415
1849723
1849726
1850979
1851234
1851248
1851709
1851822
1851997
1852138
1852405
1852721
1853035
1853043
1853410
1853554
1853655
1853767
1853927
1853962
1854741
1855171
1856392
1856541
1857377
1857551
1858228
1858268
1858592
1858621
1858924
1859024
1859570
1860271
1860450
2053438
2053639
2055789
2055887
2056331
2057010
2057348
2057607
2057695
2057854
2058094
2059210
2059935
2060044
2060087
2061226
2061249
2061477
2062492
2062566
2063238
2063571
2065475
2066209
2066393
2067506
2067691
2068066
2068520
2069006
2069753
2070240
2070629
2071012
2071401
2071753
2071765
2071837
2073278
2073651
2074487
2074539
2075999
2076562
2076603
2194445
2194598
2195237
2195681
2195793
2196083
2196387
2196598
2197036
2197377
2197496
2198080
2198112
2199050
2199290
2199294
2199407
2199690
2200512
2200557
2200627
2201469
2202948
2205278
2206219
2206368
2207645
2207797
2207868
2208052
2208929
2265354
2265812
2266023
2266224
2267141
2267158
2268300
2269300
2269661
2269683
2270271
2270493
2270507
2271548
2271900
2271997
2272322
2272331
2273583
2274474
2274749
2274792
2274927
2274947
2274999
2275638
2275840
2275980
2276199
2276240
2276402
2276786
2277035
2277073
2277517
2277597
2279850
2280252
2280849
2281847
2282509
2282550
2282948
2282969
2283050
2283426
2283534
2283854
2284022
2284033
2284669
2285136
2285416
2285493
2286589
2287280
2366584
2370883
2372570
2377294
2380263
2380515
2380723
2381192
2381360
2381505
2381652
2381699
2382710
2382992
2383025
2383525
2383647
2383661
2383852
2384622
2384827
2385453
2385518
2385754
2385914
2386407
2386953
2388280
2388410
2388595
2388710
2389039
2389600
2390629
2391083
2391791
2391887
2392508
2392605
2392771
2392905
2393178
2393481
2394616
2394694
2395053
2395376
2395586
2396701
2397581
2399368
2403602
2403947
2406864
2409123
2413683
2414075
2414982
2419449
2462067
2462199
2462277
2462479
2462520
2463009
2463957
2464056
2464120
2464333
2464507
2464930
2465012
2465058
2465508
2465618
2465746
2465996
2466061
2466181
2466310
2466402
2466719
2466745
2468139
2468262
2468333
2468385
2469288
2469349
2469430
2469442
2469573
2469592
2469781
2469877
2469877
2469964
2469969
2470384
2470719
2471432
2472582
2472764
2473194
2473223
2473405
2473519
2473600
2473683
2473776
2474144
2474224
2474903
2497240
2497273
2497729
2498875
2500479
2500526
2500533
2500894
2501239
2501579
2501692
2501717
2501816
2502652
2503337
2503558
2503664
2504407
2504518
2505330
2505421
2505479
2505613
2506510
2507354
2507404
2507627
2507748
2508001
2508990
2509534
2509998
2510431
2510432
2510632
2510650
2510894
2511228
2511624
2511750
2511809
2512305
2512819
2513307
2514198
2514232
2514367
2514600
2515226
2515238
2515297
2515618
2516033
2516073
2516131
2516332
2516550
2516860
2517119
2517870
2518461
2518589
2519874
2519887
2520258
2520379
2520412
2709722
2712823
2722291
2723322
2723804
2725406
2725955
2727360
2728682
2729128
2733308
2733612
2756895
2943427
2943439
2943528
2943587
2943806
2943877
2943929
2944093
2944143
2944316
2944599
2944600
2944605
2944663
2944824
2945268
2945448
2945646
2946002
2946129
2946362
2946432
2946700
2946702
2946807
2946892
2946953
2947232
2947667
2947921
2947938
2947970
2948196
2948621
2948710
2949073
2950401
2950777
2950872
2951181
2951734
2951949
2952163
2952495
2952537
2952921
2953226
2953304
2953468
2953495
2954111
2954119
2954150
2954215
2954525
2954660
2954687
2955205
2956500
2956550
2956886
2956957
2957026
2957183
2957217
2957549
2957552
2957668
2957787
2957791
2958088
2958871
2958915
2959118
2959208
2959638
2959694
2959728
2959870
2959919
2960265
2960904
2961341
2961583
2961970
2962292
2962441
2962818
2962927
3002401
3034080
3040986
3045781
3053300
3054360
3055068
3055773
3055810
3056063
3058001
3058024
3058789
3058936
3058975
3060278
3062160
3062745
3062775
3063420
3064108
3064949
3065214
3065225
3159603
3161895
3169096
3233211
3233483
3233578
3233617
3234026
3234046
3234343
3234576
3234582
3234642
3234949
3235111
3235545
3235653
3235808
3236178
3236186
3236875
3237079
3237499
3238075
3238451
3240060
3240175
3240381
3240652
3240993
3241021
3241435
3241786
3242709
3242764
3243221
3243425
3243673
3245063
3245466
3245751
3246085
3246265
3246399
3246525
3246572
3246903
3246926
3246948
3247075
3248393
3248862
3249049
3249130
3249136
3249178
3249257
3249659
3249811
3250027
3250261
3250390
3251002
3251349
3251511
3251764
3252232
3252302
3252618
3253107
3253195
3253370
3253538
3399861
3404277
3405549
3426307
3426325
3427009
3427047
3427254
3427341
3427612
3427700
3428788
3429521
3429565
3429875
3430193
3430223
3430284
3430359
3430471
3430575
3430712
3431078
3431132
3431840
3432085
3432660
3432931
3433127
3433335
3433404
3433668
3433702
3434063
3434153
3434250
3434403
3434416
3434479
3434578
3434760
3434931
3435123
3435385
3435754
3435931
3436439
3436701
3436841
3437081
3437761
3438113
3438177
3438441
3438627
3438706
3438765
3438932
3439042
3439253
3439289
3439301
3439536
3440013
3440136
3440243
3440300
3440493
3440887
3440894
3441145
3441172
3441432
3441836
3441866
3441911
3442140
3442494
3442504
3442721
3442780
3443229
3443286
3443341
3443552
3443631
3443730
3443748
3444242
3444440
3444530
3444743
3445259
3496815
3496945
3496990
3497549
3499240
3499412
3499542
3499654
3499753
3500060
3500255
3500261
3500533
3501182
3501369
3501588
3501820
3502612
3503137
3503336
3503337
3503521
3503800
3503971
3504126
3505348
3506954
3507389
3507912
3508106
3508257
3508472
3508597
3509752
3510460
3510503
3511155
3511490
3511628
3512153
3512396
3512432
3512769
3513218
3513353
3514433
3681616
3681645
3681741
3681890
3682250
3682928
3683075
3683734
3683868
3683903
3684168
3684625
3685002
3685172
3685649
3685847
3685930
3686381
3686799
3687372
3687609
3687624
3687725
3688212
3688215
3688352
3688672
3688709
3689087
3689093
3689256
3689505
3689619
3690285
3690316
3690352
3690764
3690813
3691781
3692086
3692095
3693114
3693857
3694068
3695084
3695724
3696257
3696951
3697086
3697596
3697673
3697697
3698694
3698705
3699403
3700226
3700434
3700674
3700799
3701052
3701291
3701790
3702143
3702154
3702322
3702602
3702724
3702735
3702836
3702850
3702892
3703163
3703559
3703639
3877448
3877663
3878068
3878098
3878369
3879176
3879239
3879655
3879954
3879955
3880398
3880813
3881201
3881248
3881567
3882067
3882190
3883273
3883494
3883627
3883985
3884169
3884180
3884216
3884247
3884529
3884922
3885788
3886644
3886713
3887335
3887502
3888291
3888538
3888898
3889144
3889224
3889271
3889316
3889639
3890120
3890237
3890258
3890363
3890477
3890515
3890706
3890861
3891000
3891178
3891206
3891220
3891440
3892243
3892249
3892352
3892528
3892609
3893133
3893396
3893489
3893860
3894102
3894112
3894735
3895005
3895055
4004748
4009293
4010516
4010662
4011703
4017968
4018723
4019823
4021027
4021495
4125162
4210966
4212041
4212087
4212282
4212338
4212669
4212702
4213108
4214204
4214306
4214933
4215237
4215647
4216359
4216524
4217219
4217577
4217615
4217656
4217848
4218372
4219051
4219171
4219714
4219864
4219989
4220074
4220506
4221023
4221054
4221555
4222421
4222492
4223345
4224365
4224494
4224726
4224727
4225087
4225992
4226218
4227071
4227209
4227598
4227814
4277039
4277503
4278527
4279268
4279295
4279491
4280704
4280775
4280793
4280964
4281244
4281415
4281527
4281776
4281847
4282180
4283807
4284878
4285793
4286489
4286674
4287645
4287761
4287806
4287823
4289011
4290415
4401943
4414322
4417914
4418127
4462720
4462733
4462805
4462923
4463092
4463166
4463217
4463496
4463596
4463850
4463928
4463930
4463954
4463967
4464900
4464903
4465308
4465316
4465448
4465637
4465967
4466091
4466192
4466729
4466782
4466876
4467076
4467610
4467643
4467667
4467704
4468039
4468273
4468316
4468703
4468766
4469175
4469226
4469998
4470059
4470152
4470639
4470961
4471560
4471579
4471634
4471756
4471943
4471964
4472085
4472569
4472644
4473053
4473545
4474058
4474098
4474147
4474424
4474923
4475100
4475169
4476064
4476732
4476864
4477110
4477295
4477900
4477986
4478016
4478412
4478487
4478588
4478950
4479562
4479579
4479645
4479814
4479865
4479935
4480684
4480809
4480856
4480886
4480972
4481036
4481374
4481415
4481484
4481509
4482156
4482846
4483217
4483991
4487597
4491290
4491294
4492847
4496342
4500645
4502941
4503165
4504132
4504935
4511055
4512093
4514177
4576043
4578542
4582210
4633841
4634813
4635176
4635587
4637765
4638196
4639563
4640405
4641881
4642049
4642258
4646014
4646500
4647668
4647760
4649623
4752801
4754393
4754773
4755054
4756360
4758440
4759286
4760482
4761938
4762713
4765066
4768530
4770328
4808779
4823067
4824800
4824933
4825323
4825857
4826486
4827192
4827549
4827881
4830724
4830810
4832376
4833369
4834437
4834898
4835042
4835452
4836041
4836512
4837809
4838061
4838299
4838900
4839142
4840458
4841269
4844061
4845479
4990507
4991044
4991243
4991384
4992231
4992264
4992451
4992661
4993445
4993782
4994105
4994306
4994575
4994640
4995255
4997210
4997732
4997737
4997801
4997987
4998032
4998087
4998581
4998625
4998885
4999483
4999495
4999524
4999616
4999987
5000082
5000258
5000579
5000778
5000843
5001950
5002193
5002285
5002472
5003316
5003347
5003367
5003372
5003618
5003639
5003722
5003807
5003832
5004116
5004583
5004596
5004959
5005063
5005075
5005565
5006073
5006248
5006634
5006695
5006861
5007624
5007948
5007966
5135544
5137029
5139296
5146856
5152637
5155353
5155426
5277054
5282413
5282632
5283051
5283451
5286569
5288583
5289133
5289146
5292651
5293231
5295378
5298723
5316962
5316994
5317219
5317350
5318272
5318545
5320959
5322402
5324220
5325133
5325563
5327188
5327785
5328579
5328658
5328919
5328966
5330753
5335033
5337882
5343837
5363490
5363660
5363732
5363952
5364044
5364071
5364093
5364510
5364532
5364758
5365191
5365304
5365381
5365685
5365865
5366372
5366802
5367663
5367686
5368362
5368442
5370452
5370584
5370770
5371611
5371736
5372156
5372229
5372350
5372851
5373523
5374075
5374270
5374356
5374367
5374852
5375100
5375346
5375383
5375433
5375508
5375945
5376039
5376076
5376162
5376228
5376935
5377233
5377413
5377861
5377968
5378257
5378311
5379090
5379131
5379199
5379760
5380298
5380312
5380435
5380762
5380821
5380872
5381164
5381364
5381521
5381827
5381832
5381984
5382139
5382302
5382420
5382846
5383365
5383448
5383453
5383571
5383703
5383887
5384116
5384504
5384609
5384919
5385018
5385179
5385274
5385444
5385591
5386390
5386497
5386710
5506564
5566379
5566699
5569608
5569741
5569915
5569977
5570101
5570919
5572744
5574325
5574441
5574751
5575129
5575904
5576227
5576311
5576712
5576929
5577444
5577553
5577718
5577856
5578954
5579053
5579672
5580386
5580701
5580759
5580885
5581397
5581961
5583005
5583772
5584499
5584543
5584675
5584851
5585186
5585413
5585579
5586531
5859694
5861142
5862409
5862787
5863690
5864211
5865116
5867416
5869981
5870379
5872080
5872697
5872727
5872800
5873969
5874615
5876160
5917976
5918483
5919821
5920843
5920854
5920964
5921116
5921143
5922045
5922074
5922520
5922856
5922903
5924057
5924111
5924219
5924353
5924437
5924723
5925026
5925745
5926068
5926180
5926243
5926246
5926301
5926437
5926760
5928076
5928606
5928992
5929394
5930313
5931130
5931223
5931970
5933575
5933740
5934399
5934409
5934428
5934479
5934972
6021094
6026275
6026899
6028017
6029065
6030858
6031292
6033998
6082399
6082462
6082887
6083508
6084119
6084193
6084509
6084735
6085175
6085335
6085566
6086140
6086324
6086360
6087433
6087517
6088005
6088194
6088368
6088771
6089035
6089126
6089175
6089305
6089353
6089462
6089662
6089807
6090327
6090446
6090616
6091057
6091141
6091590
6092041
6092288
6092408
6092945
6093418
6093518
6093535
6093745
6094678
6094813
6095068
6095271
6095275
6095452
6095514
6095554
6095600
6095803
6096210
6096417
6096466
6096474
6096562
6096569
6096962
6097183
6097677
6097784
6097924
6098241
6098349
6098612
6098937
6099260
6099606
6099655
6100392
6100525
6100839
6100915
6100938
6101214
6101244
6102141
6102799
6103341
6105118
6105793
6106022
6106210
6106331
6106350
6107495
6108085
6108247
6108659
6108822
6109278
6112502
6112545
6112976
6113096
6113251
6114210
6114696
6115106
6115513
6123582
6131660
6346370
6359021
6359281
6360229
6366209
6517509
6519314
6523729
6525659
6527459
6532014
6534254
6615329
6615650
6616156
6617150
6617466
6617971
6618443
6618794
6619133
6619473
6619978
6620445
6620738
6621543
6621791
6621874
6622631
6622655
6622682
6622702
6623172
6623288
6623383
6623491
6623726
6623864
6625439
6625892
6627288
6627330
6627602
6627660
6627799
6627827
6628006
6628387
6628479
6631247
6658589
6659459
6660422
6663636
6671692
6673128
6674228
6700224
6701147
6701325
6701447
6701715
6702453
6702594
6704404
6706849
6706955
6707169
6707577
6707704
6708892
6709181
6709360
6710732
6711364
6712305
6712326
6712329
6713963
6715682
6854810
6856151
6856314
6856763
6856938
6857065
6857081
6857151
6857242
6857670
6857700
6858225
6858606
6858671
6858743
6858908
6858939
6859112
6859831
6859922
6860114
6860407
6861321
6861959
6862023
6862084
6862330
6862340
6862570
6862910
6863034
6863213
6863276
6864064
6864439
6864564
6864858
6864898
6865078
6865174
6865682
6866161
6866531
6866671
6866840
6867590
6868923
6869173
6869494
6870104
6870731
6871637
6871770
6899942
6903562
6904829
6905262
6945932
6946849
6948893
6949506
6955697
7040480
7041922
7045900
7050040
7051471
7052541
7053031
7053934
7056701
7192538
7192668
7192691
7192812
7194199
7194508
7194993
7196045
7196869
7196886
7197248
7197620
7197666
7197760
7199257
7199851
7200351
7200448
7200700
7201259
7201511
7203306
7203838
7204160
7204534
7204545
7204945
7206334
7206573
7206942
7297576
7297981
7298294
7298501
7298646
7298705
7298782
7298815
7298841
7299105
7299747
7300062
7300123
7300142
7300278
7300315
7300748
7301062
7301404
7302455
7302490
7303087
7303122
7303380
7303762
7303808
7303911
7304017
7304249
7304402
7305047
7305253
7305465
7306060
7306073
7306387
7306433
7306664
7307412
7307507
7307764
7309137
7309430
7310088
7310102
7310709
7311011
7311070
7311154
7311247
7311326
7311641
7311755
7311882
7400545
7403873
7404136
7406104
7409280
7410252
7437904
7440106
7443637
7444230
7446273
7446964
7447095
7447738
7449596
7451389
7452410
7453089
7453867
7454118
7455753
7528074
7530363
7538022
7587794
7700985
7702103
7702561
7702584
7702627
7702631
7703121
7703176
7703208
7703327
7703629
7703671
7703863
7704395
7704515
7705114
7705118
7705245
7705290
7705301
7705331
7705634
7705822
7705849
7705992
7706269
7706298
7706396
7706523
7706663
7707042
7707922
7707965
7708036
7708159
7708206
7708275
7708541
7708845
7709579
7709776
7710310
7710427
7710437
7710766
7710944
7710994
7711526
7711603
7711911
7712140
7712245
7712316
7712369
7712446
7712477
7712504
7712743
7712891
7712895
7713586
7713703
7714154
7714338
7714585
7789559
7790458
7790602
7791033
7791256
7791909
7792146
7793386
7795420
7795866
7796183
7796241
7797715
7797877
7798191
7799222
7799947
7801038
7802832
7803185
7803990
7805681
7806884
7806970
7806984
7807105
7808760
7808833
7808950
7810438
7867684
7868109
7868452
7868905
7869818
7871697
7872877
7873089
7873102
7873597
7874607
7876461
7876775
7877210
7878464
7878724
7879088
7880188
7880306
8019279
8020241
8020540
8020916
8021506
8022374
8022746
8023382
8023498
8024292
8025020
8027186
8029264
8030613
8031029
8031578
8033285
8033788
8050771
8052584
8052814
8053143
8054237
8054903
8054925
8055373
8055927
8058372
8058797
8061100
8138155
8138271
8138290
8138906
8139321
8139752
8139780
8139794
8140048
8140568
8141127
8141152
8141879
8142321
8142589
8143256
8143842
8144119
8144616
8144868
8145034
8145296
8145335
8145466
8147873
8148024
8148691
8149899
8149956
8150253
8150902
8151188
8151441
8264738
8265088
8265211
8265370
8265405
8265699
8266015
8266440
8266656
8266772
8267034
8267199
8267288
8267335
8267400
8267768
8268296
8268731
8269417
8269489
8269765
8269832
8269835
8270021
8270034
8270248
8270476
8270614
8270859
8271074
8271724
8272421
8272815
8273048
8273289
8273647
8273719
8273898
8274672
8275029
8275857
8276372
8276465
8276567
8276731
8276992
8277876
8278066
8278143
8278410
8278582
8278761
8278892
8279135
8279260
8280103
8280205
8280572
8281315
8281570
8281701
8282586
8282596
8283345
8283690
8283749
8284269
8284352
8535016
8535142
8535835
8536043
8536278
8537191
8537252
8538056
8538819
8539225
8539429
8539657
8539751
8540041
8540408
8541317
8541430
8541761
8543453
8543618
8543839
8545083
8545475
8545548
8546047
8546495
8546644
8547775
8547814
8548542
8548579
8549093
8550621
8552455
8552779
8552824
8624265
8624654
8626854
8627538
8627662
8628572
8629279
8631141
8632641
8633372
8634111
8637693
8638966
8641205
8641714
8641910
8643164
8645403
8648095
8652203
8707444
8707800
8708053
8708404
8708437
8708959
8709165
8709214
8709926
8710148
8710286
8710947
8711147
8711571
8711696
8711786
8712016
8712029
8712339
8712417
8712838
8712938
8713286
8713830
8713880
8713931
8715413
8715560
8715679
8715862
8715863
8717572
8717678
8717817
8718865
8719018
8719586
8719818
8719839
8720378
8720809
8720946
8721071
8721201
8721246
8721527
8721911
8721918
8722064
8722174
8722273
8722320
8722327
8722348
8722716
8722789
8722793
8722870
8723509
8723699
8723903
8723985
8724093
8724156
8724666
8724814
8724996
8725094
8725145
8725352
8725495
8725787
8725860
8725876
8726238
8726334
8726687
8726795
8727067
8727329
8950592
8950686
8950813
8950946
8951191
8951425
8952913
8953222
8953397
8953420
8953512
8953834
8954469
8954916
8955189
8955231
8955990
8956271
8957925
8958170
8958256
8959358
8959386
8959428
8959496
8959630
8959746
8960206
8960467
8960858
8961209
8961225
8961679
8961753
8962449
8962534
8962713
8962780
8962997
8963090
8963267
8963747
8964054
8964219
8964401
8964693
8964812
8964865
8964996
8965464
8965504
8965531
8965718
8966295
8967493
8967826
8967829
8968009
8968491
9026504
9044554
9045360
9045565
9045746
9045814
9046381
9046395
9046709
9046895
9047103
9047558
9047757
9047807
9047883
9048107
9048365
9048592
9048860
9049023
9049041
9049084
9049473
9050038
9050164
9050289
9050342
9050405
9050936
9051012
9051062
9051390
9051667
9051685
9051694
9052643
9053243
9054236
9054245
9054421
9054435
9054507
9054951
9055244
9055386
9055628
9056123
9056338
9056601
9056623
9056661
9056842
9056904
9057103
9057242
9057467
9057495
9057626
9058477
9058617
9059070
9059192
9059436
9059626
9059790
9059819
9059835
9059983
9060025
9060274
9060316
9060401
9060684
9060867
9060966
9061030
9061096
9257668
9257750
9257783
9258152
9258185
9258752
9261036
9261200
9261298
9261569
9261611
9261827
9261971
9262133
9264355
9265197
9265469
9265818
9266338
9266638
9266708
9267394
9267757
9268378
9268843
9268906
9269639
9270865
9271269
9271280
9271600
9272056
9272087
9272665
9273030
9273493
9273685
9273953
9274353
9274577
9274691
9274928
9274975
9275017
9276116
9277026
9277141
9277386
9277557
9277933
9428514
9429947
9431241
9431553
9432721
9433616
9433735
9436580
9436649
9437549
9437985
9438267
9438371
9438629
9438708
9439211
9439541
9440248
9440427
9440754
9440934
9441626
9442012
9442046
9443302
9443593
9444032
9444535
9446918
9448146
9448841
9448873
9470527
9472293
9712756
9773074
9774628
9774766
9775863
9776731
9778236
9779029
9780143
9780209
9780246
9780723
9781740
9782112
9782532
9782770
9785751
10137799
10139346
10139420
10139431
10140256
10140419
10140679
10140796
10140969
10141655
10142054
10142150
10142253
10143640
10144232
10144268
10144385
10145063
10145161
10145255
10146151
10146853
10146877
10147060
10147546
10148789
10149796
10150179
10150734
10150915
10151052
10151341
10151385
10151833
10152531
10152795
10152881
10153168
10153192
10153430
10153687
10154097
10154530
10155154
10155357
10155771
10155793
10156217
10156280
10156480
10156922
10157500
10157623
10158016
10158928
10159097
10159140
10159212
10159367
10159562
10159576
10159593
10159918
10160122
10160567
10160701
10161083
10161882
10162137
10162366
10162391
10162399
10162432
10162598
10162599
10162627
10162694
10162903
10162926
10163523
10163617
10163772
10163950
10164033
10164217
10164336
10165351
10165779
10165807
10166162
10166714
10166779
10167114
10167586
10168545
10168735
10168772
10542150
10542319
10542833
10543573
10544386
10544582
10544637
10544960
10544984
10545245
10545467
10545639
10545751
10546100
10546522
10547120
10547508
10547625
10547823
10549146
10549286
10549479
10549661
10549861
10549969
10550158
10550325
10551041
10551309
10551392
10551578
10551932
10552203
10552711
10552828
10552848
10553326
10553413
10554177
10554595
10555271
10555278
10555608
10555612
10555898
10556354
10556834
10557004
10557263
10557641
10558211
10558620
10558859
10558892
10559232
10559297
10559370
10559818
10559996
10559999
10560207
10560877
10652754
10657860
10657895
10659652
10760079
10761201
10761447
10762024
10762158
10762620
10766280
10767052
10768928
10773019
10774258
10775005
10775015
10775128
10775364
10775541
10775811
10775813
10775851
10779441
10779540
10780542
10780586
10780654
10780783
10781011
10781214
10781424
10781467
10782647
10782811
10782980
10783340
10783488
10784463
10784681
10784698
10785970
10786013
10786335
10786527
10787024
10787196
10788033
10788435
10788782
10789333
10789997
10829171
10830502
10830634
10830682
10831366
10831886
10832435
10832549
10833441
10833537
10834204
10835299
10835375
10835494
10835726
10836290
10836516
10836688
10836758
10836868
10837021
10837126
10837516
10837520
10838065
10838209
10838576
10838816
10839603
10839628
10839991
10840010
10840419
10840720
10841027
10841239
10841786
10841805
10842026
10842061
10843134
10843150
10843155
10843488
10843604
10844073
10844116
10844117
10844235
10844303
10844798
10845190
10845361
10845910
10846201
10846221
10846299
10846864
10846865
10847201
10847457
10847504
10847672
10848061
10848648
10848917
10848990
10849437
10849702
10849875
10849878
10849898
10850072
10850135
10850264
10850382
10851032
11085244
11085532
11087038
11087496
11088316
11089555
11090275
11091487
11093012
11093026
11094151
11095038
11096114
11096461
11098441
11098728
11102237
11102863
11102944
11103293
11243004
11243194
11243824
11244170
11244631
11244856
11245240
11245972
11245975
11246141
11246231
11246322
11246933
11247371
11248058
11249054
11250407
11250653
11250749
11250765
11251066
11251137
11252505
11252841
11252913
11253333
11253781
11253872
11254116
11254340
11254769
11254899
11255485
11255800
11260034
11261757
11262769
11263520
11265534
11266291
11266612
11266879
11267981
11268452
11268566
11269105
11271001
11272243
11274397
11277440
11278561
11441362
11441586
11442168
11442493
11442497
11442766
11442929
11443144
11443296
11443540
11443968
11444049
11444327
11444336
11444604
11444960
11446133
11446779
11446791
11446807
11447024
11447072
11447548
11447660
11447780
11448039
11448493
11449462
11450711
11450718
11451228
11451272
11451425
11451432
11451551
11451870
11452979
11453041
11453538
11453901
11454087
11454620
11454653
11454782
11454859
11455044
11455387
11455658
11471022
11472468
11545195
11545851
11547839
11547885
11550502
11550787
11550974
11551580
11551653
11552418
11553025
11558056
11754006
11758341
11758498
11768281
11768596
11768928
11769805
11769986
11770382
11770454
11770591
11770802
11771385
11771453
11771514
11771897
11772432
11772439
11772687
11774169
11774294
11775047
11775408
11775622
11776232
11776277
11776733
11777272
11777351
11777726
11778437
11778471
11778640
11778808
11779860
11780404
11780527
11780574
11781007
11781187
11781394
11781566
11781631
11781919
11782219
11782282
11783006
11783128
11783269
11783300
11783499
11783861
11783986
11784024
11784447
11784650
11784724
11784744
11785485
11785805
11786097
11786369
11786614
11787399
11787451
11787529
11788053
11789122
11789257
11789303
11789322
11789325
11789564
11790142
11790179
11904663
11905747
11906939
11906986
11908083
11908926
11909555
11909890
11910139
11910207
11910470
11910697
11910777
11911008
11911585
11911629
11913381
11913523
11913642
11914089
11914236
11914960
11915226
11915250
11915519
11916080
11916098
11916383
11916408
11916649
11916975
11917197
11917270
11917290
11917457
11917512
11917851
11918921
11919255
11919309
11920120
11920336
11920357
11920388
11920528
11920714
11921012
11921796
11921829
11921882
11921967
11921983
11922693
11922805
11924118
11924295
11925439
11926461
11928896
11929127
11930262
11930724
11931862
11933561
11933853
11934419
11937373
12024157
12444656
12446032
12446901
12446999
12447243
12447571
12448604
12448662
12448931
12450410
12450887
12451600
12452581
12455309
12455395
12455690
12458466
12459680
12638500
12639364
12639658
12641913
12642547
12643132
12644672
12644845
12647088
12650027
12698402
12698976
12699003
12699254
12699279
12699814
12700214
12700351
12700609
12700726
12701191
12701349
12701437
12701460
12701674
12702270
12702390
12702869
12703229
12703370
12703622
12704054
12704100
12704224
12704309
12704531
12704603
12704616
12705133
12706272
12706996
12707230
12707411
12707776
12707826
12708188
12708311
12708781
12708813
12709124
12709298
12709365
12709424
12709475
12709576
12709843
12710015
12710055
12710591
12711607
12711963
12712987
12712992
12713520
12713770
12714125
12714871
12717132
12717740
12717932
12720193
12722865
12723190
12726572
12726841
12727316
12728080
12728956
12732598
12732885
12733490
12737796
12740262
12741388
12741881
12742574
12744853
12907047
12907490
12908475
12910871
12914250
12914710
12915682
12916174
12917273
12918269
12919668
12984629
12985366
12986777
12986895
12987187
12987270
12987363
12987433
12987461
12987516
12987643
12987746
12987839
12987864
12988330
12988620
12988847
12989517
12989697
12989763
12989843
12990103
12990399
12990509
12990728
12990830
12991648
12991732
12991882
12992180
12992899
12993081
12993608
12994057
12994481
12994625
12995152
12995297
12995426
12995662
12996291
12996429
12996705
12996864
12997217
12997970
12998078
12998263
12998502
12998897
12999122
12999472
12999732
13000510
13000568
13000719
13000776
13001048
13001063
13001143
13001161
13001897
13002143
13002846
13002922
13003186
13003507
13090059
13096641
13099778
13135217
13135227
13135702
13135724
13136350
13136620
13136716
13137456
13137880
13138200
13138327
13138407
13138546
13139058
13139642
13139679
13140035
13140182
13140307
13140797
13140887
13140936
13141006
13141121
13141242
13141441
13141457
13141948
13142293
13142361
13142367
13142386
13142506
13142544
13142602
13143133
13143530
13143541
13143653
13143937
13144167
13144308
13144393
13144491
13144539
13144666
13145052
13145912
13145958
13146000
13147381
13147818
13148056
13148170
13148182
13148327
13148529
13148606
13148701
13148953
13149085
13149840
13149903
13149914
13150095
13150403
13150870
13151107
13151345
13151653
13151848
13151899
13152016
13152108
13153191
13153363
13153579
13153626
13242253
13242301
13242384
13242540
13242814
13242927
13243276
13243554
13243589
13243854
13244021
13244123
13244289
13244764
13244784
13245319
13245662
13245875
13246616
13246627
13246641
13246892
13247024
13247456
13247569
13247650
13247735
13248090
13248335
13248354
13248634
13248758
13249168
13249178
13249242
13249488
13249704
13249750
13250269
13250305
13250548
13250878
13250882
13250945
13251036
13251041
13251323
13251642
13251874
13252139
13252326
13252440
13252704
13252737
13253742
13253828
13254029
13254165
13254185
13254254
13254553
13254795
13255013
13255100
13255146
13255562
13255576
13255648
13255902
13256134
13256606
13257300
13257523
13258032
13258487
13258501
13258534
13258553
13258592
13258824
13258827
13258985
13259065
13259111
13259146
13259325
13259835
13260007
13260149
13260327
13260444
13260545
13260629
13260754
13260758
13261138
13261596
13262387
13262478
13262530
13262597
13262771
13399979
13400924
13405283
13407695
13441456
13441477
13441800
13442080
13442252
13442709
13443281
13443993
13444266
13444611
13444809
13444819
13445299
13446249
13446261
13446442
13446579
13446861
13446905
13447145
13447452
13447870
13449020
13449665
13449812
13449906
13450541
13451876
13452030
13452233
13452322
13452542
13453108
13471971
13474094
13475534
13476084
13478972
13479647
13482983
13484624
13484946
13484996
13485238
13492814
13566137
13566440
13566472
13566976
13567223
13567289
13567298
13567753
13567817
13567894
13568177
13568258
13568847
13568856
13569174
13569305
13569994
13570267
13570719
13570861
13570949
13571012
13572676
13572703
13572865
13572896
13573072
13574049
13574323
13574443
13575483
13575519
13575550
13576401
13576693
13576738
13576799
13577206
13577313
13578182
13635484
13635983
13636012
13637080
13637837
13638008
13638383
13638657
13638847
13639271
13639283
13640469
13640972
13642294
13642792
13643387
13643639
13643858
13644731
13644833
13645015
13645038
13645562
13645583
13647226
13649069
13649925
13650394
13652623
13653204
13653219
13654240
13654302
13654566
13654979
13655207
13655572
13655630
13656105
13656149
13656199
13656516
13656770
13741322
13741864
13742332
13742860
13743091
13743569
13743798
13744044
13744446
13745353
13745714
13746218
13746747
13746974
13747220
13747473
13748069
13748099
13748742
13749118
13749136
13749712
13749826
13750072
13750296
13750474
13751360
13751376
13751528
13751600
13751610
13751803
13752895
13753367
13753383
13753683
13754370
13754600
13754794
13755392
13755426
13755763
13755998
13756633
13756647
13756830
13757051
13759089
13759204
13759222
13760223
13760544
13761284
13761340
13762368
13762778
13763038
13763146
13764141
13764182
13764259
13764461
13765937
13766083
13766273
13766589
13766645
13766876
13767309
13767611
13767905
13767954
13768101
13768494
13768514
13768703
13768759
13769044
13769326
13769454
13769888
13770397
13770622
13770874
13771033
13771524
13772611
13773156
13773543
13773548
13773716
13773739
13773775
13773781
13773850
13774623
13774699
13774827
13775357
13776172
13776224
13776598
13776796
13776965
13777314
13777490
13778296
13778708
13778903
13779240
13779407
13779678
13779881
13780160
13780281
13780314
13780710
13781261
13781344
13781888
13781897
13782048
13782566
13782626
13782959
13783241
13783323
13783599
13783829
13784064
13784353
13784549
13784727
13785199
13785317
13785537
13785697
13785888
13785943
13785962
13785987
13786025
13786042
13786483
13786502
13786736
13786961
13786973
13788308
13788386
13788522
13788870
13789161
13789311
13789357
13789558
13790038
13846839
13846896
13847421
13847864
13847946
13847948
13848058
13848766
13848795
13848797
13849131
13849651
13850349
13850932
13850979
13851112
13851501
13851626
13853052
13853196
13853310
13853491
13853495
13853523
13854278
13854339
13854467
13854474
13854766
13854847
13854956
13854988
13855481
13855642
13855686
13855755
13855771
13856268
13856400
13856545
13857269
13857310
13857409
13857550
13857806
13857957
13858028
13858366
13858433
13858519
13858704
13859056
13859163
13859503
13860029
13860165
14049657
14049739
14050136
14050960
14050966
14051688
14051693
14051806
14051880
14052120
14052189
14052373
14052808
14053202
14053597
14053972
14053991
14054060
14054181
14054247
14054937
14055844
14055961
14056005
14056715
14056749
14056875
14057449
14057508
14057614
14058009
14058218
14059610
14059682
14059903
14060320
14060651
14061099
14061180
14061670
14061903
14062133
14062220
14062255
14062408
14063051
14063857
14063994
14064989
14065062
14065500
14066034
14066392
14066409
14066857
14067035
14067065
14068292
14068403
14068738
14068889
14069062
14069280
14069370
14070079
14070515
14070589
14071040
14071162
14071316
14071423
14071596
14071684
14072411
14072457
14073263
14073588
14073916
14074135
14074653
14075009
14075428
14075570
14075590
14076016
14077133
14077146
14077717
14077818
14077938
14078455
14079813
14080867
14080885
14081275
14081547
14081653
14081885
14082438
14082495
14082671
14082985
14083036
14083302
14083405
14083532
14084112
14084294
14084343
14084732
14085123
14085900
14126879
14127578
14127850
14128434
14128641
14130157
14130207
14130458
14132372
14132433
14132901
14133044
14133789
14134121
14136338
14137198
14138907
14159275
14159335
14159454
14159900
14160189
14160366
14160791
14160864
14161028
14161224
14161245
14161321
14161631
14161914
14161971
14162330
14162432
14162846
14162936
14163782
14163972
14164124
14164136
14164272
14164696
14164777
14164879
14165070
14165870
14165934
14166131
14166489
14166543
14166617
14166689
14166847
14167089
14167135
14167213
14167229
14167565
14168166
14168347
14168406
14168446
14169471
14169539
14169595
14169646
14170514
14170645
14170721
14170818
14171009
14171174
14172206
14172743
14173026
14173281
14173292
14173791
14174421
14174427
14174623
14175654
14176151
14176584
14176837
14177061
14177109
14177399
14177906
14178366
14178783
14178785
14178833
14178923
14179009
14179096
14179250
14179321
14199297
14200124
14202910
14208191
14209255
14212482
14214602
14214939
14215371
14219396
14340356
14340418
14340510
14340696
14341471
14341903
14342033
14342305
14343888
14344127
14345671
14345881
14345976
14346383
14346511
14346727
14346783
14346963
14347001
14347342
14348172
14348235
14348534
14348815
14350028
14350438
14350787
14351182
14351684
14352366
14353374
14353833
14354988
14381273
14387545
14387623
14388176
14425722
14425753
14425835
14426201
14426277
14426433
14427192
14427274
14428551
14429648
14429767
14430371
14431196
14431551
14431722
14431760
14431780
14431867
14432051
14432398
14432611
14433071
14433094
14433266
14434049
14434207
14434732
14436509
14436578
14437045
14437567
14437917
14438661
14438804
14469967
14470170
14470538
14470546
14470605
14470724
14471773
14471790
14472136
14472290
14472293
14472530
14472564
14472732
14472814
14472944
14472986
14473154
14473164
14473464
14473485
14473518
14474415
14474526
14474827
14474899
14474948
14475107
14475349
14475452
14475665
14475702
14476040
14476313
14477044
14477194
14477270
14477777
14477928
14478012
14478314
14478415
14478566
14478671
14478769
14478917
14479118
14479161
14479233
14479254
14479355
14479578
14479639
14480076
14480414
14480960
14481395
14481397
14481518
14481785
14481834
14482408
14482447
14482549
14482979
14483442
14483530
14483824
14484225
14484765
14485009
14485066
14485131
14485843
14485939
14486007
14486013
14486222
14486355
14486835
14486951
14487303
14488766
14488874
14488890
14489016
14489160
14489229
14489276
14489862
14490223
14490277
14490545
14490787
14490866
14491024
14491241
14491671
14491715
14491846
14492366
14492375
14492657
14492768
14492824
14492930
14492948
14492954
14493050
14555033
14555193
14555440
14555486
14555577
14555789
14556259
14556739
14557271
14557405
14557497
14557508
14557525
14558401
14558428
14558462
14558714
14558857
14559122
14559814
14559934
14559963
14560117
14560351
14560485
14560746
14560860
14561332
14561807
14561917
14562113
14562505
14563591
14563750
14564084
14564364
14564600
14564814
14564845
14565140
14565177
14565458
14566191
14566334
14566503
14566554
14566613
14566728
14567085
14567159
14567256
14567458
14568042
14568216
14568273
14568532
14568885
14568903
14568905
14569337
14569478
14609620
14609950
14610086
14610257
14611235
14611457
14611519
14612081
14612578
14613226
14613509
14614005
14614051
14614727
14614812
14614845
14615454
14615840
14616548
14616878
14617648
14618379
14618547
14619615
14619921
14620151
14620976
14621451
14621484
14621661
14621680
14621894
14622114
14622501
14622807
14623115
14623145
14623447
14624236
14624731
14624805
14625085
14625199
14625714
14627047
14627287
14627290
14627329
14627491
14627726
14627791
14627939
14628196
14628954
14629105
14629282
14629314
14629420
14629449
14629732
14630267
14631201
14631530
14632166
14632233
14632423
14632446
14632622
14632773
14632791
14632857
14632877
14633021
14633066
14633379
14633899
14634020
14634130
14634679
14634989
14635277
14635534
14635883
14635937
14636444
14636507
14636637
14637232
14637860
14638907
14639316
14639759
14639980
14640160
14640434
14641429
14641493
14641499
14641878
14642763
14642933
14643264
14643275
14643339
14643389
14643556
14643629
14643717
14643793
14643878
14643907
14644073
14644892
14644982
14645116
14645298
14645461
14645585
14645592
14645801
14645826
14646013
14646105
14646331
14646715
14646744
14646786
14647245
14647529
14648218
14648863
14648957
14649712
14649846
14650319
14650652
14650761
14650778
14650871
14651080
14651143
14651477
14651782
14651787
14652112
14652641
14653840
14653923
14653973
14654342
14654788
14655542
14656018
14656392
14656635
14656825
14657511
14657525
14657621
14657728
14657809
14658436
14658691
14659893
14673913
14674294
14675930
14675974
14676076
14676617
14678353
14678512
14678970
14680664
14681466
14682481
14682545
14682557
14682679
14683072
14684505
14688854
14689035
14689118
14689535
14690128
14694605
14694857
14762386
14762813
14763268
14763273
14764107
14765660
14768132
14771058
14772629
14772775
14774791
14776091
14968917
14969015
14969088
14969358
14969533
14969657
14970498
14970692
14970801
14970855
14971555
14972454
14972593
14972882
14972886
14973383
14974191
14974680
14975359
14976331
14976608
14976961
14977183
14977195
14977439
14977907
14977998
14978222
14978568
14979325
14979402
14979651
14979738
14979743
14980106
14980243
14980409
14980483
14980626
14981241
14981438
14982326
14982632
14982837
14982936
14983118
14984012
14984125
14984400
14984541
14984749
14984769
14985074
14985476
14986172
14986207
14986371
14986551
14987153
14987480
14987668
14989242
14989528
14989705
14989772
14989777
14989915
14990471
14990529
14990652
14990710
14992041
14992259
14993518
14993675
14994001
14994104
14994124
14994446
14994953
14995692
14995855
14995952
14997054
14997399
14998002
14998062
14998154
14998387
14998958
14999114
14999145
14999162
14999168
15000026
15000925
15002440
15003377
15004215
15004349
15004469
15004486
15004533
15004918
15005475
15010708
15011182
15013298
15014966
15014987
15017077
15017288
15017468
15017578
15017854
15017956
15018262
15018448
15018495
15018569
15018591
15018651
15018733
15018774
15019180
15019563
15019746
15019961
15020629
15020675
15020891
15021100
15021235
15021587
15021720
15023103
15023894
15024398
15024591
15025441
15025943
15027171
15027341
15027362
15027613
15027623
15029000
15029006
15029026
15029125
15029149
15029256
15029399
15029754
15029845
15030153
15030174
15030281
15030363
15030752
15030949
15031041
15031054
15031556
15032082
15032755
15033147
15033362
15034021
15034607
15034886
15035010
15035208
15035351
15035373
15035550
15035627
15115218
15115245
15115725
15115999
15117142
15117820
15117986
15119299
15119423
15119607
15119651
15120035
15120380
15120918
15121205
15121314
15121550
15121612
15122069
15122473
15122589
15122657
15123173
15123256
15123622
15124831
15125114
15125231
15125490
15125612
15126413
15126434
15126526
15126854
15127120
15127168
15127299
15127406
15127566
15127982
15128169
15128335
15128412
15128955
15129139
15129441
15129590
15132241
15134567
15139085
15139197
15139698
15143066
15144962
15146556
15149255
15149628
15150067
15150593
15151231
15151553
15151809
15152828
15152903
15153479
15153491
15153849
15154196
15154540
15154627
15154675
15154764
15154952
15155108
15155117
15155383
15155550
15155583
15155921
15156061
15156413
15156956
15157018
15157088
15157099
15157116
15157271
15157352
15157389
15157939
15158125
15158139
15158354
15159062
15159074
15159087
15159209
15159536
15159687
15160240
15160716
15160852
15160961
15161116
15161287
15161292
15161440
15161831
15161869
15162114
15162730
15162898
15162911
15163075
15163835
15164231
15165072
15169174
15169455
15169748
15170075
15170606
15173590
15174068
15174198
15175652
15177171
15179166
15180999
15183529
15184722
15217988
15251347
15251689
15254002
15256108
15257319
15257682
15257683
15258287
15259471
15259590
15259950
15261437
15263727
15264218
15287294
15287303
15287309
15287359
15287489
15287572
15287740
15287838
15288333
15288549
15291002
15291839
15293637
15293829
15294147
15294309
15294399
15294429
15294446
15295183
15295378
15295627
15295744
15295930
15296264
15297396
15297768
15298418
15298434
15298677
15298975
15299242
15299615
15299670
15299900
15301029
15301128
15301203
15368137
15421036
15421493
15421521
15422105
15422918
15424020
15424442
15425042
15426236
15426902
15426920
15426935
15427149
15427537
15428296
15428556
15428826
15428904
15429201
15429617
15429712
15429859
15430249
15430265
15430296
15430892
15431026
15431168
15431258
15431359
15431433
15431844
15431946
15432630
15433415
15455636
15456069
15456490
15457145
15457260
15457326
15457841
15458339
15458576
15458583
15458648
15459290
15459306
15459330
15459396
15459538
15459759
15460309
15460532
15460599
15460698
15461316
15461675
15462093
15462328
15462422
15462572
15462931
15463193
15463269
15463950
15464265
15464280
15465311
15465498
15465566
15466195
15466246
15466283
15466517
15466531
15466862
15467400
15468457
15468465
15468998
15469537
15469549
15471156
15471280
15471432
15471558
15471653
15471886
15472610
15474137
15474151
15474793
15474803
15474894
15475201
15475366
15476008
15493681
15514035
15515089
15517071
15517440
15525413
15527915
15528668
15531135
15531252
15532193
15605743
15638134
15638298
15638373
15639493
15639670
15639747
15639945
15640175
15640559
15640595
15640797
15640914
15641026
15641134
15641319
15641884
15642030
15642465
15642479
15642684
15642899
15642919
15643081
15643395
15643544
15643815
15643867
15643992
15644254
15644293
15644323
15644546
15644815
15645097
15645460
15645509
15645538
15645633
15645998
15646590
15646706
15646967
15647746
15648160
15648233
15648458
15648593
15648673
15649951
15649994
15650050
15650160
15650170
15650299
15650326
15650515
15650543
15650591
15650774
15650786
15650997
15651769
15651794
15652207
15652705
15653214
15653832
15653899
15654133
15671572
15671684
15672527
15672626
15673277
15674214
15674680
15675458
15676106
15676232
15676373
15676517
15676986
15677312
15677780
15678765
15679146
15679315
15679367
15679462
15679706
15680086
15680176
15680323
15680337
15680749
15681602
15681745
15681980
15682603
15682965
15683424
15683540
15683569
15683621
15683934
15684161
15684609
15684875
15685277
15685343
15685393
15685760
15686104
15686411
15686446
15686562
15686698
15686869
15687106
15687159
15687435
15687978
15688312
15718877
15719542
15719650
15721492
15722089
15722156
15722312
15722658
15722764
15723782
15723879
15724376
15724653
15725313
15726001
15726387
15727159
15727547
15727612
15727839
15728014
15728227
15728284
15728695
15728912
15728926
15729152
15729207
15729833
15730082
15730521
15730529
15730662
15730954
15731072
15731414
15731658
15732085
15732784
15732871
15733159
15733184
15733255
15733256
15733257
15734145
15734452
15734495
15734652
15735410
15735648
15791010
15791283
15798431
15799931
15802244
15802299
15805603
15805666
15807422
15854618
15855532
15856087
15856175
15857045
15857055
15858383
15859497
15860277
15860408
15860609
15860748
15860801
15860833
15861681
15861896
15862381
15862931
15862968
15863211
15864273
15864439
15864542
15864699
15865146
15865217
15865508
15865732
15866396
15866478
15866561
15867032
15867387
15867681
15867752
15867881
15869352
15869381
15869451
15869730
15869902
15870242
15870610
15870665
15872390
15873534
15873630
15873800
15873858
15874530
15874601
15875061
15875112
15875168
15875536
15875992
15876249
15876751
15877252
15878153
15883313
15886179
15887488
15891116
15892407
15935967
15936280
15936350
15936593
15937273
15937371
15937689
15937831
15938078
15938628
15938833
15939362
15939412
15939624
15939684
15939920
15940399
15941760
15942724
15943163
15943185
15943329
15943664
15943766
15944584
15944814
15944928
15944964
15945715
15946747
15947489
15947504
15948704
15949662
15950145
15950300
15950311
15950451
15950909
15951497
15952504
15953143
15953551
15954324
15955333
15955901
15956028
15956477
15956681
15956693
15957040
15958318
15958365
15958495
15959101
15959937
15961659
15961670
15962804
15962869
15962934
15963431
15963600
15963965
15964246
15964421
15964764
15964987
15965297
15965469
15965773
15966504
15967572
15968551
15969151
15969789
15970874
15972193
15972299
15972370
15972539
15973169
15974138
15974810
15974908
15975908
15976128
15976527
15977894
15979582
15979789
15983146
15986972
15987603
15987656
15987983
15988302
15988502
15988679
15988948
15989322
15992816
15992955
15994032
15994731
15995593
16045943
16046990
16048743
16048905
16050218
16053483
16056090
16056911
16058264
16090300
16090864
16091025
16091952
16092131
16092442
16092784
16093071
16093218
16095914
16096445
16096883
16097160
16098383
16098890
16098891
16098901
16099158
16099781
16100098
16100102
16101202
16102498
16102726
16102915
16103824
16103945
16104321
16104949
16105468
16105542
16106258
16106577
16106794
16106838
16107009
16108122
16108309
16108313
16108522
16108936
16109033
16109302
16109663
16110024
16110385
16110474
16110839
16111649
16111997
16112121
16112550
16113470
16113937
16128909
16129943
16130866
16131375
16131465
16132530
16133820
16134650
16138894
16141202
16143149
16143510
16144037
16146289
16161187
16162018
16162225
16162515
16162815
16163063
16163346
16164254
16164388
16164398
16164563
16164601
16164627
16164777
16165091
16165693
16166029
16166339
16166682
16167082
16167678
16167934
16168078
16168104
16168163
16168207
16168656
16169069
16169122
16169186
16169430
16169757
16169838
16169992
16170137
16170164
16170253
16170349
16170678
16170731
16171005
16171015
16171215
16171466
16172604
16172653
16172959
16172984
16173053
16173164
16173244
16173550
16173767
16173822
16174005
16174320
16174411
16174521
16174932
16175015
16175082
16175121
16175171
16175655
16176165
16269610
16269761
16269964
16270017
16270412
16270480
16270610
16270708
16271191
16271510
16271815
16271854
16272185
16273370
16274488
16274674
16274741
16274894
16274899
16276343
16276407
16276584
16277048
16277192
16278149
16278337
16278342
16278662
16279004
16279254
16279344
16279627
16280221
16280279
16281032
16281133
16281276
16281667
16281984
16282012
16282108
16282555
16282707
16282720
16283040
16283176
16283220
16283491
16283550
16284068
16284501
16284645
16285350
16285866
16285891
16285979
16286085
16286931
16287163
16287281
16381245
16382324
16382826
16383197
16383346
16384288
16384300
16384602
16385152
16385940
16386179
16386855
16387044
16387567
16388252
16388252
16388308
16388733
16389145
16389735
16389809
16389854
16390287
16390856
16391185
16391401
16391481
16391697
16391811
16392199
16392199
16392355
16392464
16392760
16393373
16393746
16394199
16394342
16394345
16394653
16395063
16395131
16395201
16395410
16395833
16396152
16396468
16396845
16397076
16397610
16397832
16398251
16398407
16398448
16398464
16398498
16398984
16399049
16399101
16399846
16400459
16400699
16400814
16400895
16400935
16401029
16401627
16402194
16402386
16453688
16454534
16456166
16457574
16459610
16460885
16461854
16462859
16463859
16463943
16464979
16465692
16467149
16467163
16467887
16468862
16469879
16470048
16470181
16470792
16470796
16470835
16471366
16471385
16471447
16471725
16471767
16472018
16472387
16472875
16472901
16473056
16473061
16473426
16473621
16473655
16473658
16473825
16473991
16474028
16474175
16474443
16474539
16474690
16474727
16474826
16474856
16475145
16475305
16475706
16475753
16475883
16476288
16476690
16476879
16476881
16477144
16477328
16477838
16477845
16477924
16477953
16477986
16478022
16478557
16478788
16478853
16479154
16479288
16479402
16480327
16481082
16481195
16481200
16481354
16481813
16481831
16481930
16481962
16482032
16482582
16482720
16482786
16483044
16483356
16483515
16483539
16483663
16483740
16483742
16483764
16484322
16484452
16484519
16484641
16484706
16484725
16484822
16484900
16485099
16485425
16485833
16486176
16486187
16486400
16487082
16487270
16487713
16487803
16488032
16488064
16488541
16488822
16488897
16489003
16489256
16489398
16489836
16490227
16490436
16491042
16491176
16491602
16491681
16491831
16491878
16491975
16492084
16492976
16493087
16493531
16493953
16533701
16534405
16534988
16535283
16535953
16536016
16536675
16536747
16536797
16537225
16537560
16537890
16538111
16538252
16538319
16539132
16539206
16540291
16540437
16540630
16541027
16541425
16541691
16542069
16542146
16542305
16542628
16542828
16543177
16544090
16544505
16545295
16545468
16545697
16545699
16545985
16546439
16547229
16590320
16590481
16590810
16590870
16591989
16592721
16592738
16593215
16594093
16594107
16594770
16594833
16596037
16596067
16598024
16598741
16598955
16599501
16599749
16599761
16599767
16600300
16601869
16602107
16604294
16606288
16606871
16607191
16608393
16674245
16676854
16677636
16796051
16797620
16797641
16798109
16798384
16799109
16799672
16800955
16801073
16801142
16802966
16803002
16803192
16804152
16804560
16804935
16805586
16805781
16806204
16808086
16808212
16812375
16813596
16814438
16815417
16818285
16819386
16819867
16820521
16821511
16825523
16841353
16843228
16847209
16849067
16849861
16859353
17002882
17003139
17005963
17006153
17006622
17008759
17010330
17011929
17011966
17012186
17013130
17013772
17016056
17016268
17016680
17020241
17023410
17158133
17184319
17184338
17184425
17184540
17185221
17185390
17185480
17185730
17185866
17186358
17186548
17186548
17186645
17186728
17187753
17188048
17188421
17188948
17188960
17189528
17189535
17189794
17189904
17190697
17191055
17191069
17191220
17191316
17191377
17191528
17191730
17191890
17191996
17191999
17192051
17192172
17192714
17192877
17193108
17193122
17193728
17193848
17193884
17194555
17194916
17194956
17194992
17195062
17195200
17196120
17196356
17196691
17197009
17197112
17197329
17197427
17197476
17197554
17197608
17197934
17197954
17198370
17198797
17198950
17199063
17199180
17199603
17199924
17200105
17200174
17200218
17200391
17200581
17200722
17200930
17200938
17200943
17201499
17201587
17239569
17240324
17240405
17240457
17240495
17241841
17242145
17242149
17242511
17242573
17242678
17242685
17242959
17243476
17243494
17243649
17244578
17244700
17244939
17245247
17245606
17245877
17246397
17247008
17247240
17247322
17247353
17247660
17247962
17248305
17248340
17248507
17248836
17249358
17249485
17249594
17249902
17250568
17250717
17250808
17250944
17251385
17251493
17310868
17322955
17461009
17462047
17462622
17462660
17462669
17462745
17463071
17463893
17465002
17465773
17465786
17466606
17467804
17468906
17468909
17469048
17470559
17470692
17470938
17471943
17472095
17472243
17473195
17473518
17475459
17475601
17475894
17477119
17477411
17477638
17477756
17477806
17478046
17478621
17478718
17479504
17480495
17481103
17481506
17481823
17481862
17482014
17482140
17482661
17506395
17506409
17506465
17506770
17506826
17507030
17507416
17507579
17508130
17508167
17508236
17508367
17508374
17508446
17508658
17508722
17508804
17509105
17509113
17510154
17510404
17510718
17510846
17511367
17511454
17511580
17511640
17511756
17511839
17511864
17511900
17512059
17512537
17512867
17513493
17513521
17513679
17513693
17514395
17514452
17514738
17514958
17515078
17515393
17515690
17516438
17516630
17516983
17517043
17517290
17517355
17517358
17517958
17518047
17518097
17518251
17518556
17518746
17519407
17519439
17519525
17519973
17921151
17921438
17921592
17921838
17921860
17922180
17922193
17922263
17922299
17922885
17922982
17923327
17923475
17923532
17924167
17924630
17924943
17924988
17925477
17925682
17925802
17925961
17925985
17925988
17926464
17926492
17926870
17926907
17927099
17927222
17927579
17927631
17928544
17928644
17928959
17929541
17929794
17930183
17930651
17931059
17931178
17931240
17931661
17931937
17932136
17932494
17932710
17933160
17933180
17933207
17933271
17934115
17934315
17936126
17936143
17936299
17936475
17937008
17937014
17937087
17937131
17937423
17937587
17937597
17937971
17938224
17938265
17938270
17938648
17939060
17939111
17939303
17940018
17940312
17940462
17940575
17940594
17940791
17940900
17941049
17941185
17941446
17941839
17942150
17942541
17942733
17943199
17943660
17943724
17943945
18027417
18027997
18031695
18032036
18033485
18033851
18043548
18044052
18045192
18045843
18047233
18049302
18058627
18105935
18106191
18106446
18107210
18107223
18107575
18108848
18109016
18109148
18109406
18109530
18109871
18110352
18110406
18110852
18111021
18111082
18111198
18112664
18112951
18113198
18113339
18114017
18114181
18114379
18114782
18114907
18115283
18115428
18115906
18116085
18116096
18116740
18117204
18117729
18118357
18118520
18118639
18118671
18118770
18119686
18120061
18120303
18120537
18121011
18121123
18121155
18121407
18121791
18122278
18248931
18249463
18348151
18348928
18349119
18349817
18349897
18350020
18350158
18350916
18351243
18351557
18351685
18351831
18352538
18353509
18353657
18353814
18353912
18353996
18354488
18355107
18355641
18355710
18355721
18355973
18356096
18356504
18356555
18356699
18357244
18357330
18357886
18357920
18358004
18358434
18359070
18359352
18359489
18359596
18360185
18360228
18360241
18360245
18360489
18361094
18361508
18361528
18361606
18361964
18362823
18363484
18363531
18364231
18364743
18365241
18365460
18365531
18365700
18365750
18365795
18366407
18366649
18366882
18366941
18367163
18367287
18367373
18367746
18367983
18368968
18412873
18416290
18418671
18461431
18468254
18617319
18617967
18618452
18618623
18618678
18618808
18618973
18619135
18620080
18620741
18620865
18621445
18621470
18621554
18622248
18622337
18622886
18623278
18623503
18623605
18623992
18624721
18624974
18625180
18625211
18625302
18625677
18625697
18627128
18627387
18627627
18627658
18627737
18628287
18628299
18628838
18629380
18629429
18729999
18731435
18733404
18733490
18735452
18735762
18738113
18740127
18741716
18743994
18744784
18746362
18750519
18795239
18795366
18795507
18795508
18795947
18796131
18796893
18797125
18797465
18798199
18798244
18798899
18799741
18799794
18799862
18800028
18800091
18800399
18800556
18800973
18801225
18801923
18802194
18802319
18802491
18802772
18803386
18803480
18803731
18803886
18804195
18804311
18804844
18804884
18805843
18805858
18805896
18806414
18806417
18806576
18807232
18807518
18808398
18808806
18809174
18809229
18809980
18810383
18810659
18811095
18811423
18812440
18812784
18813019
18813638
18837986
18838198
18839040
18936105
18937291
18937647
18938247
18938581
18938630
18939555
18940167
18940264
18940265
18940843
18941576
18941578
18941999
18942637
18943320
18943830
18944694
18944850
18944886
18945695
18945702
18945795
18945862
18947553
18947818
18966277
18967007
18967099
18967376
18967398
18967596
18967870
18968349
18968545
18968602
18968667
18969174
18969635
18969799
18969801
18970101
18970473
18971333
18972385
18972446
18973448
18973576
18973753
18974632
18974749
18974963
18975016
18975625
18975937
18976310
18976419
18976751
18976981
18977291
18977474
18977988
18978630
18978884
18979230
18979635
18979640
18979983
18980125
18980353
18980408
18980667
18981169
18981394
18981937
18981957
18982037
18982077
18982518
18982647
18982771
18983101
18983129
18983391
18983571
18983671
18984573
18984757
18985387
18986226
18986315
18986728
18986867
18986933
18987047
18987558
18988381
18988685
19054735
19055917
19056275
19057200
19057269
19058355
19058458
19058685
19059647
19060152
19060461
19061187
19061349
19063179
19063867
19064244
19064319
19064320
19064453
19065264
19065543
19065591
19066215
19066793
19067211
19067510
19067660
19067749
19067972
19068370
19069889
19070015
19070416
19070460
19070800
19072500
19074007
19215209
19215422
19215639
19215786
19216613
19216979
19217271
19217444
19217706
19217997
19218103
19219176
19219816
19221269
19221389
19221426
19222119
19223250
19224016
19224145
19225634
19226202
19227114
19227570
19227961
19228093
19229925
19229952
19230083
19230254
19230544
19230861
19231090
19300454
19300493
19300843
19301302
19301334
19301428
19301544
19301562
19301747
19302037
19302689
19302735
19302990
19303122
19303126
19303444
19303709
19303965
19304507
19304770
19305236
19305720
19306632
19306958
19307894
19307899
19307936
19308307
19308878
19309108
19309300
19309738
19309821
19310351
19310767
19310865
19310875
19311134
19311356
19311438
19311535
19456945
19457037
19458053
19458297
19458773
19459324
19459506
19459768
19460364
19461296
19461641
19461878
19462634
19462984
19463615
19463866
19466564
19468843
19525591
19525613
19525663
19525811
19526378
19526940
19527188
19527193
19527428
19527447
19527666
19528280
19528318
19528589
19528601
19528774
19528837
19528985
19529148
19530051
19530651
19530721
19530776
19530941
19530985
19531019
19531568
19532251
19533060
19534452
19534483
19535376
19536017
19536221
19536477
19536570
19536646
19536690
19536715
19536725
19536758
19536795
19536871
19536911
19536917
19536962
19537065
19537474
19537711
19537851
19537980
19538443
19539117
19539202
19539249
19539313
19539640
19540221
19540533
19540585
19540593
19540980
19541236
19541261
19541590
19541819
19623262
19623305
19623584
19623957
19624694
19625193
19625290
19625303
19625683
19625766
19626311
19626699
19626818
19627365
19627983
19628216
19628792
19628892
19629034
19629613
19630001
19631045
19631791
19631854
19632150
19632878
19633424
19633781
19635132
19635576
19635852
19636458
19636930
19637403
19661274
19668087
19670185
19737597
19943691
19946091
19960788
19961709
19961873
19962538
19964273
19964671
19965141
19967157
19967512
19967872
19968445
19970409
19970811
19971576
19971714
19972169
19972282
19973687
19974792
19976185
19978132
19978597
19978962
20052333
20052440
20052441
20052459
20052506
20052864
20053090
20055053
20055074
20056041
20056226
20056344
20056353
20056419
20056507
20056635
20056699
20056979
20057060
20057272
20057672
20057868
20058139
20058448
20058458
20058483
20058599
20058811
20059254
20060490
20060583
20060596
20060678
20061155
20061323
20061445
20061635
20062340
20062748
20062896
20063029
20063101
20063107
20063433
20063714
20063909
20064456
20064537
20065099
20065159
20065474
20065915
20065939
20066085
20066789
20066805
20067064
20067089
20067771
20067781
20213613
20214032
20215134
20216162
20216280
20216561
20216771
20217858
20217984
20218055
20218122
20218232
20218337
20218759
20218759
20218882
20218977
20219250
20219451
20219929
20220085
20220142
20220595
20220855
20221075
20221353
20221539
20221992
20222291
20223013
20223460
20224950
20225204
20225707
20225959
20226374
20226949
20227015
20227237
20227541
20227892
20227943
20228135
20228245
20228765
20229057
20229229
20229574
20230219
20230775
20230984
20232086
20232279
20232640
20232858
20233121
20233178
20233200
20233568
20233915
20269085
20272355
20272864
20336965
20337953
20338062
20338064
20339751
20340887
20341377
20341858
20342417
20344314
20345886
20346370
20346805
20348391
20348625
20348954
20349546
20349617
20349765
20349791
20349943
20351430
20351824
20351991
20353193
20353678
20353788
20354233
20355466
20356115
20373285
20373799
20374521
20374826
20374942
20375125
20375923
20376025
20376652
20376861
20377982
20378396
20379078
20379317
20380915
20381428
20381819
20381942
20383160
20383820
20384066
20385543
20386052
20386172
20386757
20386854
20388558
20389850
20389872
20389899
20390410
20390707
20390759
20391868
20392046
20392947
20393241
20393814
20393894
20393904
20394223
20394778
20395058
20395161
20395185
20423208
20504356
20504360
20505159
20505459
20505693
20505703
20505706
20506252
20506447
20506751
20506762
20506770
20507372
20507638
20508649
20508999
20511081
20511128
20511171
20511331
20511551
20511904
20512476
20512744
20513121
20513385
20513434
20513541
20513885
20513964
20514763
20514764
20514945
20515197
20515298
20515863
20516347
20516606
20517560
20517944
20518086
20518917
20518934
20519168
20519276
20519409
20519484
20519673
20519811
20520261
20520600
20520971
20521129
20521245
20521274
20522025
20522211
20522584
20522595
20522959
20523557
20524128
20746802
20748535
20748906
20750009
20754738
20757306
20760922
20933520
20934159
20934385
20935351
20937923
20938294
20938838
20942158
20943147
20943465
20943757
20943958
20944618
20945021
20946358
20946722
20949104
20949606
20949609
20949631
20950697
20951561
20951587
20952077
20953467
20953478
21124439
21125032
21126268
21126881
21126946
21126992
21128477
21128675
21128866
21128971
21129000
21129084
21129667
21129805
21130410
21130537
21131494
21131763
21132389
21133021
21133195
21133371
21134236
21135249
21135254
21136538
21168037
21168717
21171141
21176431
21254300
21257318
21259299
21267552
21268252
21269047
21273224
21274844
21274993
21515118
21515298
21515358
21515550
21515618
21517022
21517137
21517197
21517312
21517815
21518133
21518418
21518535
21518592
21518637
21519277
21519448
21519701
21519931
21520039
21520236
21520394
21520721
21520830
21521195
21521869
21521924
21521931
21522053
21522654
21522711
21522815
21522863
21522979
21523425
21523509
21524039
21524056
21525138
21525179
21525404
21525954
21526438
21527000
21527090
21527380
21527757
21528327
21528907
21529019
21529104
21529142
21529253
21529433
21530075
21530198
21530241
21530722
21530790
21531197
21531642
21532137
21532578
21532623
21532892
21533386
21533453
21534249
21534642
21534767
21534784
21534805
21535405
21535457
21536094
21536992
21554991
21555412
21556073
21556109
21556474
21556513
21557339
21557404
21557966
21558127
21558306
21558864
21559343
21559849
21561034
21561864
21563871
21563905
21564445
21564727
21565388
21565456
21565693
21566867
21567075
21567577
21567604
21567800
21567811
21568050
21568778
21569003
21569597
21570076
21692971
21694189
21702760
21704596
21707639
21711183
21712454
21786883
21787383
21787459
21787475
21787489
21788276
21788457
21788906
21788957
21789114
21789189
21789550
21789683
21790095
21790214
21790267
21790331
21790354
21790401
21790425
21790595
21790826
21790959
21791843
21791903
21791924
21793346
21793909
21794610
21794793
21794965
21795006
21795222
21795492
21795555
21795737
21796096
21796432
21796674
21796704
21797094
21797317
21797321
21797905
21798413
21798544
21798800
21799154
21799174
21799230
21799269
21799517
21799604
21799617
21799671
21799694
21799856
21800238
21800249
21800281
21800349
21800362
21800430
21800582
21800943
21800967
21801078
21801698
21801777
21801877
21801898
21802046
21802175
21802531
21803128
21803199
21803419
21803470
21803549
21833121
22117739
22120119
22129965
22131282
22131818
22133322
22143191
22144160
22148164
22153358
22227596
22228480
22228638
22230065
22231392
22231753
22232211
22232418
22232597
22232810
22233011
22233184
22233207
22233682
22233768
22234752
22235339
22235920
22236732
22238111
22238955
22239534
22240023
22241024
22242454
22242519
22243201
22243751
22243755
22263961
22263987
22264019
22264173
22264862
22265020
22265204
22265792
22265793
22265849
22266050
22266200
22266648
22266656
22266936
22267284
22267398
22267759
22267850
22267971
22268549
22268920
22269546
22270134
22270640
22270778
22270879
22270999
22271520
22271778
22272015
22272718
22272760
22272913
22273009
22274159
22275353
22275551
22275604
22275918
22277458
22277742
22277755
22277776
22277841
22278256
22278319
22279271
22279273
22279412
22279496
22279549
22279885
22280215
22324119
22533326
22667836
22667884
22668164
22668316
22668623
22669480
22671070
22671076
22671538
22674106
22675190
22676098
22676334
22676425
22676617
22676917
22677278
22679127
22679794
22681223
22681961
22763904
22764540
22770831
22773705
22795771
22796822
22797296
22797653
22798182
22798268
22798854
22799049
22799083
22799120
22799126
22799198
22799793
22800200
22800469
22800609
22801007
22801122
22801180
22802211
22802847
22802934
22803245
22803512
22803591
22803683
22804809
22804964
22805026
22805369
22805429
22805509
22805688
22805761
22805896
22806216
22806281
22806788
22806852
22807665
22807719
22807895
22807949
22808016
22808523
22808985
22809300
22809662
22809946
22810071
22810214
22810291
22810377
22810534
22810571
22811035
22811089
22811122
22854699
22855104
22871680
22872089
22872181
22872491
22872727
22873185
22874223
22874331
22874574
22874821
22875282
22875352
22875520
22876108
22876654
22876908
22877146
22877388
22877548
22877741
22877912
22878007
22878166
22878622
22878966
22879086
22879223
22879246
22879530
22879951
22880245
22880413
22880503
22880522
22880567
22880585
22880623
22881045
22881588
22881634
22881806
22882127
22882430
22882564
22883003
22883053
22883498
22883537
22883665
22884296
22884356
22884557
22884604
22884612
22884904
22885064
22885121
22885438
22885946
22886034
22886096
22887273
22963882
22964660
22970259
22974036
22986019
22986145
22986490
22987509
22988229
22989344
22993544
22994809
22995242
22995774
22995780
22995943
22996005
22996510
22996761
22996858
22997372
22997444
22997961
22998247
22998605
22999057
22999078
22999161
22999162
22999184
22999286
22999312
23000262
23000399
23000524
23001390
23001423
23001621
23001811
23002226
23002744
23002836
23003046
23003405
23003786
23004372
23004483
23004503
23004570
23005079
23005599
23005678
23006441
23006534
23006778
23007312
23007598
23007774
23007817
23008060
23008698
23008753
23008975
23009013
23009309
23009554
23009586
23134331
23134338
23135134
23135238
23135295
23137233
23137332
23137398
23137778
23137829
23138619
23139234
23139300
23139563
23140108
23140195
23140598
23141263
23142548
23142986
23144255
23144489
23144578
23144773
23144847
23144991
23145782
23145972
23146637
23147004
23147274
23147369
23148239
23148392
23148646
23149130
23149929
23149950
23150059
23150775
23150984
23151045
23151137
23152472
23152896
23154051
23154826
23154955
23155795
23155876
23156339
23156471
23197164
23205023
23208834
23297968
23596835
23596851
23597497
23597684
23597716
23598002
23598189
23598519
23598766
23598811
23599120
23599388
23599412
23599843
23600083
23600435
23600446
23600638
23600721
23601035
23601431
23601612
23601957
23602653
23602914
23603253
23603569
23603900
23604143
23604170
23604739
23604925
23606117
23606612
23606646
23606921
23607348
23607516
23607623
23608271
23608315
23608711
23608925
23608989
23609386
23610698
23610871
23611136
23612062
23612681
23613466
23613543
23613646
23614051
23614331
23614349
23614350
23614477
23615133
23616199
23616642
23616806
23617089
23617232
23617396
23617428
23617479
23617811
23617915
23618372
23618405
23618805
23618934
23619002
23619071
23638386
23641195
23642370
23642388
23646510
23650235
23651224
23652978
23654493
23655411
23684755
23719418
23719470
23719473
23719534
23720718
23721847
23722122
23722219
23722255
23723213
23723637
23724248
23725865
23726525
23726768
23726854
23727076
23728193
23728447
23728794
23729019
23732642
23732862
23732955
23735024
23735397
23735505
23735825
23735981
23755715
23766810
23770167
23818216
23818754
23818845
23819186
23819231
23819478
23820337
23820945
23821369
23821885
23822166
23822598
23822651
23823004
23823179
23823231
23823896
23823908
23824041
23824061
23824127
23824741
23824811
23825297
23825537
23826073
23826281
23826404
23826746
23826779
23827142
23827324
23827361
23827751
23827910
23829242
23829502
23830556
23830700
23830865
23831227
23831289
23831634
23832039
23832660
23832752
23833054
23833069
23833738
23834290
23834817
23835069
23835088
23835127
23835401
23836306
23836517
23836517
23837173
23837824
23838509
23838652
23838859
23838864
23838985
23839431
23839561
23839954
23840482
23840912
23841690
23908154
23917728
23919074
23920248
23961852
23963803
23964611
23964663
23965060
23966671
23967062
23967694
23969854
23969936
23970303
23972463
23972798
23972958
23973466
23973744
23973801
23974680
23974705
23975315
23976566
23976941
23978288
24167030
24167060
24167384
24167674
24167989
24168133
24168621
24168687
24168762
24169334
24169636
24169766
24170033
24170115
24170392
24170428
24170515
24170651
24171005
24171094
24171557
24172032
24172592
24172654
24173101
24173614
24174257
24174486
24175845
24176356
24176469
24176663
24176871
24177103
24177452
24177507
24177997
24178018
24178406
24179029
24180184
24180344
24180654
24180690
24180751
24181090
24181351
24181432
24181625
24181953
24182480
24182556
24182814
24183028
24183561
24183921
24183981
24184121
24184133
24184572
24184701
24184778
24184935
24184972
24185247
24186117
24186250
24186570
24186926
24187075
24187104
24187190
24187591
24188196
24188422
24188486
24188930
24189020
24361702
24362166
24365510
24368001
24371110
24373117
24398896
24465254
24465794
24466100
24466202
24466441
24466640
24466650
24467044
24468825
24469226
24469486
24469690
24469727
24470063
24470674
24470747
24470896
24472021
24472105
24472235
24472262
24472450
24472531
24472628
24473032
24474187
24474220
24474586
24475011
24475056
24475592
24475716
24476349
24476524
24476595
24476715
24476940
24476980
24477246
24477308
24477708
24477958
24478164
24478623
24479123
24479501
24479753
24479784
24480011
24480153
24480941
24481335
24481712
24481983
24482201
24482806
24483097
24484088
24484378
24484604
24485056
24502082
24502505
24502784
24503702
24505359
24505594
24506678
24506860
24507112
24507181
24507537
24507984
24508027
24508491
24508522
24508660
24508761
24510090
24510323
24510639
24512256
24512679
24512970
24513878
24514923
24515508
24516090
24517135
24517985
24518540
24518778
24520026
24577961
24762691
24827840
24831888
24833902
24833947
24836901
24838992
24839166
24842029
24845077
24848155
24850013
24850021
24850106
24851183
24851209
24851579
24851706
24851918
24851951
24852150
24852330
24852375
24852458
24852654
24852806
24853007
24853329
24853514
24854454
24855722
24855948
24856561
24857276
24857352
24857534
24858319
24858782
24858784
24858955
24859194
24859347
24859475
24859691
24860190
24860706
24861012
24861029
24861234
24861534
24861706
24861725
24861768
24861982
24862035
24862189
24862829
24863114
24863414
24863455
24863886
24864040
24865270
24865293
24866273
24866422
24866581
24866897
24867093
24867595
24868029
24868550
24868649
24868683
24868700
24868862
24869083
24869291
24869397
24869644
24869713
24870004
24870167
24870201
24870225
24870297
24870821
24870834
24870954
24871691
24871913
24872008
24872709
24939283
24942864
24942907
24943008
24943969
24945101
25026129
25026161
25026169
25026351
25026739
25027902
25027957
25028312
25028509
25028871
25028909
25028947
25029045
25029072
25029393
25029551
25029609
25029672
25029954
25030153
25030171
25030351
25030395
25030698
25030865
25031680
25032634
25033423
25033746
25033857
25034040
25034071
25034129
25034180
25034429
25034758
25034771
25035175
25035311
25035755
25035860
25036447
25036724
25037144
25037475
25037903
25038194
25038279
25038298
25038542
25039092
25039700
25039813
25040108
25040465
25040517
25040583
25040780
25040931
25041162
25041476
25041547
25041584
25041825
25041972
25042163
25042273
25042322
25042383
25042522
25042699
25043305
25043750
25043880
25043941
25044362
25044526
25044541
25044598
25044725
25044726
25045099
25045281
25045635
25046577
25046596
25046727
25047134
25047167
25047745
25047785
25047795
25048223
25048450
25048627
25048721
25048980
25049275
25049744
25051585
25053085
25059410
25061352
25064714
25064944
25068670
25111243
25113343
25114055
25139337
25143148
25148414
25390777
25393737
25393767
25394186
25394539
25394787
25394895
25395363
25395590
25397291
25397451
25397568
25398245
25399417
25403518
25403539
25405052
25405797
25406044
25430393
25430635
25431835
25436598
25439497
25439639
25440283
25511270
25511452
25515580
25515888
25516134
25516785
25516889
25518276
25518624
25518889
25519392
25519860
25520718
25520867
25521008
25521621
25521737
25524298
25524526
25524722
25525056
25525387
25525710
25526847
25527901
25527965
25528078
25528770
25529315
25529786
25530440
25530722
25531100
25531226
25532844
25533703
25534096
25534242
25626262
25627830
25630334
25631217
25632198
25633874
25634757
25636625
25640397
25641430
25642078
25642308
25643293
25645343
25645717
25646438
25647132
25669179
25669938
25670827
25671815
25672526
25673051
25674416
25677693
25679802
25680692
25681308
25681757
25681930
25683032
25684318
25685136
25685549
25686270
25686335
25688008
25688654
25688664
26087735
26088282
26088447
26089008
26089827
26091227
26092193
26092856
26093944
26094172
26095123
26095460
26095628
26095635
26096064
26096091
26097349
26097636
26097776
26097793
26098769
26098865
26098976
26099202
26101371
26102902
26105073
26106658
26110254
26110827
26112815
26113169
26113191
26115238
26116684
26116811
26117825
26118349
26119297
26121137
26124089
26124439
26124672
26125384
26241240
26252110
26252413
26252533
26252993
26253482
26253509
26253664
26254082
26254274
26254335
26254626
26254634
26255160
26255214
26255329
26255478
26255481
26255497
26255868
26256081
26256871
26257703
26257741
26257827
26258080
26258107
26258317
26258469
26258657
26259031
26260275
26260619
26261021
26261070
26261353
26261567
26261632
26261669
26261754
26261996
26262645
26262748
26262878
26262940
26263729
26264101
26264526
26264640
26264689
26264750
26265056
26265298
26265318
26265700
26265729
26265828
26265843
26266011
26266034
26266283
26266311
26266684
26267119
26267140
26267141
26267321
26267701
26267769
26267867
26268094
26268500
26268541
26268839
26269517
26270006
26270097
26270134
26270487
26271346
26271488
26271770
26271790
26272104
26272181
26272248
26272818
26273127
26274019
26704372
26833958
26834560
26834959
26835239
26835966
26836102
26836356
26836668
26836722
26837379
26837690
26838040
26838513
26839360
26839784
26840010
26840359
26840679
26840687
26841398
26841687
26841719
26842270
26842366
26842624
26842989
26843112
26843342
26843618
26843845
26843859
26844389
26844534
26845202
26845222
26845238
26846741
26847026
26847279
26847810
26847849
26847942
26848117
26848309
26848421
26848805
26848956
26849087
26850435
26851248
26851341
26851524
26852266
26852492
26852579
26853666
26853793
26853830
26854228
26854639
26854756
26855324
26857113
26857421
26857979
26859201
26861860
26862493
26862668
26862932
26863769
26864387
26865352
26866747
26869959
26869997
26870406
27069764
27075587
27126222
27296999
27298864
27299736
27302120
27302459
27303220
27304316
27304501
27308736
27311013
27311282
27311392
27335328
27336622
27337356
27340945
27350026
27353622
27353623
27354050
27354416
27354668
27354974
27355148
27355690
27355918
27356155
27356248
27356315
27357403
27357679
27357990
27358638
27358690
27358734
27359038
27359171
27359630
27360839
27360991
27361029
27361341
27362243
27362443
27362601
27362840
27363227
27363349
27363951
27364404
27365001
27365089
27365366
27365503
27365624
27365970
27365998
27366786
27366819
27366965
27367158
27367345
27367568
27523611
27523661
27523711
27524599
27524778
27524845
27524938
27525409
27526067
27526071
27526337
27526358
27526493
27526740
27527689
27528200
27528207
27528360
27528567
27528639
27528665
27529292
27529304
27529438
27529690
27530489
27530611
27532181
27532300
27532396
27533219
27533568
27533766
27533800
27534010
27534262
27534960
27535041
27535083
27535178
27535426
27536302
27536372
27536713
27537234
27537369
27538079
27538181
27538483
27538979
27539228
27539621
27539673
27539681
27540423
27541083
27541176
27541212
27542140
27542365
27542543
27542588
27542915
27543026
27543056
27543327
27543625
27543701
27543933
27543947
27544695
27544742
27544892
27545375
27545959
27546220
27546443
27546461
27632537
27632993
27633421
27634080
27636622
27637435
27639757
27639793
27639923
27641552
27642952
27643749
27643873
27644379
27698870
27698911
27698993
27699124
27699296
27699430
27699862
27700273
27700312
27700599
27700659
27700686
27701326
27701359
27701544
27702817
27703810
27704147
27704261
27704346
27704470
27704507
27704671
27704771
27706187
27706199
27707010
27708629
27708667
27709108
27709219
27709955
27712456
27785966
27786090
27786187
27786425
27786719
27788564
27789090
27790050
27790119
27790368
27790681
27790992
27791383
27791398
27791953
27792117
27792735
27793125
27793228
27793352
27793376
27793498
27793506
27793691
27793943
27794799
27795263
27795597
27795787
27796175
27796209
27796228
27796556
27796878
27797369
27797591
27797840
27798037
27798088
27799830
27800208
27800263
27800434
27800793
27800823
27800897
27801586
27801915
27801983
27802018
27802063
27802070
27802199
27802431
27802670
27802945
27803334
27803375
28022497
28025262
28026269
28026810
28028519
28029850
28031662
28031997
28032332
28033222
28036940
28059950
28060614
28060762
28061032
28061617
28062113
28063035
28063552
28067927
28068160
28068192
28070146
28070725
28070944
28071452
28074005
28076982
28077330
28078129
28078635
28079415
28152671
28485119
28485726
28486091
28486419
28487134
28487209
28487222
28487527
28487757
28488023
28488299
28488656
28488761
28488809
28489253
28489603
28490663
28491194
28491361
28491513
28491578
28491614
28491654
28491759
28491828
28491868
28491986
28492023
28492362
28492419
28493071
28493298
28493537
28493574
28493680
28494161
28494179
28494206
28494238
28494586
28494635
28495218
28495229
28495274
28495315
28495677
28495782
28495797
28496371
28496570
28496791
28497014
28497073
28497075
28497379
28497479
28497523
28497698
28497963
28498148
28498359
28498601
28498733
28498784
28499044
28499081
28499129
28499157
28499273
28499283
28499289
28499770
28655841
28656247
28656553
28656633
28656781
28656966
28657013
28657772
28658138
28658333
28658353
28658680
28659413
28660468
28661157
28661253
28661301
28661303
28662240
28662346
28662679
28663676
28663696
28664867
28664875
28665170
28665303
28666172
28666215
28667307
28667514
28667863
28668022
28668645
28668699
28668809
28669530
28669984
28670086
28670598
28671215
28672058
28672279
28672417
28673127
28673290
28673855
28674239
28674399
28776738
28776926
28777851
28778096
28778621
28780251
28780608
28782813
28783014
28783242
28784022
28785874
28787999
28788543
28788727
28791247
28791287
28793479
28794570
28794621
28796255
29015212
29015651
29019222
29019722
29032653
29106405
29106684
29107237
29108677
29110555
29110602
29112917
29116024
29116039
29116725
29117562
29138149
29138995
29139638
29140021
29140849
29140972
29141006
29141336
29141959
29142346
29142838
29142857
29143777
29143853
29143899
29144163
29144181
29145346
29145391
29145739
29145943
29146852
29147444
29147602
29147611
29148054
29148526
29150947
29151257
29152688
29152923
29152931
29153804
29153943
29154912
29155050
29369365
29369693
29370029
29370053
29370192
29370981
29371004
29371703
29371835
29371876
29371878
29372242
29372322
29372514
29372554
29372560
29372943
29373002
29373449
29373533
29373625
29373747
29373903
29373917
29374017
29374242
29374469
29374657
29374803
29375390
29376080
29376371
29376443
29376704
29377088
29377368
29377887
29378045
29378455
29378655
29379114
29379433
29379951
29380146
29380477
29380504
29380525
29380532
29380881
29381244
29382234
29382256
29382755
29382974
29383086
29383304
29383353
29383578
29384007
29384099
29384252
29384563
29385444
29385918
29386054
29386723
29387227
29388679
29388825
29388830
29388941
29389629
29389988
29390046
29390307
29390359
29390387
29390866
29391507
29391670
29391946
29391996
29416545
29443977
29444250
29448092
29449234
29450270
29452743
29453268
29453786
29550501
29551305
29568929
29569568
29570628
29571132
29571279
29573155
29580902
29582265
29582874
29583155
29652198
29655047
29655165
29663758
29672555
29673224
29729759
29730626
29731014
29732037
29732091
29732201
29732506
29733004
29733099
29733395
29733421
29733510
29733531
29734377
29736249
29736275
29736506
29736707
29737010
29737468
29737651
29737875
29738016
29738058
29738071
29738080
29738701
29738758
29739699
29740367
29740692
29741227
29741285
29741323
29741575
29742780
29742988
29743493
29743552
29743941
29744039
29744144
29744283
29744297
29744302
29781694
29803697
29804191
29804317
29804390
29808450
29808853
29809961
29810112
29816141
29817437
29817583
29819483
29821083
29823704
29960009
29962216
29962579
29962830
29963320
29963436
29963491
29964313
29964535
29964584
29965522
29965581
29965685
29966090
29966374
29966626
29967706
29967717
29968109
29968346
29968870
29968931
29969317
29970520
29970532
29970679
29970862
29970990
29971780
29971790
29972461
29972476
29972599
29972653
29972967
29973094
29973818
29973959
29974155
29974241
29974342
29975699
29975911
29976465
29976646
29977786
29977837
29978820
29978888
30035107
30036333
30036394
30037208
30041540
30041563
30041612
30043721
30044324
30044537
30044741
30045587
30045961
30046964
30049732
30051672
30053550
30053995
30090084
30090749
30090759
30090794
30091306
30091657
30093851
30094458
30094693
30096674
30096881
30098194
30098441
30100015
30101022
30101343
30101398
30101584
30101686
30102104
30103159
30104256
30105343
30105481
30106863
30108043
30108101
30109709
30109836
30110315
30111607
30167754
30167948
30168089
30168107
30168879
30169644
30169714
30170064
30170560
30170736
30170944
30171049
30171432
30171509
30171780
30172022
30172180
30172491
30172599
30172894
30172976
30173036
30173037
30173092
30174293
30174303
30174507
30174785
30175401
30176686
30176704
30177810
30177879
30178272
30178353
30178621
30178987
30179458
30179605
30179724
30179760
30180402
30181323
30181766
30181991
30342640
30342761
30342958
30342959
30343039
30343233
30343303
30343488
30343527
30343755
30343800
30344016
30344202
30344449
30344805
30344983
30345088
30345149
30345490
30345724
30345981
30346003
30346550
30346955
30347075
30347817
30347917
30348061
30348074
30349121
30349214
30349754
30349954
30350185
30350378
30350491
30350579
30350611
30350662
30351161
30351162
30351704
30352153
30352345
30352577
30352972
30353143
30353197
30353258
30353281
30353283
30353406
30354487
30354641
30354765
30354898
30355432
30355703
30355747
30356300
30356903
30370464
30376934
