7166
9152
11521
12770
13685
14819
16412
27337
27343
29408
40084
41034
41391
46516
47933
48117
67840
67942
69272
69552
71829
72707
75144
76474
76917
78812
80657
81483
82203
86647
88257
88989
89412
91828
92969
96312
99815
101674
109770
110063
113714
113973
117318
117788
123273
135671
146242
146443
147612
154557
159548
160290
165199
165840
168825
169532
173004
175611
184996
185107
186105
188823
190266
193144
198466
198488
203100
203412
204009
206535
207016
210989
214878
215265
216569
219044
219715
219943
222800
226520
228052
230781
231514
233152
239583
239588
240582
248281
251464
253865
254445
263835
266838
271549
271668
275189
275624
278206
283479
283739
285103
295449
296265
301333
302777
312865
317686
320822
322427
324578
325187
327531
327737
335651
342734
351014
353476
355249
369629
373879
373920
378049
378140
385032
386583
387258
388881
391790
396772
401043
402362
408977
409604
413387
413681
414715
416582
417488
426318
433336
439307
444022
444112
446522
461791
471759
476583
477757
486946
489074
491270
493354
498600
501800
502264
504999
505668
506880
519133
524484
525344
528746
531154
536855
546207
549990
550498
550548
565596
570713
571930
577068
577310
589951
591565
593907
599041
602586
608378
608594
610490
610714
618954
621689
626512
627717
629762
632445
632814
634823
635422
640423
648783
653504
659327
659719
661126
666067
666319
668517
671009
677424
680180
681705
681780
687322
687353
694467
698254
703784
707398
709320
717290
718651
719714
721696
723763
724795
729338
731036
731439
733616
734985
741514
741664
742077
744114
744870
745118
746749
748604
753043
753523
762174
763362
767056
769866
772569
775719
776579
777063
786702
787638
795736
799645
802472
813595
820116
822301
823271
824055
824796
825520
829461
829767
832840
837541
840412
840844
846084
862367
865394
872117
878724
881069
881225
882336
884338
892704
892802
894332
896545
897590
911827
912115
913586
918301
928028
929418
930450
937811
941883
946428
947979
956936
958630
959629
967234
972778
973983
978430
980068
985357
986699
987136
988403
997412
998912
999757
1000869
1002374
1004497
1005219
1010311
1012430
1022083
1027051
1028066
1028278
1032265
1033115
1035644
1039138
1039874
1044997
1045766
1054261
1056694
1062089
1064102
1065009
1068184
1068928
1070905
1073322
1084797
1090118
1094495
1104053
1108556
1109255
1111413
1112155
1115129
1121354
1129476
1133854
1135395
1142846
1143066
1145642
1147578
1148832
1157090
1161222
1171462
1172548
1175602
1178112
1178399
1181949
1184388
1184514
1184895
1185049
1190140
1190739
1199536
1202895
1207262
1207374
1208851
1219990
1221341
1225809
1239873
1241838
1243892
1250183
1250193
1250396
1250746
1254482
1266839
1267227
1267293
1268785
1270412
1278431
1279588
1280700
1282272
1285284
1285357
1286637
1288701
1294600
1295218
1299641
1299998
1300827
1301071
1302530
1303386
1306193
1313514
1314381
1314553
1319715
1321211
1321468
1324490
1326403
1326704
1328155
1333028
1336070
1337172
1339133
1340031
1341010
1342786
1346588
1346988
1349602
1353351
1367198
1371961
1374938
1376629
1377454
1378220
1383006
1384231
1389709
1396879
1397347
1408141
1410845
1411280
1413934
1421082
1426503
1433560
1433740
1435453
1438229
1444605
1446415
1452371
1453857
1456181
1457015
1457769
1460532
1462470
1462913
1463366
1463991
1470450
1478500
1479697
1484926
1487489
1487768
1488904
1489724
1493193
1498640
1498924
1506787
1506874
1513507
1525753
1526644
1531554
1531582
1531900
1534969
1539929
1542834
1548948
1551200
1553668
1558531
1561025
1562122
1562756
1565571
1568113
1569672
1574293
1574515
1575283
1580960
1583237
1583918
1585134
1587369
1588370
1588409
1589176
1590577
1598061
1599292
1605788
1606433
1612200
1613269
1613675
1615957
1624980
1628975
1642006
1643456
1643690
1646513
1651754
1659060
1662476
1665309
1667549
1669472
1670486
1671467
1673874
1677136
1683560
1684411
1689227
1697160
1703996
1704035
1705737
1710656
1711657
1712644
1719365
1721354
1725924
1728384
1730338
1731501
1737188
1742422
1742913
1754117
1755790
1756182
1756898
1758711
1759769
1762606
1764818
1770448
1772687
1774592
1778236
1780261
1781613
1783857
1785121
1787556
1790045
1792160
1792547
1793449
1796589
1797018
1798759
1802463
1802960
1803661
1804105
1807042
1810653
1812963
1813466
1815086
1815103
1818626
1821059
1826645
1831498
1832538
1833731
1834359
1835735
1837134
1838610
1838655
1848175
1849906
1850626
1860063
1866447
1866549
1872780
1877204
1878026
1878395
1879030
1879281
1882411
1884899
1887545
1889377
1893337
1896518
1896778
1898294
1902314
1903515
1903798
1906690
1908674
1910744
1911504
1916786
1919920
1921067
1921383
1923470
1925452
1925944
1932122
1935082
1936455
1939088
1940787
1941774
1943454
1946478
1952072
1955503
1955554
1956702
1956928
1961347
1961996
1966797
1967067
1974607
1977277
1978407
1980989
1981241
1983778
1991822
1996112
1997942
2000224
2000650
2005551
2006043
2006231
2011812
2012224
2012283
2012312
2012537
2013601
2014475
2014538
2015057
2017419
2017904
2020086
2021334
2022762
2027879
2033735
2035581
2042794
2043392
2047238
2053973
2057039
2058221
2060683
2061029
2070174
2071762
2078717
2081794
2083306
2096085
2096105
2098081
2105847
2107750
2109106
2109137
2109180
2114355
2114843
2116069
2119204
2122256
2124266
2125610
2125765
2129081
2129750
2137552
2141321
2142909
2144831
2148486
2153463
2154074
2154899
2162618
2165543
2172935
2174698
2176710
2182400
2190116
2190568
2195163
2196734
2199007
2200637
2202697
2207137
2213690
2215725
2219169
2235464
2236083
2238599
2241104
2245273
2245841
2246148
2246997
2247097
2250126
2251308
2252758
2253255
2260337
2267444
2268933
2276839
2277931
2283614
2285041
2291284
2293136
2294612
2294637
2295722
2296295
2296668
2299581
2313271
2321197
2322341
2322996
2327704
2328143
2329157
2329788
2345406
2345787
2347348
2350564
2352788
2353520
2355855
2366477
2367427
2375288
2376126
2377177
2380272
2380963
2390659
2394295
2395034
2396195
2396490
2396835
2399914
2410288
2410942
2411878
2418006
2418167
2418715
2419310
2421964
2426419
2426771
2426899
2434152
2434820
2435690
2437878
2440907
2441213
2442001
2446785
2446961
2451110
2456388
2457656
2460453
2460848
2461095
2461317
2461623
2465291
2467953
2471011
2471361
2477588
2479393
2482973
2484912
2487823
2492124
2492540
2494379
2497953
2498077
2504401
2506582
2508908
2509345
2509516
2511069
2511905
2516571
2519021
2521418
2526335
2526381
2529509
2530026
2530724
2533124
2536319
2545420
2552246
2552331
2553809
2554336
2560485
2563742
2565647
2570628
2571773
2573378
2574969
2575125
2579024
2581414
2586155
2586960
2587570
2603058
2603554
2611036
2611701
2612082
2612861
2620013
2621408
2623551
2628361
2628451
2631099
2631477
2641150
2645175
2645554
2648074
2655864
2656023
2658751
2662173
2664517
2666201
2671982
2674061
2674579
2674926
2681526
2685493
2686207
2688184
2690301
2693073
2693534
2701031
2703693
2706748
2709631
2710596
2712341
2713075
2715077
2718434
2719489
2721632
2722376
2723893
2728641
2732363
2737788
2740127
2742283
2744482
2747885
2749416
2749445
2752788
2757764
2762362
2764828
2767911
2768689
2771861
2773531
2774482
2776125
2776623
2777194
2778176
2780007
2782346
2783125
2786828
2790649
2790935
2791756
2792491
2797089
2800701
2802241
2805017
2807004
2807277
2807638
2808062
2809172
2811666
2822181
2832774
2841119
2847490
2858090
2858212
2862270
2863337
2867826
2868239
2870925
2876732
2877282
2880071
2884203
2886186
2886483
2889269
2891314
2891593
2894098
2895453
2895508
2896319
2899883
2901314
2901460
2902388
2906867
2918418
2919117
2920133
2921915
2931122
2931475
2935578
2936054
2937139
2937349
2938612
2940275
2942797
2944434
2947091
2947232
2949610
2949614
2950397
2951180
2955792
2957336
2959216
2962096
2962274
2974892
2977719
2978384
2979726
2981674
2982556
2985884
2988107
2994306
2994523
3006371
3013486
3013535
3013752
3015658
3017138
3023330
3023615
3030391
3039048
3040515
3044485
3054269
3056223
3059634
3070907
3076289
3076695
3078086
3080482
3082516
3083239
3086506
3086836
3088969
3091491
3091751
3093783
3098968
3105781
3107695
3110235
3110501
3113297
3122328
3125638
3131790
3134758
3137678
3144576
3151066
3154226
3154612
3156948
3159102
3165848
3166297
3167160
3167344
3168897
3175555
3182762
3185177
3185203
3186670
3186694
3195643
3196750
3199282
3199804
3204204
3207301
3207585
3207633
3212158
3228088
3230029
3230586
3236297
3237945
3240978
3242726
3245551
3247043
3248045
3248936
3252111
3255149
3256426
3259498
3263442
3263897
3269969
3270751
3273842
3275297
3278948
3279045
3295752
3298908
3303762
3310279
3319798
3323079
3327180
3327908
3333298
3334238
3338003
3339987
3340295
3340516
3341985
3347937
3348522
3348781
3349894
3349974
3351394
3352984
3355862
3358482
3365774
3370483
3373881
3381192
3381907
3382175
3382764
3390526
3391173
3392176
3393169
3395565
3396662
3397650
3399735
3401093
3401725
3402894
3403616
3407703
3412032
3413221
3413512
3415389
3420811
3423401
3429438
3430386
3431412
3436388
3438500
3439123
3443060
3443125
3448903
3455418
3456456
3457370
3458417
3467844
3475042
3477746
3480107
3483322
3488638
3492176
3492550
3494784
3495003
3496274
3498597
3500110
3504592
3505082
3506764
3508491
3513203
3514556
3523361
3523470
3526503
3528504
3537601
3537769
3539251
3539668
3544839
3550328
3553443
3561599
3564177
3566724
3568086
3571113
3575838
3578183
3582311
3588703
3592655
3597642
3598750
3603278
3603661
3606902
3608014
3612191
3612303
3619333
3619693
3621881
3622065
3626364
3632444
3633372
3633388
3642818
3646327
3649503
3653255
3658216
3658477
3659642
3660960
3662393
3666349
3668223
3670532
3675949
3681220
3684994
3685215
3685289
3695546
3699831
3701492
3701793
3702696
3703788
3709707
3715074
3721441
3721669
3725595
3726876
3732064
3736251
3738118
3738999
3741120
3744402
3744940
3745162
3750823
3753360
3753929
3756327
3757092
3757306
3757602
3757864
3759518
3760971
3763948
3765482
3765943
3778343
3779089
3780676
3787875
3788886
3793407
3793818
3796112
3798315
3806085
3806748
3809720
3810233
3811218
3811768
3812277
3812844
3814820
3815327
3827830
3835779
3836933
3837215
3837924
3842936
3854424
3856297
3858320
3859321
3859358
3863884
3867547
3877805
3886552
3888874
3890337
3891801
3899549
3903684
3904045
3911136
3912143
3914743
3920465
3922563
3925638
3926448
3931027
3931524
3933182
3933598
3934739
3937624
3940792
3944000
3944127
3944646
3949530
3954807
3955136
3958360
3958604
3963973
3964810
3964955
3967414
3969596
3970560
3973856
3976095
3979843
3983375
3983698
3985001
3986477
3994633
3995467
3996676
3996679
4000153
4005315
4021643
4033118
4033479
4036704
4037533
4044513
4047919
4052462
4058064
4058968
4061101
4064189
4064531
4065134
4068793
4072162
4074871
4078556
4082304
4082848
4083468
4084042
4092289
4093297
4093784
4096082
4098207
4098274
4106657
4112688
4114989
4118448
4123019
4123276
4125029
4127411
4129034
4137649
4144102
4155245
4157728
4157955
4158225
4164264
4167435
4168031
4168430
4172423
4172518
4174905
4177864
4178134
4181548
4182484
4182971
4184745
4188088
4189819
4194717
4196457
4196578
4197391
4198295
4199153
4203530
4204771
4205956
4206759
4207325
4208101
4211915
4211934
4215135
4217438
4218676
4221715
4221885
4227183
4228277
4234828
4235775
4244642
4245476
4257727
4258875
4259092
4262056
4262380
4263037
4267525
4273790
4274437
4280688
4281792
4289080
4293507
4296843
4298893
4310092
4310992
4311694
4318332
4320740
4325030
4326585
4326763
4327564
4331935
4335653
4335897
4338927
4340175
4347563
4348678
4348864
4353638
4354281
4363381
4379054
4380216
4382254
4383647
4383958
4389840
4390533
4397051
4401148
4401841
4403589
4405167
4412545
4414683
4415526
4424082
4426267
4428564
4432729
4433894
4434935
4446081
4447993
4449873
4455190
4464613
4469072
4470583
4473951
4477163
4482103
4484706
4486778
4489984
4493925
4494502
4495058
4501021
4504178
4504361
4504509
4511329
4512867
4513207
4514781
4515175
4521618
4522252
4522309
4526434
4534015
4536031
4545880
4547583
4547821
4548264
4548277
4548526
4549949
4551057
4561691
4561798
4563398
4564941
4568227
4568713
4569380
4570438
4570627
4571199
4573160
4574899
4575392
4576451
4576556
4576980
4583973
4584204
4588340
4589713
4597759
4599296
4604201
4609775
4615418
4616179
4622144
4623545
4625019
4625382
4631292
4639965
4644203
4645099
4645536
4647505
4650238
4651010
4652567
4653022
4653599
4657300
4659897
4664620
4666272
4669341
4672940
4673868
4674639
4677751
4679624
4680376
4681796
4682450
4684475
4686911
4691635
4694255
4696299
4698668
4702569
4703611
4703759
4704922
4706735
4707504
4708654
4710913
4719893
4721850
4723407
4729753
4738681
4738910
4742867
4743232
4744428
4747753
4756761
4759872
4763453
4768154
4768299
4770249
4770514
4771880
4777129
4780056
4786312
4791632
4793620
4800339
4801210
4802894
4806988
4807048
4808436
4808443
4809420
4811793
4820629
4832849
4835977
4837580
4841599
4846277
4854495
4858488
4859504
4862917
4864895
4871751
4872248
4873267
4873522
4882926
4887927
4888507
4889407
4892408
4895182
4898443
4908413
4909550
4910986
4916866
4917073
4919676
4923376
4924844
4925316
4926135
4929344
4930346
4930512
4930915
4934730
4936028
4937479
4937886
4939411
4945493
4946627
4948566
4950939
4951853
4952084
4960187
4963148
4963583
4963748
4966119
4966312
4973049
4974714
4975462
4982172
4984084
4984331
4985453
4985722
4986351
4986640
4987632
4988170
4989159
4989620
4990901
4991642
4995480
4998150
4999985
5000736
5005401
5006262
5006643
5007637
5009492
5010645
5010662
5010861
5011813
5012356
5016151
5022658
5023214
5023571
5027071
5027552
5029568
5031442
5038719
5045671
5047396
5051060
5051368
5058688
5071632
5072852
5075600
5077264
5078930
5080603
5080796
5087818
5099548
5102814
5104072
5111356
5116982
5120613
5123079
5127426
5128544
5135178
5135585
5137895
5152824
5164055
5168682
5169185
5169961
5175578
5176028
5176111
5178921
5179655
5180202
5185530
5186736
5189172
5196187
5197269
5198539
5202746
5209634
5211734
5215240
5219060
5222572
5233759
5236052
5237573
5238930
5252068
5252691
5272127
5272138
5272444
5275900
5279286
5279375
5281974
5282140
5287134
5288550
5289900
5293844
5299289
5306628
5316073
5316888
5320161
5321536
5324189
5326424
5333459
5335982
5356017
5357875
5358373
5359093
5359400
5359664
5360312
5364243
5366549
5370027
5370537
5371093
5371096
5372920
5373077
5377105
5378676
5383832
5390037
5390357
5392441
5394395
5397199
5398409
5402784
5403860
5405640
5408466
5411026
5419572
5431161
5431365
5432984
5451269
5453086
5455226
5455681
5460619
5462742
5464895
5465835
5467093
5473676
5473842
5476064
5476828
5479721
5482374
5484700
5485265
5486678
5490734
5491166
5498316
5500922
5502244
5502586
5502751
5508828
5512482
5523275
5525705
5530528
5532708
5536027
5539511
5546845
5549695
5555883
5557585
5558963
5561631
5572398
5575709
5590334
5590969
5591641
5595806
5597025
5602489
5604224
5607109
5613144
5613734
5616091
5616805
5617182
5617377
5617554
5618375
5619065
5621260
5621680
5622759
5625151
5626032
5634386
5638277
5639771
5640441
5642375
5642832
5650489
5650659
5651239
5652297
5654422
5659466
5664657
5666250
5666657
5668395
5674581
5682143
5683970
5693401
5693507
5695039
5697461
5703636
5705280
5706832
5708210
5709212
5711796
5713812
5714066
5722785
5727278
5736564
5736591
5739049
5739547
5739654
5740760
5745391
5745712
5749855
5750793
5757326
5757347
5757491
5760384
5762854
5765259
5766207
5769175
5771792
5773654
5774962
5777660
5780707
5786699
5796977
5800118
5802398
5803970
5810622
5811781
5811800
5815222
5819319
5833090
5839119
5839582
5846554
5851168
5867874
5874237
5876087
5881890
5883278
5884533
5888987
5889765
5891294
5892299
5894233
5896556
5900995
5901606
5903768
5904297
5904950
5906168
5910476
5918776
5923861
5928704
5929234
5930655
5931353
5939171
5943855
5949802
5960482
5961623
5963119
5964749
5966671
5967540
5968510
5969699
5973394
5974106
5977262
5978235
5980731
5983718
5984993
5985407
5997091
5997973
5998493
5999568
6002071
6003531
6006368
6014157
6017070
6017108
6021932
6024244
6027588
6027664
6027846
6029214
6032617
6043270
6044385
6045419
6046806
6048090
6048811
6050467
6058124
6065963
6072392
6073569
6077609
6079938
6082845
6083879
6091580
6100471
6100972
6101636
6101798
6106093
6111621
6113799
6113882
6116399
6118420
6121420
6122246
6129821
6130379
6137608
6140470
6141699
6143335
6144458
6147471
6148213
6148497
6149064
6150081
6150082
6159563
6161894
6164515
6165194
6166359
6166568
6166949
6167492
6178008
6181753
6181821
6186104
6193503
6195564
6204296
6208050
6208292
6213372
6214320
6215019
6216095
6216641
6216863
6218424
6221601
6223229
6224279
6224709
6225567
6226950
6228192
6228569
6230078
6232019
6232677
6236586
6238413
6238824
6239364
6239997
6243488
6248234
6255801
6257681
6258202
6258686
6259808
6260838
6265888
6269996
6273296
6274699
6275853
6276610
6278485
6279693
6288295
6290173
6293037
6296952
6303256
6306382
6307034
6307178
6309902
6316121
6318585
6329670
6335030
6345710
6350678
6354139
6357711
6362311
6366805
6371104
6371422
6374354
6378310
6378451
6378844
6379128
6382131
6382292
6385249
6387085
6388671
6395802
6407716
6414961
6419291
6420716
6423511
6424231
6426470
6431406
6435570
6438428
6447183
6447493
6453560
6454587
6455071
6463745
6469181
6470424
6473918
6486507
6488459
6490344
6492476
6494800
6495502
6500156
6502394
6513154
6513275
6514684
6516274
6521717
6525577
6526461
6526717
6529026
6533007
6533579
6539282
6549828
6550731
6551699
6551826
6559569
6563186
6565209
6576597
6578522
6582811
6584210
6588775
6591648
6594543
6595025
6595077
6599714
6602312
6602809
6615462
6622595
6622639
6623215
6627126
6628705
6632304
6640155
6654320
6654702
6661163
6662029
6667344
6668008
6669689
6670747
6673415
6673635
6684200
6703777
6708755
6709295
6720546
6726036
6726203
6726297
6726327
6732349
6733749
6735087
6735240
6735279
6740219
6744811
6745002
6745300
6761831
6762730
6763759
6765920
6766618
6767895
6769302
6769414
6771764
6774229
6774645
6783300
6788266
6791029
6796799
6798290
6803209
6805635
6812681
6819068
6820053
6821977
6825212
6837882
6845508
6846649
6848725
6851779
6854152
6858243
6865111
6868949
6871387
6871599
6876735
6879652
6880513
6881574
6885657
6886458
6888120
6889730
6890105
6891188
6891607
6896440
6900397
6900872
6901036
6901453
6902145
6904766
6905536
6906543
6909048
6911143
6912019
6912185
6918905
6919401
6922711
6922821
6924518
6927776
6928571
6932704
6940889
6941400
6942532
6943781
6944022
6951155
6951364
6957186
6958232
6962483
6963230
6963545
6968170
6969627
6972686
6972718
6973731
6975294
6976315
6981006
6987069
6989181
6994369
7003207
7003800
7004107
7004168
7004816
7008035
7009513
7009750
7011468
7011532
7016386
7016910
7017819
7019308
7021051
7025843
7027168
7030584
7031821
7037778
7039219
7042707
7045604
7050618
7051144
7052849
7055911
7068845
7071078
7073395
7086722
7086842
7091127
7092748
7095533
7095967
7099624
7105320
7109276
7109634
7110462
7116911
7118982
7121070
7121232
7127596
7130769
7134600
7141712
7144122
7145948
7147510
7150581
7151039
7153498
7153556
7153969
7158702
7162270
7162587
7169457
7172834
7174331
7177766
7181193
7185333
7188009
7196188
7196336
7202696
7206462
7211112
7212314
7213252
7214133
7222663
7225668
7228219
7228933
7233294
7235567
7239676
7240182
7242284
7247990
7253431
7264612
7269726
7274781
7279785
7288633
7288949
7289562
7289820
7290992
7291023
7294088
7298592
7298605
7298730
7300468
7300745
7301446
7304874
7307769
7311200
7314662
7321398
7328357
7333561
7335900
7339173
7341563
7343856
7344133
7344761
7346578
7351023
7357131
7359113
7362009
7363125
7366682
7372047
7374751
7376205
7379407
7379758
7380265
7384641
7384970
7385486
7387428
7390548
7395419
7395990
7396292
7398426
7409095
7410896
7415096
7417856
7429992
7431451
7439198
7442711
7449347
7449517
7452692
7452743
7455371
7456491
7459525
7463474
7463688
7471383
7471607
7473079
7475202
7477507
7478211
7478233
7479245
7485208
7486623
7487819
7494499
7497783
7498146
7500348
7500692
7502645
7504951
7505270
7505875
7508750
7509092
7510135
7512035
7512856
7515932
7517409
7520441
7523762
7525963
7528636
7528726
7529036
7529754
7533328
7535021
7535222
7536964
7551332
7552813
7558124
7560251
7565836
7582240
7583875
7592689
7592954
7603965
7606747
7610927
7618298
7623353
7626128
7627408
7627629
7628919
7632097
7635084
7636544
7639378
7640109
7641693
7660210
7663503
7671087
7672625
7674586
7674934
7675599
7678216
7680807
7680932
7686460
7688084
7688721
7689257
7690965
7692262
7694749
7696082
7699600
7701611
7701878
7702824
7706402
7707898
7709075
7709626
7710825
7715747
7716661
7718290
7718589
7720905
7725016
7726934
7728569
7730988
7731422
7731996
7740268
7741848
7746023
7755333
7760585
7765918
7766050
7773677
7776176
7779622
7780896
7781149
7781442
7787659
7794726
7794749
7802960
7803700
7809423
7818134
7818706
7823740
7824051
7825755
7828009
7830073
7832697
7837602
7839727
7854672
7860550
7862868
7864378
7865626
7878736
7878894
7880193
7880389
7884124
7887229
7887987
7894117
7898877
7903130
7907868
7908818
7912163
7913703
7916531
7919682
7921773
7922513
7928208
7928269
7929901
7930305
7931788
7935525
7936455
7937419
7938005
7941604
7942368
7944027
7947159
7948905
7957024
7961333
7964088
7965405
7965480
7965973
7973906
7980517
7980781
7981399
7981787
7993761
7994786
7995824
8000551
8006128
8006964
8011638
8012868
8012989
8013620
8016580
8017546
8026310
8026795
8027468
8029158
8029271
8031715
8036783
8037273
8040267
8044764
8050328
8054335
8056424
8056911
8057239
8058204
8063731
8064961
8068808
8070842
8076102
8078539
8081007
8089677
8097025
8098769
8100265
8101267
8106197
8107806
8109056
8109700
8115043
8116521
8116734
8117597
8127943
8129351
8138269
8149743
8159781
8163515
8163746
8164816
8170693
8171308
8171601
8185101
8186413
8188265
8191053
8192447
8194554
8201706
8202044
8204138
8206982
8208024
8212447
8213866
8215030
8215881
8217538
8219515
8233939
8234484
8235636
8239873
8240283
8240719
8247777
8251543
8256073
8262954
8266518
8266907
8269937
8270554
8271192
8273941
8275992
8277820
8278732
8281474
8283232
8287797
8290605
8291330
8292885
8293361
8295276
8297842
8301688
8302343
8307337
8309058
8310000
8310100
8311431
8316163
8324288
8326985
8327460
8329882
8333587
8334407
8348373
8351912
8352648
8354589
8355496
8356905
8359913
8359948
8361852
8363151
8363909
8364102
8369093
8371217
8371425
8371478
8372638
8373863
8376935
8386882
8399893
8400149
8401574
8413101
8419940
8421670
8422201
8423762
8434300
8438732
8438872
8446728
8448054
8453023
8458726
8462725
8463383
8464782
8465039
8469448
8476772
8481513
8489297
8491932
8498553
8500916
8501265
8508756
8512895
8513398
8514900
8519548
8521170
8521965
8522192
8523175
8531769
8536130
8537114
8537229
8546329
8547324
8550121
8551658
8557345
8562723
8564045
8568641
8571779
8571852
8574736
8574803
8577117
8579122
8584899
8588034
8589456
8591021
8593017
8595720
8597830
8600910
8603443
8605695
8614127
8615800
8622828
8623158
8625315
8636122
8638101
8638378
8639231
8646989
8651158
8654611
8659546
8662501
8664085
8683821
8684136
8689774
8689806
8689808
8690657
8695627
8696700
8696987
8697344
8706504
8706668
8710909
8711277
8714565
8717718
8726855
8731908
8735195
8736110
8736271
8736359
8737415
8738183
8741107
8745540
8746138
8750617
8751856
8756433
8759052
8766032
8766373
8767905
8776153
8777298
8778128
8780359
8791570
8795042
8798065
8799164
8799599
8800179
8800797
8801045
8802475
8814002
8814629
8821226
8821736
8822976
8832603
8833954
8834296
8835613
8836057
8836577
8842165
8842417
8848218
8848716
8851088
8854442
8855584
8873320
8876393
8877508
8882743
8886219
8887167
8891165
8892008
8896595
8896688
8897649
8901229
8904710
8905488
8908744
8911844
8911908
8917285
8923292
8924021
8929407
8935641
8939957
8943407
8945538
8947260
8947763
8959823
8966079
8967314
8967909
8969804
8969993
8970869
8972376
8974425
8975691
8978828
8988301
8992219
9004784
9008898
9013998
9014550
9015091
9022871
9028749
9028777
9030605
9033157
9035917
9038872
9040164
9046809
9048283
9051277
9055464
9058095
9058340
9060358
9065298
9069030
9072759
9075952
9081029
9081615
9089706
9091267
9095866
9099315
9104716
9106300
9114740
9114774
9116495
9122144
9125438
9129092
9132618
9141645
9146803
9152720
9156204
9156405
9159445
9172693
9177775
9178235
9182486
9182976
9193041
9195722
9196460
9198143
9198356
9203229
9203721
9203840
9206714
9207038
9207171
9207222
9213643
9215180
9219441
9234712
9235343
9238112
9242715
9259793
9259945
9261857
9264408
9265988
9268654
9275405
9277915
9277984
9279041
9281675
9282799
9290081
9297151
9304696
9305721
9310214
9318202
9318283
9325844
9327997
9332282
9338095
9340630
9342419
9343635
9345702
9346256
9350628
9362763
9363393
9364195
9367130
9369882
9372578
9372771
9373769
9375498
9375657
9391403
9393642
9393768
9400112
9403308
9409534
9409780
9414147
9416296
9417229
9419562
9423689
9423854
9425936
9427814
9428756
9428873
9429046
9429618
9430885
9435941
9436683
9436743
9442523
9442538
9448066
9448965
9450155
9450512
9454912
9455061
9455580
9456929
9461427
9462326
9463302
9464756
9470693
9472598
9475314
9476456
9479880
9482412
9490705
9491423
9491452
9491937
9492056
9495550
9505123
9508413
9508663
9512267
9514890
9517099
9521603
9522259
9524868
9536387
9538998
9539013
9540565
9553790
9556235
9559514
9561385
9567595
9570729
9581840
9584113
9584301
9586092
9591324
9592109
9593393
9595011
9597270
9598067
9603138
9608389
9614168
9621781
9624861
9625968
9628728
9628930
9631382
9634892
9637393
9639905
9640575
9643525
9646473
9646653
9648795
9648986
9652035
9652458
9653088
9653163
9656993
9658485
9660284
9660317
9668019
9677048
9677474
9687097
9687208
9688248
9690700
9692388
9693538
9698735
9702955
9707505
9713644
9717375
9718387
9721551
9725038
9737810
9738878
9740726
9742010
9747629
9748457
9750118
9750607
9752696
9754905
9760257
9763186
9763424
9765439
9770111
9770793
9770973
9777660
9778047
9778082
9780801
9785594
9787496
9790028
9793004
9794520
9797719
9801790
9815654
9820446
9825629
9836772
9837994
9838520
9839615
9840043
9848737
9849478
9852774
9853382
9853908
9854815
9858329
9861323
9867444
9868891
9870608
9873736
9875702
9882713
9886542
9888881
9898221
9901085
9902388
9908295
9912154
9912839
9914802
9916706
9919552
9922401
9927070
9929035
9929594
9934838
9935541
9940713
9943775
9944438
9953512
9956541
9957312
9957998
9958652
9958676
9963338
9964159
9967655
9968940
9970246
9971769
9981474
9983418
9990488
9993102
9994317
9999572
10000167
10001846
10002600
10006789
10013262
10015692
10016207
10016270
10017577
10026049
10035354
10038667
10042119
10042468
10042554
10045271
10047418
10047914
10049562
10052500
10056045
10057126
10058231
10059046
10061762
10063017
10064507
10069050
10073309
10073709
10088314
10090280
10092151
10096189
10098652
10099381
10100376
10101163
10105682
10105766
10110088
10113242
10115725
10124112
10126219
10126446
10127244
10127505
10135083
10135617
10136318
10137286
10138312
10141333
10141830
10142823
10143846
10147240
10147611
10152104
10153394
10153509
10157968
10160310
10162737
10162982
10166154
10167487
10169207
10172804
10187180
10187477
10189754
10190370
10192090
10197569
10199932
10200665
10202560
10202972
10203013
10203937
10206429
10208893
10209803
10213575
10216390
10220708
10221685
10222884
10232014
10233347
10233563
10238814
10244413
10245623
10246871
10249522
10253108
10253991
10263515
10265413
10268633
10268910
10269159
10271555
10272056
10274902
10275473
10278508
10280534
10281400
10287088
10287123
10287758
10299932
10302099
10303881
10304169
10307918
10311669
10311947
10313505
10317787
10319454
10319550
10320810
10321807
10325820
10338981
10341016
10341126
10341991
10342317
10348407
10351129
10351262
10353208
10353818
10354804
10355637
10356645
10357753
10360842
10361714
10361963
10363063
10363775
10369355
10371127
10377128
10382339
10386619
10389872
10393642
10396001
10397462
10398178
10402992
10407477
10410941
10412473
10413405
10415428
10415719
10419369
10420765
10421460
10426274
10426623
10434886
10440554
10444465
10451412
10452060
10453014
10456328
10458321
10459425
10460417
10464188
10465031
10475616
10480381
10485104
10487858
10491581
10495092
10495320
10497611
10498457
10504321
10505790
10506406
10512697
10514768
10515446
10516151
10518048
10531995
10537929
10543803
10545653
10546148
10547621
10548616
10552812
10552926
10555269
10563164
10571179
10574240
10577775
10578152
10580117
10586412
10587359
10587660
10589851
10594034
10595589
10595863
10601159
10604541
10604629
10607783
10612667
10613291
10614675
10616747
10620688
10620898
10621859
10621969
10623312
10624206
10624956
10625352
10626406
10627830
10631787
10634347
10634696
10637076
10637832
10639609
10641210
10642328
10645837
10647665
10659118
10659716
10660757
10662002
10663667
10665468
10665826
10667795
10669871
10672095
10674106
10677245
10685649
10689124
10690523
10690874
10692497
10695891
10698033
10698859
10701153
10710088
10711834
10716969
10725041
10727405
10729601
10729759
10731309
10737107
10738827
10745851
10750096
10752838
10753330
10753388
10754843
10755226
10757439
10760106
10760692
10762730
10763548
10764299
10765997
10768404
10773074
10774412
10776072
10780606
10780940
10788641
10789901
10791802
10794504
10797950
10806776
10811907
10813563
10814132
10815164
10820671
10826824
10826864
10828325
10829944
10832579
10833453
10833513
10841173
10844065
10844523
10849898
10851246
10853698
10855264
10859730
10861967
10876707
10881774
10885864
10889396
10892163
10898132
10901142
10901816
10904393
10904643
10904836
10905382
10907793
10909825
10918198
10919658
10927083
10927245
10929008
10929763
10929844
10930504
10932667
10934402
10936144
10946391
10949134
10956911
10966080
10970511
10976141
10976179
10985759
10988348
10991082
10991747
10993059
10994508
10994945
11002230
11009442
11012186
11015655
11015687
11017216
11017658
11024331
11026246
11026967
11028283
11031784
11031812
11032193
11036272
11040975
11042911
11050465
11051656
11052713
11055092
11055592
11055608
11056992
11061109
11068127
11070680
11072064
11073019
11074853
11075380
11077762
11081059
11088177
11097152
11102060
11102747
11103424
11113820
11116248
11116570
11116809
11122629
11124178
11124253
11129627
11133423
11135313
11138068
11140081
11141283
11142981
11144532
11144974
11145404
11146723
11148814
11150608
11152383
11156398
11162320
11165075
11167071
11169314
11170777
11174145
11175527
11178943
11179174
11180872
11181425
11183237
11184207
11194164
11194566
11201210
11203543
11204155
11207118
11207138
11208719
11211700
11212438
11216771
11218316
11221679
11221844
11222632
11224445
11230326
11236312
11237496
11239489
11239776
11244162
11244440
11249269
11254195
11261253
11263470
11263514
11273364
11275595
11278224
11284596
11287618
11289968
11298406
11299896
11316660
11318298
11323116
11325662
11326344
11327225
11330003
11332442
11332558
11332943
11335422
11341228
11348063
11348389
11349554
11350811
11353766
11354555
11358956
11359819
11360494
11360571
11360933
11361377
11368074
11373328
11374660
11375800
11376455
11380869
11382600
11383531
11385228
11386272
11386334
11386363
11387734
11388356
11388592
11391255
11393251
11398034
11403128
11403737
11406004
11409179
11412046
11413081
11416073
11416841
11418163
11418458
11418845
11419123
11420576
11421633
11422243
11429874
11429916
11431829
11432375
11432953
11435382
11440952
11455472
11455661
11458445
11460008
11461075
11461439
11461646
11467964
11470425
11472689
11475230
11479096
11483254
11489598
11492138
11493031
11495044
11495192
11496352
11502084
11502139
11506592
11507475
11511266
11511486
11513299
11515544
11519166
11520485
11522026
11524257
11524469
11531250
11531460
11531856
11532196
11533199
11533206
11538653
11542161
11552550
11559176
11574005
11574571
11574589
11576729
11577669
11584636
11591514
11598106
11605161
11605519
11619895
11620384
11621163
11622091
11622746
11626455
11630935
11631221
11632591
11644686
11644843
11649882
11656140
11662784
11669167
11670395
11674957
11676070
11678762
11684125
11688614
11693765
11697109
11697674
11701799
11706731
11708167
11708295
11711564
11715378
11717471
11719074
11721361
11723124
11725117
11727044
11728912
11735215
11737021
11740405
11740546
11747873
11749322
11751976
11758268
11759505
11759908
11761328
11765487
11775994
11781030
11785268
11786644
11789978
11790710
11794009
11795285
11795796
11796154
11797161
11803125
11806726
11808083
11809384
11809637
11814759
11815450
11817812
11818072
11822423
11828590
11831346
11835076
11842695
11843010
11843246
11849787
11849880
11850433
11854555
11855619
11858879
11860424
11862837
11866455
11872411
11875044
11877277
11877761
11878463
11882146
11885833
11887477
11892504
11898710
11908257
11909691
11911025
11917065
11917694
11920610
11921636
11921810
11929748
11931222
11931305
11931694
11934018
11937156
11937416
11938166
11941093
11948136
11950470
11969278
11977501
11979568
11984012
11984844
11985716
11990095
11993111
11993590
11995451
11995784
11995894
11998064
12004016
12006584
12007508
12011217
12011459
12019038
12020120
12023337
12023433
12030070
12031238
12039648
12043316
12050526
12051027
12058367
12059630
12059925
12060681
12063307
12070098
12070336
12089387
12091198
12100875
12102453
12105933
12118216
12118422
12121425
12123974
12124939
12128923
12130248
12137625
12138193
12155161
12157035
12158759
12164548
12168062
12168527
12169318
12173733
12177079
12179659
12179872
12183368
12183904
12187436
12193280
12196350
12197591
12198865
12201681
12205526
12212250
12212663
12214069
12214795
12219605
12229210
12231458
12232109
12233437
12235717
12236937
12241681
12241976
12244615
12246965
12247583
12249714
12251840
12252336
12254635
12265254
12269194
12269657
12283313
12285026
12286001
12289438
12297724
12297870
12298415
12299870
12300858
12308084
12312140
12314766
12319173
12328589
12331448
12340221
12341631
12343792
12352784
12357059
12359906
12362720
12365300
12369404
12370859
12371419
12371557
12377875
12380624
12382700
12383345
12383506
12393055
12398027
12398255
12400264
12405430
12407196
12408206
12412241
12415084
12416992
12417886
12418383
12430177
12434234
12435306
12437922
12441396
12445023
12449109
12452482
12453067
12457561
12458800
12464468
12464505
12470894
12475388
12479941
12482492
12500630
12506894
12507870
12512523
12513908
12517855
12517905
12518637
12520167
12520634
12525674
12534025
12544164
12546156
12549282
12559937
12560507
12563936
12568198
12570783
12573160
12575402
12579407
12581800
12581940
12582289
12582707
12582896
12583204
12583570
12584450
12585295
12590539
12593867
12594081
12594660
12595744
12596774
12597992
12600671
12600994
12601732
12603059
12609262
12610323
12612504
12613873
12616874
12617371
12618817
12619453
12634171
12637507
12638827
12660610
12662325
12662985
12664932
12668759
12670359
12675454
12678373
12685382
12690784
12690823
12691605
12696883
12697912
12699744
12701916
12705798
12707560
12713405
12717397
12718583
12721369
12722226
12727465
12728095
12729927
12732528
12733232
12741161
12752025
12752778
12753224
12756151
12761334
12762786
12763118
12768837
12769423
12769517
12770882
12773865
12781470
12781497
12781658
12783847
12785999
12787698
12798405
12807651
12811129
12812770
12813565
12816056
12816474
12819516
12820750
12825395
12829355
12831723
12834721
12835873
12837786
12843640
12851440
12855154
12859221
12862343
12865508
12875748
12878018
12888993
12891192
12891247
12897817
12898153
12899234
12902727
12903042
12906607
12911169
12916756
12931277
12937065
12940008
12945806
12948047
12958891
12959693
12960810
12968523
12979804
12980208
12982553
12983837
12988402
12990325
12994364
12995167
12996481
13001264
13009235
13012705
13013801
13018677
13018769
13020093
13026975
13031071
13032278
13033392
13034962
13036605
13039753
13043999
13055349
13061991
13063035
13064099
13066904
13073693
13077108
13077307
13082355
13083236
13084034
13089850
13089902
13093643
13093973
13095371
13100960
13106001
13107607
13109237
13110368
13110494
13115601
13125301
13135009
13137945
13141499
13147954
13148187
13151268
13151634
13152659
13162250
13163591
13165096
13171928
13175874
13177065
13180298
13182836
13183677
13185871
13187733
13189783
13189906
13191276
13196689
13196764
13199007
13201629
13218722
13222065
13225787
13226910
13228420
13232413
13235681
13236012
13237449
13240572
13242488
13243263
13244971
13246012
13247200
13249427
13251144
13254643
13264776
13265639
13272293
13274238
13275989
13276619
13277354
13277652
13282436
13284679
13288148
13289458
13289608
13294218
13299108
13299526
13301533
13303152
13303471
13310868
13317423
13322395
13326915
13328810
13329527
13334938
13335310
13338416
13341959
13351008
13363566
13372040
13373453
13378948
13380126
13380812
13384534
13384994
13385037
13387814
13398847
13402222
13404895
13405928
13406123
13406878
13406974
13407807
13412006
13417836
13417979
13420415
13428243
13430305
13437238
13437438
13445653
13446281
13446354
13446925
13452295
13454521
13455699
13455929
13456276
13457230
13459452
13466227
13469128
13474161
13484612
13484913
13491553
13493201
13501395
13502572
13504070
13504159
13513313
13514267
13514675
13517719
13518559
13522655
13524771
13526180
13527054
13538578
13540005
13544867
13545566
13546688
13551036
13558024
13564555
13565447
13571314
13575630
13581101
13584195
13588326
13590660
13590948
13592075
13596396
13602232
13602969
13608714
13608717
13610134
13610991
13611951
13613930
13614924
13617819
13632015
13633262
13634286
13635435
13635559
13635995
13640495
13642661
13645073
13645926
13650162
13651334
13654564
13657095
13659908
13660052
13660082
13674456
13676316
13682414
13687691
13689980
13696698
13697101
13698730
13700409
13703193
13706281
13708418
13711568
13714269
13727020
13736412
13742062
13748144
13748845
13755538
13761429
13761978
13765002
13770451
13770681
13773643
13780124
13783561
13784336
13785902
13786735
13791774
13799747
13800015
13803182
13807590
13808815
13809692
13812002
13819355
13822226
13823657
13825609
13826358
13827314
13828110
13834348
13846193
13847612
13851048
13853438
13854077
13855909
13856008
13856894
13864008
13871216
13871776
13871789
13873753
13876306
13879930
13882362
13883412
13890589
13890847
13898494
13908102
13912297
13913226
13918047
13919411
13921248
13921315
13925387
13926048
13934905
13935309
13940153
13943316
13945729
13948365
13953718
13957423
13958267
13963324
13963960
13969401
13973508
13976973
13981722
13982847
13983212
13983469
13985325
13985681
13989983
13991553
13994217
13995854
13996429
13997686
14001210
14003323
14006475
14010847
14010851
14016093
14016466
14016909
14017251
14042498
14043883
14048164
14052296
14056411
14061684
14062757
14063009
14063492
14078659
14086656
14086834
14087358
14094992
14095054
14095943
14098695
14106509
14110737
14113260
14117565
14121474
14122421
14124065
14127530
14128246
14128690
14138979
14144474
14145709
14146132
14149528
14152011
14153713
14153842
14159314
14167551
14175064
14176571
14178983
14184107
14186784
14186814
14189897
14191387
14191687
14195532
14195661
14198317
14202773
14207165
14208483
14208850
14214285
14220559
14222523
14223669
14225040
14225225
14226856
14227581
14228383
14230782
14234519
14248900
14250608
14252528
14259384
14265346
14274886
14274948
14276285
14284459
14285194
14286035
14287480
14292340
14297760
14297869
14303285
14315243
14317197
14319720
14321781
14323403
14326721
14339273
14342116
14347466
14354299
14356808
14358962
14359042
14362975
14363890
14365248
14368741
14375764
14377447
14378110
14379247
14382199
14384967
14386086
14388756
14393263
14396877
14397500
14397549
14397919
14408527
14409384
14410367
14415392
14415897
14418610
14419544
14428513
14428977
14432309
14433105
14433223
14438025
14439610
14445988
14449427
14451643
14453751
14456178
14457724
14476590
14478723
14480166
14482332
14482938
14484614
14488519
14492397
14494110
14497353
14497399
14498044
14500553
14504982
14505327
14517707
14519971
14523232
14523574
14525779
14528633
14530276
14533560
14536638
14543763
14548534
14550911
14551216
14551441
14551634
14553227
14557805
14558498
14562503
14563170
14564458
14567787
14570869
14579912
14584525
14588660
14591986
14592401
14593307
14606315
14609004
14611993
14612825
14621983
14622414
14622624
14625996
14626455
14629661
14633045
14634514
14635528
14637150
14637307
14639330
14641079
14641211
14641881
14653137
14653291
14653986
14656868
14659196
14667448
14668958
14669568
14670021
14670497
14676448
14679500
14686256
14687188
14687243
14693313
14693931
14703337
14706858
14707282
14707649
14709954
14710226
14710826
14715265
14722633
14726783
14734026
14741000
14742142
14748575
14749561
14751437
14773431
14776764
14778429
14781817
14783637
14789377
14789490
14791717
14795863
14802839
14803036
14803154
14806525
14810228
14810372
14812743
14813990
14816195
14820072
14820360
14820705
14821218
14822228
14825353
14829347
14836168
14840118
14842137
14850322
14850920
14860199
14869947
14872442
14876495
14876613
14885206
14892901
14904502
14918803
14920950
14924219
14932868
14935161
14935439
14936179
14938980
14940377
14941938
14942525
14945819
14949076
14950608
14955622
14957079
14957581
14973503
14974506
14977496
14989640
14992798
14994741
14998060
15001514
15001899
15005492
15006072
15009575
15018788
15028812
15032518
15033614
15035787
15037218
15041096
15047348
15049922
15050726
15052545
15055621
15056589
15057850
15057928
15058523
15059636
15065465
15066329
15067164
15067299
15069125
15074946
15076364
15083764
15088025
15094235
15095966
15097745
15099145
15099876
15106511
15106730
15107631
15108808
15110775
15111469
15111564
15118938
15120993
15123724
15124153
15124983
15128802
15130789
15132138
15136773
15138172
15142619
15143230
15145155
15147402
15152369
15153777
15158264
15158586
15160348
15164813
15166781
15169330
15170525
15171914
15171957
15172683
15172762
15173819
15177604
15180074
15182554
15186347
15188042
15195366
15198376
15201824
15202113
15202822
15204900
15207001
15208410
15212831
15213433
15217712
15219244
15224410
15230820
15231738
15233669
15238215
15240334
15243350
15245854
15249655
15251981
15256192
15260846
15264446
15268519
15271568
15277335
15288420
15291044
15298448
15299238
15301550
15302007
15306068
15311730
15312836
15315913
15315955
15317531
15318434
15318564
15327224
15329369
15330335
15330926
15330974
15332396
15334283
15339282
15343370
15346673
15349184
15362360
15364303
15365512
15369616
15376228
15379351
15380663
15383742
15385410
15389209
15389751
15389934
15390325
15396404
15397215
15400936
15402833
15406558
15411931
15412243
15412653
15413590
15416458
15419317
15419491
15421272
15421847
15422032
15424319
15432340
15441002
15446604
15455094
15455225
15456951
15457017
15461500
15466304
15467669
15467807
15474060
15475298
15480862
15483876
15486750
15487591
15496119
15503107
15506826
15508430
15512211
15514694
15517419
15521752
15525650
15527255
15529051
15545600
15557697
15559494
15561613
15569632
15571305
15575198
15580971
15581045
15581399
15581916
15582085
15584478
15585425
15585615
15586063
15586899
15587811
15589623
15591290
15592402
15592706
15595118
15601066
15603620
15604152
15605749
15605812
15609174
15609234
15610162
15613288
15627491
15630475
15636660
15639378
15644194
15645898
15646933
15647664
15648690
15652310
15661400
15662487
15662943
15671980
15674964
15675331
15675366
15676115
15682104
15682180
15684224
15684597
15684908
15685809
15693697
15693936
15702076
15703264
15703672
15706991
15707510
15710240
15710603
15712144
15714696
15715667
15719702
15725764
15726027
15729299
15731135
15731329
15732579
15733757
15733897
15737100
15737698
15738803
15742346
15748254
15748581
15752303
15757872
15757989
15760785
15766810
15770427
15775232
15778752
15783363
15783464
15785921
15788206
15788651
15790767
15791303
15794268
15794474
15797260
15800784
15802969
15804775
15809643
15813680
15815495
15826322
15826532
15826878
15838264
15842136
15845818
15846243
15849198
15849959
15859574
15859627
15860228
15865125
15868179
15868246
15869674
15871550
15872653
15873397
15878772
15880035
15882066
15882860
15883940
15883970
15884967
15887328
15891742
15894541
15895996
15897597
15898870
15902332
15903982
15904322
15906958
15913394
15915018
15918129
15919821
15922478
15924710
15928094
15931219
15934118
15939279
15950190
15950271
15952828
15953023
15957761
15962250
15964967
15966179
15966210
15968301
15970118
15970263
15972023
15980453
15981684
15981895
15990974
15991154
15992972
15997703
16003148
16010442
16013362
16014352
16016500
16026048
16030799
16033161
16034079
16047895
16048548
16050125
16051292
16053748
16054029
16069079
16071811
16073126
16074343
16076328
16076373
16081695
16089382
16107313
16107655
16109774
16111054
16114553
16117188
16117321
16118016
16118404
16127534
16130466
16136038
16137095
16143320
16147365
16157116
16160252
16160648
16162015
16170247
16170674
16181025
16187118
16191003
16191625
16192197
16195909
16199549
16200638
16207383
16208589
16209779
16214314
16218021
16219619
16220501
16221430
16225263
16233007
16236245
16237522
16237564
16240560
16242289
16243145
16243302
16243308
16256748
16259202
16263109
16263715
16268358
16270604
16274080
16275329
16276599
16279696
16284501
16286460
16296534
16299141
16300527
16300560
16302138
16302327
16304509
16305116
16318031
16323388
16323606
16326357
16329626
16334429
16335229
16335458
16336871
16337469
16338751
16352360
16361007
16361690
16363028
16364444
16365925
16377774
16390333
16393239
16393396
16394068
16400714
16401226
16402558
16404938
16407660
16407803
16408472
16413721
16413849
16415344
16422682
16429031
16434026
16434799
16435528
16438943
16441917
16444931
16449935
16451100
16453600
16459248
16459367
16464014
16472075
16481037
16481282
16481618
16488415
16488432
16490438
16492136
16501334
16503036
16509532
16509589
16509860
16510968
16510999
16518151
16519435
16519999
16520374
16526355
16527396
16528855
16533948
16538868
16541391
16543707
16544166
16554830
16555224
16557014
16564275
16573273
16573825
16575220
16581935
16584468
16589533
16590856
16592010
16606841
16607632
16607781
16610217
16625249
16626284
16627703
16634491
16636113
16636738
16644854
16645749
16646977
16650162
16650430
16653151
16653389
16655664
16655874
16660696
16660946
16661932
16664227
16664630
16666731
16667578
16667785
16670708
16671428
16672283
16672467
16673438
16673644
16675268
16681209
16690103
16691048
16694602
16695600
16696292
16696572
16696804
16699451
16701426
16707704
16707901
16711884
16712212
16712630
16713404
16713969
16714803
16716752
16717049
16717187
16717445
16718857
16723382
16724612
16724885
16732769
16734375
16734783
16735564
16735650
16745941
16747678
16750717
16752382
16755809
16759859
16761278
16775584
16778716
16779270
16781699
16789793
16791029
16792938
16794613
16799372
16800855
16805651
16808314
16809191
16816054
16819873
16821487
16824300
16834151
16835600
16842853
16849255
16864806
16865179
16865809
16872280
16874297
16876389
16878692
16884394
16884481
16888371
16894034
16896182
16902804
16903478
16907976
16908720
16919514
16924002
16924703
16930764
16933098
16936713
16938192
16943992
16948474
16948586
16949616
16958480
16972590
16973158
16973240
16985546
16985611
16987448
16991086
16994319
16997584
16998596
17004808
17005025
17010141
17010609
17010710
17010992
17011180
17014324
17017643
17026697
17036998
17045682
17047581
17053074
17054006
17054557
17057481
17060161
17064853
17067988
17068741
17079263
17080059
17081431
17081792
17086303
17094315
17100011
17104390
17106055
17106943
17107278
17111289
17112000
17120626
17122838
17126663
17131930
17133334
17133660
17134771
17135576
17136851
17139037
17139167
17139858
17141802
17142553
17143022
17145165
17149662
17149966
17150691
17150760
17152089
17157638
17163080
17170127
17171570
17172878
17174626
17177566
17178311
17180664
17183219
17183561
17189285
17190983
17204756
17208237
17212262
17213275
17216359
17221435
17223685
17223987
17227093
17230348
17231841
17233488
17235300
17237331
17240627
17241114
17241945
17242526
17242641
17244045
17245242
17255143
17255176
17256963
17259159
17261657
17269880
17273895
17294466
17295519
17299619
17299690
17300974
17301585
17305682
17305944
17306385
17310523
17310921
17313892
17314835
17315767
17318436
17318719
17319018
17321681
17332306
17336612
17338735
17339857
17341964
17342034
17343474
17351530
17355486
17355830
17364176
17364859
17366882
17381395
17386864
17387705
17389112
17391039
17393464
17399155
17399738
17400318
17403011
17405916
17408829
17414178
17415355
17417451
17417642
17421974
17422470
17423621
17427968
17430388
17431387
17435027
17439140
17440427
17440666
17440967
17442736
17443500
17448479
17452501
17452865
17453955
17454521
17454878
17454895
17459621
17460904
17461003
17462886
17465108
17469348
17473932
17479546
17479829
17481395
17482708
17482843
17484594
17485323
17486198
17487875
17488496
17492596
17494804
17498082
17498762
17504906
17510004
17511493
17513088
17514025
17518095
17519900
17525088
17525906
17526004
17529293
17529860
17533610
17534511
17534880
17535839
17542641
17544316
17550461
17551383
17551841
17551872
17556948
17557839
17564441
17579469
17580453
17582910
17585777
17589154
17591987
17593585
17594663
17598301
17600666
17602390
17605220
17615639
17628131
17629011
17640160
17643793
17644016
17644469
17646881
17652400
17653856
17658794
17659937
17660253
17662993
17665267
17668974
17669536
17670437
17676364
17676505
17677109
17686980
17687739
17694415
17698924
17699687
17702937
17703896
17706251
17708855
17713121
17723068
17725762
17730916
17731791
17733497
17739263
17747203
17750298
17750356
17753684
17754364
17756505
17757100
17759272
17765689
17769195
17774597
17778603
17790804
17791945
17792762
17794533
17795158
17802469
17812714
17812970
17814465
17818394
17825302
17828432
17829828
17832079
17834625
17840730
17841064
17846186
17850464
17852916
17853130
17856499
17860352
17873258
17874061
17875291
17876743
17876900
17878876
17879674
17882616
17883294
17885017
17885333
17887598
17888403
17890721
17898152
17898734
17898907
17901810
17903668
17907928
17909300
17910762
17922375
17926428
17927560
17928126
17929632
17935994
17936466
17938671
17939185
17940799
17950413
17962105
17963383
17972872
17979855
17980800
17984305
17989025
17990667
17993944
18000536
18000868
18012750
18013777
18017433
18018764
18020387
18023446
18025909
18027558
18036759
18039196
18039335
18039395
18041381
18045024
18047721
18051941
18058661
18062174
18074706
18075503
18079563
18083190
18085942
18088275
18089126
18093845
18100886
18105482
18107252
18110119
18115670
18116481
18120367
18121434
18122249
18130913
18132879
18133166
18133449
18137681
18140136
18140726
18146903
18151735
18152425
18157035
18180412
18180716
18182829
18183565
18184877
18187098
18189327
18191089
18195523
18197409
18202855
18207021
18208035
18208224
18208783
18210983
18211551
18213248
18214857
18215263
18216187
18216283
18216472
18218560
18224761
18228066
18230063
18234690
18235430
18244950
18245116
18250315
18256375
18258491
18266564
18271887
18274739
18289241
18292492
18297389
18297703
18301861
18311352
18316880
18317870
18321741
18322835
18323157
18325862
18329843
18332266
18332952
18335236
18337184
18342002
18350245
18350273
18350778
18352154
18355565
18357944
18364822
18370306
18373632
18382582
18384471
18384553
18387169
18390162
18391009
18391525
18393169
18394062
18400350
18403640
18407227
18412185
18417059
18417894
18419887
18423103
18423720
18424584
18426446
18427977
18431954
18436088
18447297
18449778
18453557
18456816
18457359
18457953
18458470
18460000
18463761
18463797
18467601
18468854
18469219
18471223
18471512
18476948
18478683
18479928
18480913
18483563
18484182
18486101
18487239
18489136
18495295
18499854
18501254
18502723
18504157
18511319
18523633
18524517
18526052
18527532
18528258
18530441
18538285
18541786
18542839
18545480
18550907
18554941
18557405
18558272
18561640
18566171
18573914
18575884
18577490
18580480
18583150
18593754
18595270
18595421
18599629
18602023
18602339
18605677
18609211
18609363
18610372
18613728
18614894
18615120
18627274
18629061
18629733
18629942
18630781
18634124
18635412
18637817
18639867
18648856
18652746
18657579
18657612
18661342
18664078
18668127
18668854
18670613
18675570
18675627
18676416
18677099
18680645
18683483
18683562
18690194
18690265
18691636
18693531
18696320
18698162
18699261
18704116
18707222
18709896
18717763
18718562
18724045
18724504
18726576
18728597
18729239
18732361
18733417
18734004
18734771
18735145
18737580
18741635
18743693
18749121
18753743
18755668
18758162
18765231
18767246
18768100
18768331
18769995
18774516
18776201
18777421
18778769
18779771
18781289
18781797
18785542
18787252
18789892
18790981
18791798
18792482
18798216
18798234
18803524
18805022
18811273
18812343
18818721
18820522
18823116
18823511
18827377
18830543
18833978
18842581
18847564
18856702
18856936
18861462
18864716
18872188
18881928
18883522
18898501
18900487
18900756
18902582
18910219
18912118
18914736
18919508
18921631
18924297
18929633
18929997
18931868
18933059
18933848
18939662
18940428
18940877
18941193
18941569
18947745
18948621
18951627
18952524
18954567
18955423
18959775
18963386
18967874
18969487
18970520
18977292
18977688
18981439
18983234
18987926
18988621
18993406
18994775
19006707
19009469
19014198
19018445
19020883
19020992
19022140
19022391
19033895
19038230
19040111
19044397
19053238
19053320
19053486
19059813
19069569
19071508
19072332
19073631
19081144
19081966
19082790
19091267
19092260
19092623
19094223
19099885
19100089
19106223
19108023
19110813
19116202
19127009
19128709
19131785
19135047
19136560
19136708
19140737
19142853
19145524
19148243
19151406
19152389
19156405
19158343
19158697
19160094
19160681
19161549
19162186
19170157
19174159
19179743
19185700
19190915
19197472
19201560
19202678
19205933
19215991
19216297
19218720
19219719
19223077
19224020
19226425
19230443
19231319
19231770
19231909
19238775
19240190
19247351
19248278
19257768
19260314
19261997
19271432
19275751
19277837
19280545
19281739
19296713
19297851
19299406
19300136
19303332
19307192
19317305
19319266
19320637
19334410
19340342
19342753
19346895
19346985
19348630
19352374
19359193
19360678
19361699
19363726
19364309
19370947
19371979
19372741
19373081
19374046
19379058
19384471
19399714
19401646
19404026
19407341
19410186
19415655
19418999
19420097
19421065
19422298
19424029
19426562
19431436
19434245
19438060
19438446
19439067
19439280
19442724
19444447
19445645
19446710
19449431
19450215
19450644
19452901
19457305
19457423
19458374
19464584
19475754
19481124
19484407
19484511
19487720
19489340
19489574
19492277
19492446
19500497
19501165
19505411
19506603
19507391
19508712
19512794
19516296
19517452
19520087
19522458
19528501
19530732
19541133
19541190
19541411
19542761
19553662
19556329
19557459
19559553
19561244
19564528
19567353
19567832
19572840
19575279
19576661
19578366
19581004
19581359
19585085
19586129
19587109
19593169
19593472
19595462
19598480
19598609
19606906
19608189
19611461
19614255
19615087
19617611
19626074
19630164
19631800
19634192
19636044
19636539
19640261
19641426
19642087
19642790
19652078
19653103
19656128
19658866
19659223
19659604
19664410
19668052
19673225
19675082
19675720
19686732
19687566
19691209
19695578
19697051
19698304
19705876
19717816
19720214
19720615
19721564
19722835
19723954
19724935
19727501
19729693
19732914
19734502
19736059
19739452
19740074
19742748
19746247
19746399
19749272
19757687
19769697
19772718
19775266
19778009
19780337
19790355
19790911
19791670
19792739
19792863
19795717
19796041
19801913
19807006
19810537
19813001
19817936
19821295
19823203
19823257
19829614
19831494
19838354
19839831
19841309
19842771
19846135
19848193
19849777
19853731
19857500
19858039
19863191
19866642
19871017
19874811
19875681
19878107
19884044
19889633
19889768
19896119
19896150
19896759
19909070
19910531
19913770
19914611
19915949
19924750
19930155
19930920
19931644
19933039
19937106
19948709
19948868
19953818
19954340
19961553
19962383
19965362
19967313
19974008
19975389
19977523
19977768
19981525
19993228
19996800
19996968
19997344
19998303
20000983
20006556
20010673
20012237
20014196
20015572
20027895
20028875
20029963
20030030
20033579
20034059
20036698
20041500
20058830
20060997
20063759
20064297
20066946
20068783
20069150
20070834
20072775
20075608
20076761
20078902
20085237
20087865
20089351
20092901
20104591
20105098
20106280
20107499
20108786
20110407
20115238
20115856
20116624
20118067
20124374
20129515
20131024
20137119
20138797
20141546
20141738
20142440
20143205
20145100
20146608
20147850
20148523
20150822
20151656
20165437
20169357
20169459
20169706
20170442
20173044
20181991
20184960
20185343
20186243
20190372
20190502
20193531
20195402
20198665
20198872
20203362
20204889
20210087
20221649
20223720
20227597
20229639
20230595
20232013
20232116
20232812
20232946
20233043
20235727
20236031
20237040
20243676
20253793
20254024
20262643
20262738
20265878
20266375
20267968
20271951
20273412
20278540
20280386
20280607
20281069
20281125
20283215
20283933
20284297
20286514
20287015
20287088
20289493
20294283
20298290
20299775
20303857
20303997
20306759
20307152
20307604
20312196
20320148
20322768
20323301
20325422
20326475
20328416
20330088
20334711
20336009
20340144
20344633
20348135
20350099
20350330
20352091
20360674
20370871
20374331
20375135
20376198
20386399
20389234
20392832
20396451
20398810
20400037
20402016
20402273
20409666
20415533
20419092
20419907
20419992
20421601
20424692
20433102
20433679
20433783
20434194
20434571
20435921
20440310
20441785
20443416
20443736
20444249
20447380
20447730
20448806
20449077
20451219
20452639
20454941
20458214
20463903
20465059
20468323
20470602
20472553
20472709
20474440
20476298
20477571
20479058
20481600
20489062
20497223
20498082
20500508
20502807
20506167
20510746
20511431
20514266
20517603
20525501
20527803
20528633
20529688
20532405
20535159
20536975
20540479
20542471
20557276
20560405
20564878
20568087
20568506
20575434
20579347
20581138
20584286
20585370
20588829
20589641
20593504
20595278
20599159
20600426
20607357
20610070
20611039
20618087
20618202
20619133
20622661
20629295
20631673
20637167
20640698
20642316
20645137
20646473
20646965
20650428
20659391
20659666
20660822
20662438
20662468
20667125
20667191
20669526
20670618
20681258
20683525
20693044
20696116
20699757
20700350
20709595
20714376
20714745
20714764
20714999
20722961
20723198
20729895
20735536
20739764
20742606
20748600
20749062
20752168
20752828
20753392
20754652
20756069
20769402
20772380
20778967
20787396
20789768
20793935
20794658
20796627
20803406
20805129
20807896
20809523
20810755
20813334
20815083
20817107
20822280
20830277
20833221
20834026
20842832
20849592
20851658
20866407
20869664
20873881
20876785
20877007
20878200
20880390
20884405
20888120
20888299
20889695
20889780
20894283
20895083
20899257
20900445
20903023
20904910
20910000
20913827
20916802
20921336
20921733
20923018
20930168
20933529
20934672
20938662
20939418
20942266
20943967
20949327
20957988
20958949
20966917
20969608
20975872
20979787
20983390
20985769
20985976
20986076
20989119
20995601
20996207
20996858
20997550
21006172
21009700
21014738
21025410
21025897
21027304
21030886
21032743
21037527
21043352
21047520
21048847
21054424
21055220
21055566
21059169
21059951
21061831
21064947
21065053
21065855
21067249
21067316
21072218
21073088
21083358
21085525
21086419
21087215
21087992
21091168
21091670
21092895
21093533
21095300
21095413
21100890
21103742
21104036
21105368
21110647
21115129
21116631
21116856
21125980
21127932
21133687
21133901
21133952
21134803
21143957
21144339
21146256
21150341
21152935
21153186
21153426
21155024
21155812
21166377
21168572
21169352
21169676
21172940
21174406
21182328
21185006
21189524
21193301
21193697
21195396
21197478
21198480
21199506
21204814
21211724
21211821
21213192
21215853
21218731
21222412
21225042
21225811
21226130
21226768
21226968
21231576
21231619
21245342
21245862
21247808
21254899
21256853
21258993
21262237
21262344
21267563
21270365
21271280
21271880
21274461
21274688
21274729
21290823
21301670
21302114
21304075
21307519
21317994
21325421
21326069
21329033
21334487
21335050
21335598
21338307
21338614
21340756
21359788
21367081
21367426
21367441
21368849
21372303
21373524
21375896
21376660
21376967
21380680
21383387
21391486
21393421
21395666
21396711
21400081
21406781
21415643
21416285
21416921
21417236
21419869
21424314
21425312
21427752
21429373
21437266
21440600
21446929
21448204
21459912
21459931
21475711
21476361
21477091
21477588
21481000
21486281
21487117
21487199
21489534
21491604
21492450
21496580
21504557
21504736
21508255
21510300
21514939
21516658
21520070
21521404
21522117
21522851
21524449
21525162
21525253
21525673
21527925
21528954
21529218
21530516
21537566
21541771
21542880
21543658
21543839
21550125
21555013
21559473
21563363
21571955
21573993
21575866
21577616
21589291
21593628
21599667
21602349
21603204
21615873
21618011
21622007
21622332
21625924
21627318
21631530
21632426
21635182
21642531
21646677
21648642
21649753
21649975
21650439
21651236
21656405
21658623
21660432
21663491
21670507
21672852
21677579
21677835
21679768
21683781
21684822
21688459
21689600
21694550
21695436
21700193
21700904
21703735
21704004
21705363
21711127
21719521
21720822
21729019
21731127
21731728
21735090
21738955
21739042
21739253
21743221
21746938
21751518
21753996
21754312
21756744
21758517
21763377
21766644
21770396
21773106
21774585
21780319
21784599
21785688
21787388
21787510
21795917
21798711
21799323
21804143
21805211
21809371
21810019
21810138
21817514
21819812
21825084
21828214
21829752
21834399
21834574
21838893
21840623
21844451
21846958
21849526
21852987
21858746
21861633
21864336
21864872
21865711
21870531
21878409
21879714
21884733
21885921
21893994
21904609
21904964
21908591
21908593
21915152
21916757
21916871
21928358
21931080
21935109
21935320
21935477
21941772
21942899
21944159
21947622
21955904
21957383
21961549
21963566
21963785
21967205
21976494
21985991
21986338
21987933
21990946
21998603
22005308
22006968
22010747
22015754
22017240
22020780
22022136
22023935
22029817
22032836
22033277
22044823
22045006
22052637
22054510
22057039
22065805
22075262
22079836
22084334
22087908
22092013
22092931
22096406
22097681
22097758
22099651
22100501
22100789
22104420
22113258
22115364
22115427
22117727
22119474
22120907
22128436
22134481
22139925
22146748
22151844
22153165
22155996
22158581
22163501
22165626
22169431
22170980
22175643
22179811
22180886
22183047
22190135
22191171
22199635
22201932
22203503
22209673
22210711
22214310
22217033
22217074
22218378
22220351
22220777
22227678
22227703
22232683
22235902
22238935
22241248
22242616
22244730
22245644
22246104
22252240
22252252
22252625
22256122
22257971
22258221
22259146
22260194
22264500
22276574
22278383
22279529
22279946
22280595
22280699
22287897
22292296
22295114
22295988
22296699
22297862
22300902
22301762
22305365
22310162
22311244
22311486
22312419
22314638
22321419
22322279
22322896
22325044
22327066
22327302
22329131
22329176
22332881
22334939
22336506
22336903
22338952
22340421
22341574
22351528
22352618
22354342
22355619
22357047
22357890
22358106
22373982
22375297
22375810
22378895
22379784
22380627
22382144
22386831
22387144
22389046
22390547
22390893
22392065
22392564
22392617
22393364
22396118
22399169
22403493
22403501
22406676
22407405
22416388
22417298
22417980
22418672
22422221
22422445
22426240
22427468
22428347
22429118
22429605
22430560
22431167
22433650
22436263
22437212
22446136
22448998
22451047
22454878
22456618
22458130
22465764
22468076
22468862
22476810
22481651
22485844
22486065
22488568
22489270
22491762
22491961
22496466
22496811
22496985
22501346
22501622
22502365
22502806
22504886
22506973
22507058
22507137
22509259
22510751
22510897
22512309
22513859
22513950
22518324
22526385
22529459
22532322
22533001
22533114
22536109
22536452
22536705
22541228
22542448
22544850
22547305
22547710
22551103
22551365
22554327
22562363
22562699
22565183
22567882
22568914
22569865
22569872
22573602
22590729
22598665
22599093
22603191
22606868
22607355
22612899
22615399
22623665
22624187
22625423
22627446
22630484
22632485
22636239
22639331
22639354
22640963
22642104
22647976
22654294
22655152
22660048
22660672
22662467
22662583
22666109
22669171
22671193
22681347
22691042
22692157
22702918
22705929
22711815
22712242
22714532
22719438
22725940
22731024
22738071
22738797
22745608
22750548
22753320
22764456
22767894
22770727
22774356
22776468
22777933
22782348
22783930
22784575
22785710
22785836
22787181
22799592
22800445
22802569
22802860
22803657
22809707
22811814
22812566
22812959
22819571
22819780
22827546
22835679
22837475
22839208
22839572
22841327
22842076
22843946
22845990
22849955
22851239
22854522
22865260
22866414
22867934
22873476
22875824
22877094
22879136
22879600
22879837
22881226
22882537
22883183
22883798
22887612
22900916
22902566
22902922
22904341
22905071
22907181
22910957
22911133
22913261
22913284
22914131
22915695
22916867
22917194
22918898
22921870
22922635
22922950
22925597
22926894
22928079
22929070
22933152
22933527
22933626
22938445
22945077
22948221
22950304
22953212
22960087
22963363
22968316
22971809
22972259
22972750
22985694
22985784
22987454
22989637
22989968
22995100
22996360
22997016
22997898
23003431
23006845
23007174
23007316
23007399
23009175
23009640
23011277
23011654
23014847
23016268
23019486
23020353
23022426
23022478
23023502
23024285
23027010
23030831
23030861
23033591
23037915
23043130
23047043
23047450
23049948
23052780
23052828
23059512
23067055
23068851
23071873
23080806
23084229
23085689
23088725
23092533
23093096
23102286
23105910
23106560
23107300
23109753
23111840
23112397
23112824
23119216
23125487
23128871
23134131
23135562
23140639
23141765
23157633
23172069
23179159
23180203
23180632
23181577
23189978
23194699
23195204
23198307
23226522
23228455
23229568
23230305
23231182
23231466
23234598
23237257
23240939
23241074
23241520
23242706
23243300
23249035
23254312
23255265
23263696
23266070
23269755
23270700
23271479
23275414
23279028
23281371
23282476
23284377
23288587
23295450
23296822
23311162
23313893
23314013
23314262
23314390
23316719
23324087
23325756
23333967
23337227
23337236
23337715
23340852
23348084
23349212
23350587
23353313
23356903
23363524
23365085
23365279
23365921
23366618
23367615
23368937
23374372
23377534
23379996
23382024
23384755
23389003
23389347
23390329
23396861
23401227
23403206
23403431
23405670
23408749
23412318
23412416
23414812
23421233
23427243
23428410
23430574
23432148
23437359
23439703
23451257
23456863
23463880
23465234
23467552
23468073
23472774
23476887
23477078
23477640
23481521
23484311
23484442
23489126
23500255
23501677
23502083
23503723
23513354
23516380
23517983
23518239
23519028
23519049
23529976
23535508
23537880
23539387
23541836
23542434
23542773
23545313
23547016
23547024
23548334
23549514
23550123
23554068
23554317
23560152
23562853
23563521
23576055
23576594
23585778
23586429
23588083
23591796
23594235
23597431
23608209
23613369
23617131
23625713
23626064
23631578
23634303
23637100
23638080
23639634
23640656
23640797
23644972
23648977
23650584
23651335
23651438
23655892
23659142
23659963
23666214
23671300
23672413
23680857
23681778
23682687
23691119
23693921
23695382
23697857
23703836
23704606
23708044
23709112
23709408
23719382
23730263
23731453
23736959
23737837
23740705
23742849
23743968
23744839
23745176
23746275
23746804
23750310
23754294
23757889
23758724
23764143
23767648
23770055
23771914
23773182
23785084
23790757
23791151
23794368
23796298
23798934
23799251
23799666
23800295
23802343
23802646
23805016
23805705
23809681
23810386
23811753
23813436
23817233
23817686
23817735
23818509
23818966
23819812
23820656
23821354
23828840
23833944
23834406
23834647
23835241
23843371
23846563
23847411
23851436
23852160
23852163
23852663
23852959
23857001
23860651
23861249
23862102
23866290
23870151
23874540
23880262
23883927
23885631
23887157
23890503
23891942
23892655
23894144
23896835
23898064
23903765
23904768
23908845
23913022
23913978
23915045
23918112
23921689
23925890
23926913
23929771
23931074
23932232
23933761
23933798
23936059
23940767
23941642
23941835
23944523
23945934
23946856
23948648
23949134
23950104
23951269
23951573
23956233
23958353
23959483
23964369
23969392
23969558
23973130
23974227
23976510
23978309
23985495
23985746
23989267
23992591
23995700
23998273
24002348
24007873
24009794
24010813
24022053
24023272
24026048
24031743
24032749
24034690
24035321
24035464
24036785
24036959
24038038
24039978
24040762
24048363
24050253
24050857
24057210
24061029
24065363
24066809
24067463
24067944
24080268
24083126
24083765
24088900
24089689
24094531
24096505
24102255
24103357
24105195
24109740
24109892
24111956
24113170
24113193
24119379
24120044
24122607
24126683
24130087
24130359
24132686
24133439
24140412
24141262
24149109
24149458
24150135
24160051
24163389
24174287
24176492
24177870
24177943
24181699
24183747
24184263
24201576
24204058
24204386
24210326
24212771
24215075
24219019
24219431
24226846
24228587
24231799
24232985
24237806
24238427
24239227
24240853
24242149
24243848
24250290
24251738
24256019
24256639
24256709
24264364
24268343
24268665
24268846
24270173
24273396
24273542
24274677
24277752
24281381
24281543
24282897
24284909
24296408
24300348
24300361
24300958
24303359
24303860
24306615
24308582
24312694
24317097
24317538
24318397
24324410
24324591
24325884
24329519
24332238
24332368
24332866
24343079
24345221
24345804
24345849
24348057
24350794
24352414
24361621
24368491
24369611
24376039
24376832
24377065
24377728
24377889
24380354
24381775
24382609
24383415
24387494
24389035
24390011
24390258
24391710
24392988
24395500
24406727
24408561
24412594
24413098
24418804
24421392
24426867
24427467
24427601
24428971
24429390
24433548
24438861
24443560
24445709
24458528
24463194
24463636
24465086
24469155
24469651
24469940
24470621
24475396
24476167
24476312
24476498
24477864
24481480
24493182
24497606
24499983
24502224
24504150
24504949
24505003
24505889
24508582
24510758
24512559
24513875
24517188
24536474
24537931
24541604
24545354
24547142
24549323
24550729
24551895
24554550
24555815
24569804
24582471
24584134
24591873
24596128
24598069
24599317
24614155
24615524
24617092
24617804
24619598
24619829
24620500
24624307
24628757
24639688
24639842
24641178
24643990
24646628
24648280
24654401
24655306
24656750
24657484
24661452
24664283
24664925
24667582
24668219
24668695
24669180
24672046
24674295
24677190
24680230
24680886
24681555
24684819
24691238
24691336
24692239
24695237
24697281
24698243
24699556
24700190
24701357
24704293
24705455
24711050
24711075
24717512
24717990
24720787
24722047
24722928
24724239
24725729
24726834
24729904
24734379
24734479
24741896
24742726
24743712
24744262
24746095
24748526
24761754
24764160
24764508
24767020
24769098
24769468
24770754
24780255
24782729
24784544
24788771
24790702
24798870
24801469
24805353
24806911
24811428
24813246
24815615
24816577
24824826
24832520
24842233
24842363
24846465
24847489
24850916
24851615
24853224
24857722
24864532
24870373
24871705
24872623
24873510
24876631
24877448
24882502
24882722
24884414
24889153
24890710
24892401
24896617
24899585
24903447
24903871
24905273
24909137
24910170
24913203
24920235
24921619
24923899
24927037
24927676
24930675
24930916
24932224
24933193
24933783
24934285
24934438
24937064
24937532
24939281
24940385
24941839
24946965
24954643
24955886
24971585
24976696
24976798
24990503
24992852
24997317
25001877
25002887
25003557
25004659
25007619
25014357
25015676
25016497
25017934
25021196
25021879
25022819
25022829
25023180
25024364
25025123
25038251
25040042
25043309
25057013
25060859
25062833
25063485
25065719
25066193
25069178
25069835
25071895
25072634
25073211
25073355
25076103
25076111
25078601
25083704
25084443
25088500
25090261
25093528
25093842
25095253
25099320
25101140
25101750
25111018
25113031
25115575
25119164
25124191
25124978
25125439
25125929
25133857
25136065
25136704
25137395
25139169
25141089
25142949
25143106
25144463
25150012
25153563
25154903
25156362
25156842
25157830
25159413
25160153
25162835
25163865
25163944
25168513
25169081
25174186
25174784
25177340
25178059
25189592
25192345
25193200
25195220
25199205
25199837
25204253
25204348
25206404
25221607
25222479
25226823
25227089
25229052
25230131
25230575
25235372
25235881
25236976
25238588
25240481
25244323
25245350
25249565
25255325
25255399
25256986
25260560
25260943
25261511
25264276
25269211
25273314
25277652
25280454
25285517
25288912
25290315
25291926
25292012
25292948
25297362
25300519
25300902
25304051
25304666
25307651
25313454
25318161
25318187
25318985
25329821
25332509
25332528
25333548
25340261
25342902
25343311
25351751
25353785
25357964
25364434
25367922
25369688
25374166
25375815
25381429
25383293
25384447
25388705
25398366
25399474
25400966
25404221
25405164
25407944
25409370
25411848
25428241
25432933
25436853
25440584
25442777
25446778
25448798
25450706
25453559
25455010
25458342
25462016
25466848
25476200
25478786
25479847
25481458
25481882
25486967
25487425
25487490
25490075
25492128
25501830
25502946
25505896
25506561
25511034
25512032
25517445
25518351
25520619
25525177
25526154
25526959
25528233
25531348
25531428
25534852
25548912
25549882
25552435
25557752
25558733
25563731
25573442
25581814
25587128
25594941
25597529
25597913
25598178
25598433
25598804
25603587
25611387
25613168
25616656
25621515
25624086
25624265
25628984
25634999
25640415
25645262
25645960
25646027
25647471
25649457
25653181
25653789
25658472
25665313
25667581
25668099
25671339
25675476
25681378
25682960
25685353
25688635
25691447
25692765
25694717
25694816
25695776
25702504
25709627
25709863
25710976
25712884
25713192
25715499
25718405
25721687
25723829
25724300
25726886
25727233
25729309
25729559
25733032
25733034
25738785
25746141
25751656
25755856
25759165
25764930
25774556
25776550
25778269
25781738
25783753
25787842
25790769
25792178
25792850
25793416
25793504
25802635
25806539
25806593
25806608
25806909
25813137
25826027
25845996
25846434
25854723
25860879
25867520
25868573
25870170
25871086
25873547
25878484
25879778
25881582
25884961
25888649
25889236
25895633
25896467
25896819
25897283
25901627
25907299
25908116
25917768
25919035
25922899
25934424
25935907
25942110
25943425
25944268
25951606
25952979
25954508
25957136
25963807
25965882
25965916
25966536
25967894
25974097
25974753
25976716
25978593
25983037
25983895
25991887
26001203
26004477
26008566
26009462
26014334
26014837
26016264
26017193
26018542
26019592
26022320
26025751
26027251
26028821
26028886
26028970
26029448
26030672
26036266
26039220
26040336
26041287
26044493
26046362
26049448
26049990
26052311
26059482
26061933
26068542
26071341
26071897
26074094
26076622
26085937
26087163
26090084
26092680
26094226
26094551
26094598
26096688
26097256
26097286
26100121
26108569
26119505
26121080
26123044
26123393
26125587
26127847
26135354
26135359
26138063
26142369
26144171
26146424
26159798
26164701
26165355
26165423
26167693
26170188
26176919
26177383
26177696
26180506
26184183
26196768
26202595
26204285
26204877
26209090
26213074
26216179
26230306
26234197
26236364
26240771
26240978
26247402
26248280
26252990
26256067
26256237
26265591
26265856
26266874
26273627
26277493
26277618
26285872
26289162
26289758
26297102
26299500
26304977
26305542
26313632
26315729
26319036
26320802
26322172
26323959
26327956
26335520
26337693
26341308
26344922
26347584
26349722
26351240
26352783
26360140
26362885
26364247
26377280
26380854
26384071
26385021
26386752
26393154
26400448
26403209
26405259
26408185
26409600
26413750
26415612
26432586
26436829
26445271
26447629
26451298
26466451
26467843
26472007
26483068
26484561
26485478
26488381
26497456
26500631
26500712
26504447
26510708
26514305
26516042
26517120
26522049
26526720
26531704
26532320
26533264
26533732
26534984
26538143
26541720
26543494
26543741
26544030
26545418
26548008
26549715
26549860
26552030
26553150
26553337
26554106
26560387
26560513
26563102
26563493
26563871
26570440
26585135
26585386
26586744
26586886
26588025
26589692
26589804
26592635
26595040
26597575
26599896
26602090
26602861
26614378
26614702
26616533
26618182
26619418
26624061
26628080
26629976
26637352
26638065
26645538
26647192
26647637
26657015
26657687
26658264
26660928
26661129
26661182
26662084
26670868
26680621
26682493
26687614
26691358
26692495
26694609
26700892
26701019
26702643
26702703
26703395
26703929
26706644
26710877
26710891
26715302
26716552
26717115
26718733
26723552
26724918
26731249
26731515
26737422
26741021
26752544
26761877
26761879
26762798
26769361
26772961
26775835
26776241
26777086
26786221
26790397
26791320
26792238
26798405
26802659
26803511
26804765
26814348
26817202
26820274
26828281
26833365
26834633
26837248
26838877
26843279
26845871
26848314
26849528
26855572
26855752
26856359
26859693
26865907
26871219
26875195
26876058
26876231
26878253
26879279
26884435
26886549
26886591
26891004
26893036
26894300
26896706
26903208
26905842
26916925
26918307
26920297
26922060
26939155
26939660
26941832
26947417
26947694
26948264
26949749
26950886
26951055
26955317
26961093
26964983
26968764
26971419
26971637
26971705
26975048
26976878
26980004
26981837
26984043
26987068
26988126
26989112
26989190
26991963
26995053
26998357
26999938
27001806
27002593
27002901
27008504
27017343
27017889
27022882
27026666
27028024
27036667
27039619
27042990
27047629
27048141
27056086
27056957
27058665
27060296
27063801
27066097
27070981
27073122
27075179
27077126
27079432
27080701
27083099
27085288
27085384
27092126
27092563
27093785
27093921
27095332
27095621
27097429
27098975
27107105
27109676
27110040
27111210
27118025
27120257
27122493
27132016
27133050
27139507
27150804
27151089
27159466
27163208
27167641
27172322
27172959
27175046
27175130
27177898
27192910
27193874
27194727
27200423
27204482
27206388
27217322
27217909
27218276
27219635
27225229
27226169
27227302
27227716
27228375
27231049
27231385
27235792
27235980
27238147
27241496
27245226
27245448
27245711
27256706
27266142
27271370
27271995
27273626
27275080
27275714
27281317
27284741
27286807
27288683
27291747
27292180
27294505
27296980
27299359
27305842
27308469
27313566
27313706
27315777
27317427
27318217
27323202
27324120
27325103
27325915
27329113
27331708
27335212
27335806
27343831
27344009
27344197
27346446
27349033
27355043
27355976
27357685
27362057
27366363
27366401
27368416
27373568
27384065
27387485
27388570
27395578
27395756
27397244
27399339
27402459
27402811
27402984
27403274
27403398
27404681
27407912
27411210
27413622
27415160
27416617
27418534
27418986
27423124
27425030
27425369
27429518
27429533
27434063
27436157
27436217
27436881
27441220
27448232
27448576
27449221
27454159
27455533
27469252
27475422
27483392
27484377
27487338
27494067
27504537
27504878
27517378
27517863
27519013
27519723
27523920
27526317
27533490
27533678
27541282
27541542
27544859
27548532
27550873
27551251
27552125
27553883
27555577
27559525
27559562
27561036
27562272
27562316
27566599
27578095
27578728
27580030
27580958
27585655
27587522
27589226
27589710
27592576
27594954
27596272
27597694
27599429
27604232
27604310
27611218
27611997
27612246
27614603
27614727
27617287
27620312
27622243
27626408
27630808
27635494
27635670
27638213
27639214
27640352
27640667
27641568
27641712
27651350
27655083
27655753
27657351
27663971
27669618
27670886
27677710
27679518
27682117
27682878
27686591
27690683
27695011
27697870
27698124
27700662
27704811
27706121
27712501
27720965
27723543
27723861
27728221
27731327
27733279
27735377
27736538
27746057
27754066
27756899
27760691
27770934
27771625
27773864
27775817
27776799
27780500
27786121
27789134
27790164
27795737
27795979
27803137
27805395
27808575
27809213
27813828
27815909
27816663
27817665
27819372
27819762
27829982
27838478
27859306
27860697
27862328
27863574
27864487
27866224
27867747
27869145
27874822
27877342
27881501
27881564
27883380
27892646
27892676
27897507
27900488
27902743
27910955
27910984
27915083
27916640
27920677
27925620
27928045
27928694
27931474
27934898
27940281
27940942
27942438
27942441
27945544
27949800
27950796
27954117
27966787
27968825
27971524
27971944
27974252
27980048
27983898
27987724
28003376
28004978
28007056
28013382
28013883
28014209
28014341
28020661
28020942
28021059
28022771
28023957
28027056
28027717
28028737
28029293
28032336
28032508
28032668
28034996
28040380
28041346
28051903
28055651
28055738
28060663
28060683
28064409
28068898
28070380
28072850
28079789
28080010
28082657
28083313
28085265
28090496
28096268
28104641
28104733
28106637
28107937
28114039
28114741
28115990
28117645
28118627
28122444
28132984
28137147
28141012
28159973
28169753
28171405
28172846
28172855
28174130
28174521
28176417
28179355
28194270
28195781
28199296
28202734
28203583
28209584
28212555
28213975
28214686
28215240
28227707
28236618
28240309
28242049
28248739
28255851
28259682
28259976
28260274
28260953
28264577
28277808
28280068
28285500
28289393
28300992
28301777
28303783
28306928
28308474
28308518
28309943
28311461
28317189
28317473
28320646
28326380
28329751
28331914
28333065
28334813
28337547
28338992
28350645
28352231
28363949
28364486
28364889
28365745
28368751
28372641
28378450
28379358
28380846
28393719
28394234
28409669
28411602
28413431
28413828
28415606
28418072
28418513
28418824
28419086
28429368
28430969
28435717
28436826
28436981
28437183
28438505
28439754
28442364
28453996
28455076
28459629
28463633
28463878
28466003
28469596
28472392
28472524
28477289
28477471
28478284
28478425
28488302
28491655
28495040
28496816
28497326
28499944
28500176
28508569
28508659
28517908
28518153
28519653
28523114
28526885
28527952
28529067
28531657
28532435
28539908
28541666
28542712
28543859
28547828
28550375
28551817
28569416
28571249
28571780
28577796
28596675
28601823
28604188
28611140
28612140
28612675
28616601
28617213
28623281
28629051
28631122
28632578
28645246
28645268
28646304
28647181
28653232
28653890
28656824
28656962
28658877
28663752
28664349
28667942
28668466
28676640
28677099
28688003
28689122
28689225
28695162
28696655
28698228
28708605
28715107
28716385
28716809
28728041
28730513
28733298
28736811
28739341
28744175
28745023
28745267
28746337
28747011
28747827
28752863
28755282
28755917
28760177
28764866
28765931
28769491
28770693
28772484
28776157
28780819
28781298
28785023
28785980
28790449
28799006
28808511
28809843
28810248
28811086
28812507
28814307
28814559
28817243
28817405
28817968
28819122
28821912
28824433
28825309
28830037
28831917
28833093
28833405
28833951
28834614
28840190
28848848
28849640
28855668
28856523
28858855
28866276
28872251
28876860
28881574
28883394
28888127
28890785
28898300
28902313
28907224
28913279
28916323
28919866
28920261
28921389
28922139
28923451
28928690
28939136
28939311
28940447
28941136
28943782
28944312
28945960
28951812
28958801
28959440
28963244
28966491
28968217
28970940
28974254
28974719
28977388
28978209
28980083
28980227
28982409
28987073
28987461
28989657
28999537
29002193
29011914
29013618
29024191
29025459
29026620
29026846
29028347
29031319
29054336
29055910
29058529
29059873
29063379
29064201
29065601
29066202
29074561
29080953
29082966
29090800
29093357
29094557
29099703
29104987
29117253
29121515
29125517
29127507
29128840
29129707
29129853
29134647
29142987
29152765
29154615
29154902
29156289
29162302
29163052
29164781
29165305
29168206
29168587
29172628
29173178
29177065
29178648
29179427
29185343
29193358
29196153
29200174
29203693
29204034
29205015
29205251
29205650
29207282
29207973
29208739
29212450
29215428
29216216
29216626
29219350
29221981
29222740
29223091
29223162
29235045
29236290
29238448
29239165
29241972
29242568
29242732
29247622
29248128
29251676
29253330
29258432
29260572
29262434
29263359
29265732
29269501
29272134
29273327
29279646
29283053
29284430
29288203
29290543
29295057
29299699
29305627
29307933
29312899
29318591
29319000
29321511
29321953
29322390
29322996
29333179
29334252
29337285
29338976
29348087
29359751
29359779
29360592
29362484
29362971
29364936
29367171
29371602
29376789
29378576
29381135
29385446
29386714
29386986
29391202
29392668
29394496
29395325
29395480
29397515
29398598
29405526
29408074
29409296
29410508
29414504
29415816
29416782
29416970
29418195
29420392
29420844
29421525
29422979
29429712
29441239
29444601
29446820
29447338
29451278
29452182
29453403
29454290
29457428
29461651
29463363
29482705
29484423
29488977
29489235
29490830
29491491
29495652
29501757
29506257
29513207
29518638
29520949
29521693
29530909
29538504
29552723
29553935
29560252
29564957
29566960
29571832
29573698
29577290
29579392
29580703
29580717
29586348
29592390
29605101
29606093
29614251
29623716
29624580
29626253
29627564
29629935
29635303
29635380
29638010
29639939
29643652
29647664
29648941
29650142
29652442
29659631
29668050
29670646
29672261
29672930
29674720
29675534
29677421
29681024
29687310
29689002
29691009
29698850
29702770
29703172
29704416
29709365
29714612
29716285
29721194
29724729
29728137
29728665
29729578
29732904
29733539
29734239
29734371
29741087
29742288
29744432
29746917
29751665
29752093
29755431
29758367
29762060
29763852
29764473
29768058
29770449
29775696
29778582
29783039
29783093
29791445
29798722
29798823
29799368
29807967
29808020
29809249
29811940
29814278
29815776
29816857
29821268
29826205
29834462
29837902
29844505
29849423
29852981
29860346
29866323
29868469
29870559
29872365
29873544
29874818
29876167
29886300
29887653
29902329
29903150
29920353
29933926
29939074
29949992
29950361
29951055
29952337
29953742
29954796
29961141
29966321
29975876
29981714
29993056
29993672
29994022
29994032
29994619
29995044
30004215
30010758
30012696
30013301
30015260
30016924
30019473
30020664
30020719
30021947
30021963
30023900
30024612
30025094
30026171
30029471
30032015
30035520
30035922
30037193
30039527
30039624
30040528
30048900
30049467
30058307
30061504
30062650
30064197
30064886
30069667
30071077
30075804
30075963
30077837
30078321
30084935
30085663
30088489
30089044
30089764
30093866
30097316
30098325
30099824
30100667
30101956
30103772
30105005
30108396
30108460
30115700
30116270
30116347
30116881
30116894
30121077
30134640
30135184
30166813
30167265
30179464
30179833
30181340
30185222
30186279
30187430
30191659
30194253
30197178
30207040
30211040
30211272
30211752
30211947
30228112
30232264
30244058
30247780
30248658
30249930
30253515
30257419
30260836
30261870
30264977
30270125
30274136
30280914
30282625
30294221
30297954
30299431
30303150
30310744
30311498
30315499
30318387
30320700
30321230
30324778
30326633
30327348
30327450
30330123
30331286
30335583
30336492
30340384
30341744
30350834
30354719
30358936
30368917
30369855
30372552
30375316
30378575
30382638
30391461
30392402
30395172
30401212
30403061
30406786
30407571
30408823
30409174
30412417
30415128
30415810
30416385
30424382
30425027
