9058
9113
9122
9154
9172
9177
9178
9234
9260
9262
9270
9306
9367
9389
9391
9396
9403
9428
9465
9467
9482
9507
9509
9513
9534
9555
9575
9591
9607
9623
9668
9696
9696
9715
9782
9791
9818
9839
9856
9862
9873
9875
9877
9902
9934
9967
9976
10018
10027
10040
10048
10083
10087
10096
10099
10123
10126
10132
10181
10196
10209
10210
10216
10223
10238
10253
10263
10265
10274
10316
10330
10332
10334
10340
10365
10403
10468
10474
10512
10531
10538
10544
10584
10595
10598
10600
10616
10633
10662
10675
10684
10695
14014
14015
14147
14159
14397
14556
14605
14896
14947
14947
14967
15212
15316
15423
15513
15568
15607
15831
16063
20602
20796
20803
20833
20834
20894
20908
20943
20953
20960
21044
21050
21071
21078
21105
21133
21192
21199
21212
21282
21291
21302
21305
21377
21388
21413
21424
21620
21653
24382
24574
24729
24822
24835
24857
24858
24861
24866
24917
24918
24945
25153
25170
25196
25243
25273
25378
25546
25555
25616
25656
25778
25890
25893
25932
26020
26111
26133
26191
26210
26400
26431
26445
26558
26629
26765
26808
26842
26902
26944
27123
27224
27253
27293
27297
27390
27586
27606
27611
27629
27642
27694
27712
27720
27729
27776
27787
27796
27809
27833
27865
30301
30327
30327
30449
30461
30754
37598
38320
39023
39353
39741
42350
43187
43225
45058
45062
45074
45084
45086
45096
45132
45153
45155
45159
45186
45197
45200
45203
45206
45218
45220
45223
45239
45252
45253
45260
45270
45271
45278
45288
45307
45322
45324
45336
45359
45383
45385
45394
45406
45419
45424
45435
45450
45453
45465
45468
45499
45506
45514
45530
45535
45546
45570
45573
45586
45593
45601
45640
45641
45663
45670
45687
45695
45700
45713
45722
45726
45736
45743
45744
45768
45771
45777
45785
45796
45799
45803
45817
45818
45821
45824
45841
45842
45843
45885
45888
45891
45896
45898
45899
45911
45923
45930
45951
46008
46010
46037
46058
46071
46072
46112
46126
46130
46143
46148
46151
46173
46176
46198
46216
46231
46242
46272
46319
46322
46383
46388
46418
46422
46432
46444
46481
46490
46504
46565
46570
46580
46582
46619
46622
46626
46629
46651
46653
46668
46699
46699
46715
46726
46739
46741
46742
46749
46762
46770
46771
46790
46792
46829
46832
46869
46881
46883
46884
46888
46895
46896
48461
48541
48720
49284
49334
49610
49631
49644
49650
49671
49674
49676
49682
49725
49739
49784
49795
49820
49822
49825
49831
49848
49856
49865
49878
49913
49929
49936
49942
49951
49962
49963
49992
50009
50012
50052
50070
50077
50085
50103
50114
50120
50156
50158
50160
50165
50177
50301
50326
50342
50350
50355
50356
50369
50409
50426
50450
50452
50457
50472
50475
50503
50519
50531
50536
50542
50569
50583
50583
50625
50658
50660
50691
50692
50707
50733
50760
50776
50783
50821
50823
50836
50851
50866
50884
50888
50913
50923
50925
50940
50943
50944
50958
51003
51048
51053
51057
51086
51095
51101
51166
51169
51173
51180
51186
51192
51230
51252
51261
51266
51273
51288
51314
51356
51370
52576
52615
52638
52663
52665
52687
52694
52722
52739
52748
52771
52777
52909
52955
52976
53007
53047
53145
53274
53274
53422
53465
53496
53496
53502
53504
53557
53562
53563
53588
53606
53613
53617
53626
53627
53637
53659
53686
53709
53795
53848
53872
53895
53897
53900
53903
53938
53952
53987
53999
54015
54016
54022
54024
54034
54059
54065
54090
54092
54093
54098
54110
54160
54170
54183
54220
54230
54246
54258
54274
54281
54293
54323
54327
54339
54367
54371
54384
54387
54399
54400
54408
54421
54425
54490
54502
54515
54520
54538
54577
54585
54600
54629
54652
54659
54661
54688
54708
54725
54741
54743
54746
54762
54821
54847
54854
54900
54904
54914
54921
54938
54956
54977
55010
55036
55048
55053
55056
55064
55096
55114
55124
55127
55138
55150
55151
55159
55163
55171
55175
55180
55200
55218
55223
55230
55233
55256
55266
55274
55280
55294
55299
55302
55303
55325
55340
55345
55346
55363
55391
55394
55412
55427
55434
55442
55443
55457
55461
55474
55488
55489
55571
55599
55608
55612
55619
55646
55662
55678
55686
55693
55714
55738
55765
55774
55796
55810
55818
55818
55823
55825
55943
55979
56028
56044
56045
56057
56071
56073
56085
56092
56127
56151
56153
56169
56205
56274
56283
56284
56303
56326
56348
56361
56367
56385
56399
56405
56422
56429
56447
56466
56467
56480
56481
56488
56517
56524
56543
56552
56576
56584
56604
56632
56653
56701
56716
56719
56744
56789
56816
56817
56831
56839
56851
56909
56917
56934
56937
56945
56959
56970
57019
57031
57044
57069
57078
57079
57081
57086
57104
57108
57112
57143
57158
57169
57179
57182
57197
57237
57242
57242
57255
57264
57272
57275
57342
57350
57373
57380
57397
57409
57445
57469
57505
57511
57518
57528
57541
57555
57572
57590
57594
57604
57628
66847
66853
66872
66879
66896
66910
66929
66936
66937
66958
66960
66961
66964
66967
66995
67012
67020
67028
67041
67043
67056
67059
67082
67118
67119
67155
67162
67182
67219
67233
67252
67262
67265
67277
67282
67283
67303
67318
67360
67362
67373
67383
67385
67427
67436
67449
67475
67477
67521
67523
67542
67549
67560
67569
67579
67591
67612
67620
67637
67647
67650
67661
67678
67701
67709
67740
67744
67777
67794
67798
67805
67812
67813
67827
67846
67853
67863
67874
67884
67918
67923
67935
67947
67956
67963
67966
68011
68013
68030
68036
68049
68060
68063
68064
68132
68133
68133
68176
68204
71065
72381
77956
78090
78090
78326
78525
78739
78822
78931
79144
79154
79185
79186
79652
79656
79659
79668
79687
79781
79794
79848
79980
79987
79991
80027
80030
80038
80053
80066
80126
80141
80185
80197
80221
80242
80310
80319
80368
80369
80378
80423
80460
80460
80483
80516
80593
80599
80685
80688
80714
80720
80728
80750
80758
80766
80846
80847
80849
80872
80890
80896
80922
80926
80930
80932
80967
80973
80995
81002
81034
81107
81193
81234
81245
81245
81256
81332
81339
81365
81405
81433
93250
93266
93269
93273
93312
93367
93416
93515
93526
93530
93534
93555
93608
93779
93785
93787
93810
93833
93842
93846
93847
93859
93860
93865
93880
93887
93930
93941
93964
93976
93984
93987
94007
94085
94098
94104
94174
94191
94214
94223
94235
94253
94408
94894
95050
95176
