7166
9152
11521
12770
13685
14819
16412
27337
27343
29408
40084
41034
41391
46516
47933
48117
67840
67942
69272
69552
71829
72707
75144
76474
76917
78812
80657
81483
82203
86647
88257
88989
89412
91828
92969
96312
99815
101674
109770
110063
113714
113973
117318
117788
123273
135671
146242
146443
147612
154557
159548
160290
165199
165840
168825
169532
173004
175611
184996
185107
186105
188823
190266
193144
198466
198488
203100
203412
204009
206535
207016
210989
214878
215265
216569
219044
219715
219943
222800
226520
228052
230781
231514
233152
239583
239588
240582
248281
251464
253865
254445
263835
266838
271549
271668
275189
275624
278206
283479
283739
285103
295449
296265
301333
302777
312865
317686
320822
322427
324578
325187
327531
327737
335651
342734
345799
346260
353757
356419
359474
362357
363322
365067
365801
370165
374415
374456
378585
378676
385568
387119
387794
389417
392326
397308
401579
402898
409513
410140
413923
414217
415251
417118
418024
426854
433872
439843
444558
444648
447058
462327
468168
468618
468701
471511
472245
472792
478120
479326
481762
493548
496159
496174
497726
517757
523108
523968
527370
529778
535479
544831
548614
549122
549172
564220
569337
570554
575692
575934
588575
590189
592531
597665
601210
607002
607218
609114
609338
617578
620313
625136
626341
628386
631069
631438
633447
634046
639047
647407
652128
657951
658343
659750
664691
664943
667141
669633
676048
678804
680329
680404
685946
685977
693091
696878
702408
706022
707944
715914
717275
718338
720320
722387
723419
727962
729660
730063
732240
733609
741513
744651
744724
747608
747675
749989
751994
757771
762115
763303
766997
769807
772510
775660
776520
777004
786643
787579
795677
799586
802413
813536
820057
822242
823212
823996
824737
825461
829402
829708
832781
851134
859498
862525
869248
875855
878200
878356
879467
881469
889835
889933
891463
893676
894721
908958
909246
910717
915432
925159
926549
927581
934942
939014
943559
945110
954067
955761
956760
964365
969909
971114
975561
977199
982488
983830
984267
985534
994543
996043
996888
998000
999505
1001628
1002350
1007442
1009561
1019214
1024182
1025197
1025409
1029396
1030246
1032775
1036269
1037005
1042128
1042897
1051392
1053825
1059281
1060161
1071310
1079578
1084899
1089276
1098834
1103337
1104036
1106194
1106936
1109910
1116135
1124257
1128635
1130176
1137627
1137847
1140423
1142359
1143613
1151871
1156003
1166243
1167329
1170383
1172893
1173180
1176730
1179169
1179295
1179676
1179830
1184921
1185520
1194317
1197676
1202043
1202155
1203632
1214771
1216122
1220590
1234654
1236619
1238673
1248533
1256459
1257603
1258258
1264233
1265860
1273879
1275036
1276148
1277720
1280732
1280805
1282085
1284149
1290048
1290666
1295089
1295446
1296275
1296519
1297978
1298834
1301641
1307060
1310925
1326637
1327752
1337606
1338585
1340361
1344163
1344563
1347177
1350926
1364773
1369536
1372513
1374204
1375029
1375795
1380581
1381806
1387284
1391192
1391641
1392504
1392688
1394241
1400899
1408106
1410758
1417906
1423327
1430384
1430564
1432277
1435053
1441429
1443239
1449195
1450681
1453005
1453839
1454593
1457356
1459294
1459737
1460190
1460815
1467274
1475324
1476521
1481750
1484313
1484592
1485728
1486548
1490017
1495464
1495748
1503611
1503698
1510331
1522577
1523468
1528378
1528406
1528724
1531793
1536753
1539658
1545772
1548024
1550492
1555355
1557849
1558946
1559580
1562395
1564937
1566496
1571117
1571339
1572107
1577784
1580061
1580742
1581958
1584193
1585194
1585233
1586000
1587401
1594885
1596116
1602612
1603257
1609024
1610093
1610499
1612781
1621804
1627369
1634675
1638091
1640924
1644805
1657836
1659286
1659520
1662343
1664373
1666296
1667310
1668291
1670698
1673960
1680384
1681235
1686051
1693984
1700820
1700859
1702561
1707480
1708481
1709468
1716189
1718178
1722748
1725208
1727162
1728325
1734012
1739246
1739737
1750941
1752614
1753006
1753722
1755535
1756593
1759430
1761642
1767272
1769511
1771416
1775060
1777085
1778437
1780681
1781945
1784380
1786869
1788984
1789371
1790273
1793413
1793842
1795583
1799287
1799784
1800485
1800929
1803568
1803951
1807192
1808304
1812481
1812593
1819623
1819983
1822171
1822355
1824238
1829091
1830131
1831324
1831952
1833328
1834727
1836203
1836248
1845768
1847499
1848219
1857656
1864040
1864142
1870373
1874797
1875619
1875988
1876623
1876874
1880004
1882492
1885138
1886970
1890631
1900878
1903621
1911398
1915091
1918225
1919372
1919688
1921775
1923757
1924249
1930427
1933387
1934760
1937393
1939092
1940079
1941759
1944783
1950377
1953808
1953859
1955007
1955233
1959652
1960301
1965102
1965372
1972912
1975582
1976712
1979294
1979546
1982083
1991318
1991810
1991998
1997579
1997991
1998050
1998079
1998304
1999368
2000242
2000305
2000824
2003186
2003671
2005853
2007101
2008529
2011486
2012998
2025777
2025797
2033610
2037379
2038967
2040889
2043791
2049647
2051493
2056044
2060334
2062164
2064446
2064872
2071244
2071842
2075688
2082423
2085489
2086671
2089133
2089479
2098624
2100212
2107167
2113992
2114480
2115706
2118841
2121893
2123903
2125247
2125402
2128718
2129387
2131352
2139118
2141021
2142377
2142408
2142451
2146791
2151768
2152379
2153204
2160923
2163848
2171240
2173003
2175015
2180705
2188421
2188873
2193468
2195039
2197312
2198942
2201002
2205442
2208898
2221042
2233643
2234262
2236778
2239283
2243452
2244020
2244327
2245176
2245276
2248305
2249487
2250937
2251434
2258516
2265623
2267112
2275018
2276110
2281793
2283220
2289463
2291315
2292791
2292816
2293901
2294474
2294847
2297760
2307881
2307891
2308094
2308444
2312180
2324537
2324925
2324991
2325216
2325655
2326669
2327300
2342918
2343299
2344860
2349313
2353911
2356377
2359460
2360238
2363410
2365080
2366031
2367674
2368172
2368743
2369725
2371556
2373895
2374674
2378377
2382405
2382783
2392456
2396481
2396860
2399852
2400997
2402602
2404193
2404349
2408248
2410638
2415683
2415978
2416323
2419402
2429776
2430430
2431366
2434284
2439245
2439506
2440671
2441989
2443422
2447378
2449252
2451561
2456978
2458503
2459308
2459918
2475406
2475902
2483040
2485119
2485637
2485984
2492584
2496551
2497265
2499242
2501359
2504422
2506578
2508777
2512180
2513711
2513740
2517083
2521881
2525603
2531028
2536331
2536492
2537040
2537635
2540289
2544744
2545096
2545224
2549608
2552058
2554455
2559372
2559418
2562546
2562717
2564740
2565741
2565778
2570304
2573967
2580888
2588678
2588837
2591565
2594987
2597331
2599015
2605140
2605805
2606186
2606965
2614117
2615512
2617655
2622465
2622555
2628673
2639273
2639395
2643495
2644193
2646593
2649788
2658889
2661672
2665029
2666084
2668227
2668971
2670488
2673551
2674116
2675529
2679585
2680017
2687167
2689773
2691095
2691437
2691602
2700751
2702932
2705258
2705695
2705866
2707419
2708255
2711382
2711668
2712489
2713224
2717822
2721434
2722974
2725658
2725834
2729983
2735261
2736529
2739326
2739721
2739968
2740190
2740496
2743595
2745582
2745855
2746216
2746640
2747750
2750244
2760759
2767657
2767742
2769220
2769747
2775896
2779153
2781058
2789527
2791989
2793762
2805629
2806670
2810307
2811448
2816398
2817284
2822041
2822752
2825583
2825852
2836252
2844597
2847055
2848994
2851905
2856206
2856622
2858461
2862035
2862159
2863970
2865037
2869526
2869939
2872625
2878432
2878982
2881771
2885903
2887886
2888183
2890969
2893014
2893293
2895798
2897153
2897208
2898019
2901583
2903014
2903160
2904088
2908567
2920118
2920817
2921833
2923615
2932822
2933175
2937278
2937754
2938839
2939049
2940312
2941975
2944497
2946134
2948791
2948932
2951310
2951314
2952097
2952880
2957492
2959036
2960916
2963796
2963974
2976592
2979419
2980084
2981426
2983374
2984256
2987584
2989807
2996006
2996223
3008071
3015186
3015235
3015452
3017358
3018838
3025030
3025315
3032091
3040748
3042215
3046185
3055969
3057923
3061334
3072607
3077989
3078395
3079786
3082182
3084216
3084939
3088206
3088536
3090669
3093191
3093451
3095483
3100668
3107481
3109395
3112166
3113644
3113857
3114720
3125066
3127584
3133736
3136704
3139624
3146522
3153012
3156172
3156558
3158894
3161048
3167443
3168334
3171509
3174547
3175824
3178896
3182840
3183295
3188747
3191844
3192128
3192176
3196701
3209734
3209760
3211227
3211251
3220200
3221307
3223839
3224361
3231970
3233911
3234468
3240179
3241827
3244860
3246608
3249433
3250925
3255540
3256008
3266802
3269506
3269941
3272666
3273448
3276539
3277994
3281645
3281742
3298449
3301605
3306459
3312976
3322495
3325776
3329877
3330605
3335995
3336935
3340700
3342684
3342992
3343213
3344682
3350634
3351219
3351478
3352591
3352671
3354091
3355681
3358559
3361179
3368471
3373180
3376578
3383889
3384604
3384872
3385461
3393223
3393870
3394873
3395866
3398262
3399359
3400347
3402432
3403790
3404422
3405591
3406313
3410400
3414729
3415918
3416209
3418086
3423508
3426098
3432135
3433083
3434109
3439085
3441197
3441820
3445757
3445822
3451600
3458115
3459153
3460067
3461114
3470541
3477739
3480443
3482804
3486019
3491335
3494873
3495247
3497481
3497700
3498971
3501294
3502807
3507289
3507779
3509461
3511188
3515900
3517253
3526058
3526167
3529200
3531201
3540298
3540466
3541948
3542365
3547536
3553025
3556140
3564296
3566874
3569421
3570783
3573810
3578535
3580880
3585008
3591400
3595352
3600339
3601447
3606273
3609884
3612194
3612697
3614317
3614334
3617857
3620290
3628292
3634372
3635300
3635316
3644746
3648255
3651431
3655537
3657761
3658493
3660828
3671450
3672400
3681753
3685527
3685748
3685822
3696079
3700364
3702025
3702326
3703229
3704321
3710240
3715607
3721974
3722202
3726128
3727409
3732597
3736784
3738651
3739532
3741653
3744935
3745473
3745695
3751356
3753893
3754462
3756860
3757625
3757839
3758135
3758397
3760051
3761504
3764481
3766015
3766476
3769863
3781044
3786158
3787526
3788537
3793058
3793469
3795763
3797966
3805736
3806399
3809371
3809884
3810869
3811419
3811928
3812495
3814471
3814978
3827481
3835430
3836584
3836866
3837575
3842587
3854075
3857519
3867489
3868626
3870062
3880072
3888819
3891141
3892604
3894068
3901816
3905951
3906312
3913403
3914410
3917010
3922732
3924830
3927905
3928715
3933294
3933791
3935449
3935865
3937006
3939891
3943059
3946267
3946394
3946913
3951797
3957074
3957403
3960627
3960871
3966240
3967077
3967222
3969681
3971863
3972827
3976123
3978362
3982110
3985642
3985965
3987268
3988744
4008592
4014783
4015182
4019175
4019270
4021657
4024616
4024886
4028127
4028872
4031225
4033780
4034122
4039846
4041544
4049488
4050322
4051531
4051534
4055008
4060170
4064644
4068050
4072593
4082575
4082936
4086161
4086990
4096165
4097173
4097660
4099958
4102083
4102150
4110440
4111344
4113477
4116565
4116907
4117510
4121169
4124538
4126790
4132821
4135122
4138581
4141004
4147457
4158600
4161083
4161310
4161580
4167619
4170790
4172840
4176525
4180273
4180817
4181437
4182011
4185273
4186209
4186696
4188470
4191813
4193544
4198442
4200182
4200303
4201116
4202020
4202878
4207255
4208496
4209681
4210484
4211050
4211826
4215640
4215659
4218860
4221163
4222401
4225440
4225610
4230908
4232002
4238553
4239500
4248367
4249201
4261452
4262600
4262817
4265781
4266105
4266762
4271250
4277515
4278162
4284413
4285517
4292805
4297232
4300568
4302618
4313817
4314717
4315419
4322057
4324465
4328755
4330310
4330488
4331289
4335660
4339378
4339622
4342652
4343900
4351288
4352403
4352589
4357363
4358006
4367106
4382779
4383941
4385979
4387372
4387683
4395545
4405042
4405389
4406984
4408845
4410900
4413631
4414060
4414890
4418709
4420696
4422045
4426680
4428680
4432845
4434010
4435051
4446197
4448109
4449989
4455306
4465068
4468352
4471177
4471656
4476664
4479964
4484904
4487507
4489579
4492785
4496726
4497303
4497859
4503822
4506979
4507162
4507310
4514130
4515668
4516008
4517582
4517976
4524419
4525053
4525110
4529235
4536816
4538832
4548681
4550384
4550622
4551065
4551078
4551327
4552750
4553858
4564492
4564599
4566199
4567742
4571028
4571514
4572181
4573239
4573428
4574000
4575961
4577700
4578193
4579252
4579357
4579781
4586774
4587005
4591141
4593741
4595502
4598769
4599083
4600494
4604561
4606381
4606991
4612051
4617694
4618455
4624420
4625821
4627295
4627658
4633568
4642241
4646479
4647375
4647812
4649781
4652514
4653286
4654843
4655298
4655875
4659576
4662173
4666896
4668548
4671617
4675216
4676144
4676915
4680027
4681900
4682652
4684072
4684726
4686751
4689187
4693911
4696531
4698575
4700944
4704845
4705887
4706035
4707198
4709011
4709780
4710930
4713189
4722169
4724126
4727947
4735899
4738519
4739052
4742760
4742989
4746946
4747311
4748507
4751832
4760840
4763951
4767532
4772233
4772378
4774328
4774593
4775959
4781208
4784135
4790391
4795711
4797699
4804418
4805289
4806973
4811067
4811127
4812515
4812522
4813499
4815872
4824708
4836928
4840056
4841659
4845678
4850356
4858574
4862567
4863583
4866996
4868974
4875830
4876327
4877346
4877601
4887005
4892006
4892586
4893486
4896487
4899261
4902573
4905235
4908293
4908643
4914870
4916675
4922785
4922900
4923831
4927359
4933993
4936371
4939765
4941216
4941623
4943148
4949230
4950364
4952303
4954676
4955590
4955821
4963924
4966885
4967320
4967485
4969856
4970049
4976786
4978451
4979199
4985909
4987821
4988068
4989190
4989459
4990088
4990377
4991369
4991907
4992896
4993357
4994638
4995379
4999217
5001887
5003722
5004473
5009138
5009999
5010380
5011374
5013229
5014382
5014399
5014598
5015550
5016093
5019888
5026395
5026951
5027308
5030808
5031289
5033305
5035179
5042456
5049408
5051133
5054797
5055105
5062425
5075369
5076589
5079337
5081001
5082667
5084340
5084533
5091555
5103285
5106551
5107809
5115093
5120719
5124350
5126816
5131163
5132281
5138915
5139322
5141632
5156561
5167792
5172419
5172922
5173698
5183442
5188266
5189440
5198442
5201196
5203012
5206516
5208508
5218454
5222274
5225786
5236973
5239266
5240787
5242144
5251272
5255731
5257242
5260610
5272775
5272786
5273092
5276548
5279934
5280023
5282622
5282788
5287782
5289198
5290548
5294492
5299937
5307276
5316721
5317536
5320809
5322184
5324837
5327072
5334107
5336630
5349582
5353070
5357929
5360500
5360679
5365398
5370808
5371318
5371874
5371877
5373701
5373858
5377886
5379457
5384613
5390818
5391138
5393222
5395176
5397980
5399190
5403565
5404641
5406421
5409247
5411807
5420353
5431942
5432146
5433765
5452050
5453867
5456007
5456462
5461400
5463523
5465676
5466616
5467874
5477813
5478058
5478394
5485191
5485208
5490238
5490906
5491776
5493964
5496993
5497299
5498087
5503655
5507309
5518102
5520532
5525355
5527535
5530854
5534338
5541672
5544522
5550710
5552412
5553790
5556458
5567225
5570536
5585161
5585796
5586468
5590633
5591852
5597316
5599051
5601936
5607987
5612050
5620241
5621122
5629476
5633367
5634861
5635531
5637465
5637922
5645579
5645749
5646329
5647387
5649512
5654556
5664410
5668350
5668813
5677766
5679593
5689024
5689130
5690662
5693084
5699259
5700903
5702455
5703833
5704835
5707419
5709435
5709689
5718408
5722901
5733457
5733920
5740892
5745506
5755983
5759124
5761404
5762976
5769628
5770787
5770806
5774228
5777707
5777734
5780192
5780690
5780797
5781903
5786534
5786855
5791244
5793106
5794414
5797112
5800159
5806151
5807716
5810272
5810991
5821309
5822087
5823616
5824621
5826555
5828878
5833317
5833928
5836090
5836619
5837272
5838490
5840548
5854319
5861302
5862106
5863925
5867001
5867969
5869230
5869308
5869903
5871016
5876845
5878762
5879700
5886233
5886254
5886398
5889291
5891761
5894166
5895114
5898082
5902601
5910901
5915986
5920829
5921359
5922780
5923478
5931296
5935980
5941927
5951881
5952115
5956641
5959895
5965314
5968470
5969443
5971939
5974926
5976201
5976615
5988299
5989181
5989701
5990776
5993279
5994739
5997576
6005365
6008278
6008316
6013140
6015452
6018796
6018872
6019054
6020422
6023825
6034478
6035593
6036627
6038014
6039298
6040019
6041675
6049332
6057171
6063600
6064777
6068817
6071146
6074053
6075087
6082788
6091679
6092180
6092844
6093006
6097301
6102829
6105007
6105090
6107607
6109628
6112628
6113454
6121029
6121587
6128816
6131678
6132907
6134543
6135666
6138679
6139421
6139705
6140272
6141289
6141290
6150771
6153102
6155723
6156402
6157567
6157776
6158157
6158700
6169216
6172961
6173029
6177312
6184711
6186772
6195504
6199258
6199500
6204580
6205528
6206227
6207303
6207849
6208071
6209632
6212809
6214437
6215487
6215917
6216775
6217283
6217669
6218290
6218503
6221947
6223670
6224868
6225933
6228654
6236192
6237260
6239108
6240392
6246011
6246839
6248500
6248989
6250829
6255879
6259987
6263287
6264690
6267157
6271162
6272769
6273520
6273623
6278077
6281327
6282148
6284992
6288907
6295211
6298337
6298989
6299133
6301857
6308076
6310540
6321625
6326985
6337886
6341412
6350439
6355597
6359762
6364256
6368555
6368873
6371805
6375761
6375902
6376295
6376579
6379582
6379743
6382700
6384536
6386122
6393253
6405167
6412412
6416742
6418167
6420962
6421682
6423921
6428857
6433021
6435879
6444634
6444944
6451011
6452038
6452522
6461196
6466632
6467875
6471369
6483958
6485910
6487795
6489927
6492251
6492953
6497607
6499845
6510605
6510726
6512135
6513725
6519168
6523028
6523912
6524168
6526477
6530458
6531030
6536733
6547279
6548182
6549150
6549277
6557020
6560637
6562660
6574048
6575973
6580262
6581661
6586226
6589099
6591994
6592476
6592528
6597165
6599763
6600260
6612913
6628738
6629336
6630377
6631622
6633287
6635088
6635446
6637415
6639491
6641715
6642798
6656963
6657345
6663806
6664672
6669987
6670651
6672332
6673390
6676058
6676278
6686843
6703108
6703260
6705172
6707723
6709303
6711969
6725285
6730775
6730942
6736354
6736850
6740160
6740270
6741967
6751626
6752367
6755663
6756271
6756797
6757704
6761218
6764212
6765321
6765433
6767783
6770248
6770664
6779319
6784285
6787048
6792818
6794309
6799228
6801654
6808700
6815087
6816072
6817996
6821231
6833901
6841527
6842668
6844744
6847798
6850171
6854262
6861130
6864968
6867406
6867618
6872754
6875671
6876532
6877593
6881676
6882477
6884139
6885749
6886124
6887207
6887626
6892459
6896416
6896891
6897055
6897472
6898164
6900785
6901555
6902562
6905067
6907162
6908038
6908204
6909606
6909636
6915658
6917058
6918396
6918549
6918588
6923528
6928120
6928311
6931136
6932585
6939838
6946742
6946951
6952773
6953819
6958070
6958817
6959132
6963757
6965214
6968273
6968305
6969318
6970881
6971902
6976593
6982656
6984768
6989956
6998794
6999387
6999694
6999755
7000403
7003622
7005100
7005337
7007055
7007119
7011973
7012497
7013406
7014895
7016638
7021430
7022755
7026171
7027408
7033365
7034806
7038294
7041191
7046205
7046731
7048436
7051498
7064432
7066665
7068982
7082309
7082429
7086714
7088335
7091120
7091554
7095211
7100907
7104863
7105221
7106049
7112498
7114569
7116657
7116819
7123183
7126356
7130187
7137299
7139709
7141535
7143097
7146168
7146626
7149085
7149143
7149556
7154289
7157857
7158174
7165044
7168421
7169918
7173353
7176780
7180920
7183596
7191775
7191923
7198283
7202049
7206699
7207901
7208839
7209720
7218250
7221255
7223806
7224520
7228881
7231154
7235263
7235753
7235813
7243473
7246365
7246823
7252198
7253546
7255998
7257564
7267926
7268672
7270259
7281145
7286149
7294997
7295313
7295926
7296184
7297356
7297387
7300452
7304956
7304969
7305094
7306832
7307109
7307810
7311238
7314133
7317564
7321026
7327762
7334721
7339925
7342264
7345537
7347927
7350220
7350497
7351125
7352942
7357387
7363495
7365477
7368373
7369489
7373046
7378411
7381115
7382569
7385771
7386122
7386629
7391005
7391334
7391850
7393792
7396912
7401783
7402354
7402656
7404790
7415459
7417260
7421460
7424220
7436356
7437815
7445562
7449075
7455711
7455881
7459056
7459107
7461735
7462855
7465889
7469838
7470052
7477747
7477971
7479443
7481566
7483871
7484575
7484597
7485609
7491507
7495050
7500958
7501285
7505007
7507098
7509404
7509723
7510328
7513203
7513545
7514588
7516488
7517309
7520385
7521862
7524894
7528215
7530416
7533089
7533179
7533489
7534207
7537271
7544282
7548111
7550450
7560047
7560206
7565156
7565678
7573616
7590020
7591655
7600469
7600734
7611745
7614527
7618707
7626078
7631133
7633908
7635188
7635409
7636699
7639877
7642864
7644324
7647158
7647889
7649473
7667990
7671283
7678867
7680405
7682366
7682714
7683379
7685996
7688587
7688712
7694240
7695864
7696501
7697037
7698745
7700042
7702529
7703862
7707380
7709391
7709658
7710604
7714182
7715678
7716855
7717406
7718605
7723527
7724441
7726070
7726369
7728685
7732796
7734714
7736349
7738768
7739202
7739776
7748048
7749628
7753803
7763113
7768365
7773698
7773830
7781457
7783956
7787402
7788676
7788929
7789222
7795439
7802506
7802529
7810740
7811480
7817203
7825914
7826486
7831520
7831831
7833535
7835789
7837853
7840477
7845382
7847507
7862452
7868330
7870648
7872158
7873406
7886516
7886674
7887973
7888169
7891904
7895009
7895767
7901897
7906657
7910910
7915648
7916598
7919943
7921483
7924311
7927462
7929553
7930293
7935988
7936049
7937681
7938085
7939568
7943305
7944235
7945199
7945785
7949384
7950148
7951807
7954939
7956685
7964804
7969113
7971868
7973185
7973260
7973753
7981686
7988297
7988561
7989179
7989567
8001541
8002566
8003604
8008331
8013908
8014744
8019418
8020648
8020769
8021400
8024360
8025326
8034090
8034575
8035248
8036938
8037051
8039495
8044563
8045053
8048047
8052544
8058108
8062115
8064204
8064691
8065019
8065984
8071511
8072741
8076588
8078622
8083882
8086319
8088787
8097457
8098679
8100513
8104546
8105050
8110756
8113344
8118819
8119419
8119553
8121919
8122185
8124981
8134012
8136212
8145130
8156604
8166642
8170376
8170607
8171677
8177554
8178169
8178462
8191962
8193274
8195126
8197914
8199308
8201415
8208567
8208905
8210999
8213843
8214885
8219308
8220727
8221891
8222742
8224399
8226376
8240800
8241345
8242497
8246734
8247144
8247580
8254638
8258404
8262934
8269815
8273379
8273768
8276798
8277415
8278053
8280802
8282853
8284681
8285593
8288335
8290093
8294658
8297466
8298191
8299746
8300222
8302137
8304703
8308549
8309204
8314198
8315919
8316861
8316961
8318292
8323024
8331149
8333846
8334321
8336743
8340448
8341268
8355234
8358773
8359509
8361450
8362357
8363766
8366774
8366809
8368713
8370012
8370770
8370963
8375954
8378078
8378286
8378339
8379499
8380724
8383796
8393743
8406754
8407010
8408435
8419962
8426801
8428531
8429062
8430623
8441161
8445593
8445733
8453589
8454915
8459884
8464860
8467983
8469295
8472374
8474042
8477841
8478383
8478566
8478957
8484830
8489571
8497355
8499990
8506611
8508974
8509323
8516814
8520953
8521456
8522958
8527606
8529228
8530023
8530250
8531233
8540544
8542989
8546268
8548139
8554349
8557483
8559696
8561233
8566920
8572298
8573620
8576841
8576991
8577404
8579441
8580197
8580445
8582076
8583931
8588370
8588850
8596292
8597714
8599279
8601275
8603978
8606088
8609168
8611701
8613953
8619810
8622433
8624642
8629146
8629802
8632411
8636332
8647139
8649118
8649395
8650248
8658006
8662175
8665628
8670563
8673518
8675102
8694838
8695153
8700791
8700823
8700825
8701674
8706644
8707717
8708004
8708361
8717521
8717685
8721926
8722294
8725582
8728735
8737872
8742925
8746212
8747127
8747288
8747376
8748432
8750945
8753092
8753588
8755236
8758174
8761719
8762800
8763905
8764720
8772682
8773023
8774555
8782803
8783948
8784778
8787066
8787844
8791100
8794200
8794264
8799641
8805145
8805643
8808015
8811369
8812511
8821911
8825909
8826752
8831339
8831432
8832393
8835973
8843127
8846432
8848429
8852953
8855463
8855532
8856589
8859223
8860347
8867629
8869662
8870761
8871196
8871776
8872394
8872642
8874072
8885599
8886226
8889525
8895403
8895431
8897259
8899811
8903760
8904346
8912437
8913998
8918597
8923511
8927698
8930329
8930574
8932592
8937244
8940728
8940929
8943969
8951644
8962855
8966327
8975582
8980664
8981124
8985375
8985865
8995304
8996723
9000159
9002549
9003188
9005020
9005119
9006005
9011534
9012263
9017649
9023883
9032865
9036783
9042331
9045286
9046578
9053223
9054697
9056720
9057506
9065454
9070295
9074357
9074981
9076365
9078437
9082378
9082588
9083549
9083659
9085002
9085896
9086646
9087042
9088096
9089520
9093398
9098366
9101827
9105399
9121783
9122356
9122951
9124846
9125035
9125911
9127418
9129467
9130733
9133870
9147709
9150782
9151897
9157132
9160608
9167895
9172009
9177109
9177661
9178202
9185899
9191300
9192884
9201995
9206973
9207513
9211393
9211717
9211850
9211901
9218322
9219859
9224120
9234174
9240430
9248601
9251282
9252020
9253703
9253916
9258789
9259281
9259400
9264917
9264951
9266672
9272321
9275615
9277960
9277999
9278781
9284059
9285088
9286920
9289092
9292974
9299472
9307017
9308042
9312535
9320523
9320604
9328165
9330318
9334603
9340416
9342951
9344740
9345956
9348023
9348577
9352949
9365084
9365714
9366516
9369451
9372203
9374899
9375092
9376090
9377819
9377978
9393724
9395963
9396089
9402433
9405629
9411855
9412101
9416468
9418617
9419550
9421883
9426010
9426175
9428231
9432549
9433526
9434725
9443855
9445188
9445404
9449479
9450378
9451568
9451925
9456325
9456474
9456993
9458342
9463331
9465598
9475117
9478189
9480301
9482833
9491126
9491844
9491873
9492358
9492477
9495971
9505544
9508834
9509084
9515263
9516936
9523964
9524294
9528153
9530281
9532477
9534561
9539807
9543007
9543471
9546206
9546875
9548087
9552817
9557178
9558162
9558277
9567377
9568372
9580067
9582340
9582528
9584319
9589551
9590336
9591620
9593238
9595497
9596294
9601365
9606616
9612395
9620008
9623088
9624195
9626955
9627157
9629609
9633119
9635620
9638132
9638802
9641752
9644700
9644880
9647022
9647213
9650262
9650685
9651315
9651390
9655220
9656712
9658511
9658544
9666246
9675275
9675701
9685324
9685435
9686475
9688927
9690615
9691765
9696962
9701182
9705732
9711871
9715602
9716614
9719778
9723265
9729656
9730289
9733780
9738526
9746093
9747973
9748494
9748978
9750100
9751379
9753588
9758940
9761869
9762107
9764122
9768794
9769476
9769656
9776343
9776730
9776765
9779484
9784277
9786179
9788711
9791429
9791467
9801047
9803636
9817272
9822064
9827247
9838390
9839612
9840138
9841233
9841661
9842951
9859482
9860381
9861410
9863571
9864269
9865546
9871965
9873412
9875129
9878257
9880864
9885120
9886116
9889437
9901881
9904745
9906048
9911955
9915814
9916499
9918462
9920366
9923212
9926061
9930730
9932695
9933254
9938498
9939201
9944373
9947435
9948098
9957172
9960201
9960972
9961658
9962312
9962336
9966998
9967819
9971315
9972600
9973906
9975429
9985134
9987078
9994148
9996762
9997977
10003232
10003827
10005506
10006260
10010449
10016922
10019352
10019867
10019930
10021237
10029709
10039014
10042327
10045779
10046128
10046214
10047186
10050110
10054543
10055141
10059620
10060859
10065436
10068055
10069789
10071044
10072534
10077077
10081336
10081736
10096341
10098307
10100178
10104216
10106679
10107408
10108403
10109190
10113709
10113793
10118115
10121269
10123752
10132139
10134246
10134473
10135271
10135532
10143110
10143644
10144345
10145313
10146339
10149360
10149857
10150850
10151873
10155267
10155638
10160131
10161421
10161536
10165995
10168337
10170764
10171009
10174181
10175514
10177234
10180831
10195207
10195504
10197781
10198397
10200117
10205596
10207959
10208692
10210587
10210999
10211040
10211964
10214456
10216920
10217830
10221602
10224443
10226321
10227263
10227380
10227553
10228125
10229392
10234448
10235190
10235250
10241030
10241045
10247749
10253348
10254558
10255806
10258457
10262043
10262926
10272450
10274348
10277568
10277845
10278094
10280490
10280991
10284514
10287268
10290991
10294502
10294730
10297021
10297867
10302742
10302786
10303362
10307273
10308852
10312451
10320176
10320502
10326592
10329314
10329447
10331393
10332003
10332989
10333822
10334830
10335938
10339027
10339899
10340148
10344405
10346151
10351286
10359500
10361493
10362597
10363589
10367360
10368203
10369765
10382926
10384961
10385071
10388521
10390885
10393081
10393239
10394789
10400223
10403362
10411766
10415241
10416640
10416991
10419194
10421307
10424459
10428831
10428835
10436280
10439341
10442876
10443253
10445218
10451513
10452460
10452761
10454952
10460689
10464995
10467118
10468240
10470347
10470417
10471857
10479637
10483522
10494358
10495253
10496481
10499666
10499934
10502655
10502893
10505168
10505378
10507510
10508205
10513019
10513368
10521631
10525958
10526670
10532250
10534022
10540023
10545234
10547295
10549855
10550204
10552584
10553340
10555117
10556718
10557836
10561345
10563173
10567965
10568079
10570422
10578317
10587609
10592094
10595558
10597090
10598022
10600045
10600336
10603986
10605075
10605640
10609765
10614697
10616133
10616261
10619530
10623344
10625437
10627601
10627889
10631638
10635389
10635667
10637225
10641507
10643174
10643270
10644530
10645527
10651539
10655450
10662397
10663045
10663999
10668175
10669730
10670004
10675300
10678682
10678770
10681924
10685572
10688966
10691108
10691934
10694228
10700878
10701449
10704484
10706510
10707376
10713064
10713099
10713734
10725913
10730678
10742212
10744379
10747200
10748920
10755944
10760189
10762931
10763423
10763481
10764936
10765319
10767532
10770199
10770785
10772823
10773641
10774392
10776090
10778497
10783167
10784505
10786165
10790699
10791033
10798734
10799994
10801895
10804597
10808043
10816869
10822000
10823656
10824225
10825257
10830764
10836917
10836957
10838418
10840037
10842672
10843562
10845664
10851370
10859928
10862165
10876905
10881972
10886062
10889594
10892361
10898330
10901340
10902014
10904591
10904841
10905034
10905580
10907991
10910023
10918396
10919856
10927281
10927443
10929206
10929961
10930042
10930702
10932865
10934600
10936641
10939822
10940082
10941598
10945618
10946819
10947102
10949994
10951978
10954048
10954808
10965566
10969997
10975885
10977401
10980600
10984671
10987633
10988298
10989610
10991059
10991496
10998781
11005993
11008737
11012206
11012238
11013767
11014209
11020882
11022797
11023518
11024834
11026791
11028686
11029403
11034814
11035186
11038292
11041835
11047562
11048753
11049810
11052189
11052689
11052705
11054089
11058206
11065224
11067777
11069161
11070116
11071950
11072477
11074859
11078156
11085274
11094249
11099157
11099844
11100521
11110917
11113345
11113667
11113906
11119726
11121275
11121350
11126724
11132523
11133093
11133170
11133704
11133717
11137900
11153823
11159745
11162500
11164496
11166739
11168202
11171570
11172952
11176368
11176599
11178297
11178850
11180662
11181632
11191589
11191991
11198635
11200968
11201580
11204543
11204563
11206144
11209125
11209863
11214196
11215741
11219104
11219269
11220057
11221870
11227751
11233737
11234921
11236914
11237201
11241587
11241865
11246694
11251620
11258678
11260895
11260939
11270789
11273020
11275649
11282021
11285043
11287393
11295831
11297321
11314085
11315723
11320541
11323087
11323769
11324650
11327428
11329867
11329983
11330368
11332847
11338653
11345488
11345814
11346979
11348236
11351191
11351980
11356381
11357244
11357919
11357996
11358358
11358802
11365499
11370753
11372085
11373225
11373880
11378294
11380025
11380956
11382653
11383697
11383759
11383788
11385159
11385781
11386017
11388680
11390676
11395459
11400553
11401162
11403429
11406604
11409471
11410506
11413498
11414266
11415588
11415883
11416270
11416548
11418001
11419058
11419668
11427299
11427341
11429254
11429800
11430378
11432807
11438377
11452897
11453086
11455870
11457433
11458500
11458864
11459071
11465389
11467850
11470114
11472655
11476521
11482699
11488761
11489024
11492296
11494132
11494326
11495576
11496754
11496894
11500097
11500695
11501327
11507059
11507114
11511567
11512450
11516241
11516461
11518274
11520519
11524141
11525460
11527001
11529232
11529444
11536225
11536435
11536831
11537171
11538174
11538181
11543628
11547136
11557525
11564151
11583762
11585870
11586471
11589833
11593698
11593785
11593996
11607966
11611217
11620929
11621418
11622197
11623125
11623780
11627489
11631969
11632255
11633625
11645720
11645877
11650916
11657174
11663818
11670201
11671429
11675991
11677104
11679796
11685159
11689648
11694799
11698624
11701393
11705996
11723624
11726495
11726927
11732167
11741700
11743344
11748371
11754577
11765221
11773444
11775511
11779955
11780787
11781659
11786371
11791407
11795645
11797021
11798372
11799697
11807074
11807642
11821494
11821590
11828227
11829395
11835397
11845074
11846652
11850132
11855615
11855708
11856261
11860383
11861447
11864707
11866252
11868686
11869987
11870240
11875362
11876053
11878415
11878675
11883026
11886028
11889044
11889523
11891384
11891717
11891827
11893997
11899949
11903243
11904674
11906626
11907375
11908331
11909127
11915365
11920812
11922416
11926197
11928680
11931405
11935738
11941150
11942956
11946340
11946481
11953808
11955257
11957694
11959128
11960462
11966502
11967131
11970047
11971073
11971247
11979185
11980659
11980742
11981131
11983455
11986593
11986853
11987603
11991897
11995565
12002775
12003276
12009631
12010363
12013662
12014938
12015449
12015807
12016814
12022778
12026379
12037541
12037747
12040750
12043299
12044264
12053427
12055413
12055682
12057508
12065145
12067044
12069662
12073895
12075158
12075453
12076209
12078835
12085626
12085864
12090435
12094053
12100009
12102642
12104875
12105359
12106061
12109744
12116561
12118435
12120159
12125850
12125969
12130616
12138677
12140499
12146791
12148028
12148431
12149851
12154010
12167349
12170105
12173835
12181454
12181769
12182005
12184936
12187223
12188986
12190979
12192906
12194774
12201476
12207320
12210390
12211631
12212905
12215721
12219566
12226290
12226703
12228109
12228835
12233645
12243250
12245498
12246149
12247477
12249757
12250977
12255721
12256016
12258655
12261005
12261623
12263754
12265880
12266376
12268675
12274631
12276224
12276631
12278369
12284555
12296820
12298533
12299508
12302945
12311231
12311377
12311922
12313377
12314365
12321591
12325647
12327766
12328106
12330742
12337178
12338802
12341913
12343605
12346262
12348494
12355440
12356850
12359011
12368003
12372278
12375125
12377939
12380519
12384623
12386078
12386638
12386776
12393094
12395843
12397919
12398564
12398725
12408274
12417714
12418484
12421922
12422990
12423286
12432555
12444349
12448406
12449478
12452094
12455568
12459195
12463281
12466654
12467239
12471733
12472972
12478640
12478677
12485066
12489560
12494113
12496664
12514802
12521066
12522042
12526695
12528080
12532027
12532077
12532809
12534339
12534806
12539846
12548197
12558336
12560328
12563454
12574109
12574679
12578108
12582370
12584955
12587332
12589574
12593579
12595972
12596112
12596461
12596879
12597068
12597376
12597742
12598622
12599467
12604711
12608039
12608253
12608832
12609916
12610946
12612164
12614843
12615166
12615904
12617231
12623434
12624495
12626676
12628045
12631046
12631543
12632989
12633625
12648343
12651679
12652999
12675174
12675201
12675362
12677551
12679703
12681402
12687823
12699104
12699508
12701902
12702232
12703630
12709219
12714260
12715866
12717496
12718627
12718753
12721558
12727403
12731395
12732581
12739892
12741607
12742267
12744214
12750428
12759674
12764211
12775186
12777385
12777440
12787216
12790159
12795957
12798198
12809042
12809844
12810961
12819338
12820141
12821455
12826238
12834209
12837679
12838775
12841909
12843116
12844230
12845800
12847443
12850591
12854837
12866834
12870249
12870448
12875496
12876377
12877175
12882991
12883043
12888493
12895135
12896179
12897243
12900048
12903974
12913028
12923329
12924615
12935479
12936232
12936678
12939605
12944788
12946569
12961090
12962993
12966158
12976398
12980956
12981048
12982372
12989254
12994473
12998187
13002254
13004983
13006624
13007419
13009910
13010328
13013370
13014604
13019249
13023209
13025577
13028575
13029727
13031640
13037494
13043689
13044021
13049740
13050326
13050420
13051785
13054768
13059714
13060224
13061464
13071153
13072753
13077848
13080767
13087776
13093514
13093850
13094931
13098424
13098739
13102304
13106866
13112301
13113585
13118150
13120073
13126495
13136195
13145903
13148839
13152393
13158848
13159081
13162162
13162528
13163553
13173144
13174485
13175990
13182822
13186768
13187959
13191192
13193730
13194571
13196765
13198627
13200677
13200800
13202170
13207583
13207658
13209901
13212523
13229616
13232959
13236681
13237804
13239314
13243307
13246575
13246906
13248343
13251466
13253382
13254157
13255865
13256906
13258094
13260321
13262038
13265537
13275670
13276533
13283187
13285132
13286883
13287513
13288248
13288546
13293330
13295573
13299042
13300352
13300502
13305112
13310002
13310420
13312427
13314046
13314365
13321762
13328317
13333289
13339353
13339381
13339762
13343841
13348544
13350480
13361356
13373914
13382388
13383801
13389296
13390474
13391160
13394882
13395342
13395385
13398162
13409195
13412570
13415243
13416276
13416471
13417226
13417322
13418155
13422354
13428184
13428327
13430763
13438591
13440653
13447586
13447786
13456001
13456629
13456702
13457273
13462643
13464869
13466047
13466277
13466624
13467578
13469800
13476575
13479476
13484509
13494960
13495261
13501901
13503549
13511743
13512920
13514418
13514507
13523661
13524615
13525023
13528067
13528907
13533003
13535119
13536528
13539193
13559397
13566385
13572463
13584076
13588129
13589261
13589827
13591333
13597949
13600283
13600571
13601698
13606019
13611855
13612592
13618337
13618340
13619757
13620614
13621574
13623553
13624547
13627442
13641638
13642885
13643909
13645058
13645182
13645618
13650118
13652284
13654696
13655549
13659785
13660957
13664187
13666718
13669531
13669675
13669705
13684079
13685939
13687504
13689641
13692791
13695492
13708243
13716399
13716802
13718431
13720110
13722894
13732919
13738569
13745682
13750959
13753248
13757767
13758468
13765161
13771052
13771601
13774625
13780074
13780304
13783266
13789747
13793184
13793959
13795525
13796358
13801397
13809370
13809638
13812805
13817213
13818438
13819315
13821625
13828978
13847944
13851676
13855405
13858598
13867441
13874649
13875209
13875222
13877186
13879739
13883363
13885795
13886845
13894022
13894280
13905225
13906426
13908570
13911055
13915481
13916410
13921231
13922595
13924432
13924499
13928571
13929232
13938089
13938493
13943337
13944754
13945127
13945570
13945912
13971192
13971828
13977269
13981376
13984841
13989590
13990715
13991080
13991337
13993193
13993549
13997851
13999421
14002085
14003722
14004297
14005554
14008037
14009452
14010648
14017328
14020612
14020975
14023177
14023521
14025341
14036865
14038292
14043154
14043853
14044975
14052716
14052935
14053836
14055013
14056980
14057674
14057769
14065113
14067056
14068265
14072369
14080480
14087523
14089857
14091378
14098490
14102321
14102615
14102913
14103592
14107306
14110690
14112159
14113173
14114795
14114952
14116975
14118724
14118856
14119526
14122607
14126018
14128397
14135275
14139808
14141751
14145070
14148524
14148909
14152502
14153082
14156585
14158471
14158528
14158799
14159907
14159938
14167090
14168374
14168938
14169313
14175294
14177175
14181174
14181832
14183231
14183488
14187897
14195475
14197510
14200954
14211041
14212114
14212366
14212849
14224836
14225005
14227398
14228345
14228535
14228983
14229819
14230731
14232543
14234210
14235322
14235626
14248748
14250895
14254164
14256942
14260260
14272812
14275655
14279225
14281042
14281187
14282947
14291377
14292608
14292819
14306055
14306708
14308285
14309452
14312223
14319517
14322437
14323427
14325575
14331981
14332161
14333979
14338710
14349760
14349957
14350075
14353446
14357149
14357293
14359664
14360911
14366981
14369588
14370974
14371007
14372585
14372774
14374956
14375563
14378043
14378878
14379013
14380839
14386660
14388078
14394836
14394967
14396693
14396759
14401242
14416797
14419781
14424603
14429101
14432675
14436780
14437698
14444798
14445609
14449330
14451227
14454952
14460325
14460637
14461047
14461984
14464566
14468359
14470054
14477378
14480388
14483020
14486637
14491442
14494962
14499573
14499674
14502131
14508080
14519165
14521553
14528386
14530895
14533049
14533129
14537062
14537977
14539335
14542828
14544889
14548766
14549054
14549399
14549912
14550922
14554047
14558041
14564862
14568443
14569975
14574989
14576446
14576948
14583031
14583872
14592400
14599388
14603404
14606136
14607451
14608668
14610653
14610698
14616020
14623039
14623328
14624037
14626115
14628216
14629625
14634046
14634648
14638927
14640459
14646686
14651491
14653450
14661734
14665995
14672205
14673936
14675715
14677115
14677846
14679775
14680056
14697745
14701654
14702601
14704245
14707710
14708426
14708870
14713404
14719352
14721906
14722438
14724035
14724098
14727460
14727520
14728448
14731574
14735302
14742706
14743496
14745808
14746265
14750326
14755988
14757094
14758768
14759195
14769546
14775639
14779524
14781687
14788050
14789900
14795703
14797091
14798346
14802254
14804399
14805365
14805956
14806004
14807426
14809313
14814202
14814569
14814604
14815353
14821342
14821418
14823462
14823835
14824146
14825047
14837302
14840020
14845679
14853192
14854699
14857111
14863833
14866687
14868330
14871614
14874692
14880661
14883276
14884905
14889307
14891899
14894342
14895556
14901949
14903430
14908741
14910868
14914062
14914104
14915680
14916583
14916713
14926115
14930580
14932548
14935097
14936292
14937681
14937724
14938450
14938529
14939586
14943371
14945841
14949922
14950386
14953718
14954514
14954632
14959434
14961019
14969911
14979659
14982154
14986207
14986325
14990685
14992070
14996351
15000483
15004598
15007242
15008847
15010643
15027192
15037920
15047944
15051650
15052746
15053959
15054720
15064335
15064388
15064989
15074696
15076206
15076816
15077269
15077745
15083696
15086981
15089651
15094158
15097772
15098395
15098444
15098814
15110982
15111814
15120972
15121403
15121613
15124985
15125444
15129689
15129928
15138068
15139256
15139664
15142983
15143502
15146232
15146595
15148136
15150688
15151659
15157664
15159895
15170296
15170353
15170574
15171924
15178722
15182594
15186276
15186701
15195198
15197491
15197769
15198509
15201310
15202707
15204268
15204855
15208149
15211911
15215036
15217935
15223096
15235773
15239818
15253015
15253077
15253966
15256718
15264532
15268760
15271283
15273170
15274312
15280745
15281731
15283607
15296654
15300175
15300599
15300966
15303271
15303543
15304143
15308582
15313954
15314560
15319203
15321449
15324925
15326174
15327444
15333974
15339469
15340704
15341127
15344523
15347006
15348708
15348837
15350427
15354834
15364250
15367109
15381781
15384979
15388884
15392762
15394475
15397718
15397764
15398409
15400918
15405347
15408758
15416755
15416933
15417457
15420518
15423195
15423225
15426308
15427798
15428098
15431943
15432072
15434728
15439184
15443576
15443769
15447857
15451160
15453671
15471210
15474142
15479714
15480771
15485703
15485820
15488616
15497912
15503332
15503441
15511740
15519484
15522722
15523999
15524041
15525952
15526294
15528413
15529693
15533192
15535827
15535960
15536655
15537043
15543931
15545639
15547559
15554415
15560377
15566934
15567015
15569572
15569767
15574505
15578994
15581711
15582923
15582954
15585112
15585969
15586952
15591977
15592482
15595195
15596129
15601822
15603250
15604093
15604309
15620185
15621500
15622013
15624183
15633226
15637839
15641974
15645300
15645715
15646621
15659629
15662318
15663801
15676181
15678445
15681706
15682048
15684261
15685626
15685764
15692017
15693255
15698819
15701833
15709436
15709498
15710835
15719009
15719744
15720585
15722030
15731655
15733452
15735571
15738238
15750196
15752150
15754673
15756734
15759465
15765809
15768349
15769242
15771255
15771403
15775945
15778064
15781080
15783584
15787385
15789711
15797180
15806124
15824891
15829642
15832004
15832922
15839282
15843729
15844340
15846265
15848512
15853479
15854887
15859374
15859696
15871931
15872934
15878543
15887190
15887873
15889211
15890627
15892108
15899011
15903782
15906159
15906464
15906689
15906882
15908475
15914090
15916109
15924294
15924892
15933178
15939283
15939617
15945516
15948375
15948549
15950330
15950905
15951090
15953377
15960973
15967383
15968301
15970232
15976698
15978371
15982264
15988037
15988111
15988465
15994444
15995531
15995987
16005024
16008112
16019713
16024387
16025818
16029696
16035948
16045094
16045248
16045943
16048825
16051153
16053253
16054068
16054153
16055762
16058853
16067263
16067840
16067944
16068355
16068732
16070082
16072135
16078891
16079823
16079878
16085948
16086566
16094097
16094669
16098381
16102021
16103110
16113924
16126483
16127121
16127566
16129682
16130218
16133183
16133389
16136175
16139699
16141884
16143690
16148558
16155636
16157319
16157982
16159119
16162071
16164839
16167303
16170357
16170424
16171852
16173728
16174831
16175575
16180950
16182213
16184244
16185038
16186533
16193911
16196049
16196892
16205448
16207633
16214716
16215661
16219215
16220213
16220905
16222415
16225551
16225947
16227314
16237367
16239182
16250009
16250219
16250565
16265771
16267904
16269347
16271513
16272119
16282951
16288308
16288526
16291277
16295551
16301425
16303275
16303770
16305243
16306238
16309870
16310136
16312099
16313178
16313622
16318419
16318928
16320023
16321635
16323528
16327190
16328919
16329775
16329932
16329938
16343378
16345832
16349766
16349796
16350793
16353154
16357568
16360367
16361822
16363423
16364696
16368158
16370536
16372201
16375589
16377409
16383149
16383262
16385489
16389635
16394161
16394289
16395784
16403122
16409471
16414466
16415239
16415968
16419383
16422357
16425371
16430375
16431540
16434040
16440923
16441847
16445556
16445798
16453377
16454459
16462681
16462847
16465069
16465833
16468726
16471379
16475503
16477201
16486399
16488101
16497197
16502000
16502800
16503029
16504442
16505040
16506322
16515222
16516681
16521774
16526694
16529217
16531533
16531992
16542656
16543050
16544840
16552101
16561099
16561651
16563046
16569761
16572294
16577359
16578682
16579836
16588340
16591711
16596350
16596862
16604807
16605678
16607386
16609017
16612360
16613395
16614814
16621602
16623224
16623849
16628619
16631872
16635642
16638001
16639462
16640178
16644532
16644782
16645768
16648063
16648466
16650567
16651414
16651621
16654544
16655264
16656119
16656303
16657274
16657480
16659104
16665045
16668872
16669597
16670399
16672798
16676535
16690952
16691140
16698744
16699004
16702320
16702648
16703066
16703840
16704405
16705239
16707188
16707485
16707623
16707881
16709293
16713818
16715048
16715321
16723205
16724811
16725219
16726000
16726086
16736377
16738114
16741153
16742818
16746245
16750295
16751714
16766020
16769152
16769706
16772135
16780229
16781465
16783374
16785049
16789808
16791291
16796087
16798750
16799627
16806490
16810309
16811923
16814736
16823063
16823858
16827991
16836176
16836687
16837819
16839068
16839309
16845940
16861491
16861864
16862494
16868965
16870982
16873074
16875377
16881079
16881166
16885056
16890719
16892867
16899489
16900163
16904661
16905405
16916199
16925511
16927211
16930287
16933549
16935062
16935210
16942827
16947309
16947421
16948451
16957315
16971425
16971993
16972075
16984381
16984446
16986283
16989921
16993154
16996419
16997431
17003643
17003860
17008976
17009444
17009545
17009827
17010015
17013159
17018248
17019105
17024344
17024974
17026806
17029407
17030111
17045438
17047337
17052830
17053762
17054313
17057237
17059917
17064609
17067744
17068497
17079019
17079815
17081187
17081548
17086059
17094071
17099767
17104146
17105811
17106699
17107034
17111045
17111756
17120382
17122594
17126419
17131686
17133090
17133416
17134527
17135332
17136607
17138793
17138923
17139614
17141558
17142309
17142778
17144921
17149418
17149722
17150447
17150516
17151845
17157344
17158325
17163323
17173034
17181231
17181488
17183241
17185623
17187246
17203902
17207383
17211408
17212421
17215505
17220581
17222831
17223133
17226239
17229494
17230987
17232634
17234446
17236477
17239773
17240260
17241091
17241672
17241787
17243191
17244388
17254289
17254322
17256109
17258305
17260803
17269026
17273041
17297993
17301949
17302293
17310415
17310779
17311869
17312435
17312792
17312809
17317535
17318818
17318917
17320800
17323022
17330190
17331147
17335616
17344383
17348496
17349783
17350022
17350323
17352092
17352856
17357835
17365805
17369311
17378947
17390617
17391670
17395770
17395841
17397125
17397736
17401833
17402095
17402536
17407286
17412755
17413596
17415003
17416930
17419355
17425046
17425629
17427732
17431592
17441705
17443666
17446854
17447077
17447530
17449942
17455461
17456917
17461855
17462998
17463314
17466054
17468328
17472035
17472597
17473498
17478288
17480301
17481208
17484383
17485127
17487104
17489521
17494188
17498454
17508785
17513369
17518983
17519266
17520832
17522145
17522280
17524031
17524760
17525635
17527312
17527933
17532033
17533750
17541690
17544785
17544843
17548171
17548851
17550992
17551587
17553759
17554218
17556912
17562066
17562941
17564647
17569608
17572441
17574039
17575117
17578755
17581120
17582844
17585674
17594459
17595443
17597900
17600767
17608354
17608495
17609099
17618970
17619729
17622374
17625652
17626332
17632476
17637574
17639063
17640658
17641595
17648185
17652694
17653457
17656707
17657666
17660021
17665412
17667217
17672405
17673223
17673321
17676610
17677177
17680927
17681828
17682197
17683156
17684306
17688312
17698160
17712107
17716568
17716966
17719937
17720880
17721812
17724481
17724764
17725063
17727726
17739305
17740980
17747125
17748047
17748505
17748536
17751570
17752253
17754276
17770195
17771086
17777688
17791740
17792881
17793698
17795469
17796094
17803405
17817144
17818105
17826073
17828764
17834886
17836590
17837625
17838356
17839382
17843002
17848329
17852607
17855059
17855273
17858642
17869345
17870337
17875347
17876150
17877380
17878832
17878989
17880965
17881763
17884705
17885383
17887106
17887422
17889687
17890492
17892810
17900241
17900823
17900996
17903899
17905757
17910017
17911389
17913304
17914196
17920063
17924379
17929850
17932944
17936821
17937293
17939498
17940012
17941626
17951240
17962932
17964210
17966489
17969214
17973035
17973065
17975795
17980119
17993068
18000361
18002264
18002596
18014478
18015505
18019161
18020492
18022115
18025174
18027637
18029286
18038487
18040924
18041063
18041123
18043109
18046752
18049449
18053669
18060389
18063902
18076434
18077231
18081291
18084918
18087670
18090003
18090854
18095573
18102614
18107210
18108980
18111847
18117398
18118209
18122095
18123162
18123977
18132641
18134607
18134894
18135177
18139409
18141864
18142454
18148631
18153463
18154153
18158763
18182140
18182444
18184557
18185293
18186605
18188826
18191055
18192817
18197251
18199137
18204583
18208749
18209763
18209952
18210511
18212711
18213279
18214976
18216585
18216991
18217915
18218011
18218200
18220288
18223493
18224844
18225186
18226503
18226947
18227467
18233055
18233307
18238258
18238998
18248518
18248684
18253883
18259943
18262059
18270132
18275455
18278307
18287225
18294280
18294638
18304199
18304513
18308671
18318162
18323690
18324680
18328551
18329645
18329967
18332672
18336653
18339076
18339762
18342046
18343994
18348812
18357055
18357083
18357588
18359273
18359640
18365075
18371349
18373313
18374459
18375830
18376015
18378124
18381450
18390400
18392289
18392371
18394987
18397980
18398827
18399343
18400987
18401880
18408168
18411458
18415045
18420003
18424877
18425712
18427420
18427857
18429079
18429215
18430626
18430915
18432723
18434269
18442399
18444970
18445334
18456084
18458565
18462344
18465603
18466146
18466740
18467257
18468787
18472548
18472584
18476388
18477641
18478006
18480010
18480299
18485735
18487470
18488715
18489700
18492350
18492969
18494888
18496026
18497923
18504082
18508641
18510041
18511510
18512944
18520106
18532420
18533304
18534839
18536319
18537045
18539228
18547072
18550573
18551626
18554267
18559694
18563728
18566192
18567059
18570427
18574958
18582701
18584671
18586277
18589267
18591937
18602541
18604057
18604208
18608416
18610810
18611126
18614464
18617998
18618150
18619159
18622515
18623681
18623907
18636061
18637848
18638520
18638729
18639568
18642911
18644199
18646604
18648654
18657643
18661533
18666366
18666399
18670129
18672865
18676914
18677641
18679400
18684357
18684414
18685203
18685886
18689432
18692270
18692349
18698981
18699052
18700423
18702318
18705107
18706949
18708048
18712903
18716009
18718683
18726550
18727349
18732832
18733291
18735363
18737384
18738026
18741148
18742204
18742791
18743558
18743932
18746367
18750422
18755699
18756002
18757992
18761010
18761139
18768906
18770921
18771775
18772006
18773670
18778191
18779876
18781096
18782444
18783446
18784964
18785472
18789217
18790927
18793567
18794656
18795473
18796157
18801891
18801909
18807199
18808697
18814948
18816018
18822936
18824732
18826465
18826829
18828584
18829333
18831203
18833247
18837212
18838496
18841812
18846972
18850734
18859548
18860689
18862185
18863815
18865737
18866606
18867576
18868765
18872460
18875225
18884965
18886559
18896197
18899711
18900176
18900967
18905382
18908728
18911308
18911521
18915017
18915553
18920444
18922567
18925233
18930569
18930933
18932804
18933995
18934784
18940598
18941364
18941813
18942129
18942505
18948681
18949557
18952563
18953460
18955503
18956359
18960711
18964322
18968810
18970423
18971456
18978228
18978624
18982375
18984170
18988862
18989557
18994342
18995711
19007643
19010405
19015134
19019381
19021819
19021928
19023171
19025023
19025518
19029240
19030405
19031066
19031769
19041057
19042082
19044183
19046064
19050350
19059191
19059273
19059439
19067450
19069143
19069344
19071086
19084016
19084838
19085662
19094139
19095132
19095495
19097095
19102757
19102961
19109095
19110895
19113685
19119074
19125057
19125758
19131819
19134153
19137768
19139247
19141459
19143575
19146246
19148965
19152128
19153111
19157127
19159065
19159419
19160816
19161403
19162271
19162908
19170879
19174881
19180465
19186422
19191637
19198194
19202282
19203400
19206655
19216713
19217019
19219442
19220441
19223799
19224742
19227147
19231165
19232041
19232492
19232631
19239497
19240912
19248073
19249000
19258490
19261036
19262719
19272154
19276473
19278559
19281267
19282461
19297435
19298573
19300128
19300858
19302735
19302750
19304158
19307612
19308833
19311205
19311969
19312276
19315989
19318696
19323740
19337513
19343445
19345856
19349998
19350088
19351733
19355477
19362296
19363781
19364802
19366829
19367412
19374050
19375082
19375844
19376184
19377149
19382161
19387574
19402817
19404749
19407129
19410444
19413289
19418758
19422102
19423200
19424168
19425401
19427132
19429665
19434539
19437348
19442038
19443280
19443657
19445166
19447107
19447765
19451674
19453501
19453912
19454079
19454508
19456765
19461169
19461287
19462238
19468448
19479618
19484988
19488271
19488375
19491584
19493204
19493438
19496141
19496310
19504361
19505029
19509275
19510467
19511255
19512576
19516658
19520160
19521316
19523951
19526322
19529572
19533722
19540965
19556224
19558891
19560021
19562115
19570472
19574562
19576198
19582897
19583520
19594972
19600400
19605022
19606947
19609441
19613993
19615375
19617080
19619718
19620073
19623799
19624843
19625823
19629881
19631164
19634436
19637230
19638062
19640586
19641652
19641903
19653407
19661792
19664419
19669516
19669656
19671727
19677753
19679610
19680248
19691260
19692094
19695737
19700106
19701579
19702832
19710404
19722344
19724742
19725143
19726092
19727363
19728482
19729463
19732029
19734221
19737442
19739030
19740587
19743980
19744602
19747276
19750775
19750927
19753800
19762215
19774225
19777246
19779794
19782537
19784865
19794883
19795439
19796198
19797267
19797391
19800245
19800569
19806441
19811534
19815065
19817529
19822464
19825823
19827731
19827785
19834142
19836022
19842882
19844359
19845837
19847299
19850663
19852721
19854305
19858259
19862028
19862567
19869877
19882674
19888611
19894200
19894335
19900686
19900717
19901326
19913637
19915098
19918337
19919178
19920516
19929317
19934722
19935487
19936211
19937606
19941673
19945553
19948992
19951208
19953316
19955743
19957289
19971861
19972691
19975670
19977621
19984316
19985697
19987831
19988076
19991833
20003536
20007108
20007276
20007652
20008611
20011291
20016864
20020981
20022545
20024504
20025880
20038203
20039183
20040271
20040338
20043887
20044367
20047006
20051808
20069138
20071305
20074067
20074605
20077254
20079091
20079458
20081142
20083083
20085916
20087069
20089210
20095545
20098173
20099659
20103209
20114899
20115406
20116588
20117807
20119094
20120715
20125546
20126164
20126932
20128375
20134682
20139823
20141332
20147427
20149105
20151854
20152046
20152748
20153513
20155408
20156916
20158158
20158831
20161130
20161964
20175745
20179665
20179767
20180014
20180750
20183352
20192299
20195268
20195651
20196551
20200680
20200810
20203839
20205710
20208973
20209180
20213670
20215197
20220395
20231957
20234028
20237905
20239947
20240903
20242321
20242424
20243120
20243254
20243351
20246035
20246339
20247348
20253984
20264101
20264332
20266796
20268205
20268877
20269443
20269531
20278662
20284845
20286691
20286912
20287374
20287430
20289520
20290238
20290602
20292819
20293320
20293735
20295418
20299215
20299668
20299717
20300491
20300948
20301794
20302638
20303336
20310822
20311694
20318040
20325381
20326434
20328375
20330047
20334670
20335968
20340103
20344592
20348094
20350058
20350289
20352050
20360633
20370830
20374290
20375094
20377435
20379386
20379542
20381273
20383131
20384404
20385891
20388433
20390388
20392690
20395963
20401652
20402808
20406072
20412964
20421125
20422811
20423230
20430158
20434071
20435862
20439010
20440094
20442481
20452682
20455517
20459115
20462734
20465093
20466320
20468299
20468556
20475949
20481816
20488846
20497708
20498350
20498986
20499301
20501934
20509235
20512364
20516837
20518725
20521311
20522372
20523983
20524407
20529492
20529950
20530015
20532600
20534653
20540899
20545553
20549153
20553226
20556275
20558348
20566246
20568548
20569378
20570433
20574462
20575544
20576814
20581021
20587909
20590009
20593803
20594615
20598478
20600252
20604133
20605400
20612331
20615044
20616013
20621042
20621249
20623852
20627552
20629020
20629492
20630311
20633520
20634522
20634688
20635091
20638906
20642304
20645835
20647453
20650274
20651610
20652102
20655565
20664528
20664803
20665959
20667575
20667605
20672262
20672328
20674663
20675755
20685904
20686803
20687779
20689233
20695170
20697075
20699791
20700933
20704313
20705679
20712010
20712276
20718183
20725693
20726062
20726081
20726316
20734278
20734515
20741212
20746335
20746797
20749903
20750563
20751127
20752387
20753804
20768514
20772742
20775584
20780719
20783697
20790284
20797538
20798125
20798492
20799851
20805445
20809953
20811888
20814133
20815178
20818548
20824311
20832308
20835252
20836057
20844863
20851623
20853689
20868438
20871695
20875912
20878816
20879038
20880231
20882421
20886436
20890151
20890330
20891726
20891811
20896314
20897114
20901288
20902476
20905054
20906941
20912031
20915858
20918833
20923367
20923764
20925049
20932199
20935560
20936703
20940693
20941449
20944297
20945998
20951358
20956525
20956781
20958276
20962205
20969113
20972243
20973639
20975890
20976196
20985952
20987891
20988715
20990014
20999309
20999915
21000566
21001258
21009880
21013408
21018446
21029934
21031246
21032212
21032400
21033625
21035822
21036274
21036955
21038409
21045142
21052635
21053962
21059539
21060335
21060681
21064284
21065066
21066946
21070062
21070168
21070970
21072364
21072431
21077333
21078203
21088473
21090640
21091534
21092330
21093107
21096283
21096785
21098010
21098648
21100415
21100528
21106005
21108857
21109151
21110483
21115762
21120244
21121746
21121971
21131095
21133047
21138802
21139016
21139067
21139918
21149072
21149454
21151371
21155456
21158050
21158301
21158541
21160139
21160927
21171492
21173687
21174467
21174791
21178055
21179521
21187443
21190121
21194639
21198416
21198812
21200511
21202593
21203595
21204621
21209929
21216839
21216936
21218307
21220968
21223846
21227527
21230157
21230926
21231245
21231883
21232083
21236691
21236734
21250457
21250977
21252923
21260014
21261968
21264108
21267352
21267459
21272678
21275480
21276395
21276995
21279576
21279803
21279844
21295938
21306785
21307229
21309190
21312634
21323109
21330536
21331184
21334148
21339602
21340165
21340713
21343422
21343729
21345871
21358456
21360098
21363375
21368301
21369478
21371574
21371765
21376097
21376593
21377744
21382091
21384511
21385510
21391535
21393258
21396025
21397652
21398884
21401463
21403212
21405236
21409975
21411450
21413081
21413401
21413914
21417045
21417395
21418471
21418742
21420884
21424707
21425705
21428145
21429766
21437659
21440993
21447322
21448597
21460305
21460324
21476104
21476754
21477484
21477981
21481393
21486674
21487510
21487592
21489927
21491997
21492843
21496973
21504950
21505129
21508648
21510693
21515332
21516682
21520572
21529164
21531202
21533075
21534825
21540057
21545821
21554215
21555516
21558669
21562081
21563415
21564128
21564862
21566460
21567173
21567264
21567684
21569936
21570965
21571229
21572527
21579577
21581971
21585688
21590268
21592746
21593062
21595494
21598587
21599696
21600474
21600655
21606941
21611829
21616091
21616313
21616777
21617574
21622743
21624961
21626770
21629829
21633429
21633995
21634013
21636153
21637093
21644060
21650938
21655474
21657612
21661608
21661933
21665525
21666919
21672588
21673426
21674477
21677572
21678263
21687959
21691595
21692334
21696573
21706038
21706902
21708575
21709886
21715350
21717695
21722422
21722678
21724611
21733915
21738252
21743661
21743882
21746529
21747185
21749137
21754368
21759331
21764191
21767458
21771210
21773920
21775399
21781133
21785413
21786502
21788202
21788324
21796731
21799525
21800137
21804957
21806025
21810185
21810833
21810952
21818328
21820626
21825898
21829028
21830566
21835213
21835388
21839707
21841437
21845265
21847772
21850340
21853801
21859560
21862447
21865150
21865686
21866525
21871345
21879223
21880528
21885547
21886735
21894808
21905423
21905778
21909405
21909407
21915966
21917571
21917685
21929172
21931894
21935923
21936134
21936291
21942586
21943713
21944973
21948436
21956718
21958197
21962363
21964380
21964599
21968019
21975328
21976021
21982539
21986636
21987329
21989077
21991812
21999469
22006174
22007834
22011613
22016620
22018106
22021646
22023002
22024801
22030683
22033702
22034143
22045689
22045872
22053503
22055376
22057905
22066671
22076128
22078985
22079142
22079814
22086460
22086972
22088304
22090684
22093406
22093549
22094218
22095182
22095363
22096656
22100291
22103010
22103140
22103638
22113851
22116018
22117765
22119198
22126727
22132772
22138216
22145039
22150135
22151456
22154287
22156872
22161792
22163917
22167722
22169271
22173934
22178102
22179177
22181338
22188426
22189462
22197926
22200223
22201794
22207964
22209002
22212601
22215324
22215365
22216669
22218642
22219068
22225969
22225994
22230974
22234193
22237226
22239539
22240907
22243021
22243935
22244395
22250531
22250543
22250916
22254413
22256262
22256512
22257437
22258485
22262791
22274865
22276674
22277820
22278237
22278886
22278990
22286188
22290587
22293405
22294279
22294990
22296153
22299193
22300053
22303656
22308453
22309535
22309777
22310710
22312929
22319710
22320570
22321187
22323335
22325357
22325593
22327422
22327467
22331172
22333230
22334797
22335194
22337243
22338712
22339865
22349819
22350909
22352633
22356314
22357520
22358710
22363245
22366952
22368550
22369432
22370361
22372402
22373291
22374134
22375651
22380338
22380651
22382553
22384054
22384400
22385572
22386071
22386124
22386871
22389625
22392676
22397000
22397008
22400183
22400912
22409895
22410805
22411487
22412179
22415728
22415952
22419747
22420975
22421854
22422625
22423112
22424067
22424674
22427157
22429770
22430719
22439643
22442505
22444554
22448385
22450125
22451637
22459271
22459613
22463063
22465194
22466916
22467419
22474233
22474454
22476957
22477659
22480151
22480350
22484855
22485200
22485374
22489735
22490011
22490754
22491195
22493162
22494066
22495287
22496174
22499312
22503535
22505247
22514184
22517258
22520121
22520800
22520913
22523908
22524251
22524504
22529027
22530247
22532649
22535104
22535509
22538902
22539164
22542126
22550162
22550498
22552982
22555681
22556713
22557664
22557671
22561401
22572038
22573898
22574055
22575412
22580961
22584512
22585852
22587311
22587791
22588779
22590362
22591102
22594550
22595037
22600581
22603081
22611347
22611869
22613105
22615128
22618166
22620167
22623921
22627013
22627036
22628645
22629786
22635658
22641976
22642834
22647730
22648354
22650149
22650265
22653791
22656853
22658875
22669029
22674133
22674434
22675885
22680758
22683800
22684902
22686863
22688668
22691679
22697565
22697992
22700282
22705188
22711690
22716774
22723821
22724547
22731358
22736298
22739070
22750206
22753644
22756477
22760106
22762218
22763683
22768098
22769680
22770325
22771460
22771586
22772931
22785342
22786195
22788319
22788610
22789407
22795457
22797564
22798316
22798709
22805321
22805530
22813296
22820889
22822690
22825284
22825679
22829545
22832711
22836146
22840103
22850841
22851995
22852950
22854809
22856077
22867979
22873652
22874046
22876791
22877437
22878052
22881866
22895170
22896820
22897176
22898595
22899325
22901435
22905211
22905387
22907515
22907538
22908385
22909949
22911121
22911448
22913152
22916124
22916889
22917204
22919851
22921148
22922333
22923324
22927406
22927781
22927880
22932699
22939331
22942475
22944558
22947466
22954341
22957617
22962570
22966063
22966513
22967004
22979948
22980038
22981708
22983891
22984222
22989354
22990614
22991270
22992152
22997685
23001099
23001428
23001570
23001653
23003429
23003894
23005531
23005908
23009101
23010522
23013740
23014607
23016680
23016732
23017756
23025749
23032732
23033677
23037182
23040615
23044528
23044935
23047433
23050265
23050313
23056997
23064540
23066336
23069358
23078291
23081714
23083174
23086210
23090018
23090581
23099771
23103395
23104045
23104785
23107238
23109325
23109882
23110309
23116701
23122972
23126356
23131616
23133047
23138124
23139250
23155118
23169554
23176644
23177688
23178117
23179062
23187463
23192184
23192689
23195792
23224007
23225940
23227053
23227790
23228667
23228951
23232083
23234742
23238424
23238559
23239005
23240191
23240785
23246520
23251797
23252750
23261181
23263555
23267240
23268185
23268964
23272899
23276513
23278856
23279961
23281862
23286072
23292935
23294307
23308647
23311378
23311498
23311747
23311875
23314204
23321572
23323241
23331452
23334712
23334721
23335200
23338337
23345569
23346697
23348072
23350798
23354388
23361009
23362570
23362764
23363406
23364103
23365100
23366422
23371857
23375019
23377481
23379509
23382240
23386488
23386832
23387814
23394346
23398712
23400691
23400916
23403155
23406234
23409803
23409901
23412297
23418718
23424728
23425895
23428059
23429633
23434366
23437982
23449684
23457535
23462621
23463734
23470712
23471008
23475050
23478700
23479298
23480151
23484339
23488200
23493067
23493824
23495699
23496907
23505509
23507387
23514376
23516734
23520403
23534258
23534486
23536495
23541661
23543427
23544437
23548472
23551315
23553223
23554117
23559152
23559614
23559855
23560449
23568579
23571771
23572619
23576644
23577368
23577371
23577841
23578019
23579507
23581602
23584722
23585074
23585247
23585537
23585661
23586944
23590168
23595700
23598072
23599579
23602028
23602626
23602965
23605505
23607208
23607216
23608526
23609706
23610315
23617288
23622271
23631348
23634147
23634703
23636900
23639428
23647909
23653451
23655799
23657069
23659111
23659575
23659812
23661201
23662735
23663144
23665655
23666097
23666534
23667140
23677323
23678396
23684683
23685034
23690548
23693273
23696070
23697050
23698604
23699626
23699767
23709029
23710383
23712701
23713222
23717923
23722036
23722227
23722789
23726670
23729460
23729591
23734275
23745404
23750322
23751197
23751390
23754078
23755489
23756411
23758203
23758689
23759659
23770767
23771306
23780490
23781141
23782795
23786508
23788947
23792143
23803784
23804035
23807556
23810880
23813989
23815827
23817757
23820393
23820710
23821125
23821754
23823802
23824105
23826475
23827164
23831140
23831845
23834626
23835547
23836456
23844888
23847690
23849151
23851626
23851831
23854857
23856460
23856716
23857505
23857526
23868985
23869289
23873949
23876069
23877199
23882085
23887108
23887274
23892700
23893578
23896446
23898590
23899709
23900580
23900917
23902016
23902545
23906051
23910035
23912185
23912591
23914231
23925985
23926820
23932239
23935744
23938134
23939090
23940157
23943224
23946801
23951002
23952025
23954928
23956025
23958308
23960107
23965147
23970869
23974534
23976238
23977764
23981110
23982549
23983262
23984751
23987442
23988671
23994372
23995375
23999452
24005336
24009411
24014936
24016857
24017876
24029116
24030335
24033111
24038806
24039812
24041753
24042384
24042527
24043848
24044022
24045101
24047041
24047825
24055426
24057316
24057920
24064273
24068092
24072426
24073872
24074526
24075007
24087331
24090189
24090828
24095963
24096752
24101594
24103568
24109318
24110420
24112258
24116803
24116955
24119019
24120233
24120256
24126442
24127107
24129670
24135689
24139208
24139549
24140530
24140766
24141165
24142797
24143488
24144254
24147965
24150943
24151731
24152141
24159845
24160194
24160871
24170787
24174125
24185023
24187228
24188606
24188679
24192435
24194483
24194999
24212312
24214794
24215122
24221062
24223507
24225811
24229755
24230167
24237582
24239323
24242535
24243721
24248542
24249163
24249963
24251589
24252885
24254584
24261026
24262474
24266755
24267375
24267445
24275100
24279079
24279401
24279582
24280909
24284132
24284278
24285413
24288488
24292117
24292279
24293633
24295645
24307144
24311084
24311097
24311694
24314095
24314596
24317351
24319318
24323430
24327833
24328274
24329133
24336486
24337761
24337838
24339731
24340581
24340869
24344500
24353338
24355444
24355507
24357782
24358365
24358410
24360618
24363355
24364975
24374182
24381052
24382172
24388600
24389393
24389626
24390289
24390450
24392915
24394336
24395170
24395976
24400055
24401596
24402572
24402819
24404271
24405549
24408061
24425414
24427158
24428654
24429656
24434586
24436195
24437445
24438089
24442205
24442624
24446782
24452095
24456794
24458943
24471762
24476428
24476870
24478320
24482389
24482885
24483174
24483855
24488630
24489401
24489546
24489732
24491576
24493920
24505474
24511080
24512045
24514422
24516663
24518589
24519388
24519442
24520328
24523021
24525197
24526998
24528314
24531627
24550913
24552370
24556043
24559793
24561581
24563762
24565168
24566334
24568989
24570254
24584243
24596910
24598573
24606312
24610567
24612508
24613756
24628594
24629963
24631531
24632243
24634037
24634268
24634939
24638746
24643196
24654127
24654281
24655617
24658429
24661067
24662719
24668840
24669745
24671189
24671923
24675891
24678722
24679364
24682021
24682658
24683134
24683619
24686485
24688734
24691629
24694669
24695325
24695994
24699258
24705677
24705775
24706678
24709676
24711720
24712682
24713995
24714629
24715796
24718732
24719894
24725489
24725514
24731951
24732429
24735226
24736486
24737367
24738678
24740168
24741273
24744343
24748818
24748918
24756335
24757165
24758151
24758701
24760534
24762965
24776193
24778599
24778947
24781459
24783537
24783907
24785193
24793046
24795213
24799620
24799827
24805576
24809460
24811018
24815535
24817353
24819722
24820684
24828933
24836627
24846340
24846470
24850572
24851596
24855023
24855722
24857331
24861829
24868639
24874480
24875812
24876730
24877617
24880738
24881555
24886609
24886829
24888521
24893260
24894817
24896508
24900724
24903692
24907554
24907978
24909380
24913244
24914277
24917310
24924342
24925726
24928006
24931144
24931783
24934782
24935023
24936331
24937300
24937890
24938392
24938545
24941171
24941639
24943388
24944492
24945946
24951072
24958750
24959993
24975692
24980803
24980905
24994610
24996959
25001424
25005984
25006994
25007664
25008766
25011726
25018464
25019783
25020604
25022041
25025303
25025986
25026926
25026936
25027287
25028471
25029230
25042358
25044149
25047416
25061120
25064966
25066940
25067592
25069826
25070300
25073285
25073942
25076002
25076741
25077318
25077462
25080210
25080218
25082708
25087811
25088550
25091380
25099426
25100963
25105868
25115650
25117663
25120207
25123796
25128823
25129610
25130071
25130561
25138489
25140697
25141336
25142027
25143801
25152211
25160147
25160575
25164673
25167584
25168614
25168693
25173262
25173830
25178935
25196931
25198305
25221586
25222458
25227303
25235965
25241567
25248519
25249546
25253761
25259521
25259595
25261182
25264756
25265139
25265707
25268472
25273407
25277510
25281848
25284650
25289713
25293108
25294511
25296122
25296208
25297144
25301558
25304715
25305098
25308247
25308862
25311847
25317650
25322357
25322383
25323181
25334017
25336705
25336724
25337744
25344457
25347098
25347507
25355947
25357981
25362160
25368630
25372118
25373884
25378362
25380011
25385625
25387489
25388643
25392901
25402562
25403670
25405162
25408417
25409360
25412140
25413566
25416044
25432437
25437129
25441049
25444780
25446973
25450974
25452994
25454902
25457755
25459206
25462538
25466212
25471044
25480890
25483316
25485615
25488975
25493554
25494239
25497074
25505367
25506483
25509433
25510098
25514571
25515569
25520982
25521888
25524156
25528714
25529691
25530496
25531770
25534885
25534965
25538389
25552449
25553419
25555972
25561339
25566781
25573828
25575271
25576579
25578327
25584503
25589817
25597630
25600218
25600602
25600867
25601122
25601493
25606276
25614076
25622940
25624798
25625296
25626016
25626323
25626587
25627235
25631166
25633472
25637555
25642971
25647818
25648516
25648583
25650027
25652013
25655737
25656345
25661028
25667869
25670137
25670655
25673895
25678032
25683934
25685516
25687909
25691191
25694003
25695321
25697273
25697372
25698332
25705060
25712183
25712419
25713532
25715440
25715748
25718055
25720961
25724243
25726385
25726856
25729442
25729789
25731865
25732115
25735588
25735590
25741341
25748697
25754212
25758412
25761721
25767486
25777112
25779106
25780825
25784294
25786309
25790398
25799480
25799575
25802715
25803212
25804805
25808788
25810249
25813098
25813152
25813167
25813468
25819696
25832586
25852555
25852993
25861282
25867438
25871127
25877330
25878645
25879488
25886826
25888199
25891238
25891666
25895004
25897940
25901633
25903425
25904046
25910564
25913838
25917927
25918823
25924989
25928677
25929264
25935661
25936495
25936847
25937311
25939374
25942002
25948673
25950748
25950782
25951402
25952760
25958963
25959619
25961582
25963459
25967903
25968761
25976753
25984450
25995975
26000410
26001463
26003060
26003976
26006437
26011374
26012668
26014472
26016830
26016895
26016979
26017457
26018681
26024275
26027229
26028345
26029296
26032502
26034371
26036796
26042468
26043285
26052937
26054204
26057570
26058112
26060433
26067604
26070055
26073560
26084441
26085631
26088751
26089977
26092898
26095494
26097040
26097365
26097412
26099502
26100070
26100100
26102935
26111383
26122319
26123894
26125858
26126207
26128401
26130661
26138168
26138173
26140877
26145183
26146985
26149238
26162612
26167515
26168169
26168237
26170507
26173002
26179733
26180197
26180510
26183320
26186997
26199582
26205409
26207099
26207691
26211904
26215888
26218993
26233120
26238659
26241133
26242948
26247175
26249106
26257274
26260548
26261426
26266136
26269213
26269383
26278737
26279002
26280020
26286773
26290639
26290764
26299018
26302308
26302904
26310248
26312646
26318123
26318688
26326778
26328875
26332182
26333948
26335318
26337105
26341102
26348666
26350839
26354454
26358068
26360730
26362868
26364386
26365929
26373286
26376031
26377393
26390426
26394000
26397217
26398167
26399898
26406300
26413594
26416355
26418405
26421331
26422746
26426896
26428758
26445732
26449975
26456314
26456563
26462398
26465099
26465767
26469938
26471330
26475494
26486555
26488048
26488965
26491868
26500943
26504118
26504199
26507934
26514195
26517792
26519529
26520607
26525536
26532251
26537479
26538104
26539735
26541189
26541823
26547426
26553419
26555193
26555440
26555729
26557117
26559707
26561414
26561559
26563729
26564849
26565036
26565805
26572164
26572569
26573407
26574828
26576628
26576880
26579564
26579726
26580289
26581443
26584233
26586754
26587813
26588992
26590266
26591615
26601748
26603101
26607789
26610324
26612645
26614839
26615610
26627127
26627451
26629282
26630931
26632167
26636810
26640829
26642725
26650101
26650814
26658287
26659941
26660386
26669764
26670436
26671013
26673677
26673878
26673931
26674833
26683617
26693370
26695242
26700363
26704107
26705244
26707358
26713641
26713768
26715392
26715452
26716144
26716678
26719393
26723626
26723640
26728051
26729301
26729864
26731482
26737874
26738467
26747712
26748582
26760105
26769438
26769440
26770359
26776922
26780522
26783396
26783802
26784647
26793782
26797958
26798881
26799799
26805966
26810220
26811072
26812326
26821909
26824763
26827835
26835842
26840926
26849727
26862463
26862643
26863250
26866584
26872798
26878110
26882086
26882949
26883122
26885144
26886170
26891326
26893440
26893482
26897895
26899927
26901191
26903597
26910099
26912733
26923816
26925198
26927188
26928951
26946046
26946551
26948723
26954308
26954585
26955155
26956640
26957777
26957946
26962208
26967984
26971874
26975655
26978310
26978528
26978596
26981939
26983769
26986895
26988728
26990934
26993959
26995017
26996003
26996081
26998854
27001944
27005248
27006829
27008697
27009484
27009792
27015395
27024234
27024780
27029773
27033557
27034915
27043558
27052837
27053628
27053777
27056213
27071407
27073703
27078587
27080728
27082785
27084732
27087038
27088307
27090705
27092894
27092990
27100017
27103233
27103850
27104714
27106576
27108107
27112084
27116218
27117847
27124662
27126894
27129130
27138653
27139687
27146144
27157441
27157726
27166103
27169845
27174278
27178959
27179596
27181683
27181767
27184535
27199547
27200511
27201364
27207060
27211119
27213025
27225134
27227506
27231673
27232396
27234365
27235934
27237067
27237481
27238140
27240814
27241150
27245557
27245745
27247912
27251261
27253938
27254717
27254966
27257323
27257447
27260007
27263032
27264963
27269128
27270408
27271198
27276183
27277101
27278084
27278896
27282094
27284689
27288193
27288787
27293385
27297757
27302063
27302101
27304116
27309268
27314178
27314493
27315394
27315538
27325176
27333034
27333212
27333400
27335649
27338236
27344246
27345179
27350468
27351101
27352403
27353331
27358028
27359895
27361599
27362083
27364704
27364719
27369249
27371343
27371403
27372067
27376406
27383418
27383762
27384407
27393824
27394165
27406665
27407150
27407867
27410245
27411563
27412985
27414720
27419523
27419601
27426147
27429445
27431857
27433395
27434852
27436769
27437221
27441359
27443265
27443604
27448431
27449141
27453338
27455735
27462175
27463478
27464636
27466165
27466202
27468463
27469020
27469252
27471899
27473874
27480152
27480349
27490841
27491092
27492450
27492592
27493731
27495398
27495510
27498341
27501346
27502582
27502626
27506909
27519956
27523376
27524461
27532876
27539046
27547087
27549153
27551029
27554093
27554526
27556851
27559326
27561705
27562765
27566438
27568779
27569157
27570031
27571789
27573483
27577431
27577468
27580048
27580270
27580533
27591528
27598920
27603904
27604520
27605464
27605932
27607184
27610343
27611280
27612265
27615226
27621955
27623800
27624470
27626068
27632688
27638335
27639603
27646362
27649100
27649457
27649838
27654644
27658286
27662203
27666889
27667065
27669608
27670609
27674049
27675857
27678456
27679217
27682930
27687022
27691350
27694209
27694463
27697001
27701150
27702460
27708840
27717304
27719882
27720200
27724560
27727666
27729618
27731716
27732877
27742396
27748624
27748644
27752370
27756859
27758341
27760811
27767264
27767955
27770194
27772147
27773129
27776830
27782451
27785464
27786494
27792067
27792309
27799467
27801725
27804905
27805543
27810158
27812239
27812993
27813995
27815702
27816092
27826312
27834808
27855636
27857027
27858658
27859904
27860817
27862554
27864077
27865475
27871152
27873672
27877831
27877894
27879710
27888976
27889006
27893837
27896818
27899073
27907285
27907314
27911413
27912970
27917007
27921950
27924375
27925024
27927804
27931228
27936611
27937272
27938768
27938771
27940444
27944359
27947962
27950341
27950548
27950648
27953691
27962773
27964811
27967510
27967930
27970238
27976034
27979884
27983710
27999362
28000964
28003042
28009368
28009869
28010195
28010327
28016647
28016928
28017045
28018757
28019943
28023042
28023703
28024723
28025279
28028322
28028494
28028654
28030982
28036366
28037332
28047889
28051637
28051724
28058430
28061263
28065055
28073980
28074876
28077632
28084981
28089127
28091092
28093770
28102143
28102235
28104139
28105439
28111541
28112243
28113492
28115147
28116129
28119946
28130486
28136551
28137418
28137590
28142752
28144248
28144505
28147527
28157280
28167060
28168712
28170153
28170162
28171437
28171828
28173724
28176662
28191577
28193088
28196603
28200041
28200890
28206891
28209862
28211282
28211993
28212547
28225014
28233925
28237616
28239356
28247383
28249796
28252432
28257785
28261490
28262334
28263368
28276599
28278859
28284291
28288184
28299783
28300568
28302574
28305719
28307265
28307309
28308734
28310252
28315980
28316264
28319437
28325171
28328542
28330705
28331856
28333604
28336338
28337783
28349436
28351022
28362740
28363277
28363680
28364536
28367542
28371432
28377241
28378149
28379637
28392510
28393025
28408460
28410393
28412222
28412619
28414397
28416863
28417304
28417615
28417877
28428159
28429760
28434508
28435617
28435772
28435974
28437296
28438545
28441155
28452787
28453867
28458420
28462424
28462669
28464794
28468387
28471183
28471315
28476080
28476262
28477075
28477216
28487093
28490446
28493831
28495607
28496117
28498735
28498967
28507360
28507450
28516699
28516944
28518444
28521905
28525676
28526743
28527858
28530448
28531226
28538699
28540457
28541503
28542650
28546619
28549166
28550608
28568207
28570040
28570571
28576587
28595466
28600614
28602979
28609931
28610931
28611466
28615392
28616004
28622072
28627842
28629913
28631369
28644037
28644059
28645095
28645972
28652023
28652681
28655615
28655753
28657668
28662543
28663140
28666733
28667257
28675431
28675890
28686794
28687913
28688016
28693953
28695446
28697019
28707396
28713898
28715176
28715600
28726832
28729304
28732089
28735602
28738132
28742966
28743814
28744058
28745128
28745802
28746618
28751654
28754073
28754708
28758968
28763657
28764722
28768282
28769484
28771275
28774948
28779610
28780089
28780364
28783057
28785962
28788875
28797389
28806894
28808148
28808274
28810863
28811254
28811632
28818201
28826265
28830993
28832873
28834049
28834361
28834907
28835570
28843159
28844979
28849712
28852370
28859885
28869135
28870403
28871564
28871790
28873291
28876263
28881990
28890648
28891440
28899999
28900394
28901522
28902272
28903584
28908823
28919295
28921914
28923258
28926764
28927586
28928986
28929587
28937946
28957844
28959392
28959567
28960703
28961392
28964038
28964568
28966216
28972068
28979247
28988968
28990672
28994419
28999567
29011305
29011770
29014439
29015260
29017134
29017278
29019460
29023515
29028426
29034481
29037525
29041372
29041760
29043956
29053836
29055326
29056181
29058513
29065934
29071909
29076518
29083003
29085016
29092850
29095407
29096607
29101753
29107037
29119303
29123565
29127567
29129557
29130890
29131757
29131903
29136697
29145037
29154815
29156665
29156952
29158339
29164352
29165102
29166831
29167355
29170256
29170637
29174678
29175228
29179115
29180698
29181477
29187393
29195408
29198203
29200281
29203685
29203957
29206284
29207037
29214010
29214860
29217727
29220358
29221117
29221468
29221539
29233422
29234667
29236825
29237542
29240349
29240945
29241109
29245999
29246505
29250053
29251707
29256809
29258949
29260811
29261736
29264109
29267878
29270511
29271704
29278023
29281430
29282807
29286580
29288920
29293434
29300717
29304728
29311506
29313217
29314992
29317397
29322187
29326194
29327679
29331761
29331901
29334663
29335056
29335508
29340142
29347736
29348490
29354179
29356490
29357234
29366450
29368888
29371776
29374089
29374619
29378167
29380022
29380737
29380839
29383844
29387379
29390787
29391315
29392228
29395554
29396189
29396889
29397021
29400248
29400407
29402281
29402765
29409379
29410107
29412933
29413488
29414208
29420193
29424693
29431643
29435260
29436875
29437544
29439334
29440148
29442035
29445638
29453068
29455993
29464088
29468642
29468900
29470495
29471156
29475317
29484618
29502413
29508956
29510894
29511499
29513458
29515122
29517671
29518862
29518917
29520145
29520161
29522090
29523253
29527550
29528459
29532351
29533711
29537558
29538704
29540251
29540940
29545721
29547131
29552224
29552768
29565088
29565575
29566982
29570564
29572421
29577205
29583030
29585835
29597177
29597793
29598143
29598153
29598740
29599165
29605569
29608322
29609177
29611197
29615182
29615814
29620230
29620325
29622381
29636512
29637333
29648614
29653794
29663349
29670088
29670727
29674531
29677778
29679504
29682227
29683404
29685407
29690279
29692145
29695737
29697839
29710486
29712469
29714769
29721958
29730377
29732032
29732535
29733962
29734891
29736240
29737290
29740018
29743449
29744949
29748419
29752571
29764365
29768087
29768965
29771460
29772050
29774407
29775121
29775498
29775693
29775870
29776691
29777381
29779576
29779996
29781075
29783101
29783115
29788746
29794788
29799647
29809628
29810566
29813263
29816027
29820918
29824369
29828744
29832538
29833408
29836844
29842772
29845078
29850044
29860271
29863633
29865852
29866370
29870423
29872510
29872595
29872674
29874796
29876288
29876434
29877846
29879396
29879487
29883861
29890422
29891115
29895120
29895787
29897075
29900404
29904279
29906613
29906710
29907614
29915986
29916553
29925393
29927941
29929632
29938743
29943830
29950433
29955351
29958909
29964860
29970047
29971834
29974393
29978704
29979972
29980244
29983860
29989228
29989305
29991935
29993864
29997577
30001589
30002866
30007929
30013906
30016052
30018142
30020043
30029651
30034293
30034662
30036169
30040051
30041108
30042259
30046488
30048832
30048886
30057238
30064515
30064616
30065161
30071499
30074181
30075036
30087718
30091718
30091950
30092430
30092625
30107783
30109252
30109868
30116159
30118230
30118908
30119613
30122989
30124879
30127634
30129647
30130849
30132547
30134098
30134540
30134970
30136289
30138380
30140174
30141949
30144935
30145304
30145998
30147280
30148685
30149739
30156692
30157904
30164221
30170387
30172778
30178025
30180911
30184578
30185290
30185772
30186849
30190149
30192693
30196198
30196600
30203409
30203437
30204250
30206142
30206629
30208594
30210829
30212902
30216487
30220391
30223808
30224842
30227949
30248937
30248990
30250219
30252910
30255248
30256746
30257827
30260156
30262867
30263549
30264124
30272121
30272766
30276458
30276860
30278104
30283053
30288300
30289973
30295373
30298823
30299832
30301331
30302174
30303463
30305279
30306512
30309903
30309967
30314583
30316275
30318282
30326123
30335547
30335999
30349033
30353970
30362227
30367670
30368611
30371381
30377421
30379270
30382995
30383780
30385032
30385383
30389989
30391455
30393283
30394112
30394267
30396302
30397385
30404313
30406861
30408083
30409295
30421589
30425322
30426799
