300
550
1242
1374
1493
1866
2173
4970
4990
5121
5606
5825
6181
6293
6707
6807
6870
7055
7124
7271
7480
7665
7930
8093
8549
8999
9642
9653
9682
9703
9889
9959
10002
10167
10418
11393
11701
11704
12957
13212
13226
13687
13800
13975
14116
14383
14699
15013
15021
15388
15532
15633
15745
15905
15940
16719
17149
18370
18519
19355
19529
20206
20246
20570
20599
20902
21002
21548
22249
22428
354038
361897
365708
475919
482825
487620
537715
544297
547434
578319
580270
581078
581130
581527
583138
583529
584161
586321
586403
586770
588930
589265
589425
589933
590211
590268
591147
591172
591782
593033
593408
594755
595854
596306
596347
596797
597207
597833
599210
599463
599749
602436
603358
603367
610241
610250
612142
617940
618160
661164
663371
663734
663985
664475
664591
664646
665468
665690
665739
666677
666736
666840
667245
667529
667781
668861
668872
669264
669501
670025
670086
670472
671675
671687
671834
672017
672145
672935
672945
673616
673631
673754
673808
674122
674249
674973
675114
675310
675396
675497
676854
677066
677620
677801
678941
678992
679975
680043
773915
777016
786484
787579
788036
788064
788648
789461
790563
790985
791585
792779
793445
793463
793478
793692
794080
794839
795099
795369
795447
795744
796160
796255
796402
796792
796808
796839
797435
797569
797711
797801
797902
797976
798387
798489
799173
799958
877554
883985
886830
887359
889485
891907
921489
921876
922182
922490
922520
922822
923611
924106
924180
924460
924574
925089
926422
926662
926665
926704
926866
927101
927166
927314
927571
928329
928480
928657
928689
928795
928824
929107
929642
930576
930905
931541
931608
931798
931821
931997
932148
932166
932232
932252
932396
932441
932754
933274
933395
933505
934054
934364
934652
934909
935258
935312
935819
935882
936012
936607
937235
938282
938691
939134
939355
939535
939809
940804
940868
940874
941253
1172223
1172573
1172696
1172855
1172890
1173184
1173500
1173925
1174141
1174257
1174519
1174684
1174773
1174820
1174885
1175253
1175781
1176216
1176902
1176974
1177250
1177317
1177320
1177506
1177519
1177733
1177961
1178099
1178344
1178559
1179209
1179906
1180300
1180533
1180774
1181132
1181204
1181383
1182157
1182514
1183342
1183857
1183950
1184052
1184216
1184477
1185361
1185551
1185628
1185895
1186067
1186246
1186377
1186620
1186745
1187588
1187690
1188057
1188800
1189055
1189186
1190071
1190081
1190830
1191175
1191234
1191754
1191837
1300031
1353239
1353595
1353848
1354199
1354232
1354754
1354960
1355009
1355721
1355943
1356081
1356742
1356942
1357366
1357491
1357581
1357811
1357824
1358134
1358212
1358633
1358733
1359081
1359625
1359675
1359726
1361208
1361355
1361474
1361657
1361658
1363367
1363473
1363612
1364660
1364813
1365381
1365613
1365634
1366173
1366604
1366741
1366866
1366996
1367041
1367322
1367706
1367713
1367859
1367969
1368068
1368115
1368122
1368143
1368511
1368584
1368588
1368665
1369304
1369494
1369698
1369780
1369888
1369951
1370461
1370609
1370791
1370889
1370940
1371147
1371290
1371582
1371655
1371671
1372033
1372129
1372482
1372590
1372862
1373124
1518605
1519253
1519738
1519909
1519964
1520094
1520259
1520421
1521366
1522027
1522151
1522731
1522756
1522840
1523534
1523623
1524172
1524564
1524789
1524891
1525278
1526007
1526260
1526466
1526497
1526588
1526963
1526983
1528414
1528673
1528913
1528944
1529023
1529573
1529585
1530124
1530666
1530715
1532746
1533382
1539673
1542547
1562557
1566368
1571634
1612020
1613589
1613610
1614078
1614353
1615078
1615641
1616924
1617042
1617111
1618935
1618971
1619161
1620121
1620529
1620904
1621555
1621750
1622173
1624055
1624181
1655582
1682088
1682182
1682260
1682690
1682743
1682838
1683055
1683312
1683390
1683501
1683564
1683655
1684283
1684629
1684819
1685140
1685299
1686646
1686865
1687358
1687466
1687595
1688692
1688813
1688890
1689366
1689406
1689612
1690225
1690283
1690352
1690677
1690697
1691456
1691597
1691972
1692060
1692280
1692552
1692815
1693845
1694037
1694333
1694672
1695022
1695024
1696060
1696563
1696817
1696938
1697258
1697370
1697567
1697787
1697886
1698009
1698042
1698166
1698376
1698688
1698811
1698976
1699519
1699651
1699768
1700675
1700718
1701318
1865141
1865155
1865211
1865516
1865572
1865776
1866162
1866325
1866876
1866913
1866982
1867113
1867120
1867192
1867404
1867468
1867550
1867851
1867859
1868900
1869150
1869464
1869592
1870113
1870200
1870326
1870386
1870502
1870585
1870610
1870646
1870805
1871283
1871613
1872239
1872267
1872425
1872439
1873141
1873198
1873484
1873704
1873824
1874139
1874436
1875184
1875376
1875729
1875789
1876036
1876101
1876104
1876704
1876793
1876843
1876997
1877302
1877492
1878153
1878185
1878271
1878719
1895980
1933498
1934421
1934599
1934721
1934989
1935727
1935868
1937678
1940123
1940229
1940443
1940851
1940978
1942166
1942455
1942634
1944006
1944638
1945579
1945600
1945603
1947237
1948956
1989740
1990333
1991569
1992182
1992247
1992293
1993778
1993976
1994167
1994272
1994301
1994385
1994968
1995106
1995711
1995838
1996795
1997064
1997690
1998322
1998496
1998672
1999537
2000550
2000555
2001839
2081867
2082698
2082905
2083195
2083495
2083743
2084026
2084934
2085068
2085078
2085243
2085281
2085307
2085457
2085771
2086373
2086709
2087019
2087362
2087762
2088358
2088614
2088758
2088784
2088843
2088887
2089336
2089749
2089802
2089866
2090110
2090437
2090518
2090672
2090817
2090844
2090933
2091029
2091358
2091411
2091685
2091695
2091895
2092146
2093284
2093333
2093639
2093664
2093733
2093844
2093924
2094230
2094447
2094502
2094685
2095000
2095091
2095201
2095612
2095695
2095762
2095801
2095851
2096335
2096845
2157326
2164149
2229488
2230548
2231256
2231961
2231998
2232251
2234189
2234212
2234977
2235124
2235163
2236466
2238348
2238933
2238963
2239608
2240296
2241137
2241402
2241413
2274901
2289189
2415742
2415834
2416850
2417094
2417570
2418121
2418303
2418565
2419161
2420093
2420438
2420675
2421431
2421781
2422412
2422663
2425361
2427640
2500933
2502055
2502301
2502878
2503012
2503474
2507134
2507906
2509782
2513873
2569240
2569404
2569479
2570599
2570776
2570853
2571051
2571281
2571665
2571701
2571903
2572020
2572132
2572240
2572425
2572990
2573136
2573571
2573585
2573790
2574005
2574025
2574187
2574501
2574650
2574921
2574973
2575098
2575360
2575399
2575429
2575652
2575921
2576203
2576566
2576615
2576644
2576739
2577104
2577696
2577812
2578073
2578852
2579266
2579339
2579564
2579699
2579779
2581057
2581100
2581156
2581266
2581276
2581405
2581432
2581621
2581649
2581697
2581880
2581892
2582103
2582875
2582900
2583313
2583811
2584320
2584938
2585005
2585239
2585945
2585961
2586607
2586794
2586826
2587112
2587299
2587629
2587876
2587921
2588230
2588498
2588522
2588953
2589193
2589545
2589556
2589748
2589831
2590145
2590541
2590722
2591067
2591763
2592024
2592363
2592679
2593010
2593253
2593280
2593849
2594035
2595227
2595722
2595756
2596031
2596458
2596626
2596733
2597381
2597425
2597821
2598035
2598099
2598496
2599808
2599981
2600246
2601172
2601791
2602576
2602653
2602756
2603161
2603441
2603459
2603460
2603587
2604243
2605309
2605752
2605916
2606199
2606342
2606506
2606538
2606589
2606921
2607025
2607482
2607515
2607915
2608044
2608112
2608181
2791650
2791762
2791886
2793224
2794951
2795283
2795383
2797123
2797476
2799091
2801482
2803062
2803440
2890655
2892857
2896388
2896981
2899024
2899715
2899846
2900489
2902347
2904140
2905161
2905840
2906618
2906869
2908504
2930129
2938207
3004105
3004393
3005899
3006357
3007177
3008416
3009136
3010348
3011873
3011887
3013012
3013899
3014975
3015322
3017302
3017589
3021098
3021724
3021805
3022154
3043760
3044081
3044587
3045581
3045897
3046402
3046874
3047225
3047564
3047904
3048409
3048876
3049169
3049974
3050222
3050305
3051062
3051086
3051113
3051133
3051603
3051719
3051814
3051922
3052157
3052295
3053870
3054323
3055719
3055761
3056033
3056091
3056230
3056258
3056437
3056818
3056910
3059678
3230694
3231663
3235667
3240861
3270804
3271247
3272232
3274628
3278007
3278467
3279439
3279931
3281030
3282026
3283425
3305952
3306386
3307042
3307142
3307174
3307226
3307922
3308008
3308154
3308274
3308867
3309041
3309214
3309238
3309543
3309751
3310106
3310338
3310718
3310839
3311097
3311566
3312583
3313027
3313139
3313162
3313295
3313434
3313712
3313917
3313987
3314436
3314531
3314685
3315462
3315686
3316704
3316893
3316999
3317229
3317554
3317578
3317606
3317720
3317753
3317765
3456738
3457165
3457620
3457625
3458459
3460012
3462484
3465410
3466981
3467127
3469143
3470443
3477538
3477868
3478004
3478175
3479153
3479375
3479437
3479999
3480496
3481144
3481427
3481923
3481969
3482645
3482730
3482763
3483372
3483758
3484466
3484796
3485566
3486297
3486465
3487533
3487839
3488069
3488894
3489369
3489402
3489579
3489598
3489812
3490173
3491313
3491964
3493354
3495423
3504748
3530134
3530250
3530269
3530885
3531300
3531731
3531759
3531773
3532027
3532547
3533106
3533131
3533858
3534300
3534568
3535235
3535821
3536098
3536595
3536847
3537013
3537275
3537314
3537445
3539852
3540003
3540670
3541878
3541935
3542232
3542881
3543167
3543420
3724142
3724175
3724631
3725777
3727381
3727428
3727435
3727796
3728141
3728481
3728594
3728619
3728718
3729554
3730239
3730460
3730566
3731309
3731420
3732232
3732323
3732381
3732515
3733412
3734256
3734306
3734529
3734650
3734903
3735892
3736436
3736900
3737333
3737334
3737534
3737552
3737796
3738130
3738526
3738652
3738711
3739207
3739721
3740209
3741100
3741134
3741269
3741502
3742128
3742140
3742199
3742520
3742935
3742975
3743033
3743234
3743452
3743762
3744021
3744772
3745363
3745491
3746776
3746789
3747160
3747281
3747314
3876972
3877098
3877443
3878462
3879182
3880297
3884497
3885560
3885816
3886071
3886835
3886848
3887200
3888473
3888641
3888773
3889031
3889155
3889496
3889977
3890031
3890477
3890646
3890707
3890823
3892289
3892576
3892823
3892964
3893642
3893806
3894004
3894407
3894532
3894908
3895053
3895531
3895710
3895721
3896365
3896829
3897354
3897982
3898145
3898264
3898296
3898395
3899311
3899686
3899928
3900162
3900636
3900748
3900780
3901032
3901416
3901903
3924283
3926454
3928039
3931635
3932208
3934196
3934550
3934572
3936619
3938065
3938192
3939206
3939730
3940678
3942518
3945470
3945820
3946053
3946765
3948547
3950360
3950590
3950919
3952013
3952679
3952701
3953149
3953703
3956148
3956573
3958876
4029282
4029321
4029671
4030130
4030162
4030256
4030372
4030390
4030575
4030865
4031517
4031563
4031818
4031950
4031954
4032272
4032537
4032793
4033335
4033598
4034064
4034548
4035460
4035786
4036722
4036727
4036764
4037135
4037706
4037936
4038128
4038566
4038649
4039179
4039595
4039693
4039703
4039962
4040184
4040266
4040363
4073591
4074073
4075675
4076224
4077629
4078951
4079397
4083577
4083881
4119586
4119608
4119658
4119806
4120373
4120935
4121183
4121188
4121423
4121442
4121661
4122275
4122313
4122584
4122596
4122769
4122832
4122980
4123143
4124046
4124646
4124716
4124771
4124936
4124980
4125014
4125563
4126246
4127055
4128447
4128478
4129371
4130012
4130216
4130472
4130565
4130641
4130685
4130710
4130720
4130753
4130790
4130866
4130906
4130912
4130957
4131060
4131469
4131706
4131846
4131975
4132438
4133112
4133197
4133244
4133308
4133635
4134216
4134528
4134580
4134588
4134975
4135231
4135256
4135585
4135814
4180824
4181371
4181536
4182097
4182916
4184316
4185282
4185945
4187033
4187261
4188212
4188549
4188717
4188724
4189153
4189180
4190438
4190725
4190865
4190882
4191858
4191954
4192065
4192291
4194460
4219496
4223795
4225482
4230206
4369876
4370285
4370377
4370687
4370923
4371381
4372419
4372527
4372770
4373017
4373478
4373548
4373716
4374304
4374850
4375104
4375342
4375584
4375744
4375937
4376108
4376203
4376362
4376818
4377162
4377282
4377419
4377442
4377726
4378147
4378441
4378609
4378699
4378718
4378763
4378781
4378819
4379241
4379784
4379830
4380002
4380323
4380626
4380760
4381199
4381249
4381694
4381733
4381861
4382492
4382552
4382753
4382800
4382808
4383100
4383260
4383317
4383634
4384142
4384230
4384292
4385469
4408635
4410358
4411370
4412121
4414135
4414892
4415213
4415480
4416582
4417053
4417167
4417706
4419602
4420844
4422998
4426041
4427162
4447580
4448080
4448156
4448172
4448186
4448973
4449154
4449603
4449654
4449811
4449886
4450247
4450380
4450792
4450911
4450964
4451028
4451051
4451098
4451122
4451292
4451523
4451656
4452540
4452600
4452621
4454043
4454606
4455307
4455490
4455662
4455703
4455919
4456189
4456252
4456434
4456793
4457129
4457371
4457401
4457791
4458014
4458018
4458602
4459110
4459241
4459497
4459851
4459871
4459927
4459966
4460214
4460301
4460314
4460368
4460391
4460553
4460935
4460946
4460978
4461046
4461059
4461127
4461279
4461640
4461664
4461775
4462395
4462474
4462574
4462595
4462743
4462872
4463228
4463825
4463896
4464116
4464167
4464246
4568946
4569218
4569313
4569352
4569761
4569781
4570078
4570311
4570317
4570377
4570684
4570846
4571280
4571388
4571543
4571913
4571921
4572610
4572814
4573234
4573810
4574186
4575795
4575910
4576116
4576387
4576728
4576756
4577170
4577521
4578444
4578499
4578956
4579160
4579408
4580798
4581201
4581486
4581820
4582000
4582134
4582260
4582307
4582638
4582661
4582683
4582810
4584128
4584597
4584784
4584865
4584871
4584913
4584992
4585394
4585546
4585762
4585996
4586125
4586737
4587084
4587246
4587499
4587967
4588037
4588353
4588842
4588930
4589105
4589273
4723290
4724096
4724508
4724703
4725040
4725207
4725478
4725681
4725960
4726081
4726114
4726510
4727061
4727144
4727688
4727697
4727848
4728366
4728426
4728759
4729041
4729123
4729399
4729629
4729864
4730153
4730349
4730527
4730999
4731117
4731337
4731497
4731688
4731743
4731762
4731787
4731825
4731842
4732283
4732302
4732536
4732761
4732773
4734108
4734186
4734322
4734670
4734961
4735111
4735157
4735358
4735838
4897201
4897590
4899790
4900474
4900598
4901508
4902215
4904077
4905577
4906308
4907047
4910629
4911902
4914141
4914650
4914846
4916100
4937461
4939266
4943681
4945611
4947411
4951966
4954206
4957605
4957657
4957660
4957721
4958905
4960034
4960309
4960406
4960442
4961400
4961824
4962435
4964052
4964712
4964955
4965041
4965263
4966380
4966634
4966981
4967206
4970829
4971049
4971142
4973211
4973584
4973692
4974012
4974168
5012620
5012829
5013429
5013609
5013638
5013774
5014126
5014206
5014428
5015192
5015218
5015280
5015399
5015521
5016027
5016497
5016574
5017119
5017284
5017931
5018941
5019249
5019619
5019960
5020011
5020262
5020793
5021262
5021631
5022088
5022889
5023682
5024138
5024289
5024523
5025080
5025874
5025954
5026179
5026185
5026363
5026957
5027277
5027402
5028225
5028588
5028955
5028964
5029004
5029178
5029556
5030332
5030510
5030549
5030610
5031479
5031543
5032020
5032035
5032110
5036310
5039580
5040089
5262600
5262712
5263555
5263654
5264305
5265242
5265708
5266486
5267134
5267260
5267401
5267545
5268014
5268340
5268808
5269793
5270174
5270343
5270395
5270490
5270734
5271114
5271204
5271351
5271365
5271777
5272630
5272773
5273008
5273631
5273993
5274452
5274568
5274597
5274649
5274962
5275189
5275637
5275903
5276305
5276371
5276421
5276788
5277132
5277439
5277474
5277590
5277726
5277897
5278134
5278187
5278463
5279006
5279340
5347954
5350414
5351317
5352543
5352713
5357509
5358746
5363409
5363620
5364932
5365207
5367181
5368473
5368902
5406278
5408658
5418504
5419821
5420357
5421861
5559248
5559850
5560249
5560529
5561256
5561392
5561646
5561958
5562012
5562669
5562980
5563330
5563803
5564650
5565074
5565300
5565649
5565969
5565977
5566688
5566977
5567009
5567560
5567656
5567914
5568279
5568402
5568632
5568908
5569135
5569149
5569679
5569824
5570492
5570512
5570528
5572031
5572316
5572569
5573100
5573139
5573232
5573407
5573599
5573711
5574095
5574246
5574377
5575725
5576538
5576631
5576814
5577556
5577782
5577869
5578956
5579083
5579120
5579518
5579929
5580046
5580614
5604935
5605147
5605989
5770498
5770517
5770604
5770719
5771400
5771569
5771659
5771909
5772045
5772537
5772727
5772727
5772824
5772907
5773932
5774227
5774600
5775127
5775139
5775707
5775714
5775973
5776083
5776876
5777234
5777248
5777399
5777495
5777556
5777707
5777909
5778069
5778175
5778178
5778230
5778351
5778893
5779056
5779287
5779301
5779907
5780027
5780063
5780734
5781095
5781135
5781171
5781241
5781379
5782299
5782535
5782870
5783188
5783291
5783508
5783606
5783655
5783733
5783787
5784113
5784133
5784549
5784976
5785129
5785242
5785359
5785782
5786103
5786284
5786353
5786397
5786570
5786760
5786901
5787109
5787117
5787122
5787678
5787766
5866126
5867967
5869467
5875792
5877734
5881096
5881326
5885052
5955562
5955688
5956381
5956589
5956824
5957737
5957798
5958602
5959365
5959771
5959975
5960203
5960297
5960587
5960954
5961863
5961976
5962307
5963999
5964164
5964385
5965629
5966021
5966094
5966593
5967041
5967190
5968321
5968360
5969088
5969125
5969639
5971167
5973001
5973325
5973370
6009751
6069179
6069759
6073457
6073798
6075247
6075613
6085310
6104548
6104566
6105250
6105288
6105495
6105582
6105853
6105941
6107029
6107762
6107806
6108116
6108434
6108464
6108525
6108600
6108712
6108816
6108953
6109319
6109373
6110081
6110326
6110901
6111172
6111368
6111576
6111645
6111909
6111943
6112304
6112394
6112491
6112644
6112657
6112720
6112819
6113001
6113172
6113364
6113626
6113995
6114172
6114680
6114942
6115082
6115322
6116002
6116354
6116418
6116682
6116868
6116947
6117006
6117173
6117283
6117494
6117530
6117542
6117777
6118254
6118377
6118484
6118541
6118734
6119128
6119135
6119386
6119413
6119673
6120077
6120107
6120152
6120381
6120735
6120745
6120962
6121021
6121470
6121527
6121582
6121793
6121872
6121971
6121989
6122483
6122681
6122771
6122984
6123500
6299916
6372226
6372244
6372906
6373050
6373109
6373420
6373953
6375397
6375579
6375718
6375804
6376148
6376175
6376402
6376568
6376647
6376749
6376817
6377042
6377269
6377786
6377838
6378539
6378664
6378795
6379288
6379620
6379696
6380277
6380595
6380955
6381115
6381575
6381742
6381775
6382074
6382136
6382336
6382536
6382779
6383442
6383593
6383609
6384164
6384334
6384837
6385008
6385279
6385998
6386012
6386201
6386323
6386620
6387270
6387490
6387991
6388347
6388608
6388652
6389098
6389177
6389217
6389327
6389521
6390489
6390764
6391359
6391507
6391614
6391666
6391976
6392107
6392274
6392315
6392488
6392711
6392984
6393033
6393245
6393366
6393611
6393771
6394000
6394109
6394248
6396506
6416137
6416801
6416949
6417219
6417804
6418300
6419222
6419739
6424114
6424347
6424379
6426333
6426912
6427131
6427639
6430192
6433169
6433517
6434316
6434822
6435602
6532736
6557846
6558763
6560807
6561420
6567611
6579545
6584651
6584686
6586443
6605386
6606348
6606647
6607023
6607613
6608481
6608853
6609489
6609605
6610399
6611127
6613293
6615371
6616720
6617136
6617685
6619392
6619895
6696697
6710115
6710124
6710130
6710180
6710310
6710393
6710561
6710659
6711154
6711370
6713823
6714660
6716458
6716650
6716968
6717130
6717220
6717250
6717267
6718004
6718199
6718448
6718565
6718751
6719085
6720217
6720589
6721239
6721255
6721498
6721796
6722063
6722436
6722491
6722721
6723850
6723949
6724024
6754286
6782771
6783196
6783539
6783992
6784905
6786784
6787964
6788176
6788189
6788684
6789694
6791548
6791862
6792297
6793551
6793811
6794175
6795275
6795393
6797668
6799434
6864528
6867945
6870326
6879463
6880037
6880064
6880315
6880340
6880875
6881275
6881412
6881670
6881787
6882252
6882410
6882498
6882521
6882735
6883331
6883451
6883930
6884290
6884431
6884683
6885115
6885161
6885285
6885370
6885592
6885664
6885677
6886194
6887333
6888057
6888291
6888472
6888837
6888887
6889249
6889372
6889842
6889874
6890185
6890359
6890426
6890485
6890536
6890637
6890904
6891076
6891116
6891652
6892668
6893024
6894048
6894053
6894581
6894831
6895186
6966664
6966951
6967556
6971862
6974328
6975454
6975947
6976640
6978919
7030521
7030672
7030875
7030928
7031323
7031391
7031521
7031619
7032102
7032421
7032726
7032765
7033096
7034281
7035399
7035585
7035652
7035805
7035810
7037254
7037318
7037495
7037959
7038103
7039060
7039248
7039253
7039573
7039915
7040165
7040255
7040538
7041132
7041190
7041943
7042044
7042187
7042578
7042895
7042923
7043019
7043466
7043618
7043631
7043951
7044087
7044131
7044402
7044461
7044979
7045412
7045556
7046261
7046777
7046802
7046890
7046996
7047842
7048074
7048192
7252333
7252641
7253199
7254421
7257080
7257713
7257888
7258152
7258989
7259607
7260572
7261967
7265179
7265217
7265626
7289507
7289718
7289898
7290008
7290284
7290386
7290692
7290878
7290925
7290999
7291021
7291081
7291163
7291204
7291610
7291993
7292176
7292391
7293059
7293105
7293321
7293530
7293665
7294017
7294150
7295533
7296324
7296828
7297021
7297871
7298373
7299601
7299771
7299792
7300043
7300053
7301430
7301436
7301456
7301555
7301579
7301686
7301829
7302184
7302275
7302583
7302604
7302711
7302793
7303182
7303379
7303471
7303484
7303986
7304512
7305185
7305577
7305792
7306451
7307037
7307316
7307440
7307638
7307781
7307803
7307980
7308057
7410840
7416663
7428190
7428517
7428705
7430279
7430565
7430742
7430809
7430814
7430952
7431508
7431566
7431689
7431747
7433078
7433296
7434555
7434712
7435038
7435141
7435161
7435483
7435990
7436729
7436892
7436989
7438091
7438436
7439039
7439099
7439191
7439424
7439995
7440151
7440182
7440199
7440205
7441063
7441962
7443477
7444414
7445252
7445386
7445506
7445523
7445570
7479954
7485135
7485759
7486877
7487925
7489718
7490152
7492858
7545876
7546580
7547163
7547458
7548128
7548191
7548850
7548922
7548972
7549400
7549735
7550065
7550286
7550427
7550494
7551307
7551381
7552466
7552612
7552805
7553202
7553600
7553866
7554244
7554321
7554480
7554803
7555003
7555352
7556265
7556680
7557470
7557643
7557872
7557874
7558160
7558614
7559404
7562286
7564161
7568142
7570000
7570794
7580286
7647383
7648113
7648205
7648482
7648504
7648702
7648976
7649455
7649651
7649708
7649773
7650280
7650741
7650905
7650907
7651207
7651579
7652439
7653491
7653552
7654554
7654682
7654859
7655738
7655855
7656069
7656122
7656731
7657043
7657416
7657525
7657857
7658087
7658397
7658580
7659094
7659736
7659990
7660336
7660741
7660746
7661089
7661231
7661459
7661514
7661773
7662275
7662500
7663043
7663063
7663143
7663183
7663624
7663753
7663877
7664207
7664235
7664497
7664677
7664777
7665679
7665863
7666493
7667332
7667421
7667834
7667973
7668039
7668153
7668664
7669487
7669791
7691638
7693074
7695043
7695129
7697091
7697401
7699752
7701766
7703355
7705633
7706423
7708001
7712158
7821106
7822094
7822203
7822205
7823892
7825028
7825518
7825999
7826558
7828455
7830027
7830511
7830946
7832532
7832766
7833095
7833687
7833758
7833906
7833932
7834084
7835571
7835965
7836132
7837334
7837819
7837929
7838374
7839607
7840256
7879663
7884155
7994945
7996131
7996487
7997087
7997421
7997470
7998395
7999007
7999104
7999105
7999683
8000416
8000418
8000839
8001477
8002160
8002670
8003534
8003690
8003726
8004535
8004542
8004635
8004702
8006393
8006658
8169573
8170006
8170427
8171082
8171197
8171263
8171778
8172276
8172513
8172520
8172585
8173227
8173243
8173267
8173333
8173475
8173696
8174246
8174469
8174536
8174635
8175253
8175612
8176030
8176265
8176359
8176509
8176868
8177130
8177206
8177887
8178202
8178217
8179248
8179435
8179503
8180132
8180183
8180220
8180454
8180468
8180799
8181337
8182394
8182402
8182935
8183474
8183486
8185093
8185217
8185369
8185495
8185590
8185823
8186547
8188074
8188088
8188730
8188740
8188831
8189138
8189303
8189945
8228663
8229231
8229358
8229807
8230011
8230023
8230370
8231648
8231695
8231825
8232431
8233267
8234989
8235000
8236134
8236199
8236264
8236761
8236930
8237295
8237576
8237751
8238094
8238317
8238627
8238799
8239103
8239834
8240902
8241881
8242481
8243119
8244204
8245523
8245629
8245700
8245869
8246499
8247468
8248140
8248238
8249238
8249458
8249857
8251224
8286057
8286089
8286314
8286445
8287367
8287640
8290054
8291497
8293315
8294228
8294658
8296283
8296880
8297674
8297753
8298014
8298061
8316155
8405082
8405747
8405855
8407697
8408294
8408361
8408517
8408863
8408969
8409987
8410084
8410581
8410858
8411518
8412206
8412592
8413364
8413752
8413817
8414044
8414219
8414432
8414489
8414900
8415117
8415131
8415357
8415412
8416038
8416287
8416726
8416734
8416867
8417159
8417277
8417619
8417863
8418290
8418989
8419076
8419364
8419389
8419460
8419461
8419462
8420350
8420657
8420700
8420857
8421615
8421853
8474544
8485639
8488996
8528487
8529152
8529162
8529197
8529709
8530060
8532254
8532861
8533096
8535077
8535284
8536597
8536844
8538418
8539425
8539746
8539801
8539987
8540089
8540507
8541562
8542659
8543746
8543884
8545266
8546446
8546504
8548112
8548239
8548718
8550010
8647719
8649204
8651471
8659031
8664812
8667528
8667601
8688497
8688509
8688598
8688657
8688876
8688947
8688999
8689163
8689213
8689386
8689669
8689670
8689675
8689733
8689894
8690338
8690518
8690716
8691072
8691199
8691432
8691502
8691770
8691772
8691877
8691962
8692023
8692302
8692737
8692991
8693008
8693040
8693266
8693691
8693780
8694143
8695471
8695847
8695942
8696251
8696804
8697019
8697233
8697565
8697607
8697991
8698296
8698374
8698538
8698565
8699181
8699189
8699220
8699285
8699595
8699730
8699757
8700275
8701570
8701620
8701956
8702027
8702096
8702253
8702287
8702619
8702622
8702738
8702857
8702861
8703158
8703941
8703985
8704188
8704278
8704708
8704764
8704798
8704940
8704989
8705335
8705974
8706411
8706653
8707040
8707362
8707511
8707888
8707997
8952481
8952508
8952988
8953262
8954405
8955083
8955249
8956562
8956686
8956870
8956914
8957298
8957643
8958181
8958468
8958577
8958813
8958875
8959332
8959736
8959852
8959920
8960436
8960519
8960885
8962094
8962377
8962494
8962753
8962875
8963676
8963697
8963789
8964117
8964383
8964431
8964562
8964669
8964829
8965245
8965432
8965598
8965675
8966218
8966402
8966704
8966853
8967224
8969485
8970093
8970285
8972546
8975218
8975543
8978925
8979194
8979669
8980433
8981309
8999905
9001497
9001877
9002158
9003464
9005544
9006390
9007586
9009042
9009817
9012170
9015634
9017432
9064232
9066924
9071032
9107574
9150338
9150445
9150446
9150464
9150511
9150869
9151095
9153058
9153079
9154046
9154231
9154349
9154358
9154424
9154512
9154640
9154704
9154984
9155065
9155277
9155677
9155873
9156144
9156453
9156463
9156488
9156604
9156816
9157259
9158495
9158588
9158601
9158683
9159160
9159328
9159450
9159640
9160345
9160753
9160901
9161034
9161106
9161112
9161438
9161719
9161914
9162461
9162542
9163104
9163164
9163479
9163920
9163944
9164090
9164794
9164810
9165069
9165094
9165776
9165786
9328162
9328244
9328641
9329465
9329471
9330193
9330198
9330311
9330385
9330625
9330694
9330878
9331313
9331707
9332102
9332477
9332496
9332565
9332686
9332752
9333442
9334349
9334466
9334510
9335220
9335254
9335380
9335954
9336013
9336119
9336514
9336723
9338115
9338187
9338408
9338825
9339156
9339604
9339685
9340175
9340408
9340638
9340725
9340760
9340913
9341556
9342362
9342499
9343494
9343567
9344005
9344539
9344897
9344914
9345362
9345540
9345570
9346797
9346908
9347243
9347394
9347567
9347785
9347875
9348584
9349020
9349094
9349545
9349667
9349821
9349928
9350101
9350189
9350916
9350962
9528881
9529375
9529501
9529574
9533634
9534037
9535145
9535296
9541325
9542621
9542767
9544667
9546267
9548888
9549707
9551148
9552061
9552466
9553474
9554052
9555073
9555209
9555410
9556408
9558932
9560227
9561818
9562775
9563261
9563512
9565807
9566061
9566514
9567317
9571234
9572322
9572498
9572575
9572626
9638850
9638982
9639060
9639262
9639303
9639792
9640740
9640839
9640903
9641116
9641290
9641713
9641795
9641841
9642291
9642401
9642529
9642779
9642844
9642964
9643093
9643185
9643502
9643528
9644922
9645045
9645116
9645168
9646071
9646132
9646213
9646225
9646356
9646375
9646564
9646660
9646660
9646747
9646752
9647167
9647502
9648215
9649365
9649547
9649977
9650006
9650188
9650302
9650383
9650466
9650559
9650927
9651007
9651686
9805076
9805363
9805517
9805763
9805785
9806105
9806118
9806188
9806224
9806810
9806907
9807252
9807400
9807457
9808092
9808555
9808868
9808913
9809402
9809607
9809727
9809886
9809910
9809913
9810389
9810417
9810795
9810832
9811024
9811147
9811504
9811556
9812469
9812569
9812884
9813466
9813719
9814108
9814576
9814984
9815103
9815165
9815586
9815862
9816061
9816419
9816635
9817085
9817105
9817132
9817196
9818040
9818240
9820051
9820068
9820224
9820400
9820933
9820939
9821012
9821056
9821348
9821512
9821522
9821896
9822149
9822190
9822195
9822573
9822985
9823036
9823228
9823943
9824237
9824387
9824500
9824519
9824716
9824825
9824974
9825110
9825371
9825764
9826075
9826466
9826658
9827124
9827585
9827649
9827870
9951210
9951214
9952013
9952313
9952547
9952557
9952560
9953106
9953301
9953605
9953616
9953624
9954226
9954492
9955503
9955853
9957935
9957982
9958025
9958185
9958405
9958758
9959330
9959598
9959975
9960239
9960288
9960395
9960739
9960818
9961617
9961618
9961799
9962051
9962152
9962717
9963201
9963460
9964414
9964798
9964940
9965771
9965788
9966022
9966130
9966263
9966338
9966527
9966665
9967115
9967454
9967825
9967983
9968099
9968128
9968879
9969065
9969438
9969449
9969813
9970411
9970982
9974621
9975491
9976454
9979668
9987724
9989160
9990260
10085744
10085748
10085787
10086318
10086337
10086399
10086677
10086719
10086970
10087339
10087827
10087853
10088008
10088013
10088378
10088573
10088607
10088610
10088777
10088943
10088980
10089127
10089395
10089491
10089642
10089679
10089778
10089808
10090097
10090257
10090658
10090705
10090835
10091240
10091642
10091831
10091833
10092096
10092280
10092790
10092797
10092876
10092905
10092938
10092974
10093509
10093740
10093805
10094106
10094240
10094354
10095279
10096034
10096147
10096152
10096306
10096765
10096783
10096882
10096914
10096984
10097534
10097672
10097738
10097996
10098308
10098467
10098491
10098615
10098692
10098694
10098716
10099274
10099404
10099471
10099593
10099658
10099677
10099774
10099852
10100051
10100377
10100785
10101128
10101139
10101352
10102034
10102222
10102665
10102755
10102984
10103016
10103493
10103774
10103849
10103955
10104208
10104350
10104788
10105179
10105388
10105994
10106128
10106554
10106633
10106783
10106830
10106927
10107036
10107928
10108039
10108483
10108905
10195057
10196239
10196597
10197522
10197591
10198677
10198780
10199007
10199969
10200474
10200783
10201509
10201671
10203501
10204189
10204566
10204641
10204642
10204775
10205586
10205865
10205913
10206537
10207115
10207533
10207832
10207982
10208071
10208294
10208692
10210211
10210337
10210738
10210782
10211122
10212822
10214329
10304261
10304394
10304784
10305318
10305947
10306653
10307010
10307342
10310185
10310271
10311837
10312830
10313898
10314359
10314503
10314913
10315502
10315973
10317270
10317522
10317760
10318361
10318603
10319919
10320730
10323522
10324940
10421061
10421598
10421797
10421938
10422785
10422818
10423005
10423215
10423999
10424336
10424659
10424860
10425129
10425194
10425809
10427764
10428286
10428291
10428355
10428541
10428586
10428641
10429135
10429179
10429439
10430037
10430049
10430078
10430170
10430541
10430636
10430812
10431133
10431332
10431397
10432504
10432747
10432839
10433026
10433870
10433901
10433921
10433926
10434172
10434193
10434276
10434361
10434386
10434670
10435137
10435150
10435513
10435617
10435629
10436119
10436627
10436802
10437188
10437249
10437415
10438178
10438502
10438520
10454005
10454195
10454825
10455171
10455632
10455857
10456241
10456973
10456976
10457142
10457232
10457323
10457934
10458372
10459059
10460055
10461408
10461654
10461750
10461766
10462067
10462138
10463506
10463842
10463914
10464334
10464782
10464873
10465117
10465341
10465770
10465900
10466486
10466801
10590451
10590511
10590630
10591076
10591365
10591542
10591967
10592040
10592204
10592400
10592421
10592497
10592807
10593090
10593147
10593506
10593608
10594022
10594112
10594958
10595148
10595300
10595312
10595448
10595872
10595953
10596055
10596246
10597046
10597110
10597307
10597665
10597719
10597793
10597865
10598023
10598265
10598311
10598389
10598405
10598741
10599342
10599523
10599582
10599622
10600647
10600715
10600771
10600822
10601690
10601821
10601897
10601994
10602185
10602350
10603382
10603919
10604202
10604457
10604468
10604967
10605597
10605603
10605799
10606830
10607327
10607760
10608013
10608237
10608285
10608575
10609082
10609542
10609959
10609961
10610009
10610099
10610185
10610272
10610426
10610497
10736045
10736175
10736198
10736319
10737706
10738015
10738500
10739552
10740376
10740393
10740755
10741127
10741173
10741267
10742764
10743358
10743858
10743955
10744207
10744766
10745018
10746813
10747345
10747667
10748041
10748052
10748452
10749841
10750080
10750449
10939284
10939294
10939769
10939791
10940417
10940687
10940783
10941523
10941947
10942267
10942394
10942474
10942613
10943125
10943709
10943746
10944102
10944249
10944374
10944864
10944954
10945003
10945073
10945188
10945309
10945508
10945524
10946015
10946360
10946428
10946434
10946453
10946573
10946611
10946669
10947200
10947597
10947608
10947720
10948004
10948234
10948375
10948460
10948558
10948606
10948733
10949119
10949979
10950025
10950067
10951448
10951885
10952123
10952237
10952249
10952394
10952596
10952673
10952768
10953020
10953152
10953907
10953970
10953981
10954162
10954470
10954937
10955174
10955412
10955720
10955915
10955966
10956083
10956175
10957258
10957430
10957646
10957693
11010607
11010655
11010935
11011087
11011394
11012251
11013841
11013847
11014309
11016877
11017961
11018869
11019105
11019196
11019388
11019688
11020049
11021898
11022565
11023994
11024732
11030090
11034370
11037219
11043174
11082338
11082977
11084037
11084541
11084688
11086564
11094311
11095674
11096283
11096564
11206484
11206850
11207327
11207434
11208432
11208541
11208618
11209076
11209431
11209666
11209928
11210282
11210338
11210388
11210875
11210940
11211384
11211404
11212036
11213071
11213511
11214213
11214245
11214560
11214568
11215031
11216116
11216919
11217458
11217677
11218032
11219523
11220054
11220398
11221280
11222485
11222488
11222969
11223247
11223426
11223457
11224422
11224516
11224926
11225107
11225532
11225862
11226043
11226175
11226552
11226794
11227139
11227148
11227839
11228254
11228405
11228448
11228727
11229100
11229837
11230336
11230433
11230446
11230826
11230909
11231454
11231842
11231961
11232508
11233126
11233359
11233935
11234035
11234177
11234756
11235144
11236188
11236934
11236997
11237293
11238021
11238567
11238924
11240275
11240719
11240995
11241601
11242073
11242546
11388444
11389221
11389412
11390110
11390190
11390313
11390451
11391209
11391536
11391850
11391978
11392124
11392831
11393802
11393950
11394107
11394205
11394289
11394781
11395400
11395934
11396003
11396014
11396266
11396389
11396797
11396848
11396992
11397537
11397623
11398179
11398213
11398297
11398727
11399363
11399645
11399782
11399889
11400478
11400521
11400534
11400538
11400782
11401387
11401801
11401821
11401899
11402257
11403116
11403777
11403824
11404524
11405036
11405534
11405753
11405824
11405993
11406043
11406088
11406700
11406942
11407175
11407234
11407456
11407580
11407666
11408039
11408276
11409261
11409788
11409801
11409873
11409991
11410160
11410234
11410285
11410564
11410664
11410918
11410996
11410998
11411022
11411035
11411968
11411971
11412376
11412384
11412516
11412705
11413035
11413159
11413260
11413797
11413850
11413944
11414144
11414678
11414711
11414735
11414772
11415107
11415341
11415384
11415771
11415834
11416243
11416294
11417066
11417127
11417220
11417707
11418029
11418628
11418647
11418702
11418824
11419011
11419032
11419153
11419637
11419712
11420121
11420613
11421126
11421166
11421215
11421492
11421991
11422168
11422237
11423132
11423800
11423932
11424178
11424363
11424968
11425054
11425084
11425480
11425555
11425656
11426018
11426630
11426647
11426713
11426882
11426933
11427003
11427752
11427877
11427924
11427954
11428040
11428104
11428442
11428483
11428552
11428577
11429224
11615265
11616316
11616790
11617147
11617676
11617762
11618348
11618543
11618577
11618614
11618620
11618692
11619287
11619694
11619963
11620103
11620501
11620616
11620674
11621705
11622341
11622428
11622739
11623006
11623085
11623177
11624303
11624458
11624520
11624863
11624923
11625003
11625182
11625255
11625390
11625710
11625775
11626282
11626346
11627159
11627213
11627389
11627443
11627510
11628017
11628479
11628794
11629156
11629440
11629565
11629708
11629785
11629871
11630028
11630065
11630529
11630583
11630616
11733401
11733653
11733861
11734330
11734498
11734643
11734790
11734837
11735848
11736130
11736163
11736663
11736785
11736799
11736990
11737760
11737965
11738591
11738656
11738892
11739052
11739545
11740091
11741418
11741548
11741733
11741848
11742177
11742738
11743767
11744221
11744929
11745025
11745646
11745743
11745909
11746043
11746316
11746619
11747754
11747832
11748191
11748514
11748724
11749839
11750719
11907613
11917187
11918533
11919707
11967862
11968666
11968728
11970535
11970708
11971138
11971498
11971807
11971892
11972194
11974152
11974256
11978074
11979333
11981525
11982051
11982240
11982377
11983674
11985621
11985913
11985964
11986461
11988073
11988456
11988753
11988912
11988949
12023609
12024265
12026253
12026299
12028916
12029201
12029388
12029994
12030067
12030832
12031439
12036470
12074731
12074944
12075161
12075308
12076135
12076501
12076793
12076966
12077228
12077519
12077625
12078698
12079338
12080791
12080911
12080948
12081641
12082772
12083538
12083667
12085156
12085724
12086636
12087092
12087483
12087615
12089447
12089474
12089605
12089776
12090066
12090383
12090612
12166166
12185525
12185740
12186145
12186175
12186446
12187253
12187316
12187732
12188031
12188032
12188475
12188890
12189278
12189325
12189644
12190144
12190267
12191350
12191571
12191704
12192062
12192246
12192257
12192293
12192324
12192606
12192999
12193865
12194721
12194790
12195412
12195579
12196368
12196615
12196975
12197221
12197301
12197348
12197393
12197716
12198197
12198314
12198335
12198440
12198554
12198592
12198783
12198938
12199077
12199255
12199283
12199297
12199517
12200320
12200326
12200429
12200605
12200686
12201210
12201473
12201566
12201937
12202179
12202189
12202812
12203082
12203132
12317069
12317847
12323446
12327223
12375251
12375431
12375491
12375683
12375751
12377155
12377270
12377330
12377445
12377948
12378266
12378551
12378668
12378725
12378770
12379410
12379581
12379834
12380064
12380172
12380369
12380527
12380854
12380963
12381328
12382002
12382057
12382064
12382186
12382787
12382844
12382948
12382996
12383112
12383558
12383642
12384172
12384189
12385271
12385312
12385537
12386087
12386571
12387133
12387223
12387513
12387890
12388460
12389040
12389152
12389237
12389275
12389386
12389566
12390208
12390331
12390374
12390855
12390923
12391330
12391775
12392270
12392711
12392756
12393025
12393519
12393586
12394382
12394775
12394900
12394917
12394938
12395538
12395590
12396227
12397125
12538128
12538974
12540606
12542014
12544050
12545325
12546294
12547299
12548299
12548383
12549419
12550132
12551589
12551603
12552327
12553302
12554319
12554488
12554621
12668647
12669865
12678436
12680272
12683315
12686859
12688130
12812253
12824632
12828224
12828437
12862664
12863097
12863629
12863635
12863798
12863860
12864365
12864616
12864713
12865227
12865299
12865816
12866102
12866460
12866912
12866933
12867016
12867017
12867039
12867141
12867167
12868117
12868254
12868379
12869245
12869278
12869476
12869666
12870081
12870599
12870691
12870901
12871260
12871641
12872227
12872338
12872358
12872425
12872934
12873454
12873533
12874296
12874389
12874633
12875167
12875453
12875629
12875672
12875915
12876553
12876608
12876830
12876868
12877164
12877409
12877441
12972603
12978875
12978953
12979506
13053132
13053639
13054977
13055999
13056010
13056120
13056272
13056299
13057201
13057230
13057676
13058012
13058059
13059213
13059267
13059375
13059509
13059593
13059879
13060182
13060901
13061224
13061336
13061399
13061402
13061457
13061593
13061916
13063232
13063762
13064148
13064550
13065469
13066286
13066379
13067126
13068731
13068896
13069555
13069565
13069584
13069635
13070128
13178778
13179057
13179610
13181050
13182928
13182975
13185290
13188397
13188412
13189098
13189935
13228993
13229075
13229108
13229477
13229510
13230077
13232361
13232525
13232623
13232894
13232936
13233152
13233296
13233458
13235680
13236522
13236794
13237143
13237663
13237963
13238033
13238719
13239082
13239703
13240168
13240231
13240964
13242190
13242594
13242605
13242925
13243381
13243412
13243990
13244355
13244818
13245010
13245278
13245678
13245902
13246016
13246253
13246300
13246342
13247441
13248351
13248466
13248711
13248882
13249258
13527108
13527228
13527688
13528177
13528204
13528359
13528777
13528969
13529030
13529321
13529329
13529855
13529909
13530024
13530173
13530176
13530192
13530563
13530776
13531566
13532398
13532436
13532522
13532775
13532802
13533012
13533164
13533352
13533726
13534970
13535314
13535716
13535765
13536048
13536262
13536327
13536364
13536449
13536691
13537340
13537443
13537573
13537635
13538424
13538796
13539221
13539335
13539384
13539445
13539751
13539993
13540013
13540395
13540424
13540523
13540538
13540706
13540729
13540978
13541006
13541379
13541814
13541835
13541836
13542016
13542396
13542464
13542562
13542789
13543195
13543236
13543534
13544212
13544701
13544792
13544829
13545182
13546041
13546183
13546465
13546485
13546799
13546876
13546943
13547513
13547822
13548714
13691103
13692968
13693840
13696224
13696563
13697324
13698420
13698605
13702840
13705117
13705386
13705496
14672799
14683669
14964277
16516256
16659805
16663133
16663396
16665364
16668540
16669512
16909414
16909455
16909537
16909668
16909840
16909974
16910406
16910817
16910856
16911143
16911203
16911230
16911870
16911903
16912088
16913361
16914354
16914691
16914805
16914890
16915014
16915051
16915215
16915315
16916731
16916743
16917554
16919173
16919211
16919652
16919763
16920499
16923000
17054973
17055800
17058586
17063867
17064931
17068158
17070278
17070615
17071047
17075072
17176815
17176939
17177036
17177274
17177568
17179413
17179939
17180899
17180968
17181217
17181530
17181841
17182232
17182247
17182802
17182966
17183584
17183974
17184077
17184201
17184225
17184347
17184355
17184540
17184792
17185648
17186112
17186446
17186636
17187024
17187058
17187077
17187405
17187727
17188218
17188440
17188689
17188886
17188937
17190679
17191057
17191112
17191283
17191642
17191672
17191746
17192435
17192764
17192832
17192867
17192912
17192919
17193048
17193280
17193519
17193794
17194183
17194224
17208400
17208426
17208458
17208612
17209301
17209459
17209643
17210231
17210232
17210288
17210489
17210639
17211087
17211095
17211375
17211723
17211837
17212198
17212289
17212410
17212988
17213359
17213985
17214573
17215079
17215217
17215318
17215438
17215959
17216217
17216454
17217157
17217199
17217352
17217448
17218598
17219792
17219990
17220043
17220357
17221897
17222181
17222194
17222215
17222280
17222695
17222758
17223710
17223712
17223851
17223935
17223988
17224324
17224654
17362773
17365733
17365763
17366182
17366535
17366783
17366891
17367359
17367586
17369287
17369447
17369564
17370241
17371413
17375514
17375535
17377048
17377793
17378040
17381897
17383191
17383925
17387514
17396595
17431418
17431548
17431593
17432152
17433843
17434015
17434145
17434257
17434356
17434663
17434858
17434864
17435136
17435785
17435972
17436191
17436423
17437215
17437740
17437939
17437940
17438124
17438403
17438574
17438729
17439951
17441557
17441992
17442515
17442709
17442860
17443075
17443200
17444355
17445063
17445106
17445758
17446093
17446231
17446756
17446999
17447035
17447372
17447821
17447956
17449036
17576156
17576713
17581946
17582420
17584536
17586204
17586225
17610772
17611097
17611425
17611644
17612162
17612518
17612937
17613079
17613099
17613525
17614642
17614655
17615226
17615327
17615447
17615964
17617322
17618376
17618394
17618784
17619056
17619162
17619394
17619947
17620004
17620180
17620494
17620545
17620811
17620914
17621041
17621621
17621803
17621852
17622241
17622632
17623409
17763343
17788502
17788534
17788542
17788724
17789112
17790275
17790330
17790685
17790882
17791244
17791282
17791320
17791418
17791445
17791766
17791924
17791982
17792045
17792327
17792526
17792544
17792724
17792768
17793071
17793238
17794053
17795007
17795796
17796119
17796230
17796413
17796444
17796502
17796553
17796802
17797131
17797144
17797548
17797684
17798128
17798233
17798820
17799097
17799517
17799848
17800276
17800567
17800652
17800671
17800915
17801465
17802073
17802186
17802481
17802838
17802890
17802956
17803153
17803304
17803535
17803849
17803920
17803957
17804198
17804345
17804536
17804646
17804695
17804756
17804895
17805072
17805678
17806123
17806253
17806314
17806735
17806899
17806914
17806971
17807098
17807099
17807472
17807654
17808008
17808950
17808969
17809100
17809507
17809540
17810118
17810158
17810168
17810596
17810823
17811000
17811094
17811353
17811648
17965806
17966565
17967454
17968442
17969153
17969678
17971043
17974320
17976429
17977319
17977935
17978384
17978557
17979659
17980945
17981763
17982176
17982897
17982962
17984635
17985281
17985291
17998796
17999192
18000033
18004135
18004416
18004709
18005036
18005567
18008551
18009029
18009159
18010613
18012132
18014127
18015960
18018490
18019683
18131312
18132196
18132354
18133781
18135108
18135469
18135927
18136134
18136313
18136526
18136727
18136900
18136923
18137398
18137484
18138468
18139055
18139636
18140448
18141827
18142671
18143250
18143739
18144740
18146170
18146235
18146917
18147467
18147471
18196295
18196496
18198646
18198744
18199188
18199867
18200205
18200464
18200552
18200711
18200951
18202067
18202792
18202901
18202944
18204083
18204106
18204334
18205349
18205423
18206095
18206428
18208332
18209066
18209250
18210363
18210548
18210923
18211377
18211863
18212610
18213097
18213486
18213869
18214258
18214610
18214622
18214694
18216135
18216508
18217344
18217396
18218856
18219419
18219460
18338415
18340704
18348363
18390292
18390486
18390627
18390645
18391417
18392182
18392252
18392602
18393098
18393274
18393482
18393587
18393970
18394047
18394318
18394560
18394718
18395029
18395137
18395432
18395514
18395574
18395575
18395630
18396831
18396841
18397045
18397323
18397939
18399224
18399242
18400348
18400417
18400810
18400891
18401159
18401525
18401996
18402143
18402262
18402298
18402940
18403861
18404304
18404529
18436632
18436689
18437214
18437657
18437739
18437741
18437851
18438559
18438588
18438590
18438924
18439444
18440142
18440725
18440772
18440905
18441294
18441419
18442845
18442989
18443103
18443284
18443288
18443316
18444071
18444132
18444260
18444267
18444559
18444640
18444749
18444781
18445274
18445435
18445479
18445548
18445564
18446061
18446193
18446338
18447062
18447103
18447202
18447343
18447599
18447750
18447821
18448159
18448226
18448312
18448497
18448849
18448956
18449296
18449822
18449958
18588349
18588891
18589359
18589887
18590118
18590596
18590825
18591071
18591473
18592380
18592741
18593245
18593774
18594001
18594247
18594500
18595096
18595126
18595769
18596145
18596163
18596739
18596853
18597099
18597323
18597501
18598387
18598403
18598555
18598627
18598637
18598830
18599922
18600394
18600410
18600710
18601397
18601627
18601821
18602419
18602453
18602790
18603025
18603660
18603674
18603857
18604078
18606116
18606231
18606249
18607250
18607571
18608311
18608367
18721458
18722684
18722745
18723559
18727891
18727914
18727963
18730072
18730675
18730888
18731092
18731938
18732312
18733315
18736083
18738023
18739901
18740346
18741850
18741898
18741981
18742137
18742411
18742524
18742873
18743151
18743186
18743451
18743618
18743720
18743886
18744361
18744381
18744916
18745259
18745472
18746213
18746224
18746238
18746489
18746621
18747053
18747166
18747247
18747332
18747687
18747932
18747951
18748231
18748355
18748765
18748775
18748839
18749085
18749301
18749347
18749866
18749902
18750145
18750475
18750479
18750542
18750633
18750638
18750920
18751239
18751471
18751736
18751923
18752037
18752301
18752334
18753339
18753425
18753626
18753762
18753782
18753851
18754150
18754392
18754610
18754697
18754743
18755159
18755173
18755245
18755499
18755731
18756203
18756897
18757120
18757629
18758084
18758098
18758131
18758150
18758189
18758421
18758424
18758582
18758662
18758708
18758743
18758922
18759432
18759604
18759746
18759924
18760041
18760142
18760226
18760351
18760355
18760735
18761193
18761984
18762075
18762127
18762194
18762368
18999699
18999729
19000053
19000343
19000658
19000802
19001290
19001356
19001431
19002003
19002305
19002435
19002702
19002784
19003061
19003097
19003184
19003320
19003674
19003763
19004226
19004701
19005261
19005323
19005770
19006283
19006926
19007155
19008514
19009025
19009138
19009332
19009540
19009772
19010121
19010176
19010666
19010687
19011075
19011698
19012853
19013013
19013323
19013359
19013420
19013759
19014020
19014101
19014294
19014622
19015149
19015225
19015483
19015697
19016230
19016590
19016650
19016790
19016802
19017241
19017370
19017447
19017604
19017641
19017916
19018786
19018919
19019239
19019595
19019744
19019773
19019859
19020260
19020865
19021091
19021155
19021599
19021689
19077006
19077412
19077718
19077798
19077946
19078131
19078178
19078937
19079303
19079498
19079518
19079845
19080578
19081633
19082322
19082418
19082466
19082468
19083405
19083511
19083844
19084841
19084861
19086032
19086040
19086335
19086468
19087337
19087380
19088472
19088679
19089028
19089187
19089810
19089864
19089974
19090695
19091149
19091251
19091763
19092380
19093223
19093444
19093582
19094292
19094455
19095020
19095404
19095564
19238768
19239407
19239633
19240599
19243171
19243542
19244086
19247406
19248395
19248713
19249005
19249206
19249866
19250269
19251606
19251970
19254352
19254854
19254857
19254879
19255945
19256809
19256835
19257325
19258715
19258726
19298250
19364549
19364570
19364893
19365173
19365345
19365802
19366374
19367086
19367359
19367704
19367902
19367912
19368392
19369342
19369354
19369535
19369672
19369954
19369998
19370238
19370545
19370963
19372113
19372758
19372905
19372999
19373634
19374969
19375123
19375326
19375415
19375635
19376201
19397621
19401669
19403683
19403728
19406682
19408773
19408947
19411810
19414858
19417936
19451031
19455447
19456719
19544697
19547462
19548469
19549010
19550719
19552050
19553862
19554197
19554532
19555422
19559140
19588663
19590210
19590284
19590295
19591120
19591283
19591543
19591660
19591833
19592519
19592918
19593014
19593117
19594504
19595096
19595132
19595249
19595927
19596025
19596119
19597015
19597717
19597741
19597924
19598410
19599653
19600660
19601043
19601598
19601779
19601916
19602205
19602249
19602697
19603395
19604398
19608733
19608890
19649088
19650534
19668604
19668773
19669287
19670027
19670840
19671036
19671091
19671414
19671438
19671699
19671921
19672093
19672205
19672554
19672976
19673574
19673962
19674079
19674277
19675600
19675740
19675933
19676115
19676315
19676423
19676612
19676779
19677495
19677763
19677846
19678032
19678386
19678657
19679165
19679282
19679302
19679780
19679867
19680631
19681049
19681725
19681732
19682062
19682066
19682352
19682808
19683288
19683458
19683717
19684095
19684665
19685074
19685313
19685346
19685686
19685751
19685824
19686272
19686450
19686453
19686661
19687331
19747255
19752614
19752833
19753252
19753652
19756770
19758784
19759334
19759347
19762852
19763432
19765579
19768924
19770800
19772233
19773527
19773839
19775007
19775902
19776021
19778866
19778935
19779835
19780271
19780553
19780657
19780915
19780994
19781497
19781827
19782534
19782713
19783040
19783220
19783912
19784298
19784332
19785588
19785879
19786318
19786821
19789204
19790432
19791127
19791159
19811833
19812700
19813088
19814111
19814165
19814275
19814580
19815078
19815173
19815469
19815495
19815584
19815605
19816451
19818323
19818349
19818580
19818781
19819084
19819542
19819725
19819949
19820090
19820132
19820145
19820154
19820775
19820832
19821773
19822441
19822766
19823301
19823359
19823397
19823649
19824854
19825062
19825567
19825626
19826015
19826113
19826218
19826357
19826371
19826376
19878880
19879137
19881961
19882151
19882620
19884757
19886328
19887927
19887964
19888184
19889128
19889770
19892054
19892266
19892678
19896239
19899408
19928308
19956932
19956940
19957025
19958102
19958128
19958498
19958625
19958837
19958870
19959069
19959249
19959294
19959377
19959573
19959725
19959926
19960248
19960433
19961373
19962641
19962867
19963480
19964195
19964271
19964453
19965238
19965701
19965703
19965874
19966113
19966266
19966394
19966610
19967109
19967625
19967931
19967948
19968153
19968453
19968625
19968644
19968687
19968901
19968954
19969108
19969748
19970033
19970333
19970374
19970805
19970959
19972189
19972212
19973192
19973341
19973500
19973816
19974012
19974514
19974948
19975469
19975568
19975602
19975619
19975781
19976002
19976210
19976316
19976563
19976632
19976923
19977086
19977120
19977144
19977216
19977740
19977753
19977873
19978610
19978832
19978927
19979628
20175870
20176676
20176881
20177062
20177130
20177697
20177711
20178025
20178211
20178419
20178874
20179073
20179123
20179199
20179423
20179681
20179908
20180176
20180339
20180357
20180400
20180789
20181354
20181480
20181605
20181658
20181721
20182252
20182328
20182378
20182706
20182983
20183001
20183010
20183959
20184559
20185552
20185561
20185737
20185751
20185823
20186267
20186560
20186702
20186944
20187439
20187654
20187917
20187939
20187977
20188158
20188220
20188419
20188558
20188783
20188811
20188942
20189793
20189933
20190386
20190508
20190752
20190942
20191106
20191135
20191151
20191299
20191341
20191590
20191632
20191717
20192000
20192183
20192282
20192346
20192412
20360002
20361049
20362802
20362964
20364277
20367542
20370149
20370970
20372323
20427333
20428013
20430437
20435727
20482667
20483274
20483639
20483967
20484682
20484757
20484770
20485075
20485305
20485571
20485847
20486204
20486309
20486357
20486801
20487151
20488211
20488742
20488909
20489061
20489126
20489162
20489202
20489307
20489376
20489416
20489534
20489571
20489910
20489967
20490619
20490846
20491085
20491122
20491228
20491709
20491727
20491754
20491786
20492134
20492183
20492766
20492777
20492822
20492863
20493225
20493330
20493345
20493919
20494118
20494339
20494562
20494621
20494623
20494927
20495027
20495071
20495246
20495511
20495696
20495907
20496149
20496281
20496332
20496592
20496629
20496677
20496705
20496821
20496831
20496837
20497318
20640422
20644042
20645309
20645742
20665574
20665751
20666895
20667917
20670352
20670583
20671718
20672180
20673318
20675017
20675309
20675875
20678829
20681022
20681295
20688443
20689943
20692256
20692311
20695615
20695678
20697434
20698091
20698846
20698927
20698979
20699017
20700363
20700667
20700671
20701033
20701095
20701200
20701207
20701481
20701998
20702016
20702171
20703100
20703222
20703461
20703769
20704128
20704399
20704919
20705530
20705762
20705844
20705875
20706182
20706484
20706827
20706862
20707029
20707358
20707880
20708007
20708116
20708424
20709090
20709239
20709330
20709466
20709907
20710015
20751124
20751529
20975663
20975966
20975998
20976502
20976749
20976815
20976824
20977279
20977343
20977420
20977703
20977784
20978373
20978382
20978700
20978831
20979520
20979793
20980245
20980387
20980475
20980538
20982202
20982229
20982391
20982422
20982598
20983575
20983849
20983969
20985009
20985045
20985076
20985927
20986219
20986264
20986325
20986732
20986839
20987708
21002822
21119976
21120397
21121058
21121094
21121459
21121498
21122324
21122389
21122951
21123112
21123291
21123849
21124328
21124834
21126019
21126849
21128856
21128890
21129430
21129712
21130373
21130441
21130678
21131852
21132060
21132562
21132589
21132785
21132796
21133035
21133763
21133988
21134582
21135061
21135459
21135683
21136265
21136590
21136594
21136863
21137026
21137241
21137393
21137637
21138065
21138146
21138424
21138433
21138701
21139057
21140230
21140876
21140888
21140904
21141121
21141169
21141645
21141757
21141877
21142136
21142590
21143559
21144808
21144815
21145325
21145369
21145522
21145529
21145648
21145967
21147076
21147138
21147635
21147998
21148184
21148717
21148750
21148879
21148956
21149141
21149484
21149755
21170303
21170463
21170710
21170756
21170847
21171059
21171529
21172009
21172541
21172675
21172767
21172778
21172795
21173671
21173698
21173732
21173984
21174127
21174392
21175084
21175204
21175233
21175387
21175621
21175755
21176016
21176130
21176602
21177077
21177187
21177383
21177775
21178861
21179020
21179354
21179634
21179870
21180084
21180115
21180410
21180447
21180728
21181461
21181604
21181773
21181824
21181883
21181998
21182355
21182429
21182526
21182728
21183312
21183486
21183543
21183802
21184155
21184173
21184175
21184607
21184748
21301652
21302573
21302737
21303402
21305137
21305535
21306005
21308021
21308376
21308736
21309309
21311273
21311675
21312440
21312578
21313033
21313146
21314551
21315656
21317049
21318996
21319461
21319826
21421483
21424292
21425467
21425485
21429607
21433332
21434321
21436075
21437590
21438508
21444381
21444605
21444613
21444629
21445386
21445617
21445852
21446619
21446634
21446815
21447105
21447111
21447689
21448304
21448395
21448465
21448544
21449141
21449328
21449645
21450202
21450285
21450447
21451308
21451413
21451853
21452001
21452230
21452439
21452477
21452570
21452655
21452858
21453037
21453054
21453197
21453278
21453357
21454024
21454651
21454834
21455152
21455325
21455828
21456178
21456378
21456464
21456688
21456795
21457229
21458522
21458682
21458781
21458921
21459194
21459459
21459501
21459550
21459611
21459649
21460218
21460241
21460295
21460307
21539130
21560811
21565045
21565390
21568307
21570566
21575126
21575518
21576425
21580892
21630337
21630650
21630720
21630963
21631643
21631741
21632059
21632201
21632448
21632998
21633203
21633732
21633782
21633994
21634054
21634290
21634769
21636130
21637094
21637533
21637555
21637699
21638034
21638136
21638954
21639184
21639298
21639334
21640085
21641117
21641859
21641874
21643074
21644032
21644515
21644670
21644681
21644821
21645279
21645867
21646874
21647513
21647921
21648694
21724070
21725104
21726027
21726536
21726626
21727691
21728981
21729811
21734055
21736363
21738310
21738671
21739198
21741450
21859789
21859875
21860162
21860186
21860424
21860681
21861091
21861524
21862148
21862351
21862765
21862787
21863211
21863274
21863474
21863916
21864494
21864617
21865010
21865922
21866091
21866134
21866206
21866361
21866556
21866570
21866587
21866912
21867116
21867561
21867695
21868077
21868876
21869131
21869360
21869385
21869393
21869426
21869592
21869593
21869621
21869688
21869897
21869920
21870517
21870611
21870766
21870944
21871027
21871211
21871330
21872345
21872773
21872801
21873156
21873708
21873773
21874108
21874580
21875539
21875729
21875766
22037279
22038363
22039555
22039602
22040699
22041542
22042171
22042506
22042755
22042823
22043086
22043313
22043393
22043624
22044201
22044245
22045997
22046139
22046258
22046705
22046852
22047576
22047842
22047866
22048135
22048696
22048714
22048999
22049024
22049265
22049591
22049813
22049886
22049906
22050073
22050128
22050467
22051537
22051871
22051925
22052736
22052952
22052973
22053004
22053144
22053330
22053628
22054412
22054445
22054498
22054583
22054599
22055309
22055421
22086032
22086977
22091336
22093748
22116440
22117781
22117944
22118393
22118568
22118695
22118711
22118781
22118872
22119300
22119330
22119855
22120236
22120301
22120373
22120538
22120569
22120742
22121461
22121552
22121744
22122037
22122951
22123589
22123653
22123714
22123960
22123970
22124200
22124540
22124664
22124843
22124906
22125694
22126069
22126194
22126488
22126528
22126708
22126804
22127312
22127791
22128161
22128301
22128470
22129220
22130553
22130803
22131124
22131734
22132361
22133267
22133400
22260941
22261360
22262462
22263490
22263608
22263889
22264099
22265186
22265312
22265383
22265450
22265560
22265665
22266087
22266087
22266210
22266305
22266578
22266779
22267257
22267413
22267470
22267923
22268183
22268403
22268681
22268867
22269320
22269619
22270341
22270788
22272278
22272532
22273035
22273287
22273702
22274277
22274343
22274565
22274869
22275220
22275271
22275463
22275573
22276093
22276385
22276557
22276902
22277547
22278103
22278312
22279414
22279607
22279968
22280186
22280449
22280506
22280528
22280896
22281243
22414071
22414399
22414735
22414759
22414898
22415687
22415710
22416409
22416541
22416582
22416584
22416948
22417028
22417220
22417260
22417266
22417649
22417708
22418155
22418239
22418331
22418453
22418609
22418623
22418723
22418948
22419175
22419363
22419509
22420096
22420786
22421077
22421149
22421410
22421794
22422074
22422593
22422751
22423161
22423361
22423820
22424139
22424657
22424852
22425183
22425210
22425231
22425238
22425587
22425950
22426940
22426962
22427461
22427680
22427792
22428010
22428059
22428284
22428713
22428805
22428958
22429269
22430150
22430624
22430760
22431429
22431933
22433385
22433531
22433536
22433647
22434335
22434694
22434752
22435013
22435065
22435093
22435572
22436213
22436376
22436652
22436702
22560086
22561417
22561549
22561597
22562281
22562801
22563350
22563464
22564356
22564452
22565119
22566214
22566290
22566409
22566641
22567205
22567431
22567603
22567673
22567783
22567936
22568041
22568431
22568435
22568980
22569124
22569491
22569731
22570518
22570543
22570906
22570925
22571334
22571635
22571942
22572154
22572701
22572720
22572941
22572976
22574049
22574065
22574070
22574403
22574519
22574988
22575031
22575032
22575150
22575218
22575713
22576105
22576276
22576825
22577116
22577136
22577214
22577779
22577780
22578116
22578372
22578419
22578587
22578976
22579563
22579832
22579905
22580352
22580617
22580790
22580793
22580813
22580987
22581050
22581179
22581297
22581947
22788764
22800851
22805083
22805084
22805511
22805877
22806129
22806435
22806609
22807151
22807379
22807616
22807709
22807776
22808864
22809140
22809451
22810099
22810151
22810195
22810499
22810632
22811091
22812300
22812452
22812490
22812802
22813704
22813904
22814062
22814301
22814688
22814810
22815412
22815865
22816462
22816550
22816827
22816964
22817085
22817431
22817459
22818247
22818280
22818426
22818619
22818806
22819029
22881518
22882597
22883099
22883470
22883619
22884561
22884573
22884875
22885425
22886213
22886452
22887128
22887317
22887840
22888525
22888525
22888581
22889006
22889418
22890008
22890082
22890127
22890560
22891129
22891458
22891674
22891754
22891970
22892084
22892472
22892472
22892628
22892737
22893033
22893646
22894019
22894472
22894615
22894618
22894926
22895336
22895404
22895474
22895683
22896106
22896425
22896741
22897118
22897349
22897883
22898105
22898524
22898680
22898721
22898737
22898771
22899257
22899322
22899374
22900119
22900732
22900972
22901087
22901168
22901208
22901302
22901900
22902467
22902659
23041210
23041380
23041711
23041722
23041786
23041836
23042003
23042076
23042164
23042240
23042325
23042354
23042520
23043339
23043429
23043563
23043745
23043908
23044032
23044039
23044248
23044273
23044460
23044552
23044778
23045162
23045191
23045233
23045692
23045976
23046665
23047310
23047404
23048159
23048293
23048766
23049099
23049208
23049225
23049318
23049527
23049590
23049924
23050229
23050234
23050559
23051088
23052287
23052370
23052420
23052789
23053235
23053989
23054465
23054839
23055082
23055272
23055958
23055972
23056068
23056175
23056256
23056883
23057138
23058340
23170225
23170789
23170950
23171877
23172056
23172367
23172709
23172996
23173143
23175839
23176370
23176808
23177085
23178308
23178815
23178816
23178826
23179083
23179706
23180023
23180027
23181127
23182423
23182651
23182840
23183749
23183870
23184246
23184874
23185393
23185467
23186183
23186502
23186719
23186763
23186934
23188047
23188234
23188238
23188447
23188861
23188958
23189227
23189588
23189949
23190310
23190399
23190764
23191574
23191922
23192046
23192475
23193395
23193862
23363668
23364107
23367678
23368178
23381109
23382181
23383299
23383757
23383780
23383823
23383827
23384317
23384372
23384404
23384523
23384825
23384867
23385059
23385591
23385711
23386310
23386314
23386441
23386486
23386497
23386527
23386830
23387018
23387045
23387188
23387465
23387494
23387592
23387719
23387859
23388238
23389118
23389161
23389232
23389355
23389402
23389471
23389737
23390041
23390775
23390972
23391506
23391623
23391633
23391962
23392140
23392190
23392722
23392799
23393107
23393336
23393441
23393512
23393565
23393642
23393673
23393700
23393939
23394087
23394091
23394782
23394899
23395350
23395534
23395781
23456817
23456846
23456942
23457091
23457451
23458129
23458276
23458935
23459069
23459104
23459369
23459826
23460203
23460373
23460850
23461048
23461131
23461582
23462000
23462573
23462810
23462825
23462926
23463413
23463416
23463553
23463873
23463910
23464288
23464294
23464457
23464706
23464820
23465486
23465517
23465553
23465965
23466014
23466982
23467287
23467296
23468315
23469058
23469269
23470285
23470925
23471458
23472152
23472287
23472797
23472874
23472898
23473895
23473906
23474604
23475427
23475635
23475875
23476000
23476253
23476492
23476991
23477344
23477355
23477523
23477803
23477925
23477936
23478037
23478051
23478093
23478364
23478760
23478840
23620993
23621507
23622229
23622534
23622650
23622833
23623631
23623733
23624360
23624569
23625690
23626104
23626786
23627025
23628623
23629136
23629527
23629650
23630868
23631528
23631774
23633251
23633760
23633880
23634465
23634562
23636266
23637558
23637580
23637607
23638118
23638415
23638467
23639576
23639754
23640655
23640949
23641522
23641602
23641612
23641931
23642486
23642766
23642869
23642893
23794179
23794386
23797743
23801569
23802200
23802253
23802580
23802899
23803099
23803276
23803545
23803919
23807413
23807552
23808629
23809328
23810190
23838384
23938641
23938883
23940083
23944846
23947745
23947887
23948531
23955346
23996237
23996642
23996955
23997162
23997307
23997366
23997443
23997476
23997502
23997766
23998408
23998723
23998784
23998803
23998939
23998976
23999409
23999723
24000065
24001116
24001151
24001748
24001783
24002041
24002423
24002469
24002572
24002678
24002910
24003063
24003708
24003914
24004126
24004721
24004734
24005048
24005094
24005325
24006073
24006168
24006425
24007798
24008091
24008749
24008763
24009370
24009672
24009731
24009815
24009908
24009987
24010302
24010416
24010543
24180849
24180943
24181070
24181203
24181448
24181682
24183170
24183479
24183654
24183677
24183769
24184091
24184726
24185173
24185446
24185488
24186247
24186528
24188182
24188427
24188513
24189615
24189643
24189685
24189753
24189887
24190003
24190463
24190724
24191115
24191466
24191482
24191936
24192010
24192706
24192791
24192970
24193037
24193254
24193347
24193524
24194004
24194311
24194476
24194658
24194950
24195069
24195122
24195253
24195721
24195761
24195788
24195975
24196552
24197750
24198083
24198086
24198266
24198748
24297345
24299954
24300736
24364413
24364476
24364901
24365522
24366133
24366207
24366523
24366749
24367189
24367349
24367580
24368154
24368338
24368374
24369447
24369531
24370019
24370208
24370382
24370785
24371049
24371140
24371189
24371319
24371367
24371476
24371676
24371821
24372341
24372460
24372630
24373071
24373155
24373604
24374055
24374302
24374422
24374959
24375432
24375532
24375549
24375759
24376692
24376827
24377082
24377285
24377289
24377466
24377528
24377568
24377614
24377817
24378224
24378431
24378480
24378488
24378576
24378583
24378976
24379197
24379691
24379798
24379938
24380255
24380363
24380626
24380951
24381274
24381620
24381669
24382406
24382539
24382853
24382929
24382952
24383228
24383258
24429193
24437565
24438219
24439434
24440732
24441607
24443971
24444397
24444447
24566610
24573080
24577207
24577671
24581015
24583506
24586615
24588622
24604023
24604869
24605512
24605895
24606723
24606846
24606880
24607210
24607833
24608220
24608712
24608731
24609651
24609727
24609773
24610037
24610055
24611220
24611265
24611613
24611817
24612726
24613318
24613476
24613485
24613928
24614400
24616821
24617131
24618562
24618797
24618805
24619678
24619817
24620786
24620924
24715591
24716328
24717739
24717857
24718149
24718232
24718325
24718395
24718423
24718478
24718605
24718708
24718801
24718826
24719292
24719582
24719809
24720479
24720659
24720725
24720805
24721065
24721361
24721471
24721690
24721792
24722610
24722694
24722844
24723142
24723861
24724043
24724570
24725019
24725443
24725587
24726114
24726259
24726388
24726624
24727253
24727391
24727667
24727826
24728179
24728932
24729040
24729225
24729464
24729859
24730084
24730434
24730694
24731472
24731530
24731681
24731738
24732010
24732025
24732105
24732123
24732859
24733105
24733808
24733884
24734148
24734469
24844670
24844797
24844938
24844939
24845378
24845562
24846324
24846556
24846896
24847630
24847675
24848330
24849172
24849225
24849293
24849459
24849522
24849830
24849987
24850404
24850656
24851354
24851625
24851750
24851922
24852203
24852817
24852911
24853162
24853317
24853626
24853742
24854275
24854315
24855274
24855289
24855327
24855845
24855848
24856007
24856663
24856949
24857829
24858237
24858605
24858660
24859411
24859814
24860090
24860526
24860854
24861871
24862215
24862450
24863069
24863739
24864711
24865074
24865485
24867663
24868094
24869461
24870303
24871779
24871947
24872156
24875912
24876398
24877566
24877658
24879521
24947682
24948024
24950337
24952443
24953654
24954017
24954018
24954622
24955806
24955925
24956285
24957772
24960062
24960553
24991465
25038015
25038086
25038544
25039243
25039658
25040489
25040517
25040640
25040813
25041017
25041138
25041445
25042344
25042396
25042524
25043335
25043430
25043753
25044043
25044222
25044665
25047503
25047609
25049272
25049993
25050765
25050795
25051889
25054049
25054194
25055846
25095284
25095655
25096429
25100035
25103728
25103732
25105285
25108780
25155148
25157548
25211086
25211148
25211240
25211426
25212201
25212633
25212763
25213035
25214618
25214857
25216401
25216611
25216706
25217113
25217241
25217457
25217513
25217693
25217731
25218072
25218902
25218965
25219264
25219545
25220758
25221168
25221517
25221912
25222414
25223096
25224104
25224563
25225718
25287606
25287656
25287706
25288594
25288773
25288840
25288933
25289404
25290062
25290066
25290332
25290353
25290488
25290735
25291684
25292195
25292202
25292355
25292562
25292634
25292660
25293287
25293299
25293433
25293685
25294484
25294606
25296176
25296295
25296391
25297214
25297563
25297761
25297795
25298005
25298257
25298955
25299036
25299078
25299173
25299421
25300297
25300367
25300708
25301229
25301364
25302074
25302176
25302478
25302974
25303223
25303616
25303668
25303676
25304418
25305078
25305171
25305207
25306135
25306360
25306538
25306583
25306910
25307021
25307051
25307322
25307620
25307696
25307928
25307942
25308690
25308737
25308887
25309370
25309954
25310215
25310438
25310456
25351862
25511072
25511610
25511701
25512042
25512087
25512334
25513193
25513801
25514225
25514741
25515022
25515454
25515507
25515860
25516035
25516087
25516752
25516764
25516897
25516917
25516983
25517597
25517667
25518153
25518393
25518929
25519137
25519260
25519602
25519635
25519998
25520180
25520217
25520607
25520766
25522098
25522358
25523412
25523556
25523721
25524083
25524145
25524490
25524895
25525516
25525608
25525910
25525925
25526594
25527146
25527673
25527925
25527944
25527983
25528257
25529162
25529373
25529373
25530029
25530680
25531365
25531508
25531715
25531720
25531841
25532287
25532417
25532810
25533338
25533768
25534546
25611486
25613054
25615558
25616441
25617422
25619098
25619981
25621849
25625621
25626654
25627302
25627532
25628517
25630567
25630941
25631662
25632356
25635799
25638817
25640798
25649051
25649751
25650546
25654723
25656343
25656492
25657622
25658280
25658822
25660599
25661274
25661503
25661691
25661812
25661831
25662976
25663566
25663728
25664140
25664303
25664759
25667983
25668026
25668457
25668577
25668732
25669691
25670177
25670587
25670994
25742308
25743750
25747728
25751868
25753299
25754369
25754859
25755762
25758529
25805636
25805667
25805749
25806115
25806191
25806347
25807106
25807188
25808465
25809562
25809681
25810285
25811110
25811465
25811636
25811674
25811694
25811781
25811965
25812312
25812525
25812985
25813008
25813180
25813963
25814121
25814646
25816423
25816492
25816959
25817481
25817831
25818575
25818718
25849484
25850016
25884341
25884751
25885011
25885119
25886114
25886155
25886232
25886434
25887910
25888056
25888246
25888562
25888618
25888849
25889282
25889584
25889878
25889927
25890074
25890467
25890487
25890676
25890732
25891017
25891299
25891427
25891861
25892370
25892595
25892847
25893006
25893497
25894584
25895129
25895516
25895521
25895689
25895712
25895748
25895754
25895823
25896596
25896672
25896800
25897330
25898145
25898197
25898571
25898769
25898938
25899287
25919732
25920479
25920489
25920602
25920838
25921015
25921285
25921287
25921325
25924915
25925014
25926016
25926060
25926128
25926257
25926485
25926688
25926898
25926941
25928121
25928285
25928454
25928814
25928962
25929937
25930155
25930172
25931444
25931487
25931809
25932001
25932498
25932670
25933507
25933909
25934256
25934807
25935471
26014367
26021180
26023278
26085498
26086552
26088534
26088903
26096876
26099378
26100131
26102598
26102715
26103656
26117306
26117476
26117548
26117768
26117860
26117887
26117909
26118326
26118348
26118574
26119007
26119120
26119197
26119501
26119681
26120188
26120618
26121479
26121502
26122178
26122258
26124268
26124400
26124586
26125427
26125552
26125972
26126045
26126166
26126667
26127339
26127891
26128086
26128172
26128183
26128668
26128916
26129162
26129199
26129249
26129324
26129761
26129855
26129892
26129978
26130044
26130751
26131049
26131229
26131677
26131784
26132073
26132127
26132906
26132947
26133015
26133576
26134114
26134128
26134251
26134578
26134637
26134688
26134980
26135180
26135337
26135643
26135648
26135800
26135955
26136118
26136236
26136662
26137181
26137264
26137269
26137387
26137519
26137703
26137932
26138320
26138425
26138735
26138834
26138995
26139090
26139260
26139407
26140206
26140313
26140526
26213895
26214056
26214385
26214445
26215564
26216296
26216313
26216790
26217668
26217682
26218345
26218408
26219612
26219642
26221599
26222316
26222530
26223076
26223324
26223336
26223342
26223875
26225444
26225682
26227869
26229863
26230446
26230766
26231968
26313919
26314292
26314731
26315257
26315895
26316217
26316473
26317492
26317567
26318143
26318155
26318513
26318860
26319204
26319291
26319339
26319428
26319616
26319772
26319781
26320047
26320214
26320247
26320585
26320725
26321077
26321620
26321682
26321752
26321763
26321780
26321935
26322016
26322053
26322603
26322789
26322803
26323018
26323726
26323738
26323751
26323873
26324200
26324351
26324904
26325380
26325516
26325625
26325780
26325951
26325956
26326104
26326495
26326533
26326778
26327394
26327562
26327575
26327739
26501002
26501184
26505312
26505620
26505866
26506517
26506621
26508008
26508356
26508621
26509124
26509592
26510450
26510599
26510740
26511353
26511469
26514030
26514258
26514454
26514788
26515119
26515442
26516579
26517633
26517697
26517810
26518502
26519047
26519518
26520172
26520454
26520832
26520958
26522576
26523435
26523828
26523974
26677687
26723956
26725404
26726671
26727049
26727952
26728473
26729378
26731678
26734243
26734641
26736342
26736959
26736989
26737062
26738231
26738877
26740422
26761973
26762911
26763304
26763629
26764166
26764199
26764331
26764777
26765156
26765739
26765963
26766150
26766177
26767280
26767585
26767782
26768093
26768281
26768374
26768749
26769579
26770080
26770222
26770517
26770770
26770828
26770943
26771081
26771551
26771597
26771618
26771912
26772283
26772476
26772707
26773108
26773673
26773764
26773938
26773998
26864473
26864594
26864791
26864792
26864872
26865066
26865136
26865321
26865360
26865588
26865633
26865849
26866035
26866282
26866638
26866816
26866921
26866982
26867323
26867557
26867814
26867836
26868383
26868788
26868908
26869650
26869750
26869894
26869907
26870954
26871047
26871587
26871787
26872018
26872211
26872324
26872412
26872444
26872495
26872994
26872995
26873537
26873986
26874178
26874410
26874805
26874976
26875030
26875091
26875114
26875116
26875239
26876320
26876474
26876598
26876731
26877265
26877536
26877580
26878133
26878736
26928690
26928697
26929493
26929597
26929654
26931592
26931691
26931757
26932137
26932188
26932978
26933593
26933659
26933922
26934467
26934554
26934957
26935622
26936907
26937345
26938614
26938848
26938937
26939132
26939206
26939350
26940141
26940331
26940996
26941363
26941633
26941728
26942598
26942751
26943005
26943489
26944288
26944309
26944418
26945134
26945343
26945404
26945496
26946831
26947255
26948410
26949185
26949314
26950154
26950235
26950698
26950830
27039744
27040243
27040272
27041340
27042097
27042268
27042643
27042917
27043107
27043531
27043543
27044729
27045232
27046554
27047052
27047647
27047899
27048118
27048991
27049093
27049275
27049298
27049822
27049843
27051486
27053329
27054185
27054654
27056883
27057464
27057479
27058500
27058562
27058826
27059239
27059467
27059832
27059890
27060365
27060409
27060459
27060776
27061030
27107662
27180911
27181451
27181757
27181859
27182098
27182297
27182307
27182701
27184482
27184883
27185143
27185347
27185384
27185720
27186331
27186404
27186553
27187678
27187762
27187892
27187919
27188107
27188188
27188285
27188689
27189844
27189877
27190243
27190668
27190713
27191249
27191373
27192006
27192181
27192252
27192372
27192597
27192637
27192903
27192965
27193365
27193615
27193821
27194280
27194780
27195158
27195410
27195441
27195668
27195810
27196598
27196992
27197369
27197640
27197858
27198463
27198754
27199745
27200035
27200261
27200713
27284566
27285942
27286811
27286909
27287153
27287481
27288514
27288572
27288841
27290320
27290797
27291510
27292491
27295219
27295305
27295600
27298376
27299590
27384745
27450791
27451866
27451912
27452107
27452163
27452494
27452527
27452933
27454029
27454131
27454758
27455062
27455472
27456184
27456349
27457044
27457402
27457440
27457481
27457673
27458197
27458876
27458996
27459539
27459689
27459814
27459899
27460331
27460848
27460879
27461380
27462246
27462317
27463170
27464190
27464319
27464551
27464552
27464912
27465817
27466043
27466896
27467034
27467423
27467639
27496445
27497344
27497488
27497919
27498142
27498795
27499032
27500272
27502306
27502752
27503069
27503127
27504601
27504763
27505077
27506108
27506833
27507924
27509718
27510071
27510876
27512567
27513770
27513856
27513870
27513991
27515646
27515719
27515836
27517324
27561526
27562225
27562497
27563081
27563288
27564804
27564854
27565105
27567019
27567080
27567548
27567691
27568436
27568768
27570985
27571845
27573554
27574902
27579447
27580670
27580816
27581857
27588122
27588877
27589977
27591181
27591649
27768391
27768814
27769093
27770011
27771668
27771903
27772987
27773169
27773421
27773490
27773846
27774293
27774336
27774800
27774831
27774969
27775070
27776399
27776632
27776948
27778565
27778988
27779279
27780187
27781232
27781817
27782399
27783444
27784294
27784849
27785087
27786335
27886841
27922070
27924919
27925037
27933630
27942427
27943096
27946559
27947423
27947717
27949972
27950606
27951191
27952731
27952904
27955147
27958086
28061736
28063469
28063840
28064943
28069672
28072240
28075856
28120576
28121797
28122639
28123618
28126486
28127587
28128068
28128722
28129712
28133724
28169016
28169169
28169808
28170252
28170364
28170654
28170958
28171169
28171607
28171948
28172067
28172651
28172683
28173621
28173861
28173865
28173978
28174261
28175083
28175128
28175198
28176040
28177519
28179849
28180790
28180939
28182216
28182368
28182439
28182623
28183500
28250716
28253012
28253236
28254203
28255006
28261126
28262164
28264248
28428797
28431296
28434964
28436075
28436278
28436646
28436654
28436713
28436832
28437881
28437898
28438244
28438398
28438401
28438638
28438672
28438840
28438922
28439052
28439094
28439262
28439272
28439572
28439593
28439626
28440523
28440634
28440935
28441007
28441056
28441215
28441457
28441560
28441773
28441810
28442148
28442421
28443152
28443302
28443378
28443885
28444036
28444120
28444422
28444523
28444674
28444779
28444877
28445025
28445226
28445269
28445341
28445362
28445463
28445686
28445747
28446184
28446522
28447068
28447503
28447505
28447626
28447893
28447942
28448516
28448555
28448657
28449087
28449550
28449638
28449932
28450333
28450873
28451117
28451174
28451239
28451951
28452047
28452115
28452121
28452330
28452463
28452943
28453059
28453411
28454874
28454982
28454998
28455124
28455268
28455337
28455384
28455970
28456331
28456385
28456653
28456895
28456974
28457132
28457349
28457779
28457823
28457954
28458474
28458483
28458765
28458876
28458932
28459038
28459056
28459062
28459158
28489921
28493502
28493545
28493646
28494607
28495739
28528552
28541203
28541463
28542411
28548391
28656071
28656452
28658088
28658132
28658234
28658775
28660511
28660670
28661128
28662822
28663624
28664639
28664703
28664715
28664837
28665230
28666663
28671012
28671193
28671276
28671693
28672286
28676763
28677015
28730578
28731042
28732066
28732807
28732834
28733030
28734243
28734314
28734332
28734503
28734783
28734954
28735066
28735315
28735386
28735719
28737346
28738417
28739332
28740028
28740213
28741184
28741300
28741345
28741362
28742550
28743954
28782535
28784089
28784227
28785324
28786192
28787697
28788490
28789604
28789670
28789707
28790184
28791201
28791573
28791993
28792231
28795212
28877543
28878581
28879156
28879194
28879203
28879279
28879605
28880427
28881536
28882307
28882320
28883140
28884338
28885440
28885443
28885582
28887093
28887226
28887472
28888477
28888629
28888777
28889729
28890052
28891993
28892135
28892428
28893653
28893945
28894172
28894290
28894340
28894580
28895155
28895252
28896038
28897029
28897637
28898040
28898357
28898396
28898548
28898674
28899195
28917015
28917473
28917684
28917885
28918802
28918819
28919961
28920961
28921322
28921344
28921932
28922154
28922168
28923209
28923561
28923658
28923983
28923992
28925244
28926135
28926410
28926453
28926588
28926608
28926660
28927299
28927501
28927641
28927860
28927901
28928063
28928447
28928696
28928734
28929178
28929258
28931511
28931913
28932510
28933508
28934170
28934211
28934609
28934630
28934711
28935087
28935195
28935515
28935683
28935694
28936330
28936797
28937077
28937154
28938250
28938941
29029499
29031599
29032311
29074973
29075887
29076442
29076530
29077400
29077410
29078738
29079852
29080632
29080763
29080964
29081103
29081156
29081188
29082036
29082251
29082736
29083286
29083323
29083566
29084628
29084794
29084897
29085054
29085501
29085572
29085863
29086087
29086751
29086833
29086916
29087387
29087742
29088036
29088107
29088236
29089707
29089736
29089806
29090085
29090257
29090597
29090965
29091020
29092745
29093889
29093985
29094155
29094213
29094885
29094956
29095416
29095467
29095523
29095891
29096347
29096604
29097106
29097607
29155205
29246391
29246706
29247038
29247915
29248096
29248492
29248564
29248701
29248912
29249495
29249563
29249624
29250007
29250542
29250549
29250797
29252279
29252404
29253157
29253518
29253732
29254342
29254387
29254843
29255382
29255461
29255836
29256547
29256581
29256750
29256918
29257970
29258514
29258637
29258684
29259117
29259297
29259504
29259676
29259741
29260029
29260329
29260392
29261116
29261238
29261379
29261410
29261609
29261971
29262096
29262134
29262557
29262760
29262834
29262854
29263595
29263915
29264207
29264479
29264724
29265509
29265561
29265639
29266163
29267232
29267367
29267413
29267432
29267435
29267674
29268252
29268289
29414399
29416522
29417962
29418512
29421400
29422075
29425411
29427052
29427374
29427424
29427666
29435242
29436024
29441184
29444050
29445359
29448987
29450278
29628807
29629127
29632036
29632169
29632343
29632405
29632529
29633347
29635172
29636753
29636869
29637179
29637557
29638332
29638655
29638739
29639140
29639357
29639872
29639981
29640146
29640284
29641382
29641481
29642100
29642814
29643129
29643187
29643313
29643825
29644389
29645433
29646200
29646927
29646971
29647103
29647279
29647614
29647841
29648007
29648959
29701821
29701919
29701992
29702262
29702437
29702561
29703402
29703596
29703705
29703759
29704459
29705358
29705497
29705786
29705790
29706287
29707095
29707584
29708263
29709235
29709512
29709865
29710087
29710099
29710343
29710811
29710902
29711126
29711472
29712229
29712306
29712555
29712642
29712647
29713010
29713147
29713313
29713387
29713530
29714145
29714342
29715230
29715536
29715741
29715840
29716022
29716916
29717029
29717304
29717445
29717653
29717673
29717978
29718380
29719076
29719111
29719275
29719455
29821159
29823485
29828003
29828115
29828616
29831984
29833880
29835474
29872201
29872389
29873314
29873559
29874084
29875714
29876071
29878276
29878477
29878705
29879485
29881337
29883462
29884006
29884190
29886710
29886750
29888942
29890033
29890084
29891718
29918615
29918888
29922730
29923872
29924908
29927381
29927906
29928424
30036540
30036778
30037111
30037274
30037783
30037803
30038067
30038113
30038316
30038670
30039350
30040011
30040541
30040689
30041115
30041331
30041516
30041653
30041728
30041791
30042097
30042101
30042152
30043409
30043597
30043765
30043910
30044307
30044680
30044709
30044727
30044757
30044762
30044772
30044900
30044954
30045009
30045289
30045373
30045441
30045964
30045989
30046568
30046572
30046723
30047029
30047107
30047269
30047307
30047406
30047557
30047705
30048147
30048277
30048410
30049468
30049918
30050110
30050207
30050276
30050307
30050423
30050615
30050817
30050938
30051183
30051247
30051585
30051716
30051744
30051926
30051998
30052302
30052825
30052876
30053160
30053183
30053332
30053526
30054115
30054863
30054937
30055047
30055055
30055664
30055913
30056744
30057430
30057505
30057767
30057774
30058670
30058839
30059032
30059089
30059132
30059278
30059334
30059471
30065106
30065910
30084386
30180042
30180498
30180926
30181585
30184127
30184940
30187262
30187298
30187428
30189057
30190457
30191254
30191378
30191884
30358597
30359290
30359728
30359962
30360061
30360211
30360323
30360509
30360833
30360845
30360952
30360975
30361874
30362141
30362465
30362567
30363273
30365158
30365298
30365831
30366085
30366521
30366863
30367522
30367589
30368730
30368814
30368835
30369144
30370020
30370437
30370834
30371099
30371522
30371558
30371651
30371820
30372178
30372819
30372902
30373586
30373711
30373723
30374108
30374848
30374959
30374965
30375555
30375753
30376004
30416933
30419225
30426426
