73
167
245
675
728
823
1040
1297
1375
1486
1549
1640
2268
2614
2804
3125
3284
4631
4850
5343
5451
5580
6677
6798
6875
7351
7391
7597
8210
8268
8337
8662
8682
9441
9582
9957
10045
10265
10537
10800
11830
12022
12318
12657
13007
13009
14045
14548
14802
14923
15243
15355
15552
15772
15871
15994
16027
16151
16361
16673
16796
16961
17504
17636
17753
18660
18703
19303
79343
79552
80152
80332
80361
80497
80849
80929
81151
81915
81941
82003
82122
82244
82750
83220
83297
83842
84007
84654
85664
85972
86342
86683
86734
86985
87516
87985
88354
88811
89612
90405
90861
91012
91246
91803
92597
92677
92902
92908
93086
93680
94000
94125
94948
95311
95678
95687
95727
95901
96279
97055
97233
97272
97333
98202
98266
98743
98758
98833
111792
113233
114146
114551
115559
116137
117158
117294
117495
118493
121017
122312
123903
124860
125346
125597
127892
128146
128599
129402
133319
134407
134583
134660
134711
171559
174019
174922
176148
176318
181114
182351
187014
187225
188537
188812
190786
192078
192507
239725
239823
239896
240166
240341
240465
241306
241500
241609
241663
242363
243262
243401
243690
243694
244191
244999
245488
246167
247139
247416
247769
247991
248003
248247
248715
248806
249030
249376
250133
250210
250459
250546
250551
250914
251051
251217
251291
251434
252049
252246
253134
253440
253645
253744
253926
254820
254933
255208
255349
255557
255577
255882
256284
256980
257015
257179
257359
371852
372218
372695
372802
373800
373909
373986
374444
374799
375034
375296
375650
375706
375756
376243
376308
376752
376772
377404
378439
378879
379581
379613
379928
379936
380399
381484
382287
382826
383045
383400
384891
385422
385766
386648
387853
387856
388337
388615
388794
388825
389790
389884
390294
390475
390900
391230
391411
391543
391920
392162
392507
392516
393207
393622
461993
518971
527343
527997
529212
530510
531385
533749
534175
534225
576309
576421
576545
577883
579610
579942
580042
581782
582135
583750
586141
587721
588099
599635
641421
641439
642101
642245
642304
642615
643148
644592
644774
644913
644999
645343
645370
645597
645763
645842
645944
646012
646237
646464
646981
647033
647734
647859
647990
648483
648815
648891
649472
649790
650150
650310
650770
650937
650970
651269
651331
651531
651731
651974
652637
652788
652804
653359
653529
654032
654203
654474
655193
655207
655396
655518
655815
656465
656685
657186
657542
657803
657847
658293
658372
658412
658522
658716
659684
659959
660554
660702
660809
660861
661171
661302
661469
661510
661683
661906
662179
662228
662440
662561
662806
662966
663195
663304
663443
895121
895555
896211
896311
896343
896395
897091
897177
897323
897443
898036
898210
898383
898407
898712
898920
899275
899507
899887
900008
900266
900735
901752
902196
902308
902331
902464
902603
902881
903086
903156
903605
903700
903854
904631
904855
905873
906062
906168
906398
906723
906747
906775
906889
906922
906934
1047186
1053617
1056462
1056991
1059117
1061539
1085068
1085872
1085934
1087741
1087914
1088344
1088704
1089013
1089098
1089400
1091358
1091462
1095280
1096539
1098731
1099257
1099446
1099583
1100880
1102827
1103119
1103170
1103667
1105279
1105662
1105959
1106118
1106155
1107480
1166262
1166344
1166741
1167565
1167571
1168293
1168298
1168411
1168485
1168725
1168794
1168978
1169413
1169807
1170202
1170577
1170596
1170665
1170786
1170852
1171542
1172449
1172566
1172610
1173320
1173354
1173480
1174054
1174113
1174219
1174614
1174823
1176215
1176287
1176508
1176925
1177256
1177704
1177785
1178275
1178508
1178738
1178825
1178860
1179013
1179656
1180462
1180599
1181594
1181667
1182105
1182639
1182997
1183014
1183462
1183640
1183670
1184897
1185008
1185343
1185494
1185667
1185885
1185975
1186684
1187120
1187194
1187645
1187767
1187921
1188028
1188201
1188289
1189016
1189062
1212748
1212972
1212980
1212996
1213753
1213984
1214219
1214986
1215001
1215182
1215472
1215478
1216056
1216671
1216762
1216832
1216911
1217508
1217695
1218012
1218569
1218652
1218814
1219675
1219780
1220220
1220368
1220597
1220806
1220844
1220937
1221022
1221225
1221404
1221421
1221564
1221645
1221724
1222391
1223018
1223201
1223519
1223692
1224195
1224545
1224745
1224831
1225055
1225162
1225596
1226889
1227049
1227148
1227288
1227561
1227826
1227868
1227917
1227978
1228016
1228585
1228608
1228662
1228674
1273221
1273459
1273792
1273955
1274464
1274484
1274748
1274794
1274997
1275351
1276031
1276692
1277222
1277370
1277796
1278012
1278197
1278334
1278409
1278472
1278778
1278782
1278833
1280090
1280278
1280446
1280591
1280988
1281361
1281390
1281408
1281438
1281443
1281453
1281581
1281635
1281690
1281970
1282054
1282122
1282645
1282670
1283249
1283253
1283404
1283710
1283788
1283950
1283988
1284087
1284238
1284386
1284828
1284958
1285091
1286149
1286599
1286791
1286888
1286957
1286988
1287104
1287296
1287498
1287619
1287864
1287928
1288266
1288397
1288425
1288607
1288679
1288983
1289506
1289557
1289841
1289864
1290013
1290207
1290796
1291544
1291618
1291728
1291736
1292345
1292594
1293425
1294111
1294186
1294448
1294455
1295351
1295520
1295713
1295770
1295813
1295959
1296015
1296152
1384831
1385769
1386162
1386487
1387024
1387057
1387189
1387635
1388014
1388597
1388821
1389008
1389035
1390138
1390443
1390640
1390951
1391139
1391232
1391607
1392437
1392938
1393080
1393375
1393628
1393686
1393801
1393939
1394409
1394455
1394476
1394770
1395141
1395334
1395565
1395966
1396531
1396622
1396796
1396856
1530045
1530116
1530574
1531273
1531688
1532519
1532547
1532670
1532843
1533047
1533168
1533475
1534374
1534426
1534554
1535365
1535460
1535783
1536073
1536252
1536695
1539533
1539639
1541302
1542023
1542795
1542825
1543919
1546079
1546224
1645706
1646158
1646199
1646649
1647059
1647685
1649062
1649315
1649601
1652288
1653210
1653219
1660093
1660102
1661994
1667792
1668012
1761800
1762493
1762931
1763165
1763264
1763414
1763526
1763712
1764036
1764048
1764155
1764178
1765077
1765344
1765668
1765770
1766476
1768361
1768501
1769034
1769288
1769724
1770066
1770725
1770792
1771933
1772017
1772038
1772347
1773223
1773640
1774037
1774302
1774725
1774761
1774854
1775023
1775381
1776022
1776105
1776789
1776914
1776926
1777311
1778051
1778162
1778168
1778758
1778956
1779207
1846840
1847090
1847782
1847914
1848033
1848406
1848713
1851510
1851530
1851661
1852146
1852365
1852721
1852833
1853247
1853347
1853410
1853595
1853664
1853811
1854020
1854205
1854470
1854633
1855089
1855539
1856182
1856193
1856222
1856243
1856429
1856499
1856542
1856707
1856958
1857933
1858241
1858244
1859497
1859752
1859766
1860227
1860340
1860515
1860656
1860923
1861239
1861553
1861561
1861928
1862072
1862173
1862285
1862445
1862480
1863259
1863689
1864910
1865059
1865895
1866069
1866746
1866786
1867110
1867139
1867442
1867542
1868088
1868789
1868968
2060658
2060859
2063009
2063107
2063551
2064230
2064568
2064827
2064915
2065074
2065314
2066430
2067155
2067264
2067307
2068446
2068469
2068697
2069712
2069786
2070458
2070791
2072695
2073429
2073613
2074726
2074911
2075286
2075740
2076226
2076973
2077460
2077849
2078232
2078621
2078973
2078985
2079057
2080498
2080871
2081707
2081759
2083219
2083782
2083823
2201624
2201777
2202416
2202860
2202972
2203262
2203566
2203777
2204215
2204556
2204675
2205259
2205291
2206229
2206469
2206473
2206586
2206869
2207691
2207736
2207806
2208648
2210127
2212457
2213398
2213547
2214824
2214976
2215047
2215231
2216108
2272533
2272991
2273202
2273403
2274320
2274337
2275479
2276479
2276840
2276862
2277450
2277672
2277686
2278727
2279079
2279176
2279501
2279510
2280762
2281653
2281928
2281971
2282106
2282126
2282178
2282817
2283019
2283159
2283378
2283419
2283581
2283965
2284214
2284252
2284696
2284776
2287029
2287431
2288028
2289026
2289688
2289729
2290127
2290148
2290229
2290605
2290713
2291033
2291201
2291212
2291848
2292315
2292595
2292672
2293768
2294459
2361766
2368672
2373467
2438378
2442612
2442957
2445874
2448133
2452693
2453085
2453992
2458459
2482324
2486740
2488012
2503806
2506907
2516375
2544667
2544939
2545034
2545073
2545482
2545502
2545799
2546032
2546038
2546098
2546405
2546567
2547001
2547109
2547264
2547634
2547642
2548331
2548535
2548955
2549531
2549907
2551516
2551631
2551837
2552108
2552449
2552477
2552891
2553242
2554165
2554220
2554677
2554881
2555129
2556519
2556922
2557207
2557541
2557721
2557855
2557981
2558028
2558359
2558382
2558404
2558531
2559849
2560318
2560505
2560586
2560592
2560634
2560713
2561115
2561267
2561483
2561717
2561846
2562458
2562805
2562967
2563220
2563688
2563758
2564074
2564563
2564651
2564826
2564994
2620730
2621790
2622498
2623203
2623240
2623493
2625431
2625454
2626219
2626366
2626405
2627708
2629590
2630175
2630205
2630850
2631538
2632379
2632644
2632655
2667429
2695084
2695102
2695786
2695824
2696031
2696118
2696389
2696477
2697565
2698298
2698342
2698652
2698970
2699000
2699061
2699136
2699248
2699352
2699489
2699855
2699909
2700617
2700862
2701437
2701708
2701904
2702112
2702181
2702445
2702479
2702840
2702930
2703027
2703180
2703193
2703256
2703355
2703537
2703708
2703900
2704162
2704531
2704708
2705216
2705478
2705618
2705858
2706538
2706890
2706954
2707218
2707404
2707483
2707542
2707709
2707819
2708030
2708066
2708078
2708313
2708790
2708913
2709020
2709077
2709270
2709664
2709671
2709922
2709949
2710209
2710613
2710643
2710688
2710917
2711271
2711281
2711498
2711557
2712006
2712063
2712118
2712329
2712408
2712507
2712525
2713019
2713217
2713307
2713520
2714036
2736760
2741059
2742746
2747470
2756452
2844461
2844713
2844921
2845390
2845558
2845703
2845850
2845897
2846908
2847190
2847223
2847723
2847845
2847859
2848050
2848820
2849025
2849651
2849716
2849952
2850112
2850605
2851151
2852478
2852608
2852793
2852908
2853237
2853798
2854827
2855281
2855989
2856085
2856706
2856803
2856969
2857103
2857376
2857679
2858814
2858892
2859251
2859574
2859784
2860899
2861779
2941266
2941398
2941476
2941678
2941719
2942208
2943156
2943255
2943319
2943532
2943706
2944129
2944211
2944257
2944707
2944817
2944945
2945195
2945260
2945380
2945509
2945601
2945918
2945944
2947338
2947461
2947532
2947584
2948487
2948548
2948629
2948641
2948772
2948791
2948980
2949076
2949076
2949163
2949168
2949583
2949918
2950631
2951781
2951963
2952393
2952422
2952604
2952718
2952799
2952882
2952975
2953343
2953423
2954102
2954684
2955080
2955921
2960023
2960304
2960597
2960924
2961455
2964439
2964917
2965047
2966501
2968020
2970015
2971848
2974378
2975571
3146722
3146734
3146823
3146882
3147101
3147172
3147224
3147388
3147438
3147611
3147894
3147895
3147900
3147958
3148119
3148563
3148743
3148941
3149297
3149424
3149657
3149727
3149995
3149997
3150102
3150187
3150248
3150527
3150962
3151216
3151233
3151265
3151491
3151916
3152005
3152368
3153696
3154072
3154167
3154476
3155029
3155244
3155458
3155790
3155832
3156216
3156521
3156599
3156763
3156790
3157406
3157414
3157445
3157510
3157820
3157955
3157982
3158500
3159795
3159845
3160181
3160252
3160321
3160478
3160512
3160844
3160847
3160963
3161082
3161086
3161383
3162166
3162210
3162413
3162503
3162933
3162989
3163023
3163165
3163214
3163560
3164199
3164636
3164878
3165265
3165587
3165736
3166113
3166222
3311465
3313757
3320958
3427108
3427590
3429192
3429741
3431146
3432468
3432914
3437094
3437398
3470806
3470839
3471295
3472441
3474045
3474092
3474099
3474460
3474805
3475145
3475258
3475283
3475382
3476218
3476903
3477124
3477230
3477973
3478084
3478896
3478987
3479045
3479179
3480076
3480920
3480970
3481193
3481314
3481567
3482556
3483100
3483564
3483997
3483998
3484198
3484216
3484460
3484794
3485190
3485316
3485375
3485871
3486385
3486873
3487764
3487798
3487933
3488166
3488792
3488804
3488863
3489184
3489599
3489639
3489697
3489898
3490116
3490426
3490685
3491436
3492027
3492155
3493440
3493453
3493824
3493945
3493978
3515659
3515789
3515834
3516393
3518084
3518256
3518386
3518498
3518597
3518904
3519099
3519105
3519377
3520026
3520213
3520432
3520664
3521456
3521981
3522180
3522181
3522365
3522644
3522815
3522970
3524192
3525798
3526233
3526756
3526950
3527101
3527316
3527441
3528596
3529304
3529347
3529999
3530334
3530472
3530997
3531240
3531276
3531613
3532062
3532197
3533277
3584208
3584237
3584333
3584482
3584842
3585520
3585667
3586326
3586460
3586495
3586760
3587217
3587594
3587764
3588241
3588439
3588522
3588973
3589391
3589964
3590201
3590216
3590317
3590804
3590807
3590944
3591264
3591301
3591679
3591685
3591848
3592097
3592211
3592877
3592908
3592944
3593356
3593405
3594373
3594678
3594687
3595706
3596449
3596660
3597676
3598316
3598849
3599543
3599678
3600188
3600265
3600289
3601286
3601297
3601995
3602818
3603026
3603266
3603391
3603644
3603883
3604382
3604735
3604746
3604914
3605194
3605316
3605327
3605428
3605442
3605484
3605755
3606151
3606231
3896292
3896507
3896912
3896942
3897213
3898020
3898083
3898499
3898798
3898799
3899242
3899657
3900045
3900092
3900411
3900911
3901034
3902117
3902338
3902471
3902829
3903013
3903024
3903060
3903091
3903373
3903766
3904632
3905488
3905557
3906179
3906346
3907135
3907382
3907742
3907988
3908068
3908115
3908160
3908483
3908964
3909081
3909102
3909207
3909321
3909359
3909550
3909705
3909844
3910022
3910050
3910064
3910284
3911087
3911093
3911196
3911372
3911453
3911977
3912240
3912333
3912704
3912946
3912956
3913579
3913849
3913899
4024971
4029516
4030739
4030885
4031926
4038191
4038946
4040046
4041250
4041718
4145385
4231189
4232264
4232310
4232505
4232561
4232892
4232925
4233331
4234427
4234529
4235156
4235460
4235870
4236582
4236747
4237442
4237800
4237838
4237879
4238071
4238595
4239274
4239394
4239937
4240087
4240212
4240297
4240729
4241246
4241277
4241778
4242644
4242715
4243568
4244588
4244717
4244949
4244950
4245310
4246215
4246441
4247294
4247432
4247821
4248037
4282417
4282587
4282918
4282929
4282993
4283043
4283210
4283283
4283371
4283447
4283532
4283561
4283727
4284546
4284636
4284770
4284952
4285115
4285239
4285246
4285455
4285480
4285667
4285759
4285985
4286369
4286398
4286440
4286899
4287183
4287872
4288517
4288611
4289366
4289500
4289973
4290306
4290415
4290432
4290525
4290734
4290797
4291131
4291436
4291441
4291766
4292295
4293494
4293577
4293627
4293996
4294442
4295196
4295672
4296046
4296289
4296479
4297165
4297179
4297275
4297382
4297463
4298090
4298345
4299547
4300149
4300613
4301637
4302378
4302405
4302601
4303814
4303885
4303903
4304074
4304354
4304525
4304637
4304886
4304957
4305290
4306917
4307988
4308903
4309599
4309784
4310755
4310871
4310916
4310933
4312121
4313525
4425053
4437432
4441024
4441237
4485830
4485843
4485915
4486033
4486202
4486276
4486327
4486606
4486706
4486960
4487038
4487040
4487064
4487077
4488010
4488013
4488418
4488426
4488558
4488747
4489077
4489201
4489302
4489839
4489892
4489986
4490186
4490720
4490753
4490777
4490814
4491149
4491383
4491426
4491813
4491876
4492285
4492336
4493108
4493169
4493262
4493749
4494071
4494670
4494689
4494744
4494866
4495053
4495074
4495195
4495679
4495754
4496163
4496655
4497168
4497208
4497257
4497534
4498033
4498210
4498279
4499174
4499842
4499974
4500220
4500405
4501010
4501096
4501126
4501522
4501597
4501698
4502060
4502672
4502689
4502755
4502924
4502975
4503045
4503794
4503919
4503966
4503996
4504082
4504146
4504484
4504525
4504594
4504619
4505266
4505956
4506327
4507101
4510707
4514400
4514404
4515957
4519452
4523755
4526051
4526275
4527242
4528045
4534165
4535203
4537287
4599153
4601652
4605320
4661670
4662642
4663005
4663416
4665594
4666025
4667392
4668234
4669710
4669878
4670087
4673843
4674329
4675497
4675589
4677452
4780659
4781317
4781859
4783636
4784311
4784540
4784728
4784849
4784868
4786013
4786603
4786765
4787177
4787340
4787796
4791020
4791063
4791494
4791614
4791769
4792728
4793214
4793624
4794031
4797880
4798750
4799713
4802927
4810983
4812419
4813519
4926067
5007650
5012831
5013455
5014573
5015621
5017414
5017848
5020554
5029653
5030576
5030754
5030876
5031144
5031882
5032023
5033833
5036278
5036384
5036598
5037006
5037133
5038321
5038610
5038789
5040161
5040793
5041734
5041755
5041758
5043392
5045111
5160748
5165028
5167877
5173832
5283575
5283708
5284098
5284632
5285261
5285967
5286324
5286656
5289499
5289585
5291151
5292144
5293212
5293673
5293817
5294227
5294816
5295287
5296584
5296836
5297074
5297675
5297917
5299233
5300044
5302836
5304254
5362293
5367652
5367871
5368290
5368690
5371808
5373822
5374372
5374385
5377890
5378470
5380617
5383962
5387795
5402083
5403114
5403177
5403602
5404223
5404834
5404908
5405224
5405450
5405890
5406050
5406281
5406855
5407039
5407075
5408148
5408232
5408720
5408909
5409083
5409486
5409750
5409841
5409890
5410020
5410068
5410177
5410377
5410522
5411042
5411161
5411331
5411772
5411856
5412305
5412756
5413003
5413123
5413660
5414133
5414233
5414250
5414460
5415393
5415528
5415783
5415986
5415990
5416167
5416229
5416269
5416315
5416518
5416925
5417132
5417181
5417189
5417277
5417284
5417677
5417898
5418392
5418499
5418639
5418956
5419064
5419327
5419652
5419975
5420321
5420370
5421107
5421240
5421554
5421630
5421653
5421929
5421959
5422399
5422720
5423226
5424220
5424536
5425041
5425513
5425864
5426203
5426543
5427048
5427515
5427808
5428613
5428861
5428944
5429701
5429725
5429752
5429772
5430242
5430358
5430453
5430561
5430796
5430934
5432509
5432962
5434358
5434400
5434672
5434730
5434869
5434897
5435076
5435457
5435549
5438317
5446419
5454497
5608877
5612497
5613764
5614197
5617817
5630468
5630728
5631676
5637656
5642232
5643717
5645984
5653544
5659325
5662041
5662114
5945478
5946015
5946214
5946355
5947202
5947235
5947422
5947632
5948416
5948753
5949076
5949277
5949546
5949611
5950226
5952181
5952703
5952708
5952772
5952958
5953003
5953058
5953552
5953596
5953856
5954454
5954466
5954495
5954587
5954958
5955053
5955229
5955550
5955749
5955814
5956921
5957164
5957256
5957443
5958287
5958318
5958338
5958343
5958589
5958610
5958693
5958778
5958803
5959087
5959554
5959567
5959930
5960034
5960046
5960536
5961044
5961219
5961605
5961666
5961832
5962595
5962919
5962937
6086638
6088230
6088610
6088891
6090197
6092277
6093123
6094319
6095775
6096550
6098903
6102367
6104165
6110010
6111815
6116230
6118160
6119960
6124515
6126755
6130688
6131605
6133649
6134262
6140453
6324805
6326146
6326309
6326758
6326933
6327060
6327076
6327146
6327237
6327665
6327695
6328220
6328601
6328666
6328738
6328903
6328934
6329107
6329826
6329917
6330109
6330402
6331316
6331954
6332018
6332079
6332325
6332335
6332565
6332905
6333029
6333208
6333271
6334059
6334434
6334559
6334853
6334893
6335073
6335169
6335677
6336156
6336526
6336666
6336835
6337585
6338918
6339168
6339489
6340099
6340726
6341632
6341765
6373949
6374269
6377178
6377311
6377485
6377547
6377671
6378489
6380314
6381895
6382011
6382321
6382699
6383474
6383797
6383881
6384282
6384499
6385014
6385123
6385288
6385426
6386524
6386623
6387242
6387956
6388271
6388329
6388455
6388967
6389531
6390575
6391342
6392069
6392113
6392245
6392421
6392756
6392983
6393149
6394101
6459391
6459898
6461236
6462258
6462269
6462379
6462531
6462558
6463460
6463489
6463935
6464271
6464318
6465472
6465526
6465634
6465768
6465852
6466138
6466441
6467160
6467483
6467595
6467658
6467661
6467716
6467852
6468175
6469491
6470021
6470407
6470809
6471728
6472545
6472638
6473385
6474990
6475155
6475814
6475824
6475843
6475894
6476387
6477273
6478721
6479988
6480366
6481269
6481790
6482695
6484995
6487560
6487958
6489659
6490276
6490306
6490379
6491548
6492194
6493739
6583640
6583672
6583897
6584028
6584950
6585223
6587637
6589080
6590898
6591811
6592241
6593866
6594463
6595257
6595336
6595597
6595644
6699677
6700251
6700278
6700529
6700554
6701089
6701489
6701626
6701884
6702001
6702466
6702624
6702712
6702735
6702949
6703545
6703665
6704144
6704504
6704645
6704897
6705329
6705375
6705499
6705584
6705806
6705878
6705891
6706408
6707547
6708271
6708505
6708686
6709051
6709101
6709463
6709586
6710056
6710088
6710399
6710573
6710640
6710699
6710750
6710851
6711118
6711290
6711330
6711866
6712882
6713238
6714262
6714267
6714795
6715045
6715400
7047444
7048886
7052864
7057004
7058435
7059505
7059995
7060898
7063665
7199502
7199632
7199655
7199776
7201163
7201472
7201957
7203009
7203833
7203850
7204212
7204584
7204630
7204724
7206221
7206815
7207315
7207412
7207664
7208223
7208475
7210270
7210802
7211124
7211498
7211509
7211909
7213298
7213537
7213906
7303991
7304396
7304709
7304916
7305061
7305120
7305197
7305230
7305256
7305520
7306162
7306477
7306538
7306557
7306693
7306730
7307163
7307477
7307819
7308870
7308905
7309502
7309537
7309795
7310177
7310223
7310326
7310432
7310664
7310817
7311462
7311668
7311880
7312475
7312488
7312802
7312848
7313079
7313827
7313922
7314179
7315552
7315845
7316503
7316517
7317124
7317426
7317485
7317569
7317662
7317741
7318056
7318170
7318297
7405756
7409084
7409347
7411315
7414491
7415463
7529684
7531973
7539632
7589404
7702595
7703713
7704171
7704194
7704237
7704241
7704731
7704786
7704818
7704937
7705239
7705281
7705473
7706005
7706125
7706724
7706728
7706855
7706900
7706911
7706941
7707244
7707432
7707459
7707602
7707879
7707908
7708006
7708133
7708273
7708652
7709532
7709575
7709646
7709769
7709816
7709885
7710151
7710455
7711189
7711386
7711920
7712037
7712047
7712376
7712554
7712604
7713136
7713213
7713521
7713750
7713855
7713926
7713979
7714056
7714087
7714114
7714353
7714501
7714505
7715196
7715313
7715764
7715948
7716195
7791169
7792068
7792212
7792643
7792866
7793519
7793756
7794996
7797030
7797476
7797793
7797851
7799325
7799487
7799801
7800832
7801557
7802648
7804442
7804795
7805600
7807291
7808494
7808580
7808594
7808715
7810370
7810443
7810560
7812048
7869294
7869719
7870062
7870515
7871428
7873307
7874487
7874699
7874712
7875207
7876217
7878071
7878385
7878820
7880074
7880334
7880698
7881798
7881916
8020889
8021851
8022150
8022526
8023116
8023984
8024356
8024992
8025108
8025902
8026630
8028796
8030874
8032223
8032639
8033188
8034895
8035398
8052381
8054194
8054424
8054753
8055847
8056513
8056535
8056983
8057537
8059982
8060407
8062710
8136896
8137012
8137031
8137647
8138062
8138493
8138521
8138535
8138789
8139309
8139868
8139893
8140620
8141062
8141330
8141997
8142583
8142860
8143357
8143609
8143775
8144037
8144076
8144207
8146614
8146765
8147432
8148640
8148697
8148994
8149643
8149929
8150182
8260410
8260760
8260883
8261042
8261077
8261371
8261687
8262112
8262328
8262444
8262706
8262871
8262960
8263007
8263072
8263440
8263968
8264403
8265089
8265161
8265437
8265504
8265507
8265693
8265706
8265920
8266148
8266286
8266531
8266746
8267396
8268093
8268487
8268720
8268961
8269319
8269391
8269570
8270344
8270701
8271529
8272044
8272137
8272239
8272403
8272664
8273548
8273738
8273815
8274082
8274254
8274433
8274564
8274807
8274932
8275775
8275877
8276244
8276987
8277242
8277373
8278258
8278268
8279017
8279362
8279421
8279941
8280024
8369627
8370454
8373240
8378521
8379585
8382812
8384932
8385269
8385701
8389726
8534991
8535117
8535810
8536018
8536253
8537166
8537227
8538031
8538794
8539200
8539404
8539632
8539726
8540016
8540383
8541292
8541405
8541736
8543428
8543593
8543814
8545058
8545450
8545523
8546022
8546470
8546619
8547750
8547789
8548517
8548554
8549068
8550596
8552430
8552754
8552799
8623413
8623802
8626002
8626686
8626810
8627720
8628427
8630289
8631789
8632520
8633259
8636841
8638114
8640353
8640862
8641058
8642312
8733977
8734333
8734586
8734937
8734970
8735492
8735698
8735747
8736459
8736681
8736819
8737480
8737680
8738104
8738229
8738319
8738549
8738562
8738872
8738950
8739371
8739471
8739819
8740363
8740413
8740464
8741946
8742093
8742212
8742395
8742396
8744105
8744211
8744350
8745398
8745551
8746119
8746351
8746372
8746911
8747342
8747479
8747604
8747734
8747779
8748060
8748444
8748451
8748597
8748707
8748806
8748853
8748860
8748881
8749249
8749322
8749326
8749403
8750042
8750232
8750436
8750518
8750626
8750689
8751199
8751347
8751529
8751627
8751678
8751885
8752028
8752320
8752393
8752409
8752771
8752867
8753220
8753328
8753600
8753862
8755774
8758466
8762574
8900697
8901474
8901665
8902363
8902443
8902566
8902704
8903462
8903789
8904103
8904231
8904377
8905084
8906055
8906203
8906360
8906458
8906542
8907034
8907653
8908187
8908256
8908267
8908519
8908642
8909050
8909101
8909245
8909790
8909876
8910432
8910466
8910550
8910980
8911616
8911898
8912035
8912142
8912731
8912774
8912787
8912791
8913035
8913640
8914054
8914074
8914152
8914510
8915369
8916030
8916077
8916777
8917289
8917787
8918006
8918077
8918246
8918296
8918341
8918953
8919195
8919428
8919487
8919709
8919833
8919919
8920292
8920529
8921514
8997521
8997615
8997742
8997875
8998120
8998354
8999842
9000151
9000326
9000349
9000441
9000763
9001398
9001845
9002118
9002160
9002919
9003200
9004854
9005099
9005185
9006287
9006315
9006357
9006425
9006559
9006675
9007135
9007396
9007787
9008138
9008154
9008608
9008682
9009378
9009463
9009642
9009709
9009926
9010019
9010196
9010676
9010983
9011148
9011330
9011622
9011741
9011794
9011925
9012393
9012433
9012460
9012647
9013224
9014422
9014755
9014758
9014938
9015420
9019185
9037235
9038041
9038246
9038427
9038495
9039062
9039076
9039390
9039576
9039784
9040239
9040438
9040488
9040564
9040788
9041046
9041273
9041541
9041704
9041722
9041765
9042154
9042719
9042845
9042970
9043023
9043086
9043617
9043693
9043743
9044071
9044348
9044366
9044375
9045324
9045924
9046917
9046926
9047102
9047116
9047188
9047632
9047925
9048067
9048309
9048804
9049019
9049282
9049304
9049342
9049523
9049585
9049784
9049923
9050148
9050176
9050307
9051158
9051298
9051751
9051873
9052117
9052307
9052471
9052500
9052516
9052664
9052706
9052955
9052997
9053082
9053365
9053548
9053647
9053711
9053777
9229360
9230907
9230981
9230992
9231817
9231980
9232240
9232357
9232530
9233216
9233615
9233711
9233814
9235201
9235793
9235829
9235946
9236624
9236722
9236816
9237712
9238414
9238438
9238621
9239107
9240350
9241357
9241740
9242295
9242476
9242613
9242902
9242946
9243394
9244092
9347090
9348174
9349366
9349413
9350510
9351353
9351982
9352317
9352566
9352634
9352897
9353124
9353204
9353435
9354012
9354056
9355808
9355950
9356069
9356516
9356663
9357387
9357653
9357677
9357946
9358507
9358525
9358810
9358835
9359076
9359402
9359624
9359697
9359717
9359884
9359939
9360278
9361348
9361682
9361736
9362547
9362763
9362784
9362815
9362955
9363141
9363439
9364223
9364256
9364309
9364394
9364410
9365120
9365232
9402757
9404959
9408490
9409083
9411126
9411817
9411948
9412591
9414449
9416242
9417263
9417942
9418720
9418971
9420606
9452910
9454633
9455645
9456396
9458410
9459167
9459488
9459755
9460857
9461328
9461442
9461981
9463877
9465119
9467273
9470316
9471437
9487489
9488935
9644076
9644136
9644255
9644701
9644990
9645167
9645592
9645665
9645829
9646025
9646046
9646122
9646432
9646715
9646772
9647131
9647233
9647647
9647737
9648583
9648773
9648925
9648937
9649073
9649497
9649578
9649680
9649871
9650671
9650735
9650932
9651290
9651344
9651418
9651490
9651648
9651890
9651936
9652014
9652030
9652366
9652967
9653148
9653207
9653247
9654272
9654340
9654396
9654447
9655315
9655446
9655522
9655619
9655810
9655975
9657007
9657544
9657827
9658082
9658093
9658592
9659222
9659228
9659424
9660455
9660952
9661385
9661638
9661862
9661910
9662200
9662707
9663167
9663584
9663586
9663634
9663724
9663810
9663897
9664051
9664122
9730776
9730862
9731149
9731173
9731411
9731668
9732078
9732511
9733135
9733338
9733752
9733774
9734198
9734261
9734461
9734903
9735481
9735604
9735997
9736909
9737078
9737121
9737193
9737348
9737543
9737557
9737574
9737899
9738103
9738548
9738682
9739064
9739863
9740118
9740347
9740372
9740380
9740413
9740579
9740580
9740608
9740675
9740884
9740907
9741504
9741598
9741753
9741931
9742014
9742198
9742317
9743332
9743760
9743788
9744143
9744695
9744760
9745095
9745567
9746526
9746716
9746753
9823063
9827398
9827555
9887723
10031403
10031572
10032086
10032826
10033639
10033835
10033890
10034213
10034237
10034498
10034720
10034892
10035004
10035353
10035775
10036373
10036761
10036878
10037076
10038399
10038539
10038732
10038914
10039114
10039222
10039411
10039578
10040294
10040562
10040645
10040831
10041185
10041456
10041964
10042081
10042101
10042579
10042666
10043430
10043848
10044524
10044531
10044861
10044865
10045151
10045607
10046087
10046257
10046516
10046894
10047464
10047873
10048112
10048145
10048485
10048550
10048623
10049071
10049249
10049252
10049460
10050130
10195474
10195556
10195589
10195958
10195991
10196558
10198842
10199006
10199104
10199375
10199417
10199633
10199777
10199939
10202161
10203003
10203275
10203624
10204144
10204444
10204514
10205200
10205563
10206184
10206649
10206712
10207445
10208671
10209075
10209086
10209406
10209862
10209893
10210471
10210836
10211299
10211491
10211759
10212159
10212383
10212497
10212734
10212781
10212823
10213922
10214832
10214947
10215192
10215363
10215739
10329842
10330032
10330662
10331008
10331469
10331694
10332078
10332810
10332813
10332979
10333069
10333160
10333771
10334209
10334896
10335892
10337245
10337491
10337587
10337603
10337904
10337975
10339343
10339679
10339751
10340171
10340619
10340710
10340954
10341178
10341607
10341737
10342323
10342638
10500250
10500997
10501007
10501120
10501356
10501533
10501803
10501805
10501843
10505433
10505532
10506534
10506578
10506646
10506775
10507003
10507206
10507416
10507459
10508639
10508803
10508972
10509332
10509480
10510455
10510673
10510690
10511962
10512005
10512327
10512519
10513016
10513188
10514025
10514427
10514774
10515325
10515989
10684533
10742944
10744377
10745671
10745983
10747151
10748046
10748165
10751010
10751079
10751979
10752415
10752697
10752801
10753059
10753138
10753641
10753971
10754678
10754857
10755184
10755364
10756056
10756442
10756476
10757732
10758023
10758462
10758965
10761348
10762576
10763271
10763303
11006631
11008397
11072169
11077275
11077310
11079067
11102878
11103055
11104199
11105221
11107656
11107887
11109022
11109484
11110622
11112321
11112613
11113179
11116133
11205447
11206278
11206485
11206775
11207075
11207323
11207606
11208514
11208648
11208658
11208823
11208861
11208887
11209037
11209351
11209953
11210289
11210599
11210942
11211342
11211938
11212194
11212338
11212364
11212423
11212467
11212916
11213329
11213382
11213446
11213690
11214017
11214098
11214252
11214397
11214424
11214513
11214609
11214938
11214991
11215265
11215275
11215475
11215726
11216864
11216913
11217219
11217244
11217313
11217424
11217504
11217810
11218027
11218082
11218265
11218580
11218671
11218781
11219192
11219275
11219342
11219381
11219431
11219915
11220425
11249160
11250714
11250852
11251949
11252817
11254322
11255115
11256229
11256295
11256332
11256809
11257826
11258198
11258618
11258856
11261837
11312788
11314119
11314251
11314299
11314983
11315503
11316052
11316166
11317058
11317154
11317821
11318916
11318992
11319111
11319343
11319907
11320133
11320305
11320375
11320485
11320638
11320743
11321133
11321137
11321682
11321826
11322193
11322433
11323220
11323245
11323608
11323627
11324036
11324337
11324644
11324856
11325403
11325422
11325643
11325678
11326751
11326767
11326772
11327105
11327221
11327690
11327733
11327734
11327852
11327920
11328415
11328807
11328978
11329527
11329818
11329838
11329916
11330481
11330482
11330818
11331074
11331121
11331289
11331678
11332265
11332534
11332607
11333054
11333319
11333492
11333495
11333515
11333689
11333752
11333881
11333999
11334649
11352411
11353067
11355055
11355101
11357718
11358003
11358190
11358796
11358869
11359634
11360241
11365272
11533883
11534107
11534689
11535014
11535018
11535287
11535450
11535665
11535817
11536061
11536489
11536570
11536848
11536857
11537125
11537481
11538654
11539300
11539312
11539328
11539545
11539593
11540069
11540181
11540301
11540560
11541014
11541983
11543232
11543239
11543749
11543793
11543946
11543953
11544072
11544391
11545500
11545562
11546059
11546422
11546608
11547141
11547174
11547303
11547380
11547565
11547908
11548179
11678965
11679280
11679612
11680489
11680670
11681066
11681138
11681275
11681486
11682069
11682137
11682198
11682581
11683116
11683123
11683371
11684853
11684978
11685731
11686092
11686306
11686916
11686961
11687417
11687956
11688035
11688410
11689121
11689155
11689324
11689492
11690544
11691088
11691211
11691258
11691691
11691871
11692078
11692250
11692315
11692603
11692903
11692966
11693690
11693812
11693953
11693984
11694183
11694545
11694670
11694708
11695131
11695334
11695408
11695428
11696169
11696489
11696781
11697053
11697298
11698083
11698135
11698213
11698737
11699806
11699941
11699987
11700006
11700009
11700248
11700826
11700863
11773061
11773349
11774855
11775313
11776133
11777372
11778092
11779304
11780829
11780843
11781968
11782855
11783931
11784278
11786258
11786545
11790054
11790680
11790761
11791110
12114764
12115886
12116132
12116709
12116843
12117305
12120965
12121737
12123613
12127704
12443715
12445091
12445960
12446058
12446302
12446630
12447663
12447721
12447990
12449469
12449946
12450659
12451640
12454368
12454454
12454749
12457525
12458739
12637559
12638423
12638717
12640972
12641606
12642191
12643731
12643904
12646147
12649086
12713831
12713841
12714316
12714338
12714964
12715234
12715330
12716070
12716494
12716814
12716941
12717021
12717160
12717672
12718256
12718293
12718649
12718796
12718921
12719411
12719501
12719550
12719620
12719735
12719856
12720055
12720071
12720562
12720907
12720975
12720981
12721000
12721120
12721158
12721216
12721747
12722144
12722155
12722267
12722551
12722781
12722922
12723007
12723105
12723153
12723280
12723666
12724526
12724572
12724614
12725995
12726432
12726670
12726784
12726796
12726941
12727143
12727220
12727315
12727567
12727699
12728454
12728517
12728528
12728709
12729017
12729484
12729721
12729959
12730267
12730462
12730513
12730630
12730722
12731805
12731977
12732193
12732240
12733462
12733749
12734354
12738660
12741126
12742252
12742745
12743438
12745717
12890795
12893056
12893664
12893856
12896117
12898789
12899114
12902496
12902765
12903240
12904004
12904880
12960306
12962429
12963869
12964419
12967307
12967982
12971318
12972959
12973281
12973331
12973573
12981149
13186823
13187233
13187493
13187601
13188596
13188637
13188714
13188916
13190392
13190538
13190728
13191044
13191100
13191331
13191764
13192066
13192360
13192409
13192556
13192949
13192969
13193158
13193214
13193499
13193781
13193909
13194343
13194852
13195077
13195329
13195488
13195979
13197066
13197611
13197998
13198003
13198171
13198194
13198230
13198236
13198305
13199078
13199154
13199282
13199812
13200627
13200679
13201053
13201251
13201420
13201769
13217581
13217622
13217704
13217835
13218007
13218141
13218573
13218984
13219023
13219310
13219370
13219397
13220037
13220070
13220255
13221528
13222521
13222858
13222972
13223057
13223181
13223218
13223382
13223482
13224898
13224910
13225721
13227340
13227378
13227819
13227930
13228666
13231167
13247338
13247386
13247469
13247625
13247899
13248012
13248361
13248639
13248674
13248939
13249106
13249208
13249374
13249849
13249869
13250404
13250747
13250960
13251701
13251712
13251726
13251977
13252109
13252541
13252654
13252735
13252820
13253175
13253420
13253439
13253719
13253843
13254253
13254263
13254327
13254573
13254789
13254835
13255354
13255390
13255633
13255963
13255967
13256030
13256121
13256126
13256408
13256727
13256959
13257224
13257411
13257525
13257789
13257822
13258827
13258913
13259114
13259250
13259270
13259339
13259638
13259880
13260098
13260185
13260231
13260647
13260661
13260733
13260987
13261219
13261691
13262385
13262608
13263117
13263572
13263586
13263619
13263638
13263677
13263909
13263912
13264070
13264150
13264196
13264231
13264410
13264920
13265092
13265234
13265412
13265529
13265630
13265714
13265839
13265843
13266223
13266681
13267472
13267563
13267615
13267682
13267856
13268108
13268812
13269395
13269690
13270360
13270423
13271082
13271154
13271204
13271632
13271967
13272297
13272518
13272659
13272726
13273539
13273613
13274698
13274844
13275037
13275434
13275832
13276098
13276476
13276553
13276712
13277035
13277235
13277584
13278497
13278912
13279702
13279875
13280104
13280106
13280392
13280846
13281636
13622598
13623041
13624026
13626422
13629801
13630261
13631233
13631725
13632824
13633820
13635219
13661169
13667751
13670888
13701903
13702848
13707207
13709619
13711124
13711145
13711468
13711748
13711920
13712377
13712949
13713661
13713934
13714279
13714477
13714487
13714967
13715917
13715929
13716110
13716247
13716529
13716573
13716813
13717120
13717538
13718688
13719333
13719480
13719574
13720209
13721544
13721698
13721901
13721990
13722210
13722776
13742001
13742304
13742336
13742840
13743087
13743153
13743162
13743617
13743681
13743758
13744041
13744122
13744711
13744720
13745038
13745169
13745858
13746131
13746583
13746725
13746813
13746876
13748540
13748567
13748729
13748760
13748936
13749913
13750187
13750307
13751347
13751383
13751414
13752265
13752557
13752602
13752663
13753070
13753177
13754046
13756054
13756111
13756636
13757079
13757161
13757163
13757273
13757981
13758010
13758012
13758346
13758866
13759564
13760147
13760194
13760327
13760716
13760841
13762267
13762411
13762525
13762706
13762710
13762738
13763493
13763554
13763682
13763689
13763981
13764062
13764171
13764203
13764696
13764857
13764901
13764970
13764986
13765483
13765615
13765760
13766484
13766525
13766624
13766765
13767021
13767172
13767243
13767581
13767648
13767734
13767919
13768271
13768378
13768718
13769244
13769380
13769737
13770236
13770265
13771333
13772090
13772261
13772636
13772910
13773100
13773524
13773536
13774722
13775225
13776547
13777045
13777640
13777892
13778111
13778984
13779086
13779268
13779291
13779815
13779836
13781479
13783322
13784178
13784647
13786876
13787457
13787472
13788493
13788555
13788819
13789232
13789460
13789825
13789883
13790358
13790402
13790452
13790769
13791023
13934664
13935401
13936812
13936930
13937222
13937305
13937398
13937468
13937496
13937551
13937678
13937781
13937874
13937899
13938365
13938655
13938882
13939552
13939732
13939798
13939878
13940138
13940434
13940544
13940763
13940865
13941683
13941767
13941917
13942215
13942934
13943116
13943643
13944092
13944516
13944660
13945187
13945332
13945461
13945697
13946326
13946464
13946740
13946899
13947252
13948005
13948113
13948298
13948537
13948932
13949157
13949507
13949767
13950545
13950603
13950754
13950811
13951083
13951098
13951178
13951196
13951932
13952178
13952881
13952957
13953221
13953542
14144860
14145559
14145831
14146415
14146622
14148138
14148188
14148439
14150353
14150414
14150882
14151025
14151770
14152102
14154319
14155179
14156888
14229678
14272746
14272777
14272859
14273225
14273301
14273457
14274216
14274298
14275575
14276672
14276791
14277395
14278220
14278575
14278746
14278784
14278804
14278891
14279075
14279422
14279635
14280095
14280118
14280290
14281073
14281231
14281756
14283533
14283602
14284069
14284591
14284941
14285685
14285828
14326196
14332468
14332546
14333099
14591405
14592459
14594441
14594810
14602783
14605285
14606038
14608505
14608622
14609563
14664398
14664601
14664969
14664977
14665036
14665155
14666204
14666221
14666567
14666721
14666724
14666961
14666995
14667163
14667245
14667375
14667417
14667585
14667595
14667895
14667916
14667949
14668846
14668957
14669258
14669330
14669379
14669538
14669780
14669883
14670096
14670133
14670471
14670744
14671475
14671625
14671701
14672208
14672359
14672443
14672745
14672846
14672997
14673102
14673200
14673348
14673549
14673592
14673664
14673685
14673786
14674009
14674070
14674507
14674845
14675391
14675826
14675828
14675949
14676216
14676265
14676839
14676878
14676980
14677410
14677873
14677961
14678255
14678656
14679196
14679440
14679497
14679562
14680274
14680370
14680438
14680444
14680653
14680786
14681266
14681382
14681734
14683197
14683305
14683321
14683447
14683591
14683660
14683707
14684293
14684654
14684708
14684976
14685218
14685297
14685455
14685672
14686102
14686146
14686277
14686797
14686806
14687088
14687199
14687255
14687361
14687379
14687385
14687481
14726025
14726185
14726432
14726478
14726569
14726781
14727251
14727731
14728263
14728397
14728489
14728500
14728517
14729393
14729420
14729454
14729706
14729849
14730114
14730806
14730926
14730955
14731109
14731343
14731477
14731738
14731852
14732324
14732799
14732909
14733105
14733497
14734583
14734742
14735076
14735356
14735592
14735806
14735837
14736132
14736169
14736450
14737183
14737326
14737495
14737546
14737605
14737720
14738077
14738151
14738248
14738450
14739034
14739208
14739265
14739524
14739877
14739895
14739897
14740329
14740470
14832934
14833315
14834951
14834995
14835097
14835638
14837374
14837533
14837991
14839685
14840487
14841502
14841566
14841578
14841700
14842093
14843526
14847875
14848056
14848139
14848556
14849149
14853626
14853878
14875024
14875411
14875717
14876025
14876055
14876357
14877146
14877641
14877715
14877995
14878109
14878624
14879957
14880197
14880200
14880239
14880401
14880636
14880701
14880849
14881106
14881864
14882015
14882192
14882224
14882330
14882359
14882642
14883177
14884111
14884440
14885076
14885143
14885333
14885356
14885532
14885683
14885701
14885767
14885787
14885931
14885976
14886289
14886809
14886930
14887040
14887589
14887899
14888187
14888444
14888793
14888847
14889354
14889417
14889547
14890142
14890770
14891817
14892226
14892669
14892890
14893070
14893344
14894339
14894403
14894409
14894788
14917162
14917492
14917628
14917799
14918777
14918999
14919061
14919623
14920120
14920768
14921051
14921547
14921593
14922269
14922354
14922387
14922996
14923382
14924090
14924420
14925190
14925921
14926089
14927157
14927463
14927693
14928518
14928993
14929026
14929203
14929222
14929436
14994707
14995034
14995222
14996796
14997082
14997259
14997326
14997331
14997469
14998025
14998083
14998206
14998264
14999595
14999813
15001072
15001229
15001555
15001658
15001678
15002000
15002507
15003246
15003409
15003506
15004608
15004953
15005556
15005616
15005708
15005941
15006512
15006668
15006699
15006716
15006722
15007580
15008479
15009994
15010931
15011769
15011903
15012023
15012040
15012087
15012472
15013029
15018262
15018736
15020852
15022520
15022541
15024631
15024842
15025022
15025132
15025408
15025510
15025816
15026002
15026049
15026123
15026145
15026205
15026287
15026328
15026734
15027117
15027300
15027515
15028183
15028229
15028445
15028654
15028789
15029141
15029274
15030657
15031448
15031952
15032145
15032995
15033497
15034725
15034895
15034916
15035167
15035177
15036554
15036560
15036580
15036679
15036703
15036810
15036953
15037308
15037399
15037707
15037728
15037835
15037917
15038306
15038503
15038595
15038608
15039110
15039636
15040309
15040701
15040916
15041575
15042161
15042440
15042564
15042762
15042905
15042927
15043104
15043181
15113916
15118408
15132130
15148294
15150620
15155138
15155250
15155751
15159119
15161015
15162609
15165308
15165681
15166120
15166646
15167284
15167606
15167862
15168881
15168956
15169532
15169544
15169902
15170249
15170593
15170680
15170728
15170817
15171005
15171161
15171170
15171436
15171603
15171636
15171974
15172114
15172466
15173009
15173071
15173141
15173152
15173169
15173324
15173405
15173442
15173992
15174178
15174192
15174407
15175115
15175127
15175140
15175262
15175589
15175740
15176293
15176769
15176905
15177014
15177169
15177340
15177345
15177493
15177884
15177922
15178167
15178783
15178951
15178964
15179128
15222046
15222610
15222771
15223698
15223877
15224188
15224530
15224817
15224964
15227660
15228191
15228629
15228906
15230129
15230636
15230637
15230647
15230904
15231527
15231844
15231848
15232948
15234244
15234472
15234661
15235570
15235691
15236067
15236695
15237214
15237288
15238004
15238323
15238540
15238584
15238755
15239868
15240055
15240059
15240268
15240682
15240779
15241048
15241409
15241770
15242131
15242220
15242585
15243395
15243743
15243867
15244296
15245216
15245683
15286482
15286646
15286721
15287841
15288018
15288095
15288293
15288523
15288907
15288943
15289145
15289262
15289374
15289482
15289667
15290232
15290378
15290813
15290827
15291032
15291247
15291267
15291429
15291743
15291892
15292163
15292215
15292340
15292602
15292641
15292671
15292894
15293163
15293445
15293808
15293857
15293886
15293981
15294346
15294938
15295054
15295315
15296094
15296508
15296581
15296806
15296941
15297021
15298299
15298342
15298398
15298508
15298518
15298647
15298674
15298863
15298891
15298939
15299122
15299134
15299345
15300117
15300142
15300555
15301053
15301562
15302180
15302247
15302481
15396825
15396937
15397780
15397879
15398530
15399467
15399933
15400711
15401359
15401485
15401626
15401770
15402239
15402565
15403033
15404018
15404399
15404568
15404620
15404715
15404959
15405339
15405429
15405576
15405590
15406002
15406855
15406998
15407233
15407856
15408218
15408677
15408793
15408822
15408874
15409187
15409414
15409862
15410128
15410530
15410596
15410646
15411013
15411357
15411664
15411699
15411815
15411951
15412122
15412359
15412412
15412688
15413231
15413565
15432300
15432733
15433154
15433809
15433924
15433990
15434505
15435003
15435240
15435247
15435312
15435954
15435970
15435994
15436060
15436202
15436423
15436973
15437196
15437263
15437362
15437980
15438339
15438757
15438992
15439086
15439236
15439595
15439857
15439933
15440614
15440929
15440944
15441975
15442162
15442230
15442859
15442910
15442947
15443181
15443195
15443526
15444064
15445121
15445129
15445662
15446201
15446213
15447820
15447944
15448096
15448222
15448317
15448550
15449274
15450801
15450815
15451457
15451467
15451558
15451865
15452030
15452672
15506412
15507459
15509212
15509374
15510687
15513952
15516559
15517380
15518733
15559669
15559820
15560023
15560076
15560471
15560539
15560669
15560767
15561250
15561569
15561874
15561913
15562244
15563429
15564547
15564733
15564800
15564953
15564958
15566402
15566466
15566643
15567107
15567251
15568208
15568396
15568401
15568721
15569063
15569313
15569403
15569686
15570280
15570338
15571091
15571192
15571335
15571726
15572043
15572071
15572167
15572614
15572766
15572779
15573099
15573235
15573279
15573550
15573609
15574127
15574560
15574704
15575409
15575925
15575950
15576038
15576144
15576990
15577222
15577340
15659996
15660309
15660379
15660622
15661302
15661400
15661718
15661860
15662107
15662657
15662862
15663391
15663441
15663653
15663713
15663949
15664428
15665789
15666753
15667192
15667214
15667358
15667693
15667795
15668613
15668843
15668957
15668993
15669744
15670776
15671518
15671533
15672733
15673691
15674174
15674329
15674340
15674480
15674938
15675526
15676533
15677172
15677580
15678353
15693878
15699038
15701904
15703213
15706841
15708132
15835574
15847349
15847806
15847834
15848418
15849231
15850333
15850755
15851355
15852549
15853215
15853233
15853248
15853462
15853850
15854609
15854869
15855139
15855217
15855514
15855930
15856025
15856172
15856562
15856578
15856609
15857205
15857339
15857481
15857571
15857672
15857746
15858157
15858259
15858943
15859728
15902889
15903923
15904846
15905355
15905445
15906510
15907800
15908630
15912874
15915182
15917129
15917490
15918017
15920269
15991382
15991391
15991397
15991447
15991577
15991660
15991828
15991926
15992421
15992637
15995090
15995927
15997725
15997917
15998235
15998397
15998487
15998517
15998534
15999271
15999466
15999715
15999832
16000018
16000352
16001484
16001856
16002506
16002522
16002765
16003063
16003330
16003703
16003758
16003988
16005117
16005216
16005291
16006811
16007018
16010375
16014201
16014832
16014885
16015212
16015531
16015731
16015908
16016177
16016551
16020045
16020184
16021261
16021960
16022822
16097694
16098608
16099163
16099251
16100121
16100131
16101459
16102573
16103353
16103484
16103685
16103824
16103877
16103909
16104757
16104972
16105457
16106007
16106044
16106287
16107349
16107515
16107618
16107775
16108222
16108293
16108584
16108808
16109472
16109554
16109637
16110108
16110463
16110757
16110828
16110957
16112428
16112457
16112527
16112806
16112978
16113318
16113686
16113741
16115466
16116610
16116706
16116876
16116934
16117606
16117677
16118137
16118188
16118244
16118612
16119068
16119325
16119827
16120328
16135951
16158779
16256946
16257219
16264367
16265867
16268180
16268235
16271539
16271602
16273358
16368938
16370017
16370519
16370890
16371039
16371981
16371993
16372295
16372845
16373633
16373872
16374548
16374737
16375260
16375945
16375945
16376001
16376426
16376838
16377428
16377502
16377547
16377980
16378549
16378878
16379094
16379174
16379390
16379504
16379892
16379892
16380048
16380157
16380453
16381066
16381439
16381892
16382035
16382038
16382346
16382756
16382824
16382894
16383103
16383526
16383845
16384161
16384538
16384769
16385303
16385525
16385944
16386100
16386141
16386157
16386191
16386677
16386742
16386794
16387539
16388152
16388392
16388507
16388588
16388628
16388722
16389320
16389887
16390079
16441381
16442227
16443859
16445267
16447303
16448578
16449547
16450552
16451552
16451636
16452672
16453385
16454842
16454856
16455580
16456555
16457572
16457741
16457874
16458485
16458489
16458528
16459059
16459078
16459140
16459418
16459460
16459711
16460080
16460568
16460594
16460749
16460754
16461119
16461314
16461348
16461351
16461518
16461684
16461721
16461868
16462136
16462232
16462383
16462420
16462519
16462549
16462838
16462998
16463399
16463446
16463576
16463981
16464383
16464572
16464574
16464837
16465021
16465531
16465538
16465617
16465646
16465679
16465715
16466250
16466481
16466546
16466847
16466981
16467095
16468020
16468775
16468888
16468893
16469047
16469506
16469524
16469623
16469655
16469725
16470275
16470413
16470479
16470737
16471049
16471208
16471232
16471356
16471433
16471435
16471457
16472015
16472145
16472212
16472334
16472399
16472418
16472515
16472593
16472792
16473118
16473526
16473869
16473880
16474093
16474775
16474963
16475406
16475496
16475725
16475757
16476234
16476515
16476590
16476696
16476949
16477091
16477529
16477920
16478129
16478735
16478869
16479295
16479374
16479524
16479571
16479668
16479777
16480669
16480780
16481224
16481646
16584375
16584536
16584865
16584925
16586044
16586776
16586793
16587270
16588148
16588162
16588825
16588888
16590092
16590122
16592079
16592796
16593010
16593556
16593804
16593816
16593822
16594355
16595924
16596162
16598349
16600343
16600926
16601246
16602448
16624856
16625424
16625551
16626000
16626204
16626216
16626563
16627841
16627888
16628018
16628624
16629460
16631182
16631193
16632327
16632392
16632457
16632954
16633123
16633488
16633769
16633944
16634287
16634510
16634820
16634992
16635296
16636027
16637095
16638074
16638674
16639312
16640397
16641716
16641822
16641893
16642062
16642692
16643661
16644333
16644431
16645431
16645651
16646050
16647417
16674870
16677479
16678261
16796676
16798245
16798266
16798734
16799009
16799734
16800297
16801580
16801698
16801767
16803591
16803627
16803817
16804777
16805185
16805560
16806211
16806406
16806829
16808711
16808837
16813000
16814221
16815063
16816042
16818910
16820011
16820492
16821146
16822136
16826148
16889881
16894790
16895047
16897871
16898061
16898530
16900667
16902238
16903837
16903874
16904094
16905038
16905680
16907964
16908176
16908588
16912149
16915318
17062697
17074784
17146149
17146168
17146255
17146370
17147051
17147220
17147310
17147560
17147696
17148188
17148378
17148378
17148475
17148558
17149583
17149878
17150251
17150778
17150790
17151358
17151365
17151624
17151734
17152527
17152885
17152899
17153050
17153146
17153207
17153358
17153560
17153720
17153826
17153829
17153881
17154002
17154544
17154707
17154938
17154952
17155558
17155678
17155714
17156385
17156746
17156786
17156822
17156892
17157030
17157950
17158186
17158521
17158839
17158942
17159159
17159257
17159306
17159384
17159438
17159764
17159784
17160200
17160627
17160780
17160893
17161010
17161433
17161754
17161935
17162004
17162048
17162221
17162411
17162552
17162760
17162768
17162773
17163329
17163417
17199547
17200302
17200383
17200435
17200473
17201819
17202123
17202127
17202489
17202551
17202656
17202663
17202937
17203454
17203472
17203627
17204556
17204678
17204917
17205225
17205584
17205855
17206375
17206986
17207218
17207300
17207331
17207638
17207940
17208283
17208318
17208485
17208814
17209336
17209463
17209572
17209880
17210546
17210695
17210786
17210922
17211363
17211471
17230461
17232336
17236317
17238175
17238969
17248461
17468804
17469842
17470417
17470455
17470464
17470540
17470866
17471688
17472797
17473568
17473581
17474401
17475599
17476701
17476704
17476843
17478354
17478487
17478733
17479738
17479890
17480038
17480990
17481313
17483254
17483396
17483689
17484914
17485206
17485433
17485551
17485601
17485841
17486416
17486513
17487299
17488290
17488898
17489301
17489618
17489657
17489809
17489935
17490456
17514190
17514204
17514260
17514565
17514621
17514825
17515211
17515374
17515925
17515962
17516031
17516162
17516169
17516241
17516453
17516517
17516599
17516900
17516908
17517949
17518199
17518513
17518641
17519162
17519249
17519375
17519435
17519551
17519634
17519659
17519695
17519854
17520332
17520662
17521288
17521316
17521474
17521488
17522190
17522247
17522533
17522753
17522873
17523188
17523485
17524233
17524425
17524778
17524838
17525085
17525150
17525153
17525753
17525842
17525892
17526046
17526351
17526541
17527202
17527234
17527320
17527768
17928946
17929233
17929387
17929633
17929655
17929975
17929988
17930058
17930094
17930680
17930777
17931122
17931270
17931327
17931962
17932425
17932738
17932783
17933272
17933477
17933597
17933756
17933780
17933783
17934259
17934287
17934665
17934702
17934894
17935017
17935374
17935426
17936339
17936439
17936754
17937336
17937589
17937978
17938446
17938854
17938973
17939035
17939456
17939732
17939931
17940289
17940505
17940955
17940975
17941002
17941066
17941910
17942110
17943921
17943938
17944094
17944270
17944803
17944809
17944882
17944926
17945218
17945382
17945392
17945766
17946019
17946060
17946065
17946443
17946855
17946906
17947098
17947813
17948107
17948257
17948370
17948389
17948586
17948695
17948844
17948980
17949241
17949634
17949945
17950336
17950528
17950994
17951455
17951519
17951740
18035212
18035792
18039490
18039831
18041280
18041646
18051343
18051847
18052987
18053638
18055028
18057097
18066422
18113730
18113986
18114241
18115005
18115018
18115370
18116643
18116811
18116943
18117201
18117325
18117666
18118147
18118201
18118647
18118816
18118877
18118993
18120459
18120746
18120993
18121134
18121812
18121976
18122174
18122577
18122702
18123078
18123223
18123701
18123880
18123891
18124535
18124999
18125524
18126152
18126315
18126434
18126466
18126565
18127481
18127856
18128098
18128332
18128806
18128918
18128950
18129202
18129586
18130073
18257518
18258050
18422805
18426222
18428603
18471363
18478186
18622018
18622666
18623151
18623322
18623377
18623507
18623672
18623834
18624779
18625440
18625564
18626144
18626169
18626253
18626947
18627036
18627585
18627977
18628202
18628304
18628691
18629420
18629673
18629879
18629910
18630001
18630376
18630396
18631827
18632086
18632326
18632357
18632436
18632986
18632998
18633537
18634079
18634128
18734698
18736134
18738103
18738189
18740151
18740461
18742812
18744826
18746415
18748693
18749483
18751061
18755218
18799938
18800065
18800206
18800207
18800646
18800830
18801592
18801824
18802164
18802898
18802943
18803598
18804440
18804493
18804561
18804727
18804790
18805098
18805255
18805672
18805924
18806622
18806893
18807018
18807190
18807471
18808085
18808179
18808430
18808585
18808894
18809010
18809543
18809583
18810542
18810557
18810595
18811113
18811116
18811275
18811931
18812217
18813097
18813505
18813873
18813928
18814679
18815082
18815358
18815794
18816122
18817139
18817483
18817718
18818337
18842685
18842897
18843739
18946059
18947245
18947601
18948201
18948535
18948584
18949509
18950121
18950218
18950219
18950797
18951530
18951532
18951953
18952591
18953274
18953784
18954648
18954804
18954840
18955649
18955656
18955749
18955816
18957507
18957772
18980006
18980736
18980828
18981105
18981127
18981325
18981599
18982078
18982274
18982331
18982396
18982903
18983364
18983528
18983530
18983830
18984202
18985062
18986114
18986175
18987177
18987305
18987482
18988361
18988478
18988692
18988745
18989354
18989666
18990039
18990148
18990480
18990710
18991020
18991203
18991717
18992359
18992613
18992959
18993364
18993369
18993712
18993854
18994082
18994137
18994396
18994898
18995123
18995666
18995686
18995766
18995806
18996247
18996376
18996500
18996830
18996858
18997120
18997300
18997400
18998302
18998486
18999116
18999955
19000044
19000457
19000596
19000662
19000776
19001287
19002110
19002414
19068422
19069604
19069962
19070887
19070956
19072042
19072145
19072372
19073334
19073839
19074148
19074874
19075036
19076866
19077554
19077931
19078006
19078007
19078140
19078951
19079230
19079278
19079902
19080480
19080898
19081197
19081347
19081436
19081659
19082057
19083576
19083702
19084103
19084147
19084487
19086187
19087694
19134316
19134858
19135326
19135854
19136085
19136563
19136792
19137038
19137440
19138347
19138708
19139212
19139741
19139968
19140214
19140467
19141063
19141093
19141736
19142112
19142130
19142706
19142820
19143066
19143290
19143468
19144354
19144370
19144522
19144594
19144604
19144797
19145889
19146361
19146377
19146677
19147364
19147594
19147788
19148386
19148420
19148757
19148992
19149627
19149641
19149824
19150045
19152083
19152198
19152216
19153217
19153538
19154278
19154334
19229624
19229837
19230054
19230201
19231028
19231394
19231686
19231859
19232121
19232412
19232518
19233591
19234231
19235684
19235804
19235841
19236534
19237665
19238431
19238560
19240049
19240617
19241529
19241985
19242376
19242508
19244340
19244367
19244498
19244669
19244959
19245276
19245505
19314869
19314908
19315258
19315717
19315749
19315843
19315959
19315977
19316162
19316452
19317104
19317150
19317405
19317537
19317541
19317859
19318124
19318380
19318922
19319185
19319651
19320135
19321047
19321373
19322309
19322314
19322351
19322722
19323293
19323523
19323715
19324153
19324236
19324766
19325182
19325280
19325290
19325549
19325771
19325853
19325950
19536736
19536758
19536808
19536956
19537523
19538085
19538333
19538338
19538573
19538592
19538811
19539425
19539463
19539734
19539746
19539919
19539982
19540130
19540293
19541196
19541796
19541866
19541921
19542086
19542130
19542164
19542713
19543396
19544205
19545597
19545628
19546521
19547162
19547366
19547622
19547715
19547791
19547835
19547860
19547870
19547903
19547940
19548016
19548056
19548062
19548107
19548210
19548619
19548856
19548996
19549125
19549588
19550262
19550347
19550394
19550458
19550785
19551366
19551678
19551730
19551738
19552125
19552381
19552406
19552735
19552964
19634407
19634450
19634729
19635102
19635839
19636338
19636435
19636448
19636828
19636911
19637456
19637844
19637963
19638510
19639128
19639361
19639937
19640037
19640179
19640758
19641146
19642190
19642936
19642999
19643295
19644023
19644569
19644926
19646277
19646721
19646997
19647603
19648075
19648548
19672419
19679232
19681330
19748742
19949619
19952019
19966716
19967637
19967801
19968466
19970201
19970599
19971069
19973085
19973440
19973800
19974373
19976337
19976739
19977504
19977642
19978097
19978210
19979615
19980720
19982113
19984060
19984525
19984890
20058261
20058368
20058369
20058387
20058434
20058792
20059018
20060981
20061002
20061969
20062154
20062272
20062281
20062347
20062435
20062563
20062627
20062907
20062988
20063200
20063600
20063796
20064067
20064376
20064386
20064411
20064527
20064739
20065182
20066418
20066511
20066524
20066606
20067083
20067251
20067373
20067563
20068268
20068676
20068824
20068957
20069029
20069035
20069361
20069642
20069837
20070384
20070465
20071027
20071087
20071402
20071843
20071867
20072013
20072717
20072733
20072992
20073017
20073699
20073709
20112565
20112613
20112893
20113045
20113352
20114209
20115799
20115805
20116267
20118835
20119919
20120827
20121063
20121154
20121346
20121646
20122007
20123856
20124523
20125952
20126690
20221642
20222061
20223163
20224191
20224309
20224590
20224800
20225887
20226013
20226084
20226151
20226261
20226366
20226788
20226788
20226911
20227006
20227279
20227480
20227958
20228114
20228171
20228624
20228884
20229104
20229382
20229568
20230021
20230320
20231042
20231489
20232979
20233233
20233736
20233988
20234403
20234978
20235044
20235266
20235570
20235921
20235972
20236164
20236274
20236794
20237086
20237258
20237603
20238248
20238804
20239013
20240115
20240308
20240669
20240887
20241150
20241207
20241229
20241597
20241944
20277114
20280384
20280893
20344994
20345982
20346091
20346093
20347780
20348916
20349406
20349887
20350446
20352343
20353915
20354399
20354834
20356420
20356654
20356983
20357575
20357646
20357794
20357820
20357972
20359459
20359853
20360020
20361222
20361707
20361817
20362262
20363495
20364144
20381314
20381828
20382550
20382855
20382971
20383154
20383952
20384054
20384681
20384890
20386011
20386425
20387107
20387346
20388944
20389457
20389848
20389971
20391189
20391849
20392095
20393572
20394081
20394201
20394786
20394883
20396587
20397879
20397901
20397928
20398439
20398736
20398788
20399897
20400075
20400976
20401270
20401843
20401923
20401933
20402252
20402807
20403087
20403190
20403214
20431237
20512385
20512389
20513188
20513488
20513722
20513732
20513735
20514281
20514476
20514780
20514791
20514799
20515401
20515667
20516678
20517028
20519110
20519157
20519200
20519360
20519580
20519933
20520505
20520773
20521150
20521414
20521463
20521570
20521914
20521993
20522792
20522793
20522974
20523226
20523327
20523892
20524376
20524635
20525589
20525973
20526115
20526946
20526963
20527197
20527305
20527438
20527513
20527702
20527840
20528290
20528629
20529000
20529158
20529274
20529303
20530054
20530240
20530613
20530624
20530988
20531586
20532157
20659906
20660586
20663010
20668300
20692068
20693801
20694172
20695275
20700004
20702572
20706188
20937915
20938554
20938780
20939746
20942318
20942689
20943233
20946553
20947542
20947860
20948152
20948353
20949013
20949416
20950753
20951117
20953499
20954001
20954004
20954026
20955092
20955956
20955982
20956472
20957862
20957873
21128834
21129427
21130663
21131276
21131341
21131387
21132872
21133070
21133261
21133366
21133395
21133479
21134062
21134200
21134805
21134932
21135889
21136158
21136784
21137416
21137590
21137766
21138631
21139644
21139649
21140933
21518284
21518464
21518524
21518716
21518784
21520188
21520303
21520363
21520478
21520981
21521299
21521584
21521701
21521758
21521803
21522443
21522614
21522867
21523097
21523205
21523402
21523560
21523887
21523996
21524361
21525035
21525090
21525097
21525219
21525820
21525877
21525981
21526029
21526145
21526591
21526675
21527205
21527222
21528304
21528345
21528570
21529120
21529604
21530166
21530256
21530546
21530923
21531493
21532073
21532185
21532270
21532308
21532419
21532599
21533241
21533364
21533407
21533888
21533956
21534363
21534808
21535303
21535744
21535789
21536058
21536552
21536619
21537415
21537808
21537933
21537950
21537971
21538571
21538623
21539260
21540158
21558157
21558578
21559239
21559275
21559640
21559679
21560505
21560570
21561132
21561293
21561472
21562030
21562509
21563015
21564200
21565030
21567037
21567071
21567611
21567893
21568554
21568622
21568859
21570033
21570241
21570743
21570770
21570966
21570977
21571216
21571944
21572169
21572763
21573242
21698659
21699877
21708448
21710284
21713327
21716871
21718142
21792571
21793071
21793147
21793163
21793177
21793964
21794145
21794594
21794645
21794802
21794877
21795238
21795371
21795783
21795902
21795955
21796019
21796042
21796089
21796113
21796283
21796514
21796647
21797531
21797591
21797612
21799034
21799597
21800298
21800481
21800653
21800694
21800910
21801180
21801243
21801425
21801784
21802120
21802362
21802392
21802782
21803005
21803009
21803593
21804101
21804232
21804488
21804842
21804862
21804918
21804957
21805205
21805292
21805305
21805359
21805382
21805544
21805926
21805937
21805969
21806037
21806050
21806118
21806270
21806631
21806655
21806766
21807386
21807465
21807565
21807586
21807734
21807863
21808219
21808816
21808887
21809107
21809158
21809237
21838809
22076383
22077048
22077156
22078998
22079595
22079662
22079818
22080164
22080270
22081288
22081385
22081882
22082159
22082819
22083507
22083893
22084665
22085053
22085118
22085345
22085520
22085733
22085790
22086201
22086418
22086432
22086658
22086713
22087339
22087588
22088027
22088035
22088168
22088460
22088578
22088920
22089164
22089591
22090290
22090377
22090665
22090690
22090761
22090762
22090763
22091651
22091958
22092001
22092158
22092916
22093154
22124488
22126868
22136714
22138031
22138567
22140071
22149940
22150909
22154913
22160107
22234345
22235229
22235387
22236814
22238141
22238502
22238960
22239167
22239346
22239559
22239760
22239933
22239956
22240431
22240517
22241501
22242088
22242669
22243481
22244860
22245704
22246283
22246772
22247773
22249203
22249268
22249950
22250500
22250504
22270710
22270736
22270768
22270922
22271611
22271769
22271953
22272541
22272542
22272598
22272799
22272949
22273397
22273405
22273685
22274033
22274147
22274508
22274599
22274720
22275298
22275669
22276295
22276883
22277389
22277527
22277628
22277748
22278269
22278527
22278764
22279467
22279509
22279662
22279758
22280908
22282102
22282300
22282353
22282667
22284207
22284491
22284504
22284525
22284590
22285005
22285068
22286020
22286022
22286161
22286245
22286298
22286634
22286964
22330868
22355947
22356272
22356600
22356819
22357337
22357693
22358112
22358254
22358274
22358700
22359817
22359830
22360401
22360502
22360622
22361139
22362497
22363551
22363569
22363959
22364231
22364337
22364569
22365122
22365179
22365355
22365669
22365720
22365986
22366089
22366216
22366796
22366978
22367027
22367416
22367807
22368584
22528932
22625809
22628827
22630808
22639061
22639761
22640556
22644733
22646353
22646502
22760326
22760962
22767253
22770127
22792193
22793244
22793718
22794075
22794604
22794690
22795276
22795471
22795505
22795542
22795548
22795620
22796215
22796622
22796891
22797031
22797429
22797544
22797602
22798633
22799269
22799356
22799667
22799934
22800013
22800105
22801231
22801386
22801448
22801791
22801851
22801931
22802110
22802183
22802318
22802638
22802703
22803210
22803274
22804087
22804141
22804317
22804371
22804438
22804945
22805407
22805722
22806084
22806368
22806493
22806636
22806713
22806799
22806956
22806993
22807457
22807511
22807544
22851121
22851526
22868102
22868511
22868603
22868913
22869149
22869607
22870645
22870753
22870996
22871243
22871704
22871774
22871942
22872530
22873076
22873330
22873568
22873810
22873970
22874163
22874334
22874429
22874588
22875044
22875388
22875508
22875645
22875668
22875952
22876373
22876667
22876835
22876925
22876944
22876989
22877007
22877045
22877467
22878010
22878056
22878228
22878549
22878852
22878986
22879425
22879475
22879920
22879959
22880087
22880718
22880778
22880979
22881026
22881034
22881326
22881486
22881543
22881860
22882368
22882456
22882518
22883695
22960304
22961082
22966681
22970458
22982441
22982567
22982912
22983931
22984651
22985766
22989966
22991231
22991664
22992196
22992202
22992365
22992427
22992932
22993183
22993280
22993794
22993866
22994383
22994669
22995027
22995479
22995500
22995583
22995584
22995606
22995708
22995734
22996684
22996821
22996946
22997812
22997845
22998043
22998233
22998648
22999166
22999258
22999468
22999827
23000208
23000794
23000905
23000925
23000992
23001501
23002021
23002100
23002863
23002956
23003200
23003734
23004020
23004196
23004239
23004482
23005120
23005175
23005397
23005435
23005731
23005976
23006008
23044764
23057100
23064959
23068770
23193392
23193819
23194274
23194279
23195113
23196666
23199138
23202064
23203635
23203781
23205797
23207097
23360909
23360916
23361712
23361816
23361873
23363811
23363910
23363976
23364356
23364407
23365197
23365812
23365878
23366141
23366686
23366773
23367176
23367841
23369126
23369564
23370833
23371067
23371156
23371351
23371425
23371569
23372360
23372550
23373215
23373582
23373852
23373947
23374817
23374970
23375224
23375708
23376507
23376528
23376637
23377353
23377562
23377623
23377715
23379050
23379474
23380629
23381404
23381533
23382373
23382454
23382917
23383049
23577240
23588335
23591692
23614220
23623794
23625140
23626314
23689703
23691654
23692462
23692514
23692911
23694522
23694913
23695545
23697705
23697787
23698154
23700314
23700649
23700809
23701317
23701595
23701652
23702531
23702556
23703166
23704417
23704792
23706139
23770819
23770911
23771927
23772171
23772647
23773198
23773380
23773642
23774238
23775170
23775515
23775752
23776508
23776858
23777489
23777740
23780438
23782717
23808989
23861074
23861126
23861129
23861190
23862374
23863503
23863778
23863875
23863911
23864869
23865293
23865904
23867521
23868181
23868424
23868510
23868732
23869849
23870103
23870450
23870675
23874298
23874518
23874611
23876680
23877053
23877161
23877481
23877637
23878514
23879052
23879143
23879484
23879529
23879776
23880635
23881243
23881667
23882183
23882464
23882896
23882949
23883302
23883477
23883529
23884194
23884206
23884339
23884359
23884425
23885039
23885109
23885595
23885835
23886371
23886579
23886702
23887044
23887077
23887440
23887622
23887659
23888049
23888208
23889540
23889800
23890854
23890998
23891163
23891525
23891587
23891932
23892337
23892958
23893050
23893352
23893367
23894036
23894588
23895115
23895367
23895386
23895425
23895699
23896604
23896815
23896815
23897471
23898122
23898807
23898950
23899157
23899162
23899283
23899729
23899859
23900252
23900780
23901210
23901988
23920703
23923512
23924687
23924705
23928827
23932552
23933541
23935295
23936810
23937728
23942980
23942996
23943642
23943829
23943861
23944147
23944334
23944664
23944911
23944956
23945265
23945533
23945557
23945988
23946228
23946580
23946591
23946783
23946866
23947180
23947576
23947757
23948102
23948798
23949059
23949398
23949714
23950045
23950288
23950315
23950884
23951070
23952262
23952757
23952791
23953066
23953493
23953661
23953768
23954416
23954460
23954856
23955070
23955134
23955531
23956843
23957016
23957281
23958207
23958826
23959611
23959688
23959791
23960196
23960476
23960494
23960495
23960622
23961278
23962344
23962787
23962951
23963234
23963377
23963541
23963573
23963624
23963956
23964060
23964517
23964550
23964950
23965079
23965147
23965216
24168258
24168288
24168612
24168902
24169217
24169361
24169849
24169915
24169990
24170562
24170864
24170994
24171261
24171343
24171620
24171656
24171743
24171879
24172233
24172322
24172785
24173260
24173820
24173882
24174329
24174842
24175485
24175714
24177073
24177584
24177697
24177891
24178099
24178331
24178680
24178735
24179225
24179246
24179634
24180257
24181412
24181572
24181882
24181918
24181979
24182318
24182579
24182660
24182853
24183181
24183708
24183784
24184042
24184256
24184789
24185149
24185209
24185349
24185361
24185800
24185929
24186006
24186163
24186200
24186475
24187345
24187478
24187798
24188154
24188303
24188332
24188418
24188819
24189424
24189650
24189714
24190158
24190248
24357922
24358386
24361730
24364221
24367330
24369337
24395116
24840935
24841542
24841907
24842235
24842950
24843025
24843038
24843343
24843573
24843839
24844115
24844472
24844577
24844625
24845069
24845419
24846479
24847010
24847177
24847329
24847394
24847430
24847470
24847575
24847644
24847684
24847802
24847839
24848178
24848235
24848887
24849114
24849353
24849390
24849496
24849977
24849995
24850022
24850054
24850402
24850451
24851034
24851045
24851090
24851131
24851493
24851598
24851613
24852187
24852386
24852607
24852830
24852889
24852891
24853195
24853295
24853339
24853514
24853779
24853964
24854175
24854417
24854549
24854600
24854860
24854897
24854945
24854973
24855089
24855099
24855105
24855586
25130919
25178509
25190638
25190670
25190678
25190860
25191248
25192411
25192466
25192821
25193018
25193380
25193418
25193456
25193554
25193581
25193902
25194060
25194118
25194181
25194463
25194662
25194680
25194860
25194904
25195207
25195374
25196189
25197143
25197932
25198255
25198366
25198549
25198580
25198638
25198689
25198938
25199267
25199280
25199684
25199820
25200264
25200369
25200956
25201233
25201653
25201984
25202412
25202703
25202788
25202807
25203051
25203601
25204209
25204322
25204617
25204974
25205026
25205092
25205289
25205440
25205671
25205985
25206056
25206093
25206334
25206481
25206672
25206782
25206831
25206892
25207031
25207208
25207814
25208259
25208389
25208450
25208871
25209035
25209050
25209107
25209234
25209235
25209608
25209790
25210144
25211086
25211105
25211236
25211643
25211676
25212254
25212294
25212304
25212732
25212959
25213136
25213230
25213489
25213784
25750581
25751385
25774424
25780894
25783936
25784483
25784648
25785209
25786028
25787428
25788394
25789057
25790145
25790373
25791324
25791661
25791829
25791836
25792265
25792292
25793550
25793837
25793977
25793994
25794970
25795066
25795177
25795403
25797572
25799559
25799867
25800425
25801647
25804306
25804939
25805114
25805378
25806215
25806833
25807798
25809193
25812405
25812443
25812852
25827426
25830191
25831198
25831739
25833448
25834779
25836591
25836926
25837261
25838151
25841869
25843038
25843703
25843713
25843748
25844260
25844611
25846805
25847412
25847647
25849628
25849835
25851148
25851395
25852969
25853976
25854297
25854352
25854538
25854640
25855058
25856113
25857210
25858297
25858435
25859817
25860997
25861055
25862663
25862790
25863269
25864561
25864940
25870763
25882193
25882381
25883306
25883551
25884076
25885706
25886063
25888268
25888469
25888697
25889477
25891329
25893454
25893998
25894182
25896702
25896742
25898934
25900025
25900076
25901710
25922587
25922637
25922687
25923575
25923754
25923821
25923914
25924385
25925043
25925047
25925313
25925334
25925469
25925716
25926665
25927176
25927183
25927336
25927543
25927615
25927641
25928268
25928280
25928414
25928666
25929465
25929587
25931157
25931276
25931372
25932195
25932544
25932742
25932776
25932986
25933238
25933936
25934017
25934059
25934154
25934402
25935278
25935348
25935689
25936210
25936345
25937055
25937157
25937459
25937955
25938204
25938597
25938649
25938657
25939399
25940059
25940152
25940188
25941116
25941341
25941519
25941564
25941891
25942002
25942032
25942303
25942601
25942677
25942909
25942923
25943671
25943718
25943868
25944351
25944935
25945196
25945419
25945437
25995856
25995918
25996010
25996196
25996971
25997403
25997533
25997805
25999388
25999627
26001171
26001381
26001476
26001883
26002011
26002227
26002283
26002463
26002501
26002842
26003672
26003735
26004034
26004315
26005528
26005938
26006287
26006682
26007184
26007866
26008874
26009333
26010488
26023360
26025225
26026097
26028481
26028820
26029581
26030677
26030862
26035097
26037374
26037643
26037753
26074897
26075656
26076545
26077533
26078244
26078769
26080134
26083411
26085520
26086410
26087026
26087475
26087648
26088750
26090036
26090854
26091267
26091988
26092053
26093726
26094372
26094382
26108013
26110113
26110825
26231778
26231779
26232206
26232572
26232824
26233130
26233304
26233846
26234074
26234311
26234404
26234471
26235559
26235835
26236146
26236794
26236846
26236890
26237194
26237327
26237786
26238995
26239147
26239185
26239497
26240399
26240599
26240757
26240996
26241383
26241505
26242107
26242560
26243157
26243245
26243522
26243659
26243780
26244126
26244154
26244942
26244975
26245121
26245314
26245501
26245724
26309049
26309322
26313164
26314306
26315342
26317815
26318340
26318858
26353251
26377669
26377839
26377911
26378131
26378223
26378250
26378272
26378689
26378711
26378937
26379370
26379483
26379560
26379864
26380044
26380551
26380981
26381842
26381865
26382541
26382621
26384631
26384763
26384949
26385790
26385915
26386335
26386408
26386529
26387030
26387702
26388254
26388449
26388535
26388546
26389031
26389279
26389525
26389562
26389612
26389687
26390124
26390218
26390255
26390341
26390407
26391114
26391412
26391592
26392040
26392147
26392436
26392490
26393269
26393310
26393378
26393939
26394477
26394491
26394614
26394941
26395000
26395051
26395343
26395543
26395700
26396006
26396011
26396163
26396318
26396481
26396599
26397025
26397544
26397627
26397632
26397750
26397882
26398066
26398295
26398683
26398788
26399098
26399197
26399358
26399453
26399623
26399770
26400569
26400676
26400889
26439349
26439805
26440233
26440892
26443434
26444247
26446569
26446605
26446735
26448364
26449764
26450561
26450685
26451191
26685352
26689400
26691414
26691459
26694413
26696504
26696678
26699541
26702589
26705667
26735739
26736145
26736451
26736531
26736679
26736864
26736911
26737670
26738036
26738231
26738251
26738578
26739311
26740366
26741055
26741151
26741199
26741201
26742138
26742244
26742577
26743574
26743594
26744765
26744773
26745068
26745201
26746070
26746113
26747205
26747412
26747761
26747920
26748543
26748597
26748707
26749428
26749882
26749984
26750496
26751113
26751956
26752177
26752315
26753025
26753188
26753753
26754137
26754297
26775129
26775250
26775447
26775448
26775528
26775722
26775792
26775977
26776016
26776244
26776289
26776505
26776691
26776938
26777294
26777472
26777577
26777638
26777979
26778213
26778470
26778492
26779039
26779444
26779564
26780306
26780406
26780550
26780563
26781610
26781703
26782243
26782443
26782674
26782867
26782980
26783068
26783100
26783151
26783650
26783651
26784193
26784642
26784834
26785066
26785461
26785632
26785686
26785747
26785770
26785772
26785895
26786976
26787130
26787254
26787387
26787921
26788192
26788236
26788789
26789392
27300074
27302281
27302644
27302895
27303385
27303501
27303556
27304378
27304600
27304649
27305587
27305646
27305750
27306155
27306439
27306691
27307771
27307782
27308174
27308411
27308935
27308996
27309382
27310585
27310597
27310744
27310927
27311055
27311845
27311855
27312526
27312541
27312664
27312718
27313032
27313159
27313883
27314024
27314220
27314306
27314407
27315764
27315976
27316530
27316711
27317851
27317902
27318885
27318953
27391736
27393030
27393764
27397353
27406434
27423947
27424141
27424282
27424300
27425072
27425837
27425907
27426257
27426753
27426929
27427137
27427242
27427625
27427702
27427973
27428215
27428373
27428684
27428792
27429087
27429169
27429229
27429230
27429285
27430486
27430496
27430700
27430978
27431594
27432879
27432897
27434003
27434072
27434465
27434546
27434814
27435180
27435651
27435798
27435917
27435953
27436595
27437516
27437959
27438184
27439802
27440466
27440614
27440884
27441469
27441965
27442887
27443404
27447779
27448012
27448044
27449998
27450577
27450796
27451304
27453857
27456834
27457182
27457981
27458487
27459267
27474552
27474831
27475384
27476824
27478702
27478749
27481064
27484171
27484186
27484872
27485709
27510207
27521077
27619415
27620261
27620904
27621287
27622115
27622238
27622272
27622602
27623225
27623612
27624104
27624123
27625043
27625119
27625165
27625429
27625447
27626612
27626657
27627005
27627209
27628118
27628710
27628868
27628877
27629320
27629792
27632213
27632523
27633954
27634189
27634197
27635070
27635209
27636178
27636316
27650813
27651155
27653468
27655574
27656785
27657148
27657149
27657753
27658937
27659056
27659416
27660903
27663193
27663684
27734909
27735029
27735489
27735978
27736005
27736160
27736578
27736770
27736831
27737122
27737130
27737656
27737710
27737825
27737974
27737977
27737993
27738364
27738577
27739367
27740199
27740237
27740323
27740576
27740603
27740813
27740965
27741153
27741527
27742771
27743115
27743517
27743566
27743849
27744063
27744128
27744165
27744250
27744492
27745141
27745244
27745374
27745436
27746225
27746597
27747022
27747136
27747185
27747246
27747552
27747794
27747814
27748196
27748225
27748324
27748339
27748507
27748530
27748779
27748807
27749180
27749615
27749636
27749637
27749817
27750197
27750265
27750363
27750590
27750996
27751037
27751335
27752013
27752502
27752593
27752630
27752983
27753842
27753984
27754266
27754286
27754600
27754677
27754744
27755314
27755623
27756515
27943075
27944916
27946416
27952741
27954683
27958045
27958275
27962001
28159594
28161765
28163350
28166946
28167519
28169507
28169861
28169883
28171930
28173376
28173503
28174517
28175041
28175989
28177829
28180781
28181131
28181364
28182076
28368882
28369521
28370581
28371085
28371232
28373108
28380855
28382218
28382827
28383108
28398577
28398759
28402887
28403195
28403441
28404092
28404196
28405583
28405931
28406196
28406699
28407167
28408025
28408174
28408315
28408928
28409044
28411605
28411833
28412029
28412363
28412694
28413017
28414154
28415208
28415272
28415385
28416077
28416622
28417093
28417747
28418029
28418407
28418533
28420151
28421010
28421403
28421549
28439877
28443688
28448954
28602251
28602493
28603693
28608456
28611355
28611497
28612141
28659568
28659595
28660075
28660349
28661492
28662170
28662336
28663649
28663773
28663957
28664001
28664385
28664730
28665268
28665555
28665664
28665900
28665962
28666419
28666823
28666939
28667007
28667523
28667606
28667972
28669181
28669464
28669581
28669840
28669962
28670763
28670784
28670876
28671204
28671470
28671518
28671649
28671756
28671916
28672332
28672519
28672685
28672762
28673305
28673489
28673791
28673940
28675053
28678634
28678677
28678778
28679739
28680871
28760325
28979248
28979256
28979341
28980418
28980444
28980814
28980941
28981153
28981186
28981385
28981565
28981610
28981693
28981889
28982041
28982242
28982564
28982749
28983689
28984957
28985183
28985796
28986511
28986587
28986769
28987554
28988017
28988019
28988190
28988429
28988582
28988710
28988926
28989425
28989941
28990247
28990264
28990469
28990769
28990941
28990960
28991003
28991217
28991270
28991424
28992064
28992349
28992649
28992690
28993121
28993275
28994505
28994528
28995508
28995657
28995816
28996132
28996328
28996830
28997264
28997785
28997884
28997918
28997935
28998097
28998318
28998526
28998632
28998879
28998948
28999239
28999402
28999436
28999460
28999532
29000056
29000069
29000189
29000926
29001148
29001243
29001944
29047274
29048141
29048529
29049552
29049606
29049716
29050021
29050519
29050614
29050910
29050936
29051025
29051046
29051892
29053764
29053790
29054021
29054222
29054525
29054983
29055166
29055390
29055531
29055573
29055586
29055595
29056216
29056273
29057214
29057882
29058207
29058742
29058800
29058838
29059090
29060295
29060503
29061008
29061067
29061456
29061554
29061659
29061798
29061812
29061817
29064700
29065926
29065987
29066801
29071133
29071156
29071205
29073314
29073917
29074130
29074334
29075180
29075554
29076557
29079325
29081265
29083143
29083588
29119045
29119484
29123055
29123555
29136486
29178320
29178922
29179321
29179601
29180328
29180464
29180718
29181030
29181084
29181741
29182052
29182402
29182875
29183722
29184146
29184372
29184721
29185041
29185049
29185760
29186049
29186081
29186632
29186728
29186986
29187351
29187474
29187704
29187980
29188207
29188221
29188751
29188896
29189564
29189584
29189600
29191103
29191388
29191641
29192172
29192211
29192304
29192479
29192671
29192783
29193167
29193318
29193449
29194797
29195610
29195703
29195886
29196628
29196854
29196941
29198028
29198155
29198192
29198590
29199001
29199118
29199686
29215947
29218796
29218914
29227507
29236304
29236973
29359571
29360377
29360789
29360984
29361321
29361488
29361759
29361962
29362241
29362362
29362395
29362791
29363342
29363425
29363969
29363978
29364129
29364647
29364707
29365040
29365322
29365404
29365680
29365910
29366145
29366434
29366630
29366808
29367280
29367398
29367618
29367778
29367969
29368024
29368043
29368068
29368106
29368123
29368564
29368583
29368817
29369042
29369054
29370389
29370467
29370603
29370951
29371242
29371392
29371438
29371639
29372119
29429886
29430380
29430506
29430579
29434639
29435042
29436150
29436301
29442330
29443626
29443772
29445672
29447272
29449893
29468495
29470063
29472567
29473450
29474431
29476107
29476990
29478858
29482630
29483663
29484311
29484541
29485526
29487576
29487950
29488671
29489365
29564618
29565041
29565320
29566238
29567895
29568130
29569214
29569396
29569648
29569717
29570073
29570520
29570563
29571027
29571058
29571196
29571297
29572626
29572859
29573175
29574792
29575215
29575506
29576414
29577459
29578044
29578626
29579671
29580521
29581076
29581314
29582562
29621293
29621833
29622139
29622241
29622480
29622679
29622689
29623083
29624864
29625265
29625525
29625729
29625766
29626102
29626713
29626786
29626935
29628060
29628144
29628274
29628301
29628489
29628570
29628667
29629071
29630226
29630259
29630625
29631050
29631095
29631631
29631755
29632388
29632563
29632634
29632754
29632979
29633019
29633285
29633347
29633747
29633997
29634203
29634662
29635162
29635540
29635792
29635823
29636050
29636192
29636980
29637374
29637751
29638022
29638240
29638845
29639136
29640127
29640417
29640643
29641095
29830249
29830373
29830470
29830708
29831002
29832847
29833373
29834333
29834402
29834651
29834964
29835275
29835666
29835681
29836236
29836400
29837018
29837408
29837511
29837635
29837659
29837781
29837789
29837974
29838226
29839082
29839546
29839880
29840070
29840458
29840492
29840511
29840839
29841161
29841652
29841874
29842123
29842320
29842371
29844113
29844491
29844546
29844717
29845076
29845106
29845180
29845869
29846198
29846266
29846301
29846346
29846353
29846482
29846714
29846953
29847228
29847617
29847658
29929349
30047971
30050931
30050961
30051380
30051733
30051981
30052089
30052557
30052784
30054485
30054645
30054762
30055439
30056611
30060712
30060733
30062246
30062991
30063238
30232639
30232967
30233303
30233327
30233466
30234255
30234278
30234977
30235109
30235150
30235152
30235516
30235596
30235788
30235828
30235834
30236217
30236276
30236723
30236807
30236899
30237021
30237177
30237191
30237291
30237516
30237743
30237931
30238077
30238664
30239354
30239645
30239717
30239978
30240362
30240642
30241161
30241319
30241729
30241929
30242388
30242707
30243225
30243420
30243751
30243778
30243799
30243806
30244155
30244518
30245508
30245530
30246029
30246248
30246360
30246578
30246627
30246852
30247281
30247373
30247526
30247837
30248718
30249192
30249328
30249997
30250501
30251953
30252099
30252104
30252215
30252903
30253262
30253320
30253581
30253633
30253661
30254140
30254781
30254944
30255220
30255270
