88153
90613
91516
92742
92912
97708
98945
103608
103819
105131
105406
107380
108672
109101
245656
246022
246499
246606
247604
247713
247790
248248
248603
248838
249100
249454
249510
249560
250047
250112
250556
250576
251208
252243
252683
253385
253417
253732
253740
254203
255288
256091
256630
256849
257204
258695
259226
259570
260452
261657
261660
262141
262419
262598
262629
263594
263688
264098
264279
264704
265034
265215
265347
265724
265966
266311
266320
267011
267426
284146
284164
284826
284970
285029
285340
285873
287317
287499
287638
287724
288068
288095
288322
288488
288567
288669
288737
288962
289189
289706
289758
290459
290584
290715
291208
291540
291616
292197
292515
292875
293035
293495
293662
293695
293994
294056
294256
294456
294699
295362
295513
295529
296084
296254
296757
296928
297199
297918
297932
298121
298243
298540
299190
299410
299911
300267
300528
300572
301018
301097
301137
301247
301441
302409
302684
303279
303427
303534
303586
303896
304027
304194
304235
304408
304631
304904
304953
305165
305286
305531
305691
305920
306029
306168
359228
359662
360318
360418
360450
360502
361198
361284
361430
361550
362143
362317
362490
362514
362819
363027
363382
363614
363994
364115
364373
364842
365859
366303
366415
366438
366571
366710
366988
367193
367263
367712
367807
367961
368738
368962
369980
370169
370275
370505
370830
370854
370882
370996
371029
371041
406096
407537
408450
408855
409863
410441
411462
411598
411799
412797
415321
416616
418207
419164
419650
419901
422196
422450
422903
423706
427623
428711
428887
428964
429015
525655
526459
526521
528328
528501
528931
529291
529600
529685
529987
531945
532049
535867
537126
539318
539844
540033
540170
541467
543414
543706
543757
544254
545866
546249
546546
546705
546742
590969
682261
682470
683070
683250
683279
683415
683767
683847
684069
684833
684859
684921
685040
685162
685668
686138
686215
686760
686925
687572
688582
688890
689260
689601
689652
689903
690434
690903
691272
691729
692530
693323
693779
693930
694164
694721
695515
695595
695820
695826
696004
696598
696918
697043
697866
698229
698596
698605
698645
698819
699197
699973
700151
700190
700251
701120
701184
701661
701676
701751
865674
865786
865910
867248
868975
869307
869407
871147
871500
873115
875506
877086
877464
1011014
1011108
1011186
1011616
1011669
1011764
1011981
1012238
1012316
1012427
1012490
1012581
1013209
1013555
1013745
1014066
1014225
1015572
1015791
1016284
1016392
1016521
1017618
1017739
1017816
1018292
1018332
1018538
1019151
1019209
1019278
1019603
1019623
1020382
1020523
1020898
1020986
1021206
1021478
1021741
1022771
1022963
1023259
1023598
1023948
1023950
1024986
1025489
1025743
1025864
1026184
1026296
1026493
1026713
1026812
1026935
1026968
1027092
1027302
1027614
1027737
1027902
1028445
1028577
1028694
1029601
1029644
1030244
1031848
1040220
1040874
1042089
1043387
1044262
1046626
1047052
1047102
1130395
1143617
1150048
1152893
1153422
1155548
1157970
1193798
1198290
1203490
1203714
1203722
1203738
1204495
1204726
1204961
1205728
1205743
1205924
1206214
1206220
1206798
1207413
1207504
1207574
1207653
1208250
1208437
1208754
1209311
1209394
1209556
1210417
1210522
1210962
1211110
1211339
1211548
1211586
1211679
1211764
1211967
1212146
1212163
1212306
1212387
1212466
1213133
1213760
1213943
1214261
1214434
1214937
1215287
1215487
1215573
1215797
1215904
1216338
1217631
1217791
1217890
1218030
1218303
1218568
1218610
1218659
1218720
1218758
1219327
1219350
1219404
1219416
1263963
1264201
1264534
1264697
1265206
1265226
1265490
1265536
1265739
1266093
1266773
1267434
1267964
1268112
1268538
1268754
1268939
1269076
1269151
1269214
1269520
1269524
1269575
1270832
1271020
1271188
1271333
1271730
1272103
1272132
1272150
1272180
1272185
1272195
1272323
1272377
1272432
1272712
1272796
1272864
1273387
1273412
1273991
1273995
1274146
1274452
1274530
1274692
1274730
1274829
1274980
1275128
1275570
1275700
1275833
1276891
1277341
1277533
1277630
1277699
1277730
1277846
1278038
1278240
1278361
1278606
1278670
1279008
1279139
1279167
1279349
1279421
1279725
1280248
1280299
1280583
1280606
1280755
1280949
1281538
1282286
1282360
1282470
1282478
1283087
1283336
1284167
1284853
1284928
1285190
1285197
1286093
1286262
1286455
1286512
1286555
1286701
1286757
1286894
1375573
1376511
1376904
1377229
1377766
1377799
1377931
1378377
1378756
1379339
1379563
1379750
1379777
1380880
1381185
1381382
1381693
1381881
1381974
1382349
1383179
1383680
1383822
1384117
1384370
1384428
1384543
1384681
1385151
1385197
1385218
1385512
1385883
1386076
1386307
1386708
1387273
1387364
1387538
1387598
1520787
1520858
1521316
1522015
1522430
1523261
1523289
1523412
1523585
1523789
1523910
1524217
1525116
1525168
1525296
1526107
1526202
1526525
1526815
1526994
1527437
1530275
1530381
1532044
1532765
1533537
1533567
1534661
1536821
1536966
1539632
1541398
1751173
1751866
1752304
1752538
1752637
1752787
1752899
1753085
1753409
1753421
1753528
1753551
1754450
1754717
1755041
1755143
1755849
1757734
1757874
1758407
1758661
1759097
1759439
1760098
1760165
1761306
1761390
1761411
1761720
1762596
1763013
1763410
1763675
1764098
1764134
1764227
1764396
1764754
1765395
1765478
1766162
1766287
1766299
1766684
1767424
1767535
1767541
1768131
1768329
1768580
1836213
1836463
1837155
1837287
1837406
1837779
1838086
1840883
1840903
1841034
1841519
1841738
1842094
1842206
1842620
1842720
1842783
1842968
1843037
1843184
1843393
1843578
1843843
1844006
1844462
1844912
1845555
1845566
1845595
1845616
1845802
1845872
1845915
1846080
1846331
1847306
1847614
1847617
1848870
1849125
1849139
1849600
1849713
1849888
1850029
1850296
1850612
1850926
1850934
1851301
1851445
1851546
1851658
1851818
1851853
1852632
1853062
1854283
1854432
1855268
1855442
1856119
1856159
1856483
1856512
1856815
1856915
1857461
1858162
1858341
2262752
2263210
2263421
2263622
2264539
2264556
2265698
2266698
2267059
2267081
2267669
2267891
2267905
2268946
2269298
2269395
2269720
2269729
2270981
2271872
2272147
2272190
2272325
2272345
2272397
2273036
2273238
2273378
2273597
2273638
2273800
2274184
2274433
2274471
2274915
2274995
2277248
2277650
2278247
2279245
2279907
2279948
2280346
2280367
2280448
2280824
2280932
2281252
2281420
2281431
2282067
2282534
2282814
2282891
2283987
2284678
2366568
2370867
2372554
2377278
2399943
2404177
2404522
2407439
2409698
2414258
2414650
2415557
2420024
2462642
2462774
2462852
2463054
2463095
2463584
2464532
2464631
2464695
2464908
2465082
2465505
2465587
2465633
2466083
2466193
2466321
2466571
2466636
2466756
2466885
2466977
2467294
2467320
2468714
2468837
2468908
2468960
2469863
2469924
2470005
2470017
2470148
2470167
2470356
2470452
2470452
2470539
2470544
2470959
2471294
2472007
2473157
2473339
2473769
2473798
2473980
2474094
2474175
2474258
2474351
2474719
2474799
2475478
2497815
2497848
2498304
2499450
2501054
2501101
2501108
2501469
2501814
2502154
2502267
2502292
2502391
2503227
2503912
2504133
2504239
2504982
2505093
2505905
2505996
2506054
2506188
2507085
2507929
2507979
2508202
2508323
2508576
2509565
2510109
2510573
2511006
2511007
2511207
2511225
2511469
2511803
2512199
2512325
2512384
2512880
2513394
2513882
2514773
2514807
2514942
2515175
2515801
2515813
2515872
2516193
2516608
2516648
2516706
2516907
2517125
2517435
2517694
2518445
2519036
2519164
2520449
2520462
2520833
2520954
2520987
2710546
2713647
2723115
2724146
2724628
2726230
2726779
2728184
2729506
2729952
2734132
2734436
2757719
2944251
2944263
2944352
2944411
2944630
2944701
2944753
2944917
2944967
2945140
2945423
2945424
2945429
2945487
2945648
2946092
2946272
2946470
2946826
2946953
2947186
2947256
2947524
2947526
2947631
2947716
2947777
2948056
2948491
2948745
2948762
2948794
2949020
2949445
2949534
2949897
2951225
2951601
2951696
2952005
2952558
2952773
2952987
2953319
2953361
2953745
2954050
2954128
2954292
2954319
2954935
2954943
2954974
2955039
2955349
2955484
2955511
2956029
2957324
2957374
2957710
2957781
2957850
2958007
2958041
2958373
2958376
2958492
2958611
2958615
2958912
2959695
2959739
2959942
2960032
2960462
2960518
2960552
2960694
2960743
2961089
2961728
2962165
2962407
2962794
2963116
2963265
2963642
2963751
3003225
3034537
3041443
3046238
3053757
3054817
3055525
3056230
3056267
3056520
3058458
3058481
3059246
3059393
3059432
3060735
3062617
3063202
3063232
3063877
3064565
3065406
3065671
3065682
3160060
3162352
3169553
3233668
3233940
3234035
3234074
3234483
3234503
3234800
3235033
3235039
3235099
3235406
3235568
3236002
3236110
3236265
3236635
3236643
3237332
3237536
3237956
3238532
3238908
3240517
3240632
3240838
3241109
3241450
3241478
3241892
3242243
3243166
3243221
3243678
3243882
3244130
3245520
3245923
3246208
3246542
3246722
3246856
3246982
3247029
3247360
3247383
3247405
3247532
3248850
3249319
3249506
3249587
3249593
3249635
3249714
3250116
3250268
3250484
3250718
3250847
3251459
3251806
3251968
3252221
3252689
3252759
3253075
3253564
3253652
3253827
3253995
3400318
3404734
3406006
3426764
3426782
3427466
3427504
3427711
3427798
3428069
3428157
3429245
3429978
3430022
3430332
3430650
3430680
3430741
3430816
3430928
3431032
3431169
3431535
3431589
3432297
3432542
3433117
3433388
3433584
3433792
3433861
3434125
3434159
3434520
3434610
3434707
3434860
3434873
3434936
3435035
3435217
3435388
3435580
3435842
3436211
3436388
3436896
3437158
3437298
3437538
3438218
3438570
3438634
3438898
3439084
3439163
3439222
3439389
3439499
3439710
3439746
3439758
3439993
3440470
3440593
3440700
3440757
3440950
3441344
3441351
3441602
3441629
3441889
3442293
3442323
3442368
3442597
3442951
3442961
3443178
3443237
3443686
3443743
3443798
3444009
3444088
3444187
3444205
3444699
3444897
3444987
3445200
3445716
3498296
3498426
3498471
3499030
3500721
3500893
3501023
3501135
3501234
3501541
3501736
3501742
3502014
3502663
3502850
3503069
3503301
3504093
3504618
3504817
3504818
3505002
3505281
3505452
3505607
3506829
3508435
3508870
3509393
3509587
3509738
3509953
3510078
3511233
3511941
3511984
3512636
3512971
3513109
3513634
3513877
3513913
3514250
3514699
3514834
3515914
3676916
3676945
3677041
3677190
3677550
3678228
3678375
3679034
3679168
3679203
3679468
3679925
3680302
3680472
3680949
3681147
3681230
3681681
3682099
3682672
3682909
3682924
3683025
3683512
3683515
3683652
3683972
3684009
3684387
3684393
3684556
3684805
3684919
3685585
3685616
3685652
3686064
3686113
3687081
3687386
3687395
3688414
3689157
3689368
3690384
3691024
3691557
3692251
3692386
3692896
3692973
3692997
3693994
3694005
3694703
3695526
3695734
3695974
3696099
3696352
3696591
3697090
3697443
3697454
3697622
3697902
3698024
3698035
3698136
3698150
3698192
3698463
3698859
3698939
3872748
3872963
3873368
3873398
3873669
3874476
3874539
3874955
3875254
3875255
3875698
3876113
3876501
3876548
3876867
3877367
3877490
3878573
3878794
3878927
3879285
3879469
3879480
3879516
3879547
3879829
3880222
3881088
3881944
3882013
3882635
3882802
3883591
3883838
3884198
3884444
3884524
3884571
3884616
3884939
3885420
3885537
3885558
3885663
3885777
3885815
3886006
3886161
3886300
3886478
3886506
3886520
3886740
3887543
3887549
3887652
3887828
3887909
3888433
3888696
3888789
3889160
3889402
3889412
3890035
3890305
3890355
4000048
4004593
4005816
4005962
4007003
4013268
4014023
4015123
4016327
4016795
4120462
4206266
4207341
4207387
4207582
4207638
4207969
4208002
4208408
4209504
4209606
4210233
4210537
4210947
4211659
4211824
4212519
4212877
4212915
4212956
4213148
4213672
4214351
4214471
4215014
4215164
4215289
4215374
4215806
4216323
4216354
4216855
4217721
4217792
4218645
4219665
4219794
4220026
4220027
4220387
4221292
4221518
4222371
4222509
4222898
4223114
4272339
4272803
4273827
4274568
4274595
4274791
4276004
4276075
4276093
4276264
4276544
4276715
4276827
4277076
4277147
4277480
4279107
4280178
4281093
4281789
4281974
4282945
4283061
4283106
4283123
4284311
4285715
4397243
4409622
4413214
4413427
4458020
4458033
4458105
4458223
4458392
4458466
4458517
4458796
4458896
4459150
4459228
4459230
4459254
4459267
4460200
4460203
4460608
4460616
4460748
4460937
4461267
4461391
4461492
4462029
4462082
4462176
4462376
4462910
4462943
4462967
4463004
4463339
4463573
4463616
4464003
4464066
4464475
4464526
4465298
4465359
4465452
4465939
4466261
4466860
4466879
4466934
4467056
4467243
4467264
4467385
4467869
4467944
4468353
4468845
4469358
4469398
4469447
4469724
4470223
4470400
4470469
4471364
4472032
4472164
4472410
4472595
4473200
4473286
4473316
4473712
4473787
4473888
4474250
4474862
4474879
4474945
4475114
4475165
4475235
4475984
4476109
4476156
4476186
4476272
4476336
4476674
4476715
4476784
4476809
4477456
4478146
4478517
4479291
4482897
4486590
4486594
4488147
4491642
4495945
4498241
4498465
4499432
4500235
4506355
4507393
4509477
4571343
4573842
4577510
4757063
4758655
4759035
4759316
4760622
4762702
4763548
4764744
4766200
4766975
4769328
4772792
4774590
4813041
4827329
4829062
4829195
4829585
4830119
4830748
4831454
4831811
4832143
4834986
4835072
4836638
4837631
4838699
4839160
4839304
4839714
4840303
4840774
4842071
4842323
4842561
4843162
4843404
4844720
4845531
4848323
4849741
4994769
4995306
4995505
4995646
4996493
4996526
4996713
4996923
4997707
4998044
4998367
4998568
4998837
4998902
4999517
5001472
5001994
5001999
5002063
5002249
5002294
5002349
5002843
5002887
5003147
5003745
5003757
5003786
5003878
5004249
5004344
5004520
5004841
5005040
5005105
5006212
5006455
5006547
5006734
5007578
5007609
5007629
5007634
5007880
5007901
5007984
5008069
5008094
5008378
5008845
5008858
5009221
5009325
5009337
5009827
5010335
5010510
5010896
5010957
5011123
5011886
5012210
5012228
5139806
5141291
5143558
5151118
5156899
5159615
5159688
5281316
5286675
5286894
5287313
5287713
5290831
5292845
5293395
5293408
5296913
5297493
5299640
5302985
5321224
5321256
5321481
5321612
5322534
5322807
5325221
5326664
5328482
5329395
5329825
5331450
5332047
5332841
5332920
5333181
5333228
5335015
5339295
5342144
5348099
5367752
5367922
5367994
5368214
5368306
5368333
5368355
5368772
5368794
5369020
5369453
5369566
5369643
5369947
5370127
5370634
5371064
5371925
5371948
5372624
5372704
5374714
5374846
5375032
5375873
5375998
5376418
5376491
5376612
5377113
5377785
5378337
5378532
5378618
5378629
5379114
5379362
5379608
5379645
5379695
5379770
5380207
5380301
5380338
5380424
5380490
5381197
5381495
5381675
5382123
5382230
5382519
5382573
5383352
5383393
5383461
5384022
5384560
5384574
5384697
5385024
5385083
5385134
5385426
5385626
5385783
5386089
5386094
5386246
5386401
5386564
5386682
5387108
5387627
5387710
5387715
5387833
5387965
5388149
5388378
5388766
5388871
5389181
5389280
5389441
5389536
5389706
5389853
5390652
5390759
5390972
5510826
5570641
5570961
5573870
5574003
5574177
5574239
5574363
5575181
5577006
5578587
5578703
5579013
5579391
5580166
5580489
5580573
5580974
5581191
5581706
5581815
5581980
5582118
5583216
5583315
5583934
5584648
5584963
5585021
5585147
5585659
5586223
5587267
5588034
5588761
5588805
5588937
5589113
5589448
5589675
5589841
5590793
5863956
5865404
5866671
5867049
5867952
5868473
5869378
5871678
5874243
5874641
5876342
5876959
5876989
5877062
5878231
5878877
5880422
5922238
5922745
5924083
5925105
5925116
5925226
5925378
5925405
5926307
5926336
5926782
5927118
5927165
5928319
5928373
5928481
5928615
5928699
5928985
5929288
5930007
5930330
5930442
5930505
5930508
5930563
5930699
5931022
5932338
5932868
5933254
5933656
5934575
5935392
5935485
5936232
5937837
5938002
5938661
5938671
5938690
5938741
5939234
6025356
6030537
6031161
6032279
6033327
6035120
6035554
6038260
6086661
6086724
6087149
6087770
6088381
6088455
6088771
6088997
6089437
6089597
6089828
6090402
6090586
6090622
6091695
6091779
6092267
6092456
6092630
6093033
6093297
6093388
6093437
6093567
6093615
6093724
6093924
6094069
6094589
6094708
6094878
6095319
6095403
6095852
6096303
6096550
6096670
6097207
6097680
6097780
6097797
6098007
6098940
6099075
6099330
6099533
6099537
6099714
6099776
6099816
6099862
6100065
6100472
6100679
6100728
6100736
6100824
6100831
6101224
6101445
6101939
6102046
6102186
6102503
6102611
6102874
6103199
6103522
6103868
6103917
6104654
6104787
6105101
6105177
6105200
6105476
6105506
6106403
6107061
6107603
6109380
6110055
6110284
6110472
6110593
6110612
6111757
6112347
6112509
6112921
6113084
6113540
6116764
6116807
6117238
6117358
6117513
6118472
6118958
6119368
6119775
6127844
6135922
6350632
6363283
6363543
6364491
6370471
6521771
6523576
6527991
6529921
6531721
6536276
6538516
6619591
6619912
6620418
6621412
6621728
6622233
6622705
6623056
6623395
6623735
6624240
6624707
6625000
6625805
6626053
6626136
6626893
6626917
6626944
6626964
6627434
6627550
6627645
6627753
6627988
6628126
6629701
6630154
6631550
6631592
6631864
6631922
6632061
6632089
6632268
6632649
6632741
6635509
6662851
6663721
6664684
6667898
6675954
6677390
6678490
6704486
6705409
6705587
6705709
6705977
6706715
6706856
6708666
6711111
6711217
6711431
6711839
6711966
6713154
6713443
6713622
6714994
6715626
6716567
6716588
6716591
6718225
6719944
6859072
6860413
6860576
6861025
6861200
6861327
6861343
6861413
6861504
6861932
6861962
6862487
6862868
6862933
6863005
6863170
6863201
6863374
6864093
6864184
6864376
6864669
6865583
6866221
6866285
6866346
6866592
6866602
6866832
6867172
6867296
6867475
6867538
6868326
6868701
6868826
6869120
6869160
6869340
6869436
6869944
6870423
6870793
6870933
6871102
6871852
6873185
6873435
6873756
6874366
6874993
6875899
6876032
6904204
6907824
6909091
6909524
6949536
6950453
6952497
6953110
6959301
7044084
7045526
7049504
7053644
7055075
7056145
7056635
7057538
7060305
7196142
7196272
7196295
7196416
7197803
7198112
7198597
7199649
7200473
7200490
7200852
7201224
7201270
7201364
7202861
7203455
7203955
7204052
7204304
7204863
7205115
7206910
7207442
7207764
7208138
7208149
7208549
7209938
7210177
7210546
7301180
7301585
7301898
7302105
7302250
7302309
7302386
7302419
7302445
7302709
7303351
7303666
7303727
7303746
7303882
7303919
7304352
7304666
7305008
7306059
7306094
7306691
7306726
7306984
7307366
7307412
7307515
7307621
7307853
7308006
7308651
7308857
7309069
7309664
7309677
7309991
7310037
7310268
7311016
7311111
7311368
7312741
7313034
7313692
7313706
7314313
7314615
7314674
7314758
7314851
7314930
7315245
7315359
7315486
7404149
7407477
7407740
7409708
7412884
7413856
7531692
7533981
7541640
7591412
7704603
7705721
7706179
7706202
7706245
7706249
7706739
7706794
7706826
7706945
7707247
7707289
7707481
7708013
7708133
7708732
7708736
7708863
7708908
7708919
7708949
7709252
7709440
7709467
7709610
7709887
7709916
7710014
7710141
7710281
7710660
7711540
7711583
7711654
7711777
7711824
7711893
7712159
7712463
7713197
7713394
7713928
7714045
7714055
7714384
7714562
7714612
7715144
7715221
7715529
7715758
7715863
7715934
7715987
7716064
7716095
7716122
7716361
7716509
7716513
7717204
7717321
7717772
7717956
7718203
7801975
7802874
7803018
7803449
7803672
7804325
7804562
7805802
7807836
7808282
7808599
7808657
7810131
7810293
7810607
7811638
7812363
7813454
7815248
7815601
7816406
7818097
7819300
7819386
7819400
7819521
7821176
7821249
7821366
7822854
7879185
7879610
7879953
7880406
7881319
7883198
7884378
7884590
7884603
7885098
7886108
7887962
7888276
7888711
7889965
7890225
7890589
7891689
7891807
8034012
8034974
8035273
8035649
8036239
8037107
8037479
8038115
8038231
8039025
8039753
8041919
8043997
8045346
8045762
8046311
8048018
8048521
8065504
8067317
8067547
8067876
8068970
8069636
8069658
8070106
8070660
8073105
8073530
8075833
8151929
8152045
8152064
8152680
8153095
8153526
8153554
8153568
8153822
8154342
8154901
8154926
8155653
8156095
8156363
8157030
8157616
8157893
8158390
8158642
8158808
8159070
8159109
8159240
8161647
8161798
8162465
8163673
8163730
8164027
8164676
8164962
8165215
8278512
8278862
8278985
8279144
8279179
8279473
8279789
8280214
8280430
8280546
8280808
8280973
8281062
8281109
8281174
8281542
8282070
8282505
8283191
8283263
8283539
8283606
8283609
8283795
8283808
8284022
8284250
8284388
8284633
8284848
8285498
8286195
8286589
8286822
8287063
8287421
8287493
8287672
8288446
8288803
8289631
8290146
8290239
8290341
8290505
8290766
8291650
8291840
8291917
8292184
8292356
8292535
8292666
8292909
8293034
8293877
8293979
8294346
8295089
8295344
8295475
8296360
8296370
8297119
8297464
8297523
8298043
8298126
8548790
8548916
8549609
8549817
8550052
8550965
8551026
8551830
8552593
8552999
8553203
8553431
8553525
8553815
8554182
8555091
8555204
8555535
8557227
8557392
8557613
8558857
8559249
8559322
8559821
8560269
8560418
8561549
8561588
8562316
8562353
8562867
8564395
8566229
8566553
8566598
8656122
8658814
8662922
8718163
8718519
8718772
8719123
8719156
8719678
8719884
8719933
8720645
8720867
8721005
8721666
8721866
8722290
8722415
8722505
8722735
8722748
8723058
8723136
8723557
8723657
8724005
8724549
8724599
8724650
8726132
8726279
8726398
8726581
8726582
8728291
8728397
8728536
8729584
8729737
8730305
8730537
8730558
8731097
8731528
8731665
8731790
8731920
8731965
8732246
8732630
8732637
8732783
8732893
8732992
8733039
8733046
8733067
8733435
8733508
8733512
8733589
8734228
8734418
8734622
8734704
8734812
8734875
8735385
8735533
8735715
8735813
8735864
8736071
8736214
8736506
8736579
8736595
8736957
8737053
8737406
8737514
8737786
8738048
8956969
8957063
8957190
8957323
8957568
8957802
8959290
8959599
8959774
8959797
8959889
8960211
8960846
8961293
8961566
8961608
8962367
8962648
8964302
8964547
8964633
8965735
8965763
8965805
8965873
8966007
8966123
8966583
8966844
8967235
8967586
8967602
8968056
8968130
8968826
8968911
8969090
8969157
8969374
8969467
8969644
8970124
8970431
8970596
8970778
8971070
8971189
8971242
8971373
8971841
8971881
8971908
8972095
8972672
8973870
8974203
8974206
8974386
8974868
9032881
9050931
9051737
9051942
9052123
9052191
9052758
9052772
9053086
9053272
9053480
9053935
9054134
9054184
9054260
9054484
9054742
9054969
9055237
9055400
9055418
9055461
9055850
9056415
9056541
9056666
9056719
9056782
9057313
9057389
9057439
9057767
9058044
9058062
9058071
9059020
9059620
9060613
9060622
9060798
9060812
9060884
9061328
9061621
9061763
9062005
9062500
9062715
9062978
9063000
9063038
9063219
9063281
9063480
9063619
9063844
9063872
9064003
9064854
9064994
9065447
9065569
9065813
9066003
9066167
9066196
9066212
9066360
9066402
9066651
9066693
9066778
9067061
9067244
9067343
9067407
9067473
9264045
9264127
9264160
9264529
9264562
9265129
9267413
9267577
9267675
9267946
9267988
9268204
9268348
9268510
9270732
9271574
9271846
9272195
9272715
9273015
9273085
9273771
9274134
9274755
9275220
9275283
9276016
9277242
9277646
9277657
9277977
9278433
9278464
9279042
9279407
9279870
9280062
9280330
9280730
9280954
9281068
9281305
9281352
9281394
9282493
9283403
9283518
9283763
9283934
9284310
9434891
9436324
9437618
9437930
9439098
9439993
9440112
9442957
9443026
9443926
9444362
9444644
9444748
9445006
9445085
9445588
9445918
9446625
9446804
9447131
9447311
9448003
9448389
9448423
9449679
9449970
9450409
9450912
9453295
9454523
9455218
9455250
9492733
9494935
9498466
9499059
9501102
9501793
9501924
9502567
9504425
9506218
9507239
9507918
9508696
9508947
9510582
9712501
9772819
9774373
9774511
9775608
9776476
9777981
9778774
9779888
9779954
9779991
9780468
9781485
9781857
9782277
9782515
9785496
9850442
9850848
9851154
9851234
9851382
9851567
9851614
9852373
9852739
9852934
9852954
9853281
9854014
9855069
9855758
9855854
9855902
9855904
9856841
9856947
9857280
9858277
9858297
9859468
9859476
9859771
9859904
9860773
9860816
9861908
9862115
9862464
9862623
9863246
9863300
9863410
9864131
9864585
9864687
9865199
9865816
9866659
9866880
9867018
9867728
9867891
9868456
9868840
9869000
10135867
10137414
10137488
10137499
10138324
10138487
10138747
10138864
10139037
10139723
10140122
10140218
10140321
10141708
10142300
10142336
10142453
10143131
10143229
10143323
10144219
10144921
10144945
10145128
10145614
10146857
10147864
10148247
10148802
10148983
10149120
10149409
10149453
10149901
10150599
10150863
10150949
10151236
10151260
10151498
10151755
10152165
10152598
10153222
10153425
10153839
10153861
10154285
10154348
10154548
10154990
10155568
10155691
10156084
10156996
10157165
10157208
10157280
10157435
10157630
10157644
10157661
10157986
10158190
10158635
10158769
10159151
10159950
10160205
10160434
10160459
10160467
10160500
10160666
10160667
10160695
10160762
10160971
10160994
10161591
10161685
10161840
10162018
10162101
10162285
10162404
10163419
10163847
10163875
10164230
10164782
10164847
10165182
10165654
10166613
10166803
10166840
10443662
10443815
10444454
10444898
10445010
10445300
10445604
10445815
10446253
10446594
10446713
10447297
10447329
10448267
10448507
10448511
10448624
10448907
10449729
10449774
10449844
10450686
10452165
10454495
10455436
10455585
10456862
10457014
10457085
10457269
10458146
10540074
10540243
10540757
10541497
10542310
10542506
10542561
10542884
10542908
10543169
10543391
10543563
10543675
10544024
10544446
10545044
10545432
10545549
10545747
10547070
10547210
10547403
10547585
10547785
10547893
10548082
10548249
10548965
10549233
10549316
10549502
10549856
10550127
10550635
10550752
10550772
10551250
10551337
10552101
10552519
10553195
10553202
10553532
10553536
10553822
10554278
10554758
10554928
10555187
10555565
10556135
10556544
10556783
10556816
10557156
10557221
10557294
10557742
10557920
10557923
10558131
10558801
10685349
10686795
10729560
10729750
10730380
10730726
10731187
10731412
10731796
10732528
10732531
10732697
10732787
10732878
10733489
10733927
10734614
10735610
10736963
10737209
10737305
10737321
10737622
10737693
10739061
10739397
10739469
10739889
10740337
10740428
10740672
10740896
10741325
10741455
10742041
10742356
10796153
10796900
10796910
10797023
10797259
10797436
10797706
10797708
10797746
10801336
10801435
10802437
10802481
10802549
10802678
10802906
10803109
10803319
10803362
10804542
10804706
10804875
10805235
10805383
10806358
10806576
10806593
10807865
10807908
10808230
10808422
10808919
10809091
10809928
10810330
10810677
10811228
10811892
10927265
10932371
10932406
10934163
10987674
10989005
10989137
10989185
10989869
10990389
10990938
10991052
10991944
10992040
10992707
10993802
10993878
10993997
10994229
10994793
10995019
10995191
10995261
10995371
10995524
10995629
10996019
10996023
10996568
10996712
10997079
10997319
10998106
10998131
10998494
10998513
10998922
10999223
10999530
10999742
11000289
11000308
11000529
11000564
11001637
11001653
11001658
11001991
11002107
11002576
11002619
11002620
11002738
11002806
11003301
11003693
11003864
11004413
11004704
11004724
11004802
11005367
11005368
11005704
11005960
11006007
11006175
11006564
11007151
11007420
11007493
11007940
11008205
11008378
11008381
11008401
11008575
11008638
11008767
11008885
11009535
11028112
11028768
11030756
11030802
11033419
11033704
11033891
11034497
11034570
11035335
11035942
11040973
11318353
11318641
11320147
11320605
11321425
11322664
11323384
11324596
11326121
11326135
11327260
11328147
11329223
11329570
11331550
11331837
11335346
11335972
11336053
11336402
11547057
11547281
11547863
11548188
11548192
11548461
11548624
11548839
11548991
11549235
11549663
11549744
11550022
11550031
11550299
11550655
11551828
11552474
11552486
11552502
11552719
11552767
11553243
11553355
11553475
11553734
11554188
11555157
11556406
11556413
11556923
11556967
11557120
11557127
11557246
11557565
11558674
11558736
11559233
11559596
11559782
11560315
11560348
11560477
11560554
11560739
11561082
11561353
11565551
11567274
11568286
11569037
11571051
11571808
11572129
11572396
11573498
11573969
11574083
11574622
11576518
11577760
11579914
11582957
11584078
11668900
11670022
11670268
11670845
11670979
11671441
11675101
11675873
11677749
11681840
11775987
11778248
11778856
11779048
11781309
11783981
11784306
11787688
11787957
11788432
11789196
11790072
11793229
11793681
11793722
11794172
11794582
11795208
11796585
11796838
11797124
11799811
11800733
11800742
11807616
11807625
11809517
11815315
11815535
11897633
12097948
12099324
12100193
12100291
12100535
12100863
12101896
12101954
12102223
12103702
12104179
12104892
12105873
12108601
12108687
12108982
12111758
12112972
12114559
12115133
12115160
12115411
12115436
12115971
12116371
12116508
12116766
12116883
12117348
12117506
12117594
12117617
12117831
12118427
12118547
12119026
12119386
12119527
12119779
12120211
12120257
12120381
12120466
12120688
12120760
12120773
12121290
12122429
12123153
12123387
12123568
12123933
12123983
12124345
12124468
12124938
12124970
12125281
12125455
12125522
12125581
12125632
12125733
12126000
12126172
12126212
12126748
12127764
12128120
12129144
12129149
12129677
12129927
12130282
12200027
12201111
12202303
12202350
12203447
12204290
12204919
12205254
12205503
12205571
12205834
12206061
12206141
12206372
12206949
12206993
12208745
12208887
12209006
12209453
12209600
12210324
12210590
12210614
12210883
12211444
12211462
12211747
12211772
12212013
12212339
12212561
12212634
12212654
12212821
12212876
12213215
12214285
12214619
12214673
12215484
12215700
12215721
12215752
12215892
12216078
12216376
12217160
12217193
12217246
12217331
12217347
12218057
12218169
12219770
12224105
12224262
12345589
12346453
12346747
12349002
12349636
12350221
12351761
12351934
12354177
12357116
12409768
12409945
12411089
12412111
12414546
12414777
12415912
12416374
12417512
12419211
12419503
12420069
12423023
12636706
12637021
12637353
12638230
12638411
12638807
12638879
12639016
12639227
12639810
12639878
12639939
12640322
12640857
12640864
12641112
12642594
12642719
12643472
12643833
12644047
12644657
12644702
12645158
12645697
12645776
12646151
12646862
12646896
12647065
12647233
12648285
12648829
12648952
12648999
12649432
12649612
12649819
12649991
12650056
12650344
12650644
12650707
12651431
12651553
12651694
12651725
12651924
12652286
12652411
12652449
12652872
12653075
12653149
12653169
12653910
12654230
12654522
12654794
12655039
12655824
12655876
12655954
12656478
12657547
12657682
12657728
12657747
12657750
12657989
12658567
12658604
12797544
12797831
12798436
12802742
12805208
12806334
12806827
12807520
12809799
12912798
12913241
12914226
12916622
12920001
12920461
12921433
12921925
12923024
12924020
12925419
12989893
12990630
12992041
12992159
12992451
12992534
12992627
12992697
12992725
12992780
12992907
12993010
12993103
12993128
12993594
12993884
12994111
12994781
12994961
12995027
12995107
12995367
12995663
12995773
12995992
12996094
12996912
12996996
12997146
12997444
12998163
12998345
12998872
12999321
12999745
12999889
13000416
13000561
13000690
13000926
13001555
13001693
13001969
13002128
13002481
13003234
13003342
13003527
13003766
13004161
13004386
13004736
13004996
13005774
13005832
13005983
13006040
13006312
13006327
13006407
13006425
13007161
13007407
13008110
13008186
13008450
13008771
13112018
13112066
13112149
13112305
13112579
13112692
13113041
13113319
13113354
13113619
13113786
13113888
13114054
13114529
13114549
13115084
13115427
13115640
13116381
13116392
13116406
13116657
13116789
13117221
13117334
13117415
13117500
13117855
13118100
13118119
13118399
13118523
13118933
13118943
13119007
13119253
13119469
13119515
13120034
13120070
13120313
13120643
13120647
13120710
13120801
13120806
13121088
13121407
13121639
13121904
13122091
13122205
13122469
13122502
13123507
13123593
13123794
13123930
13123950
13124019
13124318
13124560
13124778
13124865
13124911
13125327
13125341
13125413
13125667
13125899
13126371
13127065
13127288
13127797
13128252
13128266
13128299
13128318
13128357
13128589
13128592
13128750
13128830
13128876
13128911
13129090
13129600
13129772
13129914
13130092
13130209
13130310
13130394
13130519
13130523
13130903
13131361
13132152
13132243
13132295
13132362
13132536
13201877
13201898
13202221
13202501
13202673
13203130
13203702
13204414
13204687
13205032
13205230
13205240
13205720
13206670
13206682
13206863
13207000
13207282
13207326
13207566
13207873
13208291
13209441
13210086
13210233
13210327
13210962
13212297
13212451
13212654
13212743
13212963
13213529
13239618
13240563
13244922
13247334
13302438
13304561
13306001
13306551
13309439
13310114
13313450
13315091
13315413
13315463
13315705
13323281
13453126
13459708
13462845
13496156
13496166
13496641
13496663
13497289
13497559
13497655
13498395
13498819
13499139
13499266
13499346
13499485
13499997
13500581
13500618
13500974
13501121
13501246
13501736
13501826
13501875
13501945
13502060
13502181
13502380
13502396
13502887
13503232
13503300
13503306
13503325
13503445
13503483
13503541
13504072
13504469
13504480
13504592
13504876
13505106
13505247
13505332
13505430
13505478
13505605
13505991
13506851
13506897
13506939
13508320
13508757
13508995
13509109
13509121
13509266
13509468
13509545
13509640
13509892
13510024
13510779
13510842
13510853
13511034
13511342
13511809
13512046
13512284
13512592
13512787
13512838
13512955
13513047
13514130
13514302
13514518
13514565
13571835
13572138
13572170
13572674
13572921
13572987
13572996
13573451
13573515
13573592
13573875
13573956
13574545
13574554
13574872
13575003
13575692
13575965
13576417
13576559
13576647
13576710
13578374
13578401
13578563
13578594
13578770
13579747
13580021
13580141
13581181
13581217
13581248
13582099
13582391
13582436
13582497
13582904
13583011
13583880
13641182
13641681
13641710
13642778
13643535
13643706
13644081
13644355
13644545
13644969
13644981
13646167
13646670
13647992
13648490
13649085
13649337
13649556
13650429
13650531
13650713
13650736
13651260
13651281
13652924
13654767
13655623
13656092
13658321
13658902
13658917
13659938
13660000
13660264
13660677
13660905
13661270
13661328
13661803
13661847
13661897
13662214
13662468
13747020
13747562
13748030
13748558
13748789
13749267
13749496
13749742
13750144
13751051
13751412
13751916
13752445
13752672
13752918
13753171
13753767
13753797
13754440
13754816
13754834
13755410
13755524
13755770
13755994
13756172
13757058
13757074
13757226
13757298
13757308
13757501
13758593
13759065
13759081
13759381
13760068
13760298
13760492
13761090
13761124
13761461
13761696
13762331
13762345
13762528
13762749
13764787
13764902
13764920
13765921
13766242
13766982
13767038
13768066
13768476
13768736
13768844
13769839
13769880
13769957
13770159
13771635
13771781
13771971
13772287
13772343
13772574
13773007
13773309
13773603
13773652
13773799
13774192
13774212
13774401
13774457
13774742
13775024
13775152
13775586
13776095
13776320
13776572
13776731
13777222
13778309
13778854
13779241
13779246
13779414
13779437
13779473
13779479
13779548
13780321
13780397
13780525
13781055
13781870
13781922
13782296
13782494
13782663
13783012
13783188
13783994
13784406
13784601
13784938
13785105
13785376
13785579
13785858
13785979
13786012
13786408
13786959
13787042
13787586
13787595
13787746
13788264
13788324
13788657
13788939
13789021
13789297
13789527
13789762
13790051
13790247
13790425
13790897
13791015
13791235
13791395
13791586
13791641
13791660
13791685
13791723
13791740
13792181
13792200
13792434
13792659
13792671
13794006
13794084
13794220
13794568
13794859
13795009
13795055
13795256
13795736
13852537
13852594
13853119
13853562
13853644
13853646
13853756
13854464
13854493
13854495
13854829
13855349
13856047
13856630
13856677
13856810
13857199
13857324
13858750
13858894
13859008
13859189
13859193
13859221
13859976
13860037
13860165
13860172
13860464
13860545
13860654
13860686
13861179
13861340
13861384
13861453
13861469
13861966
13862098
13862243
13862967
13863008
13863107
13863248
13863504
13863655
13863726
13864064
13864131
13864217
13864402
13864754
13864861
13865201
13865727
13865863
14062726
14062808
14063205
14064029
14064035
14064757
14064762
14064875
14064949
14065189
14065258
14065442
14065877
14066271
14066666
14067041
14067060
14067129
14067250
14067316
14068006
14068913
14069030
14069074
14069784
14069818
14069944
14070518
14070577
14070683
14071078
14071287
14072679
14072751
14072972
14073389
14073720
14074168
14074249
14074739
14074972
14075202
14075289
14075324
14075477
14076120
14076926
14077063
14078058
14078131
14078569
14079103
14079461
14079478
14079926
14080104
14080134
14081361
14081472
14081807
14081958
14082131
14082349
14082439
14083148
14083584
14083658
14084109
14084231
14084385
14084492
14084665
14084753
14085480
14085526
14086332
14086657
14086985
14087204
14087722
14088078
14088497
14088639
14088659
14089085
14090202
14090215
14090786
14090887
14091007
14091524
14092882
14093936
14093954
14094344
14094616
14094722
14094954
14095507
14095564
14095740
14096054
14096105
14096371
14096474
14096601
14097181
14097363
14097412
14097801
14098192
14098969
14139948
14140647
14140919
14141503
14141710
14143226
14143276
14143527
14145441
14145502
14145970
14146113
14146858
14147190
14149407
14150267
14151976
14172344
14172404
14172523
14172969
14173258
14173435
14173860
14173933
14174097
14174293
14174314
14174390
14174700
14174983
14175040
14175399
14175501
14175915
14176005
14176851
14177041
14177193
14177205
14177341
14177765
14177846
14177948
14178139
14178939
14179003
14179200
14179558
14179612
14179686
14179758
14179916
14180158
14180204
14180282
14180298
14180634
14181235
14181416
14181475
14181515
14182540
14182608
14182664
14182715
14183583
14183714
14183790
14183887
14184078
14184243
14185275
14185812
14186095
14186350
14186361
14186860
14187490
14187496
14187692
14188723
14189220
14189653
14189906
14190130
14190178
14190468
14190975
14191435
14191852
14191854
14191902
14191992
14192078
14192165
14192319
14192390
14212366
14213193
14215979
14221260
14222324
14225551
14227671
14228008
14228440
14232465
14354083
14354145
14354237
14354423
14355198
14355630
14355760
14356032
14357615
14357854
14359398
14359608
14359703
14360110
14360238
14360454
14360510
14360690
14360728
14361069
14361899
14361962
14362261
14362542
14363755
14364165
14364514
14364909
14365411
14366093
14367101
14367560
14368715
14395000
14401272
14401350
14401903
14439449
14439480
14439562
14439928
14440004
14440160
14440919
14441001
14442278
14443375
14443494
14444098
14444923
14445278
14445449
14445487
14445507
14445594
14445778
14446125
14446338
14446798
14446821
14446993
14447776
14447934
14448459
14450236
14450305
14450772
14451294
14451644
14452388
14452531
14489925
14490128
14490496
14490504
14490563
14490682
14491731
14491748
14492094
14492248
14492251
14492488
14492522
14492690
14492772
14492902
14492944
14493112
14493122
14493422
14493443
14493476
14494373
14494484
14494785
14494857
14494906
14495065
14495307
14495410
14495623
14495660
14495998
14496271
14497002
14497152
14497228
14497735
14497886
14497970
14498272
14498373
14498524
14498629
14498727
14498875
14499076
14499119
14499191
14499212
14499313
14499536
14499597
14500034
14500372
14500918
14501353
14501355
14501476
14501743
14501792
14502366
14502405
14502507
14502937
14503400
14503488
14503782
14504183
14504723
14504967
14505024
14505089
14505801
14505897
14505965
14505971
14506180
14506313
14506793
14506909
14507261
14508724
14508832
14508848
14508974
14509118
14509187
14509234
14509820
14510181
14510235
14510503
14510745
14510824
14510982
14511199
14511629
14511673
14511804
14512324
14512333
14512615
14512726
14512782
14512888
14512906
14512912
14513008
14574991
14575151
14575398
14575444
14575535
14575747
14576217
14576697
14577229
14577363
14577455
14577466
14577483
14578359
14578386
14578420
14578672
14578815
14579080
14579772
14579892
14579921
14580075
14580309
14580443
14580704
14580818
14581290
14581765
14581875
14582071
14582463
14583549
14583708
14584042
14584322
14584558
14584772
14584803
14585098
14585135
14585416
14586149
14586292
14586461
14586512
14586571
14586686
14587043
14587117
14587214
14587416
14588000
14588174
14588231
14588490
14588843
14588861
14588863
14589295
14589436
14629578
14629908
14630044
14630215
14631193
14631415
14631477
14632039
14632536
14633184
14633467
14633963
14634009
14634685
14634770
14634803
14635412
14635798
14636506
14636836
14637606
14638337
14638505
14639573
14639879
14640109
14640934
14641409
14641442
14641619
14641638
14641852
14642072
14642459
14642765
14643073
14643103
14643405
14644194
14644689
14644763
14645043
14645157
14645672
14647005
14647245
14647248
14647287
14647449
14647684
14647749
14647897
14648154
14648912
14649063
14649240
14649272
14649378
14649407
14649690
14650225
14651159
14651488
14652124
14652191
14652381
14652404
14652580
14652731
14652749
14652815
14652835
14652979
14653024
14653337
14653857
14653978
14654088
14654637
14654947
14655235
14655492
14655841
14655895
14656402
14656465
14656595
14657190
14657818
14658865
14659274
14659717
14659938
14660118
14660392
14661387
14661451
14661457
14661836
14662721
14662891
14663222
14663233
14663297
14663347
14663514
14663587
14663675
14663751
14663836
14663865
14664031
14664850
14664940
14665074
14665256
14665419
14665543
14665550
14665759
14665784
14665971
14666063
14666289
14666673
14666702
14666744
14667203
14667487
14668176
14668821
14668915
14669670
14669804
14670277
14670610
14670719
14670736
14670829
14671038
14671101
14671435
14671740
14671745
14672070
14672599
14673798
14673881
14673931
14674300
14674746
14675500
14675976
14676350
14676593
14676783
14677469
14677483
14677579
14677686
14677767
14678394
14678649
14679851
14693871
14694252
14695888
14695932
14696034
14696575
14698311
14698470
14698928
14700622
14701424
14702439
14702503
14702515
14702637
14703030
14704463
14708812
14708993
14709076
14709493
14710086
14714563
14714815
14782344
14782771
14783226
14783231
14784065
14785618
14788090
14791016
14792587
14792733
14794749
14796049
14824368
14824915
14825080
14825641
14826460
14827860
14828826
14829489
14830577
14830805
14831756
14832093
14832261
14832268
14832697
14832724
14833982
14834269
14834409
14834426
14835402
14835498
14835609
14835835
14838004
14981568
14981666
14981739
14982009
14982184
14982308
14983149
14983343
14983452
14983506
14984206
14985105
14985244
14985533
14985537
14986034
14986842
14987331
14988010
14988982
14989259
14989612
14989834
14989846
14990090
14990558
14990649
14990873
14991219
14991976
14992053
14992302
14992389
14992394
14992757
14992894
14993060
14993134
14993277
14993892
14994089
14994977
14995283
14995488
14995587
14995769
14996663
14996776
14997051
14997192
14997400
14997420
14997725
14998127
14998823
14998858
14999022
14999202
14999804
15000131
15000319
15001893
15002179
15002356
15002423
15002428
15002566
15003122
15003180
15003303
15003361
15004692
15004910
15006169
15006326
15006652
15006755
15006775
15007097
15007604
15008343
15008506
15008603
15009705
15010050
15010653
15010713
15010805
15011038
15011609
15011765
15011796
15011813
15011819
15012677
15013576
15015091
15016028
15016866
15017000
15017120
15017137
15017184
15017569
15018126
15023359
15023833
15025949
15027617
15027638
15029728
15029939
15030119
15030229
15030505
15030607
15030913
15031099
15031146
15031220
15031242
15031302
15031384
15031425
15031831
15032214
15032397
15032612
15033280
15033326
15033542
15033751
15033886
15034238
15034371
15035754
15036545
15037049
15037242
15038092
15038594
15039822
15039992
15040013
15040264
15040274
15041651
15041657
15041677
15041776
15041800
15041907
15042050
15042405
15042496
15042804
15042825
15042932
15043014
15043403
15043600
15043692
15043705
15044207
15044733
15045406
15045798
15046013
15046672
15047258
15047537
15047661
15047859
15048002
15048024
15048201
15048278
15127869
15127896
15128376
15128650
15129793
15130471
15130637
15131950
15132074
15132258
15132302
15132686
15133031
15133569
15133856
15133965
15134201
15134263
15134720
15135124
15135240
15135308
15135824
15135907
15136273
15137482
15137765
15137882
15138141
15138263
15139064
15139085
15139177
15139505
15139771
15139819
15139950
15140057
15140217
15140633
15140820
15140986
15141063
15141606
15141790
15142092
15142241
15144892
15147218
15151736
15151848
15152349
15155717
15157613
15159207
15161906
15162279
15162718
15163244
15163882
15164204
15164460
15165479
15165554
15166130
15166142
15166500
15166847
15167191
15167278
15167326
15167415
15167603
15167759
15167768
15168034
15168201
15168234
15168572
15168712
15169064
15169607
15169669
15169739
15169750
15169767
15169922
15170003
15170040
15170590
15170776
15170790
15171005
15171713
15171725
15171738
15171860
15172187
15172338
15172891
15173367
15173503
15173612
15173767
15173938
15173943
15174091
15174482
15174520
15174765
15175381
15175549
15175562
15175726
15176486
15176882
15177723
15181825
15182106
15182399
15182726
15183257
15186241
15186719
15186849
15188303
15189822
15191817
15193650
15196180
15197373
15238473
15271832
15272174
15274487
15276593
15277804
15278167
15278168
15278772
15279956
15280075
15280435
15281922
15284212
15284703
15307779
15307788
15307794
15307844
15307974
15308057
15308225
15308323
15308818
15309034
15311487
15312324
15314122
15314314
15314632
15314794
15314884
15314914
15314931
15315668
15315863
15316112
15316229
15316415
15316749
15317881
15318253
15318903
15318919
15319162
15319460
15319727
15320100
15320155
15320385
15321514
15321613
15321688
15341026
15341998
15342361
15342772
15344950
15345381
15346748
15347590
15349066
15349234
15349443
15353199
15353685
15354853
15354945
15356808
15382766
15431203
15431660
15431688
15432272
15433085
15434187
15434609
15435209
15436403
15437069
15437087
15437102
15437316
15437704
15438463
15438723
15438993
15439071
15439368
15439784
15439879
15440026
15440416
15440432
15440463
15441059
15441193
15441335
15441425
15441526
15441600
15442011
15442113
15442797
15443582
15465803
15466236
15466657
15467312
15467427
15467493
15468008
15468506
15468743
15468750
15468815
15469457
15469473
15469497
15469563
15469705
15469926
15470476
15470699
15470766
15470865
15471483
15471842
15472260
15472495
15472589
15472739
15473098
15473360
15473436
15474117
15474432
15474447
15475478
15475665
15475733
15476362
15476413
15476450
15476684
15476698
15477029
15477567
15478624
15478632
15479165
15479704
15479716
15481323
15481447
15481599
15481725
15481820
15482053
15482777
15484304
15484318
15484960
15484970
15485061
15485368
15485533
15486175
15503848
15524202
15525256
15527238
15527607
15535580
15538082
15538835
15541302
15541419
15542360
15615910
15648301
15648465
15648540
15649660
15649837
15649914
15650112
15650342
15650726
15650762
15650964
15651081
15651193
15651301
15651486
15652051
15652197
15652632
15652646
15652851
15653066
15653086
15653248
15653562
15653711
15653982
15654034
15654159
15654421
15654460
15654490
15654713
15654982
15655264
15655627
15655676
15655705
15655800
15656165
15656757
15656873
15657134
15657913
15658327
15658400
15658625
15658760
15658840
15660118
15660161
15660217
15660327
15660337
15660466
15660493
15660682
15660710
15660758
15660941
15660953
15661164
15661936
15661961
15662374
15662872
15663381
15663999
15664066
15664300
15681739
15681851
15682694
15682793
15683444
15684381
15684847
15685625
15686273
15686399
15686540
15686684
15687153
15687479
15687947
15688932
15689313
15689482
15689534
15689629
15689873
15690253
15690343
15690490
15690504
15690916
15691769
15691912
15692147
15692770
15693132
15693591
15693707
15693736
15693788
15694101
15694328
15694776
15695042
15695444
15695510
15695560
15695927
15696271
15696578
15696613
15696729
15696865
15697036
15697273
15697326
15697602
15698145
15698479
15729044
15729709
15729817
15731659
15732256
15732323
15732479
15732825
15732931
15733949
15734046
15734543
15734820
15735480
15736168
15736554
15737326
15737714
15737779
15738006
15738181
15738394
15738451
15738862
15739079
15739093
15739319
15739374
15740000
15740249
15740688
15740696
15740829
15741121
15741239
15741581
15741825
15742252
15742951
15743038
15743326
15743351
15743422
15743423
15743424
15744312
15744619
15744662
15744819
15745577
15745815
15799587
15800127
15800433
15800535
15800774
15800973
15800983
15801377
15803158
15803559
15803819
15804023
15804060
15804396
15805007
15805080
15805229
15806354
15806438
15806568
15806595
15806783
15806864
15806961
15807365
15808520
15808553
15808919
15809344
15809389
15809925
15810049
15810682
15810857
15810928
15811048
15811273
15811313
15811579
15811641
15812041
15812291
15812497
15812956
15813456
15813834
15814086
15814117
15814344
15814486
15815274
15815668
15816045
15816316
15816534
15817139
15817430
15818421
15818711
15818937
15819389
15866300
15867214
15867769
15867857
15868727
15868737
15870065
15871179
15871959
15872090
15872291
15872430
15872483
15872515
15873363
15873578
15874063
15874613
15874650
15874893
15875955
15876121
15876224
15876381
15876828
15876899
15877190
15877414
15878078
15878160
15878243
15878714
15879069
15879363
15879434
15879563
15881034
15881063
15881133
15881412
15881584
15881924
15882292
15882347
15884072
15885216
15885312
15885482
15885540
15886212
15886283
15886743
15886794
15886850
15887218
15887674
15887931
15888433
15888934
15889835
15894995
15897861
15899170
15902798
15904089
15947649
15947962
15948032
15948275
15948955
15949053
15949371
15949513
15949760
15950310
15950515
15951044
15951094
15951306
15951366
15951602
15952081
15953442
15954406
15954845
15954867
15955011
15955346
15955448
15956266
15956496
15956610
15956646
15957397
15958429
15959171
15959186
15960386
15961344
15961827
15961982
15961993
15962133
15962591
15963179
15964186
15964825
15965233
15966006
15967015
15967583
15967710
15968159
15968363
15968375
15968722
15970000
15970047
15970177
15970783
15971619
15973341
15973352
15974486
15974551
15974616
15975113
15975282
15975647
15975928
15976103
15976446
15976669
15976979
15977151
15977455
15978186
15979254
15980233
15980833
15981471
15982556
15983875
15983981
15984052
15984221
15984851
15985820
15986492
15986590
15987590
15987810
15988209
15989576
15991264
15991471
15994828
15998654
15999285
15999338
15999665
15999984
16000184
16000361
16000630
16001004
16004498
16004637
16005714
16006413
16007275
16057625
16058672
16060425
16060587
16061900
16065165
16067772
16068593
16069946
16101982
16102546
16102707
16103634
16103813
16104124
16104466
16104753
16104900
16107596
16108127
16108565
16108842
16110065
16110572
16110573
16110583
16110840
16111463
16111780
16111784
16112884
16114180
16114408
16114597
16115506
16115627
16116003
16116631
16117150
16117224
16117940
16118259
16118476
16118520
16118691
16119804
16119991
16119995
16120204
16120618
16120715
16120984
16121345
16121706
16122067
16122156
16122521
16123331
16123679
16123803
16124232
16125152
16125619
16140591
16141625
16142548
16143057
16143147
16144212
16145502
16146332
16150576
16152884
16154831
16155192
16155719
16157971
16172869
16173700
16173907
16174197
16174497
16174745
16175028
16175936
16176070
16176080
16176245
16176283
16176309
16176459
16176773
16177375
16177711
16178021
16178364
16178764
16179360
16179616
16179760
16179786
16179845
16179889
16180338
16180751
16180804
16180868
16181112
16181439
16181520
16181674
16181819
16181846
16181935
16182031
16182360
16182413
16182687
16182697
16182897
16183148
16184286
16184335
16184641
16184666
16184735
16184846
16184926
16185232
16185449
16185504
16185687
16186002
16186093
16186203
16186614
16186697
16186764
16186803
16186853
16187337
16187847
16281292
16281443
16281646
16281699
16282094
16282162
16282292
16282390
16282873
16283192
16283497
16283536
16283867
16285052
16286170
16286356
16286423
16286576
16286581
16288025
16288089
16288266
16288730
16288874
16289831
16290019
16290024
16290344
16290686
16290936
16291026
16291309
16291903
16291961
16292714
16292815
16292958
16293349
16293666
16293694
16293790
16294237
16294389
16294402
16294722
16294858
16294902
16295173
16295232
16295750
16296183
16296327
16297032
16297548
16297573
16297661
16297767
16298613
16298845
16298963
16386008
16387087
16387589
16387960
16388109
16389051
16389063
16389365
16389915
16390703
16390942
16391618
16391807
16392330
16393015
16393015
16393071
16393496
16393908
16394498
16394572
16394617
16395050
16395619
16395948
16396164
16396244
16396460
16396574
16396962
16396962
16397118
16397227
16397523
16398136
16398509
16398962
16399105
16399108
16399416
16399826
16399894
16399964
16400173
16400596
16400915
16401231
16401608
16401839
16402373
16402595
16403014
16403170
16403211
16403227
16403261
16403747
16403812
16403864
16404609
16405222
16405462
16405577
16405658
16405698
16405792
16406390
16406957
16407149
16458451
16459297
16460929
16462337
16464373
16465648
16466617
16467622
16468622
16468706
16469742
16470455
16471912
16471926
16472650
16473625
16474642
16474811
16474944
16475555
16475559
16475598
16476129
16476148
16476210
16476488
16476530
16476781
16477150
16477638
16477664
16477819
16477824
16478189
16478384
16478418
16478421
16478588
16478754
16478791
16478938
16479206
16479302
16479453
16479490
16479589
16479619
16479908
16480068
16480469
16480516
16480646
16481051
16481453
16481642
16481644
16481907
16482091
16482601
16482608
16482687
16482716
16482749
16482785
16483320
16483551
16483616
16483917
16484051
16484165
16485090
16485845
16485958
16485963
16486117
16486576
16486594
16486693
16486725
16486795
16487345
16487483
16487549
16487807
16488119
16488278
16488302
16488426
16488503
16488505
16488527
16489085
16489215
16489282
16489404
16489469
16489488
16489585
16489663
16489862
16490188
16490596
16490939
16490950
16491163
16491845
16492033
16492476
16492566
16492795
16492827
16493304
16493585
16493660
16493766
16494019
16494161
16494599
16494990
16495199
16495805
16495939
16496365
16496444
16496594
16496641
16496738
16496847
16497739
16497850
16498294
16498716
16538464
16539168
16539751
16540046
16540716
16540779
16541438
16541510
16541560
16541988
16542323
16542653
16542874
16543015
16543082
16543895
16543969
16545054
16545200
16545393
16545790
16546188
16546454
16546832
16546909
16547068
16547391
16547591
16547940
16548853
16549268
16550058
16550231
16550460
16550462
16550748
16551202
16551992
16595083
16595244
16595573
16595633
16596752
16597484
16597501
16597978
16598856
16598870
16599533
16599596
16600800
16600830
16602787
16603504
16603718
16604264
16604512
16604524
16604530
16605063
16606632
16606870
16609057
16611051
16611634
16611954
16613156
16679008
16681617
16682399
16800380
16801949
16801970
16802438
16802713
16803438
16804001
16805284
16805402
16805471
16807295
16807331
16807521
16808481
16808889
16809264
16809915
16810110
16810533
16812415
16812541
16816704
16817925
16818767
16819746
16822614
16823715
16824196
16824850
16825840
16829852
16857995
16859870
16863851
16865709
16866503
16875995
16949412
16949992
16953690
16954031
16955480
16955846
16965543
17007087
17007842
17007923
17007975
17008013
17009359
17009663
17009667
17010029
17010091
17010196
17010203
17010477
17010994
17011012
17011167
17012096
17012218
17012457
17012765
17013124
17013395
17013915
17014526
17014758
17014840
17014871
17015178
17015480
17015823
17015858
17016025
17016354
17016876
17017003
17017112
17017420
17018086
17018235
17018326
17018462
17018903
17019011
17087884
17160835
17172922
17177240
17177259
17177346
17177461
17178142
17178311
17178401
17178651
17178787
17179279
17179469
17179469
17179566
17179649
17180674
17180969
17181342
17181869
17181881
17182449
17182456
17182715
17182825
17183618
17183976
17183990
17184141
17184237
17184298
17184449
17184651
17184811
17184917
17184920
17184972
17185093
17185635
17185798
17186029
17186043
17186649
17186769
17186805
17187476
17187837
17187877
17187913
17187983
17188121
17189041
17189277
17189612
17189930
17190033
17190250
17190348
17190397
17190475
17190529
17190855
17190875
17191291
17191718
17191871
17191984
17192101
17192524
17192845
17193026
17193095
17193139
17193312
17193502
17193643
17193851
17193859
17193864
17194420
17194508
17196090
17196347
17199171
17199361
17199830
17201967
17203538
17205137
17205174
17205394
17206338
17206980
17209264
17209476
17209888
17213449
17216618
17452568
17453606
17454181
17454219
17454228
17454304
17454630
17455452
17456561
17457332
17457345
17458165
17459363
17460465
17460468
17460607
17462118
17462251
17462497
17463502
17463654
17463802
17464754
17465077
17467018
17467160
17467453
17468678
17468970
17469197
17469315
17469365
17469605
17470180
17470277
17471063
17472054
17472662
17473065
17473382
17473421
17473573
17473699
17474220
17497954
17497968
17498024
17498329
17498385
17498589
17498975
17499138
17499689
17499726
17499795
17499926
17499933
17500005
17500217
17500281
17500363
17500664
17500672
17501713
17501963
17502277
17502405
17502926
17503013
17503139
17503199
17503315
17503398
17503423
17503459
17503618
17504096
17504426
17505052
17505080
17505238
17505252
17505954
17506011
17506297
17506517
17506637
17506952
17507249
17507997
17508189
17508542
17508602
17508849
17508914
17508917
17509517
17509606
17509656
17509810
17510115
17510305
17510966
17510998
17511084
17511532
17810192
17915334
17915621
17915775
17916021
17916043
17916363
17916376
17916446
17916482
17917068
17917165
17917510
17917658
17917715
17918350
17918813
17919126
17919171
17919660
17919865
17919985
17920144
17920168
17920171
17920647
17920675
17921053
17921090
17921282
17921405
17921762
17921814
17922727
17922827
17923142
17923724
17923977
17924366
17924834
17925242
17925361
17925423
17925844
17926120
17926319
17926677
17926893
17927343
17927363
17927390
17927454
17928298
17928498
17930309
17930326
17930482
17930658
17931191
17931197
17931270
17931314
17931606
17931770
17931780
17932154
17932407
17932448
17932453
17932831
17933243
17933294
17933486
17934201
17934495
17934645
17934758
17934777
17934974
17935083
17935232
17935368
17935629
17936022
17936333
17936724
17936916
17937382
17937843
17937907
17938128
18043590
18044730
18045381
18046771
18048840
18058165
18105473
18105729
18105984
18106748
18106761
18107113
18108386
18108554
18108686
18108944
18109068
18109409
18109890
18109944
18110390
18110559
18110620
18110736
18112202
18112489
18112736
18112877
18113555
18113719
18113917
18114320
18114445
18114821
18114966
18115444
18115623
18115634
18116278
18116742
18117267
18117895
18118058
18118177
18118209
18118308
18119224
18119599
18119841
18120075
18120549
18120661
18120693
18120945
18121329
18121816
18245811
18246343
18345031
18345808
18345999
18346697
18346777
18346900
18347038
18347796
18348123
18348437
18348565
18348711
18349418
18350389
18350537
18350694
18350792
18350876
18351368
18351987
18352521
18352590
18352601
18352853
18352976
18353384
18353435
18353579
18354124
18354210
18354766
18354800
18354884
18355314
18355950
18356232
18356369
18356476
18357065
18357108
18357121
18357125
18357369
18357974
18358388
18358408
18358486
18358844
18359703
18360364
18360411
18361111
18361623
18362121
18362340
18362411
18362580
18362630
18362675
18363287
18363529
18363762
18363821
18364043
18364167
18364253
18364626
18364863
18365848
18409753
18413170
18415551
18458311
18465134
18617597
18618245
18618730
18618901
18618956
18619086
18619251
18619413
18620358
18621019
18621143
18621723
18621748
18621832
18622526
18622615
18623164
18623556
18623781
18623883
18624270
18624999
18625252
18625458
18625489
18625580
18625955
18625975
18627406
18627665
18627905
18627936
18628015
18628565
18628577
18629116
18629658
18629707
18630438
18632389
18633197
18633249
18633646
18635257
18635648
18636280
18638440
18638522
18638889
18641049
18641384
18641544
18642052
18642330
18642387
18643266
18643291
18643901
18645152
18645527
18646874
18728701
18730137
18732106
18732192
18734154
18734464
18736815
18738829
18740418
18742696
18743486
18745064
18749221
18793941
18794068
18794209
18794210
18794649
18794833
18795595
18795827
18796167
18796901
18796946
18797601
18798443
18798496
18798564
18798730
18798793
18799101
18799258
18799675
18799927
18800625
18800896
18801021
18801193
18801474
18802088
18802182
18802433
18802588
18802897
18803013
18803546
18803586
18804545
18804560
18804598
18805116
18805119
18805278
18805934
18806220
18807100
18807508
18807876
18807931
18808682
18809085
18809361
18809797
18810125
18811142
18811486
18811721
18812340
18835664
18835876
18836718
18933783
18934969
18935325
18935925
18936259
18936308
18937233
18937845
18937942
18937943
18938521
18939254
18939256
18939677
18940315
18940998
18941508
18942372
18942528
18942564
18943373
18943380
18943473
18943540
18945231
18945496
18963955
18964685
18964777
18965054
18965076
18965274
18965548
18966027
18966223
18966280
18966345
18966852
18967313
18967477
18967479
18967779
18968151
18969011
18970063
18970124
18971126
18971254
18971431
18972310
18972427
18972641
18972694
18973303
18973615
18973988
18974097
18974429
18974659
18974969
18975152
18975666
18976308
18976562
18976908
18977313
18977318
18977661
18977803
18978031
18978086
18978345
18978847
18979072
18979615
18979635
18979715
18979755
18980196
18980325
18980449
18980779
18980807
18981069
18981249
18981349
18982251
18982435
18983065
18983904
18983993
18984406
18984545
18984611
18984725
18985236
18986059
18986363
19052413
19053595
19053953
19054878
19054947
19056033
19056136
19056363
19057325
19057830
19058139
19058865
19059027
19060857
19061545
19061922
19061997
19061998
19062131
19062942
19063221
19063269
19063893
19064471
19064889
19065188
19065338
19065427
19065650
19066048
19067567
19067693
19068094
19068138
19068478
19070178
19071685
19212887
19213100
19213317
19213464
19214291
19214657
19214949
19215122
19215384
19215675
19215781
19216854
19217494
19218947
19219067
19219104
19219797
19220928
19221694
19221823
19223312
19223880
19224792
19225248
19225639
19225771
19227603
19227630
19227761
19227932
19228222
19228539
19228768
19298132
19298171
19298521
19298980
19299012
19299106
19299222
19299240
19299425
19299715
19300367
19300413
19300668
19300800
19300804
19301122
19301387
19301643
19302185
19302448
19302914
19303398
19304310
19304636
19305572
19305577
19305614
19305985
19306556
19306786
19306978
19307416
19307499
19308029
19308445
19308543
19308553
19308812
19309034
19309116
19309213
19447030
19447122
19448138
19448382
19448858
19449409
19449591
19449853
19450449
19451381
19451726
19451963
19452719
19453069
19453700
19453951
19456649
19458928
19518609
19518631
19518681
19518829
19519396
19519958
19520206
19520211
19520446
19520465
19520684
19521298
19521336
19521607
19521619
19521792
19521855
19522003
19522166
19523069
19523669
19523739
19523794
19523959
19524003
19524037
19524586
19525269
19526078
19527470
19527501
19528394
19529035
19529239
19529495
19529588
19529664
19529708
19529733
19529743
19529776
19529813
19529889
19529929
19529935
19529980
19530083
19530492
19530729
19530869
19530998
19531461
19532135
19532220
19532267
19532331
19532658
19533239
19533551
19533603
19533611
19533998
19534254
19534279
19534608
19534837
19616280
19616323
19616602
19616975
19617712
19618211
19618308
19618321
19618701
19618784
19619329
19619717
19619836
19620383
19621001
19621234
19621810
19621910
19622052
19622631
19623019
19624063
19624809
19624872
19625168
19625896
19626442
19626799
19628150
19628594
19628870
19629476
19629948
19630421
19654292
19661105
19663203
19938644
19941044
19955741
19956662
19956826
19957491
19959226
19959624
19960094
19962110
19962465
19962825
19963398
19965362
19965764
19966529
19966667
19967122
19967235
19968640
19969745
19971138
19973085
19973550
19973915
20047286
20047393
20047394
20047412
20047459
20047817
20048043
20050006
20050027
20050994
20051179
20051297
20051306
20051372
20051460
20051588
20051652
20051932
20052013
20052225
20052625
20052821
20053092
20053401
20053411
20053436
20053552
20053764
20054207
20055443
20055536
20055549
20055631
20056108
20056276
20056398
20056588
20057293
20057701
20057849
20057982
20058054
20058060
20058386
20058667
20058862
20059409
20059490
20060052
20060112
20060427
20060868
20060892
20061038
20061742
20061758
20062017
20062042
20062724
20062734
20208566
20208985
20210087
20211115
20211233
20211514
20211724
20212811
20212937
20213008
20213075
20213185
20213290
20213712
20213712
20213835
20213930
20214203
20214404
20214882
20215038
20215095
20215548
20215808
20216028
20216306
20216492
20216945
20217244
20217966
20218413
20219903
20220157
20220660
20220912
20221327
20221902
20221968
20222190
20222494
20222845
20222896
20223088
20223198
20223718
20224010
20224182
20224527
20225172
20225728
20225937
20227039
20227232
20227593
20227811
20228074
20228131
20228153
20228521
20228868
20338431
20339419
20339528
20339530
20341217
20342353
20342843
20343324
20343883
20345780
20347352
20347836
20348271
20349857
20350091
20350420
20351012
20351083
20351231
20351257
20351409
20352896
20353290
20353457
20354659
20355144
20355254
20355699
20356932
20357581
20374751
20375265
20375987
20376292
20376408
20376591
20377389
20377491
20378118
20378327
20379448
20379862
20380544
20380783
20382381
20382894
20383285
20383408
20384626
20385286
20385532
20387009
20387518
20387638
20388223
20388320
20390024
20391316
20391338
20391365
20391876
20392173
20392225
20393334
20393512
20394413
20394707
20395280
20395360
20395370
20395689
20396244
20396524
20396627
20396651
20424674
20510284
20510288
20511087
20511387
20511621
20511631
20511634
20512180
20512375
20512679
20512690
20512698
20513300
20513566
20514577
20514927
20517009
20517056
20517099
20517259
20517479
20517832
20518404
20518672
20519049
20519313
20519362
20519469
20519813
20519892
20520691
20520692
20520873
20521125
20521226
20521791
20522275
20522534
20523488
20523872
20524014
20524845
20524862
20525096
20525204
20525337
20525412
20525601
20525739
20526189
20526528
20526899
20527057
20527173
20527202
20527953
20528139
20528512
20528523
20528887
20529485
20530056
20752971
20754704
20755075
20756178
20760907
20763475
20767091
20939584
20939764
20939824
20940016
20940084
20941488
20941603
20941663
20941778
20942281
20942599
20942884
20943001
20943058
20943103
20943743
20943914
20944167
20944397
20944505
20944702
20944860
20945187
20945296
20945661
20946335
20946390
20946397
20946519
20947120
20947177
20947281
20947329
20947445
20947891
20947975
20948505
20948522
20949604
20949645
20949870
20950420
20950904
20951466
20951556
20951846
20952223
20952793
20953373
20953485
20953570
20953608
20953719
20953899
20954541
20954664
20954707
20955188
20955256
20955663
20956108
20956603
20957044
20957089
20957358
20957852
20957919
20958715
20959108
20959233
20959250
20959271
20959871
20959923
20960560
20961458
21127758
21128351
21129587
21130200
21130265
21130311
21131796
21131994
21132185
21132290
21132319
21132403
21132986
21133124
21133729
21133856
21134813
21135082
21135708
21136340
21136514
21136690
21137555
21138568
21138573
21139857
21171356
21172036
21174460
21179750
21257619
21260637
21262618
21270871
21271571
21272366
21276543
21278163
21278312
21518542
21519181
21519407
21520373
21522945
21523316
21523860
21527180
21528169
21528487
21528779
21528980
21529640
21530043
21531380
21531744
21534126
21534628
21534631
21534653
21535719
21536583
21536609
21537099
21538489
21538500
21556433
21556854
21557515
21557551
21557916
21557955
21558781
21558846
21559408
21559569
21559748
21560306
21560785
21561291
21562476
21563306
21565313
21565347
21565887
21566169
21566830
21566898
21567135
21568309
21568517
21569019
21569046
21569242
21569253
21569492
21570220
21570445
21571039
21571518
21725579
21726797
21735368
21737204
21740247
21743791
21745062
21800954
21839981
21840481
21840557
21840573
21840587
21841374
21841555
21842004
21842055
21842212
21842287
21842648
21842781
21843193
21843312
21843365
21843429
21843452
21843499
21843523
21843693
21843924
21844057
21844941
21845001
21845022
21846444
21847007
21847708
21847891
21848063
21848104
21848320
21848590
21848653
21848835
21849194
21849530
21849772
21849802
21850192
21850415
21850419
21851003
21851511
21851642
21851898
21852252
21852272
21852328
21852367
21852615
21852702
21852715
21852769
21852792
21852954
21853336
21853347
21853379
21853447
21853460
21853528
21853680
21854041
21854065
21854176
21854796
21854875
21854975
21854996
21855144
21855273
21855629
21856226
21856297
21856517
21856568
21856647
22119460
22121840
22131686
22133003
22133539
22135043
22144912
22145881
22149885
22155079
22162495
22162696
22164846
22164944
22165388
22166067
22166405
22166664
22166752
22166911
22167151
22168267
22168992
22169101
22169144
22170283
22170306
22170534
22171549
22171623
22172295
22172628
22174532
22175266
22175450
22176563
22176748
22177123
22177577
22178063
22178810
22179297
22179686
22180069
22180458
22180810
22180822
22180894
22182335
22182708
22183544
22183596
22185056
22185619
22185660
22236491
22237375
22237533
22238960
22240287
22240648
22241106
22241313
22241492
22241705
22241906
22242079
22242102
22242577
22242663
22243647
22244234
22244815
22245627
22247006
22247850
22248429
22248918
22249919
22251349
22251414
22252096
22252646
22252650
22272856
22272882
22272914
22273068
22273757
22273915
22274099
22274687
22274688
22274744
22274945
22275095
22275543
22275551
22275831
22276179
22276293
22276654
22276745
22276866
22277444
22277815
22278441
22279029
22279535
22279673
22279774
22279894
22280415
22280673
22280910
22281613
22281655
22281808
22281904
22283054
22284248
22284446
22284499
22284813
22286353
22286637
22286650
22286671
22286736
22287151
22287214
22288166
22288168
22288307
22288391
22288444
22288780
22289110
22333014
22542221
22676731
22676779
22677059
22677211
22677518
22678375
22679965
22679971
22680433
22683001
22684085
22684993
22685229
22685320
22685512
22685812
22686173
22688022
22688689
22690118
22690856
22772799
22773435
22779726
22782600
22804666
22805717
22806191
22806548
22807077
22807163
22807749
22807944
22807978
22808015
22808021
22808093
22808688
22809095
22809364
22809504
22809902
22810017
22810075
22811106
22811742
22811829
22812140
22812407
22812486
22812578
22813704
22813859
22813921
22814264
22814324
22814404
22814583
22814656
22814791
22815111
22815176
22815683
22815747
22816560
22816614
22816790
22816844
22816911
22817418
22817880
22818195
22818557
22818841
22818966
22819109
22819186
22819272
22819429
22819466
22819930
22819984
22820017
22863594
22863999
22972331
22973109
22978708
22982485
22994468
22994594
22994939
22995958
22996678
22997793
23001993
23003258
23003691
23004223
23004229
23004392
23004454
23004959
23005210
23005307
23005821
23005893
23006410
23006696
23007054
23007506
23007527
23007610
23007611
23007633
23007735
23007761
23008711
23008848
23008973
23009839
23009872
23010070
23010260
23010675
23011193
23011285
23011495
23011854
23012235
23012821
23012932
23012952
23013019
23013528
23014048
23014127
23014890
23014983
23015227
23015761
23016047
23016223
23016266
23016509
23017147
23017202
23017424
23017462
23017758
23018003
23018035
23142780
23142787
23143583
23143687
23143744
23145682
23145781
23145847
23146227
23146278
23147068
23147683
23147749
23148012
23148557
23148644
23149047
23149712
23150997
23151435
23152704
23152938
23153027
23153222
23153296
23153440
23154231
23154421
23155086
23155453
23155723
23155818
23156688
23156841
23157095
23157579
23158378
23158399
23158508
23159224
23159433
23159494
23159586
23160921
23161345
23162500
23163275
23163404
23164244
23164325
23164788
23164920
23205613
23213472
23217283
23306417
23600917
23600933
23601579
23601766
23601798
23602084
23602271
23602601
23602848
23602893
23603202
23603470
23603494
23603925
23604165
23604517
23604528
23604720
23604803
23605117
23605513
23605694
23606039
23606735
23606996
23607335
23607651
23607982
23608225
23608252
23608821
23609007
23610199
23610694
23610728
23611003
23611430
23611598
23611705
23612353
23612397
23612793
23613007
23613071
23613468
23614780
23614953
23615218
23616144
23616763
23617548
23617625
23617728
23618133
23618413
23618431
23618432
23618559
23619215
23620281
23620724
23620888
23621171
23621314
23621478
23621510
23621561
23621893
23621997
23622454
23622487
23622887
23623016
23623084
23623153
23642468
23645277
23646452
23646470
23650592
23654317
23655306
23657060
23658575
23659493
23688837
23723500
23723552
23723555
23723616
23724800
23725929
23726204
23726301
23726337
23727295
23727719
23728330
23729947
23730607
23730850
23730936
23731158
23732275
23732529
23732876
23733101
23736724
23736944
23737037
23739106
23739479
23739587
23739907
23740063
23759797
23770892
23774249
23822298
23822836
23822927
23823268
23823313
23823560
23824419
23825027
23825451
23825967
23826248
23826680
23826733
23827086
23827261
23827313
23827978
23827990
23828123
23828143
23828209
23828823
23828893
23829379
23829619
23830155
23830363
23830486
23830828
23830861
23831224
23831406
23831443
23831833
23831992
23833324
23833584
23834638
23834782
23834947
23835309
23835371
23835716
23836121
23836742
23836834
23837136
23837151
23837820
23838372
23838899
23839151
23839170
23839209
23839483
23840388
23840599
23840599
23841255
23841906
23842591
23842734
23842941
23842946
23843067
23843513
23843643
23844036
23844564
23844994
23845772
23912236
23921810
23923156
23924330
24173656
24173686
24174010
24174300
24174615
24174759
24175247
24175313
24175388
24175960
24176262
24176392
24176659
24176741
24177018
24177054
24177141
24177277
24177631
24177720
24178183
24178658
24179218
24179280
24179727
24180240
24180883
24181112
24182471
24182982
24183095
24183289
24183497
24183729
24184078
24184133
24184623
24184644
24185032
24185655
24186810
24186970
24187280
24187316
24187377
24187716
24187977
24188058
24188251
24188579
24189106
24189182
24189440
24189654
24190187
24190547
24190607
24190747
24190759
24191198
24191327
24191404
24191561
24191598
24191873
24192743
24192876
24193196
24193552
24193701
24193730
24193816
24194217
24194822
24195048
24195112
24195556
24195646
24368328
24368792
24372136
24374627
24377736
24379743
24405522
24471893
24472017
24472114
24472352
24472646
24474491
24475017
24475977
24476046
24476295
24476608
24476919
24477310
24477325
24477880
24478044
24478662
24479052
24479155
24479279
24479303
24479425
24479433
24479618
24479870
24480726
24481190
24481524
24481714
24482102
24482136
24482155
24482483
24482805
24483296
24483518
24483767
24483964
24484015
24485757
24486135
24486190
24486361
24486720
24486750
24486824
24487513
24487842
24487910
24487945
24487990
24487997
24488126
24488358
24488597
24488872
24489261
24489302
24506571
24506994
24507273
24508191
24509848
24510083
24511167
24511349
24511601
24511670
24512026
24512473
24512516
24512980
24513011
24513149
24513250
24514579
24514812
24515128
24516745
24517168
24517459
24518367
24519412
24519997
24520579
24521624
24522474
24523029
24523267
24524515
24582450
24767180
24832329
24836377
24838391
24838436
24841390
24843481
24843655
24846518
24849566
24852644
24854502
24854510
24854595
24855672
24855698
24856068
24856195
24856407
24856440
24856639
24856819
24856864
24856947
24857143
24857295
24857496
24857818
24858003
24858943
24860211
24860437
24861050
24861765
24861841
24862023
24862808
24863271
24863273
24863444
24863683
24863836
24863964
24864180
24864679
24865195
24865501
24865518
24865723
24866023
24866195
24866214
24866257
24866471
24866524
24866678
24867318
24867603
24867903
24867944
24868375
24868529
24869759
24869782
24870762
24870911
24871070
24871386
24871582
24872084
24872518
24873039
24873138
24873172
24873189
24873351
24873572
24873780
24873886
24874133
24874202
24874493
24874656
24874690
24874714
24874786
24875310
24875323
24875443
24876180
24876402
24876497
24877198
24943772
24947353
24947396
24947497
24948458
24949590
25030618
25030650
25030658
25030840
25031228
25032391
25032446
25032801
25032998
25033360
25033398
25033436
25033534
25033561
25033882
25034040
25034098
25034161
25034443
25034642
25034660
25034840
25034884
25035187
25035354
25036169
25037123
25037912
25038235
25038346
25038529
25038560
25038618
25038669
25038918
25039247
25039260
25039664
25039800
25040244
25040349
25040936
25041213
25041633
25041964
25042392
25042683
25042768
25042787
25043031
25043581
25044189
25044302
25044597
25044954
25045006
25045072
25045269
25045420
25045651
25045965
25046036
25046073
25046314
25046461
25046652
25046762
25046811
25046872
25047011
25047188
25047794
25048239
25048369
25048430
25048851
25049015
25049030
25049087
25049214
25049215
25049588
25049770
25050124
25051066
25051085
25051216
25051623
25051656
25052234
25052274
25052284
25052712
25052939
25053116
25053210
25053469
25053764
25054233
25056074
25057574
25063899
25065841
25069203
25069433
25073159
25115732
25117832
25118544
25143826
25147637
25152903
25393655
25396615
25396645
25397064
25397417
25397665
25397773
25398241
25398468
25400169
25400329
25400446
25401123
25402295
25406396
25406417
25407930
25408675
25408922
25429200
25429442
25430642
25435405
25438304
25438446
25439090
25510077
25510259
25514387
25514695
25514941
25515592
25515696
25517083
25517431
25517696
25518199
25518667
25519525
25519674
25519815
25520428
25520544
25523105
25523333
25523529
25523863
25524194
25524517
25525654
25526708
25526772
25526885
25527577
25528122
25528593
25529247
25529529
25529907
25530033
25531651
25532510
25532903
25533049
25629436
25631004
25633508
25634391
25635372
25637048
25637931
25639799
25643571
25644604
25645252
25645482
25646467
25648517
25648891
25649612
25650306
25672353
25673112
25674001
25674989
25675700
25676225
25677590
25680867
25682976
25683866
25684482
25684931
25685104
25686206
25687492
25688310
25688723
25689444
25689509
25691182
25691828
25691838
26090813
26091202
26093402
26094086
26094210
26095120
26095827
26097689
26099189
26099920
26100659
26104241
26105514
26107753
26108262
26108458
26109712
26111199
26113370
26114955
26118551
26119124
26121112
26121466
26121488
26123535
26124981
26125108
26126122
26126646
26127594
26129434
26132386
26132736
26132969
26133681
26252195
26263065
26263368
26263488
26263948
26264437
26264464
26264619
26265037
26265229
26265290
26265581
26265589
26266115
26266169
26266284
26266433
26266436
26266452
26266823
26267036
26267826
26268658
26268696
26268782
26269035
26269062
26269272
26269424
26269612
26269986
26271230
26271574
26271976
26272025
26272308
26272522
26272587
26272624
26272709
26272951
26273600
26273703
26273833
26273895
26274684
26275056
26275481
26275595
26275644
26275705
26276011
26276253
26276273
26276655
26276684
26276783
26276798
26276966
26276989
26277238
26277266
26277639
26278074
26278095
26278096
26278276
26278656
26278724
26278822
26279049
26279455
26279496
26279794
26280472
26280961
26281052
26281089
26281442
26282301
26282443
26282725
26282745
26283059
26283136
26283203
26283773
26284082
26284974
26715327
26844913
26845515
26845914
26846194
26846921
26847057
26847311
26847623
26847677
26848334
26848645
26848995
26849468
26850315
26850739
26850965
26851314
26851634
26851642
26852353
26852642
26852674
26853225
26853321
26853579
26853944
26854067
26854297
26854573
26854800
26854814
26855344
26855489
26856157
26856177
26856193
26857696
26857981
26858234
26858765
26858804
26858897
26859072
26859264
26859376
26859760
26859911
26860042
26861390
26862203
26862296
26862479
26863221
26863447
26863534
26864621
26864748
26864785
26865183
26865594
26865711
26866279
26868068
26868376
26868934
26870156
26872815
26873448
26873623
26873887
26874724
26875342
26876307
26877702
26880914
26880952
26881361
27084036
27089859
27140494
27311271
27313136
27314008
27316392
27316731
27317492
27318588
27318773
27323008
27325285
27325554
27325664
27349600
27350894
27351628
27355217
27364298
27367894
27367895
27368322
27368688
27368940
27369246
27369420
27369962
27370190
27370427
27370520
27370587
27371675
27371951
27372262
27372910
27372962
27373006
27373310
27373443
27373902
27375111
27375263
27375301
27375613
27376515
27376715
27376873
27377112
27377499
27377621
27378223
27378676
27379273
27379361
27379638
27379775
27379896
27380242
27380270
27381058
27381091
27381237
27381430
27381617
27381840
27537883
27537933
27537983
27538871
27539050
27539117
27539210
27539681
27540339
27540343
27540609
27540630
27540765
27541012
27541961
27542472
27542479
27542632
27542839
27542911
27542937
27543564
27543576
27543710
27543962
27544761
27544883
27546453
27546572
27546668
27547491
27547840
27548038
27548072
27548282
27548534
27549232
27549313
27549355
27549450
27549698
27550574
27550644
27550985
27551506
27551641
27552351
27552453
27552755
27553251
27553500
27553893
27553945
27553953
27554695
27555355
27555448
27555484
27556412
27556637
27556815
27556860
27557187
27557298
27557328
27557599
27557897
27557973
27558205
27558219
27558967
27559014
27559164
27559647
27560231
27560492
27560715
27560733
27646809
27647265
27647693
27648352
27650894
27651707
27654029
27654065
27654195
27655824
27657224
27658021
27658145
27658651
27713142
27713183
27713265
27713396
27713568
27713702
27714134
27714545
27714584
27714871
27714931
27714958
27715598
27715631
27715816
27717089
27718082
27718419
27718533
27718618
27718742
27718779
27718943
27719043
27720459
27720471
27721282
27722901
27722939
27723380
27723491
27724227
27726728
27801815
27802088
27809236
27810736
27813049
27813104
27816408
27816471
27818227
28037391
28040156
28041163
28041704
28043413
28044744
28046556
28046891
28047226
28048116
28051834
28074844
28075508
28075656
28075926
28076511
28077007
28077929
28078446
28082821
28083054
28083086
28085040
28085619
28085838
28086346
28088899
28091876
28092224
28093023
28093529
28094309
28171897
28499016
28499623
28499988
28500316
28501031
28501106
28501119
28501424
28501654
28501920
28502196
28502553
28502658
28502706
28503150
28503500
28504560
28505091
28505258
28505410
28505475
28505511
28505551
28505656
28505725
28505765
28505883
28505920
28506259
28506316
28506968
28507195
28507434
28507471
28507577
28508058
28508076
28508103
28508135
28508483
28508532
28509115
28509126
28509171
28509212
28509574
28509679
28509694
28510268
28510467
28510688
28510911
28510970
28510972
28511276
28511376
28511420
28511595
28511860
28512045
28512256
28512498
28512630
28512681
28512941
28512978
28513026
28513054
28513170
28513180
28513186
28513667
28791045
28791233
28792158
28792403
28792928
28794558
28794915
28797120
28797321
28797549
28798329
28800181
28802306
28802850
28803034
28805554
28805594
28807786
28808877
28808928
28810562
28811049
28811458
28811550
28811860
28812096
28812554
28813592
28813700
28813943
28814190
28814651
28814721
28814889
28815477
28816023
28816277
28816515
28816757
28816917
28817110
28817281
28817376
28817535
28817991
28818335
28818455
28818592
28818615
28818899
28819320
28819614
28819782
28819872
28819891
28819936
28819954
28819992
28820414
28820957
28821003
28821175
28821496
28821799
28821933
28822372
28822422
28822867
28822906
28823034
28823665
28823725
28823926
28823973
28823981
28824273
28824433
28824490
28824807
28825315
28825403
28825465
28826642
29025633
29026072
29029643
29030143
29043074
29068553
29068805
29069013
29069482
29069650
29069795
29069942
29069989
29071000
29071282
29071315
29071815
29071937
29071951
29072142
29072912
29073117
29073743
29073808
29074044
29074204
29074697
29075243
29076570
29076700
29076885
29077000
29077329
29077890
29078919
29079373
29080081
29080177
29080798
29080895
29081061
29081195
29081468
29081771
29082906
29082984
29083343
29083666
29083876
29084991
29085871
29116235
29116514
29117067
29118507
29120385
29120432
29122747
29125854
29125869
29126555
29127392
29147979
29148825
29149468
29149851
29150679
29150802
29150836
29151166
29151789
29152176
29152668
29152687
29153607
29153683
29153729
29153993
29154011
29155176
29155221
29155569
29155773
29156682
29157274
29157432
29157441
29157884
29158356
29160777
29161087
29162518
29162753
29162761
29163634
29163773
29164742
29164880
29244863
29248133
29248642
29372682
29373010
29373346
29373370
29373509
29374298
29374321
29375020
29375152
29375193
29375195
29375559
29375639
29375831
29375871
29375877
29376260
29376319
29376766
29376850
29376942
29377064
29377220
29377234
29377334
29377559
29377786
29377974
29378120
29378707
29379397
29379688
29379760
29380021
29380405
29380685
29381204
29381362
29381772
29381972
29382431
29382750
29383268
29383463
29383794
29383821
29383842
29383849
29384198
29384561
29385551
29385573
29386072
29386291
29386403
29386621
29386670
29386895
29387324
29387416
29387569
29387880
29388761
29389235
29389371
29390040
29390544
29391996
29392142
29392147
29392258
29392946
29393305
29393363
29393624
29393676
29393704
29394183
29394824
29394987
29395263
29395313
29419862
29447294
29447567
29451409
29452551
29453587
29456060
29456585
29457103
29553818
29554622
29572246
29572885
29573945
29574449
29574596
29576472
29584219
29585582
29586191
29586472
29652198
29655047
29655165
29663758
29672555
29673224
29729759
29730626
29731014
29732037
29732091
29732201
29732506
29733004
29733099
29733395
29733421
29733510
29733531
29734377
29736249
29736275
29736506
29736707
29737010
29737468
29737651
29737875
29738016
29738058
29738071
29738080
29738701
29738758
29739699
29740367
29740692
29741227
29741285
29741323
29741575
29742780
29742988
29743493
29743552
29743941
29744039
29744144
29744283
29744297
29744302
29781694
29803697
29804191
29804317
29804390
29808450
29808853
29809961
29810112
29816141
29817437
29817583
29819483
29821083
29823704
29960009
29962216
29962579
29962830
29963320
29963436
29963491
29964313
29964535
29964584
29965522
29965581
29965685
29966090
29966374
29966626
29967706
29967717
29968109
29968346
29968870
29968931
29969317
29970520
29970532
29970679
29970862
29970990
29971780
29971790
29972461
29972476
29972599
29972653
29972967
29973094
29973818
29973959
29974155
29974241
29974342
29975699
29975911
29976465
29976646
29977786
29977837
29978820
29978888
30035107
30036333
30036394
30037208
30041540
30041563
30041612
30043721
30044324
30044537
30044741
30045587
30045961
30046964
30049732
30051672
30053550
30053995
30090084
30090749
30090759
30090794
30091306
30091657
30093851
30094458
30094693
30096674
30096881
30098194
30098441
30100015
30101022
30101343
30101398
30101584
30101686
30102104
30103159
30104256
30105343
30105481
30106863
30108043
30108101
30109709
30109836
30110315
30111607
30167754
30167948
30168089
30168107
30168879
30169644
30169714
30170064
30170560
30170736
30170944
30171049
30171432
30171509
30171780
30172022
30172180
30172491
30172599
30172894
30172976
30173036
30173037
30173092
30174293
30174303
30174507
30174785
30175401
30176686
30176704
30177810
30177879
30178272
30178353
30178621
30178987
30179458
30179605
30179724
30179760
30180402
30181323
30181766
30181991
30342640
30342761
30342958
30342959
30343039
30343233
30343303
30343488
30343527
30343755
30343800
30344016
30344202
30344449
30344805
30344983
30345088
30345149
30345490
30345724
30345981
30346003
30346550
30346955
30347075
30347817
30347917
30348061
30348074
30349121
30349214
30349754
30349954
30350185
30350378
30350491
30350579
30350611
30350662
30351161
30351162
30351704
30352153
30352345
30352577
30352972
30353143
30353197
30353258
30353281
30353283
30353406
30354487
30354641
30354765
30354898
30355432
30355703
30355747
30356300
30356903
30370464
30376934
