88153
90613
91516
92742
92912
97708
98945
103608
103819
105131
105406
107380
108672
109101
245656
246022
246499
246606
247604
247713
247790
248248
248603
248838
249100
249454
249510
249560
250047
250112
250556
250576
251208
252243
252683
253385
253417
253732
253740
254203
255288
256091
256630
256849
257204
258695
259226
259570
260452
261657
261660
262141
262419
262598
262629
263594
263688
264098
264279
264704
265034
265215
265347
265724
265966
266311
266320
267011
267426
284146
284164
284826
284970
285029
285340
285873
287317
287499
287638
287724
288068
288095
288322
288488
288567
288669
288737
288962
289189
289706
289758
290459
290584
290715
291208
291540
291616
292197
292515
292875
293035
293495
293662
293695
293994
294056
294256
294456
294699
295362
295513
295529
296084
296254
296757
296928
297199
297918
297932
298121
298243
298540
299190
299410
299911
300267
300528
300572
301018
301097
301137
301247
301441
302409
302684
303279
303427
303534
303586
303896
304027
304194
304235
304408
304631
304904
304953
305165
305286
305531
305691
305920
306029
306168
359228
359662
360318
360418
360450
360502
361198
361284
361430
361550
362143
362317
362490
362514
362819
363027
363382
363614
363994
364115
364373
364842
365859
366303
366415
366438
366571
366710
366988
367193
367263
367712
367807
367961
368738
368962
369980
370169
370275
370505
370830
370854
370882
370996
371029
371041
406096
407537
408450
408855
409863
410441
411462
411598
411799
412797
415321
416616
418207
419164
419650
419901
422196
422450
422903
423706
427623
428711
428887
428964
429015
525655
526459
526521
528328
528501
528931
529291
529600
529685
529987
531945
532049
535867
537126
539318
539844
540033
540170
541467
543414
543706
543757
544254
545866
546249
546546
546705
546742
590969
682261
682470
683070
683250
683279
683415
683767
683847
684069
684833
684859
684921
685040
685162
685668
686138
686215
686760
686925
687572
688582
688890
689260
689601
689652
689903
690434
690903
691272
691729
692530
693323
693779
693930
694164
694721
695515
695595
695820
695826
696004
696598
696918
697043
697866
698229
698596
698605
698645
698819
699197
699973
700151
700190
700251
701120
701184
701661
701676
701751
865674
865786
865910
867248
868975
869307
869407
871147
871500
873115
875506
877086
877464
1011014
1011108
1011186
1011616
1011669
1011764
1011981
1012238
1012316
1012427
1012490
1012581
1013209
1013555
1013745
1014066
1014225
1015572
1015791
1016284
1016392
1016521
1017618
1017739
1017816
1018292
1018332
1018538
1019151
1019209
1019278
1019603
1019623
1020382
1020523
1020898
1020986
1021206
1021478
1021741
1022771
1022963
1023259
1023598
1023948
1023950
1024986
1025489
1025743
1025864
1026184
1026296
1026493
1026713
1026812
1026935
1026968
1027092
1027302
1027614
1027737
1027902
1028445
1028577
1028694
1029601
1029644
1030244
1031848
1040220
1040874
1042089
1043387
1044262
1046626
1047052
1047102
1130395
1193816
1198308
1203508
1203732
1203740
1203756
1204513
1204744
1204979
1205746
1205761
1205942
1206232
1206238
1206816
1207431
1207522
1207592
1207671
1208268
1208455
1208772
1209329
1209412
1209574
1210435
1210540
1210980
1211128
1211357
1211566
1211604
1211697
1211782
1211985
1212164
1212181
1212324
1212405
1212484
1213151
1213778
1213961
1214279
1214452
1214955
1215305
1215505
1215591
1215815
1215922
1216356
1217649
1217809
1217908
1218048
1218321
1218586
1218628
1218677
1218738
1218776
1219345
1219368
1219422
1219434
1263981
1264219
1264552
1264715
1265224
1265244
1265508
1265554
1265757
1266111
1266791
1267452
1267982
1268130
1268556
1268772
1268957
1269094
1269169
1269232
1269538
1269542
1269593
1270850
1271038
1271206
1271351
1271748
1272121
1272150
1272168
1272198
1272203
1272213
1272341
1272395
1272450
1272730
1272814
1272882
1273405
1273430
1274009
1274013
1274164
1274470
1274548
1274710
1274748
1274847
1274998
1275146
1275588
1275718
1275851
1276909
1277359
1277551
1277648
1277717
1277748
1277864
1278056
1278258
1278379
1278624
1278688
1279026
1279157
1279185
1279367
1279439
1279743
1280266
1280317
1280601
1280624
1280773
1280967
1281556
1282304
1282378
1282488
1282496
1283105
1283354
1284185
1284871
1284946
1285208
1285215
1286111
1286280
1286473
1286530
1286573
1286719
1286775
1286912
1377152
1378090
1378483
1378808
1379345
1379378
1379510
1379956
1380335
1380918
1381142
1381329
1381356
1382459
1382764
1382961
1383272
1383460
1383553
1383928
1384758
1385259
1385401
1385696
1385949
1386007
1386122
1386260
1386730
1386776
1386797
1387091
1387462
1387655
1387886
1388287
1388852
1388943
1389117
1389177
1522366
1522437
1522895
1523594
1524009
1524840
1524868
1524991
1525164
1525368
1525489
1525796
1526695
1526747
1526875
1527686
1527781
1528104
1528394
1528573
1529016
1531854
1531960
1533623
1534344
1535116
1535146
1536240
1538400
1538545
1541211
1542977
1754848
1755541
1755979
1756213
1756312
1756462
1756574
1756760
1757084
1757096
1757203
1757226
1758125
1758392
1758716
1758818
1759524
1761409
1761549
1762082
1762336
1762772
1763114
1763773
1763840
1764981
1765065
1765086
1765395
1766271
1766688
1767085
1767350
1767773
1767809
1767902
1768071
1768429
1769070
1769153
1769837
1769962
1769974
1770359
1771099
1771210
1771216
1771806
1772004
1772255
1839888
1840138
1840830
1840962
1841081
1841454
1841761
1844558
1844578
1844709
1845194
1845413
1845769
1845881
1846295
1846395
1846458
1846643
1846712
1846859
1847068
1847253
1847518
1847681
1848137
1848587
1849230
1849241
1849270
1849291
1849477
1849547
1849590
1849755
1850006
1850981
1851289
1851292
1852545
1852800
1852814
1853275
1853388
1853563
1853704
1853971
1854287
1854601
1854609
1854976
1855120
1855221
1855333
1855493
1855528
1856307
1856737
1857958
1858107
1858943
1859117
1859794
1859834
1860158
1860187
1860490
1860590
1861136
1861837
1862016
2266427
2266885
2267096
2267297
2268214
2268231
2269373
2270373
2270734
2270756
2271344
2271566
2271580
2272621
2272973
2273070
2273395
2273404
2274656
2275547
2275822
2275865
2276000
2276020
2276072
2276711
2276913
2277053
2277272
2277313
2277475
2277859
2278108
2278146
2278590
2278670
2280923
2281325
2281922
2282920
2283582
2283623
2284021
2284042
2284123
2284499
2284607
2284927
2285095
2285106
2285742
2286209
2286489
2286566
2287662
2288353
2370243
2374542
2376229
2380953
2403618
2407852
2408197
2411114
2413373
2417933
2418325
2419232
2423699
2466317
2466449
2466527
2466729
2466770
2467259
2468207
2468306
2468370
2468583
2468757
2469180
2469262
2469308
2469758
2469868
2469996
2470246
2470311
2470431
2470560
2470652
2470969
2470995
2472389
2472512
2472583
2472635
2473538
2473599
2473680
2473692
2473823
2473842
2474031
2474127
2474127
2474214
2474219
2474634
2474969
2475682
2476832
2477014
2477444
2477473
2477655
2477769
2477850
2477933
2478026
2478394
2478474
2479153
2501490
2501523
2501979
2503125
2504729
2504776
2504783
2505144
2505489
2505829
2505942
2505967
2506066
2506902
2507587
2507808
2507914
2508657
2508768
2509580
2509671
2509729
2509863
2510760
2511604
2511654
2511877
2511998
2512251
2513240
2513784
2514248
2514681
2514682
2514882
2514900
2515144
2515478
2515874
2516000
2516059
2516555
2517069
2517557
2518448
2518482
2518617
2518850
2519476
2519488
2519547
2519868
2520283
2520323
2520381
2520582
2520800
2521110
2521369
2522120
2522711
2522839
2524124
2524137
2524508
2524629
2524662
2728121
2728603
2730205
2730754
2732159
2733481
2733927
2738107
2738411
2761694
2948226
2948238
2948327
2948386
2948605
2948676
2948728
2948892
2948942
2949115
2949398
2949399
2949404
2949462
2949623
2950067
2950247
2950445
2950801
2950928
2951161
2951231
2951499
2951501
2951606
2951691
2951752
2952031
2952466
2952720
2952737
2952769
2952995
2953420
2953509
2953872
2955200
2955576
2955671
2955980
2956533
2956748
2956962
2957294
2957336
2957720
2958025
2958103
2958267
2958294
2958910
2958918
2958949
2959014
2959324
2959459
2959486
2960004
2961299
2961349
2961685
2961756
2961825
2961982
2962016
2962348
2962351
2962467
2962586
2962590
2962887
2963670
2963714
2963917
2964007
2964437
2964493
2964527
2964669
2964718
2965064
2965703
2966140
2966382
2966769
2967091
2967240
2967617
2967726
3007200
3038512
3045418
3050213
3057732
3058792
3059500
3060205
3060242
3060495
3062433
3062456
3063221
3063368
3063407
3064710
3066592
3067177
3067207
3067852
3068540
3069381
3069646
3069657
3164035
3166327
3173528
3237643
3237915
3238010
3238049
3238458
3238478
3238775
3239008
3239014
3239074
3239381
3239543
3239977
3240085
3240240
3240610
3240618
3241307
3241511
3241931
3242507
3242883
3244492
3244607
3244813
3245084
3245425
3245453
3245867
3246218
3247141
3247196
3247653
3247857
3248105
3249495
3249898
3250183
3250517
3250697
3250831
3250957
3251004
3251335
3251358
3251380
3251507
3252825
3253294
3253481
3253562
3253568
3253610
3253689
3254091
3254243
3254459
3254693
3254822
3255434
3255781
3255943
3256196
3256664
3256734
3257050
3257539
3257627
3257802
3257970
3404293
3408709
3409981
3430739
3430757
3431441
3431479
3431686
3431773
3432044
3432132
3433220
3433953
3433997
3434307
3434625
3434655
3434716
3434791
3434903
3435007
3435144
3435510
3435564
3436272
3436517
3437092
3437363
3437559
3437767
3437836
3438100
3438134
3438495
3438585
3438682
3438835
3438848
3438911
3439010
3439192
3439363
3439555
3439817
3440186
3440363
3440871
3441133
3441273
3441513
3442193
3442545
3442609
3442873
3443059
3443138
3443197
3443364
3443474
3443685
3443721
3443733
3443968
3444445
3444568
3444675
3444732
3444925
3445319
3445326
3445577
3445604
3445864
3446268
3446298
3446343
3446572
3446926
3446936
3447153
3447212
3447661
3447718
3447773
3447984
3448063
3448162
3448180
3448674
3448872
3448962
3449175
3449691
3676182
3676211
3676307
3676456
3676816
3677494
3677641
3678300
3678434
3678469
3678734
3679191
3679568
3679738
3680215
3680413
3680496
3680947
3681365
3681938
3682175
3682190
3682291
3682778
3682781
3682918
3683238
3683275
3683653
3683659
3683822
3684071
3684185
3684851
3684882
3684918
3685330
3685379
3686347
3686652
3686661
3687680
3688423
3688634
3689650
3690290
3690823
3691517
3691652
3692162
3692239
3692263
3693260
3693271
3693969
3694792
3695000
3695240
3695365
3695618
3695857
3696356
3696709
3696720
3696888
3697168
3697290
3697301
3697402
3697416
3697458
3697729
3698125
3698205
3872014
3872229
3872634
3872664
3872935
3873742
3873805
3874221
3874520
3874521
3874964
3875379
3875767
3875814
3876133
3876633
3876756
3877839
3878060
3878193
3878551
3878735
3878746
3878782
3878813
3879095
3879488
3880354
3881210
3881279
3881901
3882068
3882857
3883104
3883464
3883710
3883790
3883837
3883882
3884205
3884686
3884803
3884824
3884929
3885043
3885081
3885272
3885427
3885566
3885744
3885772
3885786
3886006
3886809
3886815
3886918
3887094
3887175
3887699
3887962
3888055
3888426
3888668
3888678
3889301
3889571
3889621
3956511
3960322
3965588
4000092
4004637
4005860
4006006
4007047
4013312
4014067
4015167
4016371
4016839
4127810
4213614
4214689
4214735
4214930
4214986
4215317
4215350
4215756
4216852
4216954
4217581
4217885
4218295
4219007
4219172
4219867
4220225
4220263
4220304
4220496
4221020
4221699
4221819
4222362
4222512
4222637
4222722
4223154
4223671
4223702
4224203
4225069
4225140
4225993
4227013
4227142
4227374
4227375
4227735
4228640
4228866
4229719
4229857
4230246
4230462
4279687
4280151
4281175
4281916
4281943
4282139
4283352
4283423
4283441
4283612
4283892
4284063
4284175
4284424
4284495
4284828
4286455
4287526
4288441
4289137
4289322
4290293
4290409
4290454
4290471
4291659
4293063
4404591
4416970
4420562
4420775
4465368
4465381
4465453
4465571
4465740
4465814
4465865
4466144
4466244
4466498
4466576
4466578
4466602
4466615
4467548
4467551
4467956
4467964
4468096
4468285
4468615
4468739
4468840
4469377
4469430
4469524
4469724
4470258
4470291
4470315
4470352
4470687
4470921
4470964
4471351
4471414
4471823
4471874
4472646
4472707
4472800
4473287
4473609
4474208
4474227
4474282
4474404
4474591
4474612
4474733
4475217
4475292
4475701
4476193
4476706
4476746
4476795
4477072
4477571
4477748
4477817
4478712
4479380
4479512
4479758
4479943
4480548
4480634
4480664
4481060
4481135
4481236
4481598
4482210
4482227
4482293
4482462
4482513
4482583
4483332
4483457
4483504
4483534
4483620
4483684
4484022
4484063
4484132
4484157
4484804
4485494
4485865
4486639
4490245
4493938
4493942
4495495
4498990
4503293
4505589
4505813
4506780
4507583
4513703
4514741
4516825
4578691
4581190
4584858
4709198
4724287
4738575
4794482
4795019
4795218
4795359
4796206
4796239
4796426
4796636
4797420
4797757
4798080
4798281
4798550
4798615
4799230
4801185
4801707
4801712
4801776
4801962
4802007
4802062
4802556
4802600
4802860
4803458
4803470
4803499
4803591
4803962
4804057
4804233
4804554
4804753
4804818
4805925
4806168
4806260
4806447
4807291
4807322
4807342
4807347
4807593
4807614
4807697
4807782
4807807
4808091
4808558
4808571
4808934
4809038
4809050
4809540
4810048
4810223
4810609
4810670
4810836
4811599
4811923
4811941
4964079
4964111
4964336
4964467
4965389
4965662
4968076
4969519
4971337
4972250
4972680
4974305
4974902
4975696
4975775
4976036
4976083
5090423
5091908
5094175
5101735
5107516
5110232
5110305
5133795
5135387
5135767
5136048
5137354
5139434
5140280
5141476
5142932
5143707
5146060
5149524
5151322
5382755
5382888
5383278
5383812
5384441
5385147
5385504
5385836
5388679
5388765
5390331
5391324
5392392
5392853
5392997
5393407
5393996
5394467
5395764
5396016
5396254
5396855
5397097
5398413
5399224
5402016
5403434
5458869
5459039
5459111
5459331
5459423
5459450
5459472
5459889
5459911
5460137
5460570
5460683
5460760
5461064
5461244
5461751
5462181
5463042
5463065
5463741
5463821
5465831
5465963
5466149
5466990
5467115
5467535
5467608
5467729
5468230
5468902
5469454
5469649
5469735
5469746
5470231
5470479
5470725
5470762
5470812
5470887
5471324
5471418
5471455
5471541
5471607
5472314
5472612
5472792
5473240
5473347
5473636
5473690
5474469
5474510
5474578
5475139
5475677
5475691
5475814
5476141
5476200
5476251
5476543
5476743
5476900
5477206
5477211
5477363
5477518
5477681
5477799
5478225
5478744
5478827
5478832
5478950
5479082
5479266
5479495
5479883
5479988
5480298
5480397
5480558
5480653
5480823
5480970
5481769
5481876
5482089
5630186
5630506
5633415
5633548
5633722
5633784
5633908
5634726
5636551
5638132
5638248
5638558
5638936
5639711
5640034
5640118
5640519
5640736
5641251
5641360
5641525
5641663
5642761
5642860
5643479
5644193
5644508
5644566
5644692
5645204
5645768
5646812
5647579
5648306
5648350
5648482
5648658
5648993
5649220
5649386
5650338
5778322
5782602
5785451
5791406
5799587
5804946
5805165
5805584
5805984
5809102
5811116
5811666
5811679
5815184
5815764
5817911
5821256
5882691
5884139
5885406
5885784
5886687
5887208
5888113
5890413
5892978
5893376
5895077
5895694
5895724
5895797
5896966
5897612
5899157
5940784
5941331
5941496
5942057
5942876
5944276
5945242
5945905
5946993
5947221
5948172
5948509
5948677
5948684
5949113
5949140
5950398
5950685
5950825
5950842
5951818
5951914
5952025
5952251
5954420
6040581
6045762
6046386
6047504
6048552
6050345
6050779
6053485
6101886
6101949
6102374
6102995
6103606
6103680
6103996
6104222
6104662
6104822
6105053
6105627
6105811
6105847
6106920
6107004
6107492
6107681
6107855
6108258
6108522
6108613
6108662
6108792
6108840
6108949
6109149
6109294
6109814
6109933
6110103
6110544
6110628
6111077
6111528
6111775
6111895
6112432
6112905
6113005
6113022
6113232
6114165
6114300
6114555
6114758
6114762
6114939
6115001
6115041
6115087
6115290
6115697
6115904
6115953
6115961
6116049
6116056
6116449
6116670
6117164
6117271
6117411
6117728
6117836
6118099
6118424
6118747
6119093
6119142
6119879
6120012
6120326
6120402
6120425
6120701
6120731
6121628
6122286
6122828
6124605
6125280
6125509
6125697
6125818
6125837
6126982
6127572
6127734
6128146
6128309
6128765
6131989
6132032
6132463
6132583
6132738
6133697
6134183
6134593
6135000
6143069
6151147
6365857
6378508
6378768
6379716
6385696
6536996
6538801
6543216
6545146
6546946
6551501
6553741
6634816
6635137
6635643
6636637
6636953
6637458
6637930
6638281
6638620
6638960
6639465
6639932
6640225
6641030
6641278
6641361
6642118
6642142
6642169
6642189
6642659
6642775
6642870
6642978
6643213
6643351
6644926
6645379
6646775
6646817
6647089
6647147
6647286
6647314
6647493
6647874
6647966
6650734
6678076
6678946
6679909
6683123
6691179
6692615
6693715
6719711
6720634
6720812
6720934
6721202
6721940
6722081
6723891
6726336
6726442
6726656
6727064
6727191
6728379
6728668
6728847
6730219
6730851
6731792
6731813
6731816
6733450
6735169
6771279
6772465
6772821
6773421
6773755
6773804
6774729
6775341
6775438
6775439
6776017
6776750
6776752
6777173
6777811
6778494
6779004
6779868
6780024
6780060
6780869
6780876
6780969
6781036
6782727
6782992
6873143
6874484
6874647
6875096
6875271
6875398
6875414
6875484
6875575
6876003
6876033
6876558
6876939
6877004
6877076
6877241
6877272
6877445
6878164
6878255
6878447
6878740
6879654
6880292
6880356
6880417
6880663
6880673
6880903
6881243
6881367
6881546
6881609
6882397
6882772
6882897
6883191
6883231
6883411
6883507
6884015
6884494
6884864
6885004
6885173
6885923
6887256
6887506
6887827
6888437
6889064
6889970
6890103
6918275
6921895
6923162
6923595
6963607
6964524
6966568
6967181
6973372
7074865
7075290
7075633
7076086
7076999
7078878
7080058
7080270
7080283
7080778
7081788
7083642
7083956
7084391
7085645
7085905
7086269
7087369
7087487
7242255
7242660
7242973
7243180
7243325
7243384
7243461
7243494
7243520
7243784
7244426
7244741
7244802
7244821
7244957
7244994
7245427
7245741
7246083
7247134
7247169
7247766
7247801
7248059
7248441
7248487
7248590
7248696
7248928
7249081
7249726
7249932
7250144
7250739
7250752
7251066
7251112
7251343
7252091
7252186
7252443
7253816
7254109
7254767
7254781
7255388
7255690
7255749
7255833
7255926
7256005
7256320
7256434
7256561
7275630
7278958
7279221
7281189
7284365
7285337
7309860
7309990
7310013
7310134
7311521
7311830
7312315
7313367
7314191
7314208
7314570
7314942
7314988
7315082
7316579
7317173
7317673
7317770
7318022
7318581
7318833
7320628
7321160
7321482
7321856
7321867
7322267
7323656
7323895
7324264
7387370
7388332
7388631
7389007
7389597
7390465
7390837
7391473
7391589
7392383
7393111
7395277
7397355
7398704
7399120
7399669
7401376
7401879
7403757
7405570
7405800
7406129
7407223
7407889
7407911
7408359
7408913
7411358
7411783
7414086
7730086
7730202
7730221
7730837
7731252
7731683
7731711
7731725
7731979
7732499
7733058
7733083
7733810
7734252
7734520
7735187
7735773
7736050
7736547
7736799
7736965
7737227
7737266
7737397
7739804
7739955
7740622
7741830
7741887
7742184
7742833
7743119
7743372
7746013
7748302
7755961
7800399
7801841
7805819
7809959
7811390
7812460
7812950
7813853
7816620
8028797
8055213
8056112
8056256
8056687
8056910
8057563
8057800
8059040
8061074
8061520
8061837
8061895
8063369
8063531
8063845
8064876
8065601
8066692
8068486
8068839
8069644
8071335
8072538
8072624
8072638
8072759
8074414
8074487
8074604
8076092
8155464
8158565
8168033
8198903
8200021
8200479
8200502
8200545
8200549
8201039
8201094
8201126
8201245
8201547
8201589
8201781
8202313
8202433
8203032
8203036
8203163
8203208
8203219
8203249
8203552
8203740
8203767
8203910
8204187
8204216
8204314
8204441
8204581
8204960
8205840
8205883
8205954
8206077
8206124
8206193
8206459
8206763
8207497
8207694
8208228
8208345
8208355
8208684
8208862
8208912
8209444
8209521
8209829
8210058
8210163
8210234
8210287
8210364
8210395
8210422
8210661
8210809
8210813
8211504
8211621
8212072
8212256
8212503
8293872
8294222
8294345
8294504
8294539
8294833
8295149
8295574
8295790
8295906
8296168
8296333
8296422
8296469
8296534
8296902
8297430
8297865
8298551
8298623
8298899
8298966
8298969
8299155
8299168
8299382
8299610
8299748
8299993
8300208
8300858
8301555
8301949
8302182
8302423
8302781
8302853
8303032
8303806
8304163
8304991
8305506
8305599
8305701
8305865
8306126
8307010
8307200
8307277
8307544
8307716
8307895
8308026
8308269
8308394
8309237
8309339
8309706
8310449
8310704
8310835
8311720
8311730
8312479
8312824
8312883
8313403
8313486
8564150
8564276
8564969
8565177
8565412
8566325
8566386
8567190
8567953
8568359
8568563
8568791
8568885
8569175
8569542
8570451
8570564
8570895
8572587
8572752
8572973
8574217
8574609
8574682
8575181
8575629
8575778
8576909
8576948
8577676
8577713
8578227
8579755
8581589
8581913
8581958
8731181
8731537
8731790
8732141
8732174
8732696
8732902
8732951
8733663
8733885
8734023
8734684
8734884
8735308
8735433
8735523
8735753
8735766
8736076
8736154
8736575
8736675
8737023
8737567
8737617
8737668
8739150
8739297
8739416
8739599
8739600
8741309
8741415
8741554
8742602
8742755
8743323
8743555
8743576
8744115
8744546
8744683
8744808
8744938
8744983
8745264
8745648
8745655
8745801
8745911
8746010
8746057
8746064
8746085
8746453
8746526
8746530
8746607
8747246
8747436
8747640
8747722
8747830
8747893
8748403
8748551
8748733
8748831
8748882
8749089
8749232
8749524
8749597
8749613
8749975
8750071
8750424
8750532
8750804
8751066
8969987
8970081
8970208
8970341
8970586
8970820
8972308
8972617
8972792
8972815
8972907
8973229
8973864
8974311
8974584
8974626
8975385
8975666
8977320
8977565
8977651
8978753
8978781
8978823
8978891
8979025
8979141
8979601
8979862
8980253
8980604
8980620
8981074
8981148
8981844
8981929
8982108
8982175
8982392
8982485
8982662
8983142
8983449
8983614
8983796
8984088
8984207
8984260
8984391
8984859
8984899
8984926
8985113
8985690
8986888
8987221
8987224
8987404
8987886
9045899
9063949
9064755
9064960
9065141
9065209
9065776
9065790
9066104
9066290
9066498
9066953
9067152
9067202
9067278
9067502
9067760
9067987
9068255
9068418
9068436
9068479
9068868
9069433
9069559
9069684
9069737
9069800
9070331
9070407
9070457
9070785
9071062
9071080
9071089
9072038
9072638
9073631
9073640
9073816
9073830
9073902
9074346
9074639
9074781
9075023
9075518
9075733
9075996
9076018
9076056
9076237
9076299
9076498
9076637
9076862
9076890
9077021
9077872
9078012
9078465
9078587
9078831
9079021
9079185
9079214
9079230
9079378
9079420
9079669
9079711
9079796
9080079
9080262
9080361
9080425
9080491
9277063
9277145
9277178
9277547
9277580
9278147
9280431
9280595
9280693
9280964
9281006
9281222
9281366
9281528
9283750
9284592
9284864
9285213
9285733
9286033
9286103
9286789
9287152
9287773
9288238
9288301
9289034
9290260
9290664
9290675
9290995
9291451
9291482
9292060
9292425
9292888
9293080
9293348
9293748
9293972
9294086
9294323
9294370
9294412
9295511
9296421
9296536
9296781
9296952
9297328
9447909
9449342
9450636
9450948
9452116
9453011
9453130
9455975
9456044
9456944
9457380
9457662
9457766
9458024
9458103
9458606
9458936
9459643
9459822
9460149
9460329
9461021
9461407
9461441
9462697
9462988
9463427
9463930
9466313
9467541
9468236
9468268
9505751
9507953
9511484
9512077
9514120
9514811
9514942
9515585
9517443
9519236
9520257
9520936
9521714
9521965
9523600
9648716
9659811
9663168
9721254
9781050
9782604
9782742
9783839
9784707
9786212
9787005
9788119
9788185
9788222
9788699
9789716
9790088
9790508
9790746
9793727
9858673
9859079
9859385
9859465
9859613
9859798
9859845
9860604
9860970
9861165
9861185
9861512
9862245
9863300
9863989
9864085
9864133
9864135
9865072
9865178
9865511
9866508
9866528
9867699
9867707
9868002
9868135
9869004
9869047
9870139
9870346
9870695
9870854
9871477
9871531
9871641
9872362
9872816
9872918
9873430
9874047
9874890
9875111
9875249
9875959
9876122
9876687
9877071
9877231
10133765
10135312
10135386
10135397
10136222
10136385
10136645
10136762
10136935
10137621
10138020
10138116
10138219
10139606
10140198
10140234
10140351
10141029
10141127
10141221
10142117
10142819
10142843
10143026
10143512
10144755
10145762
10146145
10146700
10146881
10147018
10147307
10147351
10147799
10148497
10148761
10148847
10149134
10149158
10149396
10149653
10150063
10150496
10151120
10151323
10151737
10151759
10152183
10152246
10152446
10152888
10153466
10153589
10153982
10154894
10155063
10155106
10155178
10155333
10155528
10155542
10155559
10155884
10156088
10156533
10156667
10157049
10157848
10158103
10158332
10158357
10158365
10158398
10158564
10158565
10158593
10158660
10158869
10158892
10159489
10159583
10159738
10159916
10159999
10160183
10160302
10161317
10161745
10161773
10162128
10162680
10162745
10163080
10163552
10164511
10164701
10164738
10441560
10441713
10442352
10442796
10442908
10443198
10443502
10443713
10444151
10444492
10444611
10445195
10445227
10446165
10446405
10446409
10446522
10446805
10447627
10447672
10447742
10448584
10450063
10452393
10453334
10453483
10454760
10454912
10454983
10455167
10456044
10537972
10538141
10538655
10539395
10540208
10540404
10540459
10540782
10540806
10541067
10541289
10541461
10541573
10541922
10542344
10542942
10543330
10543447
10543645
10544968
10545108
10545301
10545483
10545683
10545791
10545980
10546147
10546863
10547131
10547214
10547400
10547754
10548025
10548533
10548650
10548670
10549148
10549235
10549999
10550417
10551093
10551100
10551430
10551434
10551720
10552176
10552656
10552826
10553085
10553463
10554033
10554442
10554681
10554714
10555054
10555119
10555192
10555640
10555818
10555821
10556029
10556699
10683247
10684693
10728631
10728821
10729451
10729797
10730258
10730483
10730867
10731599
10731602
10731768
10731858
10731949
10732560
10732998
10733685
10734681
10736034
10736280
10736376
10736392
10736693
10736764
10738132
10738468
10738540
10738960
10739408
10739499
10739743
10739967
10740396
10740526
10741112
10741427
10795224
10795971
10795981
10796094
10796330
10796507
10796777
10796779
10796817
10800407
10800506
10801508
10801552
10801620
10801749
10801977
10802180
10802390
10802433
10803613
10803777
10803946
10804306
10804454
10805429
10805647
10805664
10806936
10806979
10807301
10807493
10807990
10808162
10808999
10809401
10809748
10810299
10810963
10926336
10931442
10931477
10933234
10986745
10988076
10988208
10988256
10988940
10989460
10990009
10990123
10991015
10991111
10991778
10992873
10992949
10993068
10993300
10993864
10994090
10994262
10994332
10994442
10994595
10994700
10995090
10995094
10995639
10995783
10996150
10996390
10997177
10997202
10997565
10997584
10997993
10998294
10998601
10998813
10999360
10999379
10999600
10999635
11000708
11000724
11000729
11001062
11001178
11001647
11001690
11001691
11001809
11001877
11002372
11002764
11002935
11003484
11003775
11003795
11003873
11004438
11004439
11004775
11005031
11005078
11005246
11005635
11006222
11006491
11006564
11007011
11007276
11007449
11007452
11007472
11007646
11007709
11007838
11007956
11008606
11027183
11027839
11029827
11029873
11032490
11032775
11032962
11033568
11033641
11034406
11035013
11040044
11280575
11280614
11280964
11281423
11281455
11281549
11281665
11281683
11281868
11282158
11282810
11282856
11283111
11283243
11283247
11283565
11283830
11284086
11284628
11284891
11285357
11285841
11286753
11287079
11288015
11288020
11288057
11288428
11288999
11289229
11289421
11289859
11289942
11290472
11290888
11290986
11290996
11291255
11291477
11291559
11291656
11311881
11312169
11313675
11314133
11314953
11316192
11316912
11318124
11319649
11319663
11320788
11321675
11322751
11323098
11325078
11325365
11328874
11329500
11329581
11329930
11542476
11565681
11567404
11568416
11569167
11571181
11571938
11572259
11572526
11573628
11574099
11574213
11574752
11576648
11577890
11580044
11583087
11584208
11669030
11670152
11670398
11670975
11671109
11671571
11675231
11676003
11677879
11681970
11684877
11687569
11691677
11778459
11780720
11781328
11781520
11783781
11786453
11786778
11790160
11790429
11790904
11791668
11792544
11795701
11796153
11796194
11796644
11797054
11797680
11799057
11799310
11799596
11802283
11803205
11803214
11810088
11810097
11811989
11817787
11818007
11900105
12100420
12101796
12102665
12102763
12103007
12103335
12104368
12104426
12104695
12106174
12106651
12107364
12108345
12111073
12111159
12111454
12114230
12115444
12117031
12117605
12117632
12117883
12117908
12118443
12118843
12118980
12119238
12119355
12119820
12119978
12120066
12120089
12120303
12120899
12121019
12121498
12121858
12121999
12122251
12122683
12122729
12122853
12122938
12123160
12123232
12123245
12123762
12124901
12125625
12125859
12126040
12126405
12126455
12126817
12126940
12127410
12127442
12127753
12127927
12127994
12128053
12128104
12128205
12128472
12128644
12128684
12129220
12130236
12130592
12131616
12131621
12132149
12132399
12132754
12202499
12203583
12204775
12204822
12205919
12206762
12207391
12207726
12207975
12208043
12208306
12208533
12208613
12208844
12209421
12209465
12211217
12211359
12211478
12211925
12212072
12212796
12213062
12213086
12213355
12213916
12213934
12214219
12214244
12214485
12214811
12215033
12215106
12215126
12215293
12215348
12215687
12216757
12217091
12217145
12217956
12218172
12218193
12218224
12218364
12218550
12218848
12219632
12219665
12219718
12219803
12219819
12220529
12220641
12222242
12226577
12226734
12347376
12348240
12348534
12350789
12351423
12352008
12353548
12353721
12355964
12358903
12411555
12411732
12412876
12413898
12416333
12416564
12417699
12418161
12419299
12420998
12421290
12421856
12424810
12638493
12638808
12639140
12640017
12640198
12640594
12640666
12640803
12641014
12641597
12641665
12641726
12642109
12642644
12642651
12642899
12644381
12644506
12645259
12645620
12645834
12646444
12646489
12646945
12647484
12647563
12647938
12648649
12648683
12648852
12649020
12650072
12650616
12650739
12650786
12651219
12651399
12651606
12651778
12651843
12652131
12652431
12652494
12653218
12653340
12653481
12653512
12653711
12654073
12654198
12654236
12654659
12654862
12654936
12654956
12655697
12656017
12656309
12656581
12656826
12657611
12657663
12657741
12658265
12659334
12659469
12659515
12659534
12659537
12659776
12660354
12660391
12799331
12799618
12800223
12804529
12806995
12808121
12808614
12809307
12811586
12914585
12915028
12916013
12918409
12921788
12922248
12923220
12923712
12924811
12925807
12927206
12991680
12992417
12993828
12993946
12994238
12994321
12994414
12994484
12994512
12994567
12994694
12994797
12994890
12994915
12995381
12995671
12995898
12996568
12996748
12996814
12996894
12997154
12997450
12997560
12997779
12997881
12998699
12998783
12998933
12999231
12999950
13000132
13000659
13001108
13001532
13001676
13002203
13002348
13002477
13002713
13003342
13003480
13003756
13003915
13004268
13005021
13005129
13005314
13005553
13005948
13006173
13006523
13006783
13007561
13007619
13007770
13007827
13008099
13008114
13008194
13008212
13008948
13009194
13009897
13009973
13010237
13010558
13113805
13113853
13113936
13114092
13114366
13114479
13114828
13115106
13115141
13115406
13115573
13115675
13115841
13116316
13116336
13116871
13117214
13117427
13118168
13118179
13118193
13118444
13118576
13119008
13119121
13119202
13119287
13119642
13119887
13119906
13120186
13120310
13120720
13120730
13120794
13121040
13121256
13121302
13121821
13121857
13122100
13122430
13122434
13122497
13122588
13122593
13122875
13123194
13123426
13123691
13123878
13123992
13124256
13124289
13125294
13125380
13125581
13125717
13125737
13125806
13126105
13126347
13126565
13126652
13126698
13127114
13127128
13127200
13127454
13127686
13128158
13128852
13129075
13129584
13130039
13130053
13130086
13130105
13130144
13130376
13130379
13130537
13130617
13130663
13130698
13130877
13131387
13131559
13131701
13131879
13131996
13132097
13132181
13132306
13132310
13132690
13133148
13133939
13134030
13134082
13134149
13134323
13203664
13203685
13204008
13204288
13204460
13204917
13205489
13206201
13206474
13206819
13207017
13207027
13207507
13208457
13208469
13208650
13208787
13209069
13209113
13209353
13209660
13210078
13211228
13211873
13212020
13212114
13212749
13214084
13214238
13214441
13214530
13214750
13215316
13241405
13242350
13246709
13249121
13304225
13306348
13307788
13308338
13311226
13311901
13315237
13316878
13317200
13317250
13317492
13325068
13454913
13461495
13464632
13497943
13497953
13498428
13498450
13499076
13499346
13499442
13500182
13500606
13500926
13501053
13501133
13501272
13501784
13502368
13502405
13502761
13502908
13503033
13503523
13503613
13503662
13503732
13503847
13503968
13504167
13504183
13504674
13505019
13505087
13505093
13505112
13505232
13505270
13505328
13505859
13506256
13506267
13506379
13506663
13506893
13507034
13507119
13507217
13507265
13507392
13507778
13508638
13508684
13508726
13510107
13510544
13510782
13510896
13510908
13511053
13511255
13511332
13511427
13511679
13511811
13512566
13512629
13512640
13512821
13513129
13513596
13513833
13514071
13514379
13514574
13514625
13514742
13514834
13515917
13516089
13516305
13516352
13577148
13577451
13577483
13577987
13578234
13578300
13578309
13578764
13578828
13578905
13579188
13579269
13579858
13579867
13580185
13580316
13581005
13581278
13581730
13581872
13581960
13582023
13583687
13583714
13583876
13583907
13584083
13585060
13585334
13585454
13586494
13586530
13586561
13587412
13587704
13587749
13587810
13588217
13588324
13589193
13646495
13646994
13647023
13648091
13648848
13649019
13649394
13649668
13649858
13650282
13650294
13651480
13651983
13653305
13653803
13654398
13654650
13654869
13655742
13655844
13656026
13656049
13656573
13656594
13658237
13660080
13660936
13661405
13663634
13664215
13664230
13665251
13665313
13665577
13665990
13666218
13666583
13666641
13667116
13667160
13667210
13667527
13667781
13752333
13752875
13753343
13753871
13754102
13754580
13754809
13755055
13755457
13756364
13756725
13757229
13757758
13757985
13758231
13758484
13759080
13759110
13759753
13760129
13760147
13760723
13760837
13761083
13761307
13761485
13762371
13762387
13762539
13762611
13762621
13762814
13763906
13764378
13764394
13764694
13765381
13765611
13765805
13766403
13766437
13766774
13767009
13767644
13767658
13767841
13768062
13770100
13770215
13770233
13771234
13771555
13772295
13772351
13773379
13773789
13774049
13774157
13775152
13775193
13775270
13775472
13776948
13777094
13777284
13777600
13777656
13777887
13778320
13778622
13778916
13778965
13779112
13779505
13779525
13779714
13779770
13780055
13780337
13780465
13780899
13781408
13781633
13781885
13782044
13782535
13783622
13784167
13784554
13784559
13784727
13784750
13784786
13784792
13784861
13785634
13785710
13785838
13786368
13787183
13787235
13787609
13787807
13787976
13788325
13788501
13789307
13789719
13789914
13790251
13790418
13790689
13790892
13791171
13791292
13791325
13791721
13792272
13792355
13792899
13792908
13793059
13793577
13793637
13793970
13794252
13794334
13794610
13794840
13795075
13795364
13795560
13795738
13796210
13796328
13796548
13796708
13796899
13796954
13796973
13796998
13797036
13797053
13797494
13797513
13797747
13797972
13797984
13799319
13799397
13799533
13799881
13800172
13800322
13800368
13800569
13801049
13857850
13857907
13858432
13858875
13858957
13858959
13859069
13859777
13859806
13859808
13860142
13860662
13861360
13861943
13861990
13862123
13862512
13862637
13864063
13864207
13864321
13864502
13864506
13864534
13865289
13865350
13865478
13865485
13865777
13865858
13865967
13865999
13866492
13866653
13866697
13866766
13866782
13867279
13867411
13867556
13868280
13868321
13868420
13868561
13868817
13868968
13869039
13869377
13869444
13869530
13869715
13870067
13870174
13870514
13871040
13871176
14061704
14061786
14062183
14063007
14063013
14063735
14063740
14063853
14063927
14064167
14064236
14064420
14064855
14065249
14065644
14066019
14066038
14066107
14066228
14066294
14066984
14067891
14068008
14068052
14068762
14068796
14068922
14069496
14069555
14069661
14070056
14070265
14071657
14071729
14071950
14072367
14072698
14073146
14073227
14073717
14073950
14074180
14074267
14074302
14074455
14075098
14075904
14076041
14077036
14077109
14077547
14078081
14078439
14078456
14078904
14079082
14079112
14080339
14080450
14080785
14080936
14081109
14081327
14081417
14082126
14082562
14082636
14083087
14083209
14083363
14083470
14083643
14083731
14084458
14084504
14085310
14085635
14085963
14086182
14086700
14087056
14087475
14087617
14087637
14088063
14089180
14089193
14089764
14089865
14089985
14090502
14091860
14092914
14092932
14093322
14093594
14093700
14093932
14094485
14094542
14094718
14095032
14095083
14095349
14095452
14095579
14096159
14096341
14096390
14096779
14097170
14097947
14138926
14139625
14139897
14140481
14140688
14142204
14142254
14142505
14144419
14144480
14144948
14145091
14145836
14146168
14148385
14149245
14150954
14171322
14171382
14171501
14171947
14172236
14172413
14172838
14172911
14173075
14173271
14173292
14173368
14173678
14173961
14174018
14174377
14174479
14174893
14174983
14175829
14176019
14176171
14176183
14176319
14176743
14176824
14176926
14177117
14177917
14177981
14178178
14178536
14178590
14178664
14178736
14178894
14179136
14179182
14179260
14179276
14179612
14180213
14180394
14180453
14180493
14181518
14181586
14181642
14181693
14182561
14182692
14182768
14182865
14183056
14183221
14184253
14184790
14185073
14185328
14185339
14185838
14186468
14186474
14186670
14187701
14188198
14188631
14188884
14189108
14189156
14189446
14189953
14190413
14190830
14190832
14190880
14190970
14191056
14191143
14191297
14191368
14211344
14212171
14214957
14220238
14221302
14224529
14226649
14226986
14227418
14231443
14352128
14352190
14352282
14352468
14353243
14353675
14353805
14354077
14355660
14355899
14357443
14357653
14357748
14358155
14358283
14358499
14358555
14358735
14358773
14359114
14359944
14360007
14360306
14360587
14361800
14362210
14362559
14362954
14363456
14364138
14365146
14365605
14366760
14393045
14399317
14399395
14399948
14437494
14437525
14437607
14437973
14438049
14438205
14438964
14439046
14440323
14441420
14441539
14442143
14442968
14443323
14443494
14443532
14443552
14443639
14443823
14444170
14444383
14444843
14444866
14445038
14445821
14445979
14446504
14448281
14448350
14448817
14449339
14449689
14450433
14450576
14487970
14488173
14488541
14488549
14488608
14488727
14489776
14489793
14490139
14490293
14490296
14490533
14490567
14490735
14490817
14490947
14490989
14491157
14491167
14491467
14491488
14491521
14492418
14492529
14492830
14492902
14492951
14493110
14493352
14493455
14493668
14493705
14494043
14494316
14495047
14495197
14495273
14495780
14495931
14496015
14496317
14496418
14496569
14496674
14496772
14496920
14497121
14497164
14497236
14497257
14497358
14497581
14497642
14498079
14498417
14498963
14499398
14499400
14499521
14499788
14499837
14500411
14500450
14500552
14500982
14501445
14501533
14501827
14502228
14502768
14503012
14503069
14503134
14503846
14503942
14504010
14504016
14504225
14504358
14504838
14504954
14505306
14506769
14506877
14506893
14507019
14507163
14507232
14507279
14507865
14508226
14508280
14508548
14508790
14508869
14509027
14509244
14509674
14509718
14509849
14510369
14510378
14510660
14510771
14510827
14510933
14510951
14510957
14511053
14593688
14593848
14594095
14594141
14594232
14594444
14594914
14595394
14595926
14596060
14596152
14596163
14596180
14597056
14597083
14597117
14597369
14597512
14597777
14598469
14598589
14598618
14598772
14599006
14599140
14599401
14599515
14599987
14600462
14600572
14600768
14601160
14602246
14602405
14602739
14603019
14603255
14603469
14603500
14603795
14603832
14604113
14604846
14604989
14605158
14605209
14605268
14605383
14605740
14605814
14605911
14606113
14606697
14606871
14606928
14607187
14607540
14607558
14607560
14607992
14608133
14627623
14627953
14628089
14628260
14629238
14629460
14629522
14630084
14630581
14631229
14631512
14632008
14632054
14632730
14632815
14632848
14633457
14633843
14634551
14634881
14635651
14636382
14636550
14637618
14637924
14638154
14638979
14639454
14639487
14639664
14639683
14639897
14640117
14640504
14640810
14641118
14641148
14641450
14642239
14642734
14642808
14643088
14643202
14643717
14645050
14645290
14645293
14645332
14645494
14645729
14645794
14645942
14646199
14646957
14647108
14647285
14647317
14647423
14647452
14647735
14648270
14649204
14649533
14650169
14650236
14650426
14650449
14650625
14650776
14650794
14650860
14650880
14651024
14651069
14651382
14651902
14652023
14652133
14652682
14652992
14653280
14653537
14653886
14653940
14654447
14654510
14654640
14655235
14655863
14656910
14657319
14657762
14657983
14658163
14658437
14659432
14659496
14659502
14659881
14660766
14660936
14661267
14661278
14661342
14661392
14661559
14661632
14661720
14661796
14661881
14661910
14662076
14662895
14662985
14663119
14663301
14663464
14663588
14663595
14663804
14663829
14664016
14664108
14664334
14664718
14664747
14664789
14665248
14665532
14666221
14666866
14666960
14667715
14667849
14668322
14668655
14668764
14668781
14668874
14669083
14669146
14669480
14669785
14669790
14670115
14670644
14671843
14671926
14671976
14672345
14672791
14673545
14674021
14674395
14674638
14674828
14675514
14675528
14675624
14675731
14675812
14676439
14676694
14677896
14691916
14692297
14693933
14693977
14694079
14694620
14696356
14696515
14696973
14698667
14699469
14700484
14700548
14700560
14700682
14701075
14702508
14706857
14707038
14707121
14707538
14708131
14712608
14712860
14780389
14780816
14781271
14781276
14782110
14783663
14786135
14789061
14790632
14790778
14792794
14794094
14818915
14819422
14820760
14821782
14821793
14821903
14822055
14822082
14822984
14823013
14823459
14823795
14823842
14824996
14825050
14825158
14825292
14825376
14825662
14825965
14826684
14827007
14827119
14827182
14827185
14827240
14827376
14827699
14829015
14829545
14829931
14830333
14831252
14832069
14832162
14832909
14834514
14834679
14835338
14835348
14835367
14835418
14835911
14979436
14979534
14979607
14979877
14980052
14980176
14981017
14981211
14981320
14981374
14982074
14982973
14983112
14983401
14983405
14983902
14984710
14985199
14985878
14986850
14987127
14987480
14987702
14987714
14987958
14988426
14988517
14988741
14989087
14989844
14989921
14990170
14990257
14990262
14990625
14990762
14990928
14991002
14991145
14991760
14991957
14992845
14993151
14993356
14993455
14993637
14994531
14994644
14994919
14995060
14995268
14995288
14995593
14995995
14996691
14996726
14996890
14997070
14997672
14997999
14998187
14999761
15000047
15000224
15000291
15000296
15000434
15000990
15001048
15001171
15001229
15002560
15002778
15004037
15004194
15004520
15004623
15004643
15004965
15005472
15006211
15006374
15006471
15007573
15007918
15008521
15008581
15008673
15008906
15009477
15009633
15009664
15009681
15009687
15010545
15011444
15012959
15013896
15014734
15014868
15014988
15015005
15015052
15015437
15015994
15021227
15021701
15023817
15025485
15025506
15027596
15027807
15027987
15028097
15028373
15028475
15028781
15028967
15029014
15029088
15029110
15029170
15029252
15029293
15029699
15030082
15030265
15030480
15031148
15031194
15031410
15031619
15031754
15032106
15032239
15033622
15034413
15034917
15035110
15035960
15036462
15037690
15037860
15037881
15038132
15038142
15039519
15039525
15039545
15039644
15039668
15039775
15039918
15040273
15040364
15040672
15040693
15040800
15040882
15041271
15041468
15041560
15041573
15042075
15042601
15043274
15043666
15043881
15044540
15045126
15045405
15045529
15045727
15045870
15045892
15046069
15046146
15125737
15125764
15126244
15126518
15127661
15128339
15128505
15129818
15129942
15130126
15130170
15130554
15130899
15131437
15131724
15131833
15132069
15132131
15132588
15132992
15133108
15133176
15133692
15133775
15134141
15135350
15135633
15135750
15136009
15136131
15136932
15136953
15137045
15137373
15137639
15137687
15137818
15137925
15138085
15138501
15138688
15138854
15138931
15139474
15139658
15139960
15140109
15142760
15145086
15149604
15149716
15150217
15153585
15155481
15157075
15159774
15160147
15160586
15161112
15161750
15162072
15162328
15163347
15163422
15163998
15164010
15164368
15164715
15165059
15165146
15165194
15165283
15165471
15165627
15165636
15165902
15166069
15166102
15166440
15166580
15166932
15167475
15167537
15167607
15167618
15167635
15167790
15167871
15167908
15168458
15168644
15168658
15168873
15169581
15169593
15169606
15169728
15170055
15170206
15170759
15171235
15171371
15171480
15171635
15171806
15171811
15171959
15172350
15172388
15172633
15173249
15173417
15173430
15173594
15174354
15174750
15175591
15179693
15179974
15180267
15180594
15181125
15184109
15184587
15184717
15186171
15187690
15189685
15191518
15194048
15195241
15234450
15234674
15235256
15235581
15235585
15235854
15236017
15236232
15236384
15236628
15237056
15237137
15237415
15237424
15237692
15238048
15239221
15239867
15239879
15239895
15240112
15240160
15240636
15240748
15240868
15241127
15241581
15242550
15243799
15243806
15244316
15244360
15244513
15244520
15244639
15244958
15246067
15246129
15246626
15246989
15247175
15247708
15247741
15247870
15247947
15248132
15248475
15248746
15263098
15263440
15265753
15267859
15269070
15269433
15269434
15270038
15271222
15271341
15271701
15273188
15275478
15275969
15299045
15299054
15299060
15299110
15299240
15299323
15299491
15299589
15300084
15300300
15302753
15303590
15305388
15305580
15305898
15306060
15306150
15306180
15306197
15306934
15307129
15307378
15307495
15307681
15308015
15309147
15309519
15310169
15310185
15310428
15310726
15310993
15311366
15311421
15311651
15312780
15312879
15312954
15331589
15332561
15332924
15333335
15335513
15335944
15337311
15338153
15339629
15339797
15340006
15343762
15344248
15345416
15345508
15347371
15373329
15421766
15422223
15422251
15422835
15423648
15424750
15425172
15425772
15426966
15427632
15427650
15427665
15427879
15428267
15429026
15429286
15429556
15429634
15429931
15430347
15430442
15430589
15430979
15430995
15431026
15431622
15431756
15431898
15431988
15432089
15432163
15432574
15432676
15433360
15434145
15456366
15456799
15457220
15457875
15457990
15458056
15458571
15459069
15459306
15459313
15459378
15460020
15460036
15460060
15460126
15460268
15460489
15461039
15461262
15461329
15461428
15462046
15462405
15462823
15463058
15463152
15463302
15463661
15463923
15463999
15464680
15464995
15465010
15466041
15466228
15466296
15466925
15466976
15467013
15467247
15467261
15467592
15468130
15469187
15469195
15469728
15470267
15470279
15471886
15472010
15472162
15472288
15472383
15472616
15473340
15474867
15474881
15475523
15475533
15475624
15475931
15476096
15476738
15494411
15514765
15515819
15517801
15518170
15526143
15528645
15529398
15531865
15531982
15532923
15606473
15638864
15639028
15639103
15640223
15640400
15640477
15640675
15640905
15641289
15641325
15641527
15641644
15641756
15641864
15642049
15642614
15642760
15643195
15643209
15643414
15643629
15643649
15643811
15644125
15644274
15644545
15644597
15644722
15644984
15645023
15645053
15645276
15645545
15645827
15646190
15646239
15646268
15646363
15646728
15647320
15647436
15647697
15648476
15648890
15648963
15649188
15649323
15649403
15650681
15650724
15650780
15650890
15650900
15651029
15651056
15651245
15651273
15651321
15651504
15651516
15651727
15652499
15652524
15652937
15653435
15653944
15654562
15654629
15654863
15672302
15672414
15673257
15673356
15674007
15674944
15675410
15676188
15676836
15676962
15677103
15677247
15677716
15678042
15678510
15679495
15679876
15680045
15680097
15680192
15680436
15680816
15680906
15681053
15681067
15681479
15682332
15682475
15682710
15683333
15683695
15684154
15684270
15684299
15684351
15684664
15684891
15685339
15685605
15686007
15686073
15686123
15686490
15686834
15687141
15687176
15687292
15687428
15687599
15687836
15687889
15688165
15688708
15689042
15719607
15720272
15720380
15722222
15722819
15722886
15723042
15723388
15723494
15724512
15724609
15725106
15725383
15726043
15726731
15727117
15727889
15728277
15728342
15728569
15728744
15728957
15729014
15729425
15729642
15729656
15729882
15729937
15730563
15730812
15731251
15731259
15731392
15731684
15731802
15732144
15732388
15732815
15733514
15733601
15733889
15733914
15733985
15733986
15733987
15734875
15735182
15735225
15735382
15736140
15736378
15790150
15790690
15790996
15791098
15791337
15791536
15791546
15791940
15793721
15794122
15794382
15794586
15794623
15794959
15795570
15795643
15795792
15796917
15797001
15797131
15797158
15797346
15797427
15797524
15797928
15799083
15799116
15799482
15799907
15799952
15800488
15800612
15801245
15801420
15801491
15801611
15801836
15801876
15802142
15802204
15802604
15802854
15803060
15803519
15804019
15804397
15804649
15804680
15804907
15805049
15805837
15806231
15806608
15806879
15807097
15807702
15807993
15808984
15809274
15809500
15809952
15810277
15810981
15811564
15811859
15812529
15812592
15813251
15813323
15813373
15813801
15814136
15814466
15814687
15814828
15814895
15815708
15815782
15816867
15817013
15817206
15817603
15818001
15818267
15818645
15818722
15818881
15819204
15819404
15819753
15820666
15821081
15821871
15822044
15822273
15822275
15822561
15823015
15823805
15848066
15848980
15849535
15849623
15850493
15850503
15851831
15852945
15853725
15853856
15854057
15854196
15854249
15854281
15855129
15855344
15855829
15856379
15856416
15856659
15857721
15857887
15857990
15858147
15858594
15858665
15858956
15859180
15859844
15859926
15860009
15860480
15860835
15861129
15861200
15861329
15862800
15862829
15862899
15863178
15863350
15863690
15864058
15864113
15865838
15866982
15867078
15867248
15867306
15867978
15868049
15868509
15868560
15868616
15868984
15869440
15869697
15870199
15870700
15871601
15876761
15879627
15880936
15884564
15885855
15929415
15929728
15929798
15930041
15930721
15930819
15931137
15931279
15931526
15932076
15932281
15932810
15932860
15933072
15933132
15933368
15933847
15935208
15936172
15936611
15936633
15936777
15937112
15937214
15938032
15938262
15938376
15938412
15939163
15940195
15940937
15940952
15942152
15943110
15943593
15943748
15943759
15943899
15944357
15944945
15945952
15946591
15946999
15947772
15948781
15949349
15949476
15949925
15950129
15950141
15950488
15951766
15951813
15951943
15952549
15953385
15955107
15955118
15956252
15956317
15956382
15956879
15957048
15957413
15957694
15957869
15958212
15958435
15958745
15958917
15959221
15959952
15961020
15961999
15962599
15963237
15964322
15965641
15965747
15965818
15965987
15966617
15967586
15968258
15968356
15969356
15969576
15969975
15971342
15973030
15973237
15976594
15980420
15981051
15981104
15981431
15981750
15981950
15982127
15982396
15982770
15986264
15986403
15987480
15988179
15989041
16039391
16040438
16042191
16042353
16043666
16046931
16049538
16050359
16051712
16083748
16084312
16084473
16085400
16085579
16085890
16086232
16086519
16086666
16089362
16089893
16090331
16090608
16091831
16092338
16092339
16092349
16092606
16093229
16093546
16093550
16094650
16095946
16096174
16096363
16097272
16097393
16097769
16098397
16098916
16098990
16099706
16100025
16100242
16100286
16100457
16101570
16101757
16101761
16101970
16102384
16102481
16102750
16103111
16103472
16103833
16103922
16104287
16105097
16105445
16105569
16105998
16106918
16107385
16122357
16123391
16124314
16124823
16124913
16125978
16127268
16128098
16132342
16134650
16136597
16136958
16137485
16139737
16154635
16155466
16155673
16155963
16156263
16156511
16156794
16157702
16157836
16157846
16158011
16158049
16158075
16158225
16158539
16159141
16159477
16159787
16160130
16160530
16161126
16161382
16161526
16161552
16161611
16161655
16162104
16162517
16162570
16162634
16162878
16163205
16163286
16163440
16163585
16163612
16163701
16163797
16164126
16164179
16164453
16164463
16164663
16164914
16166052
16166101
16166407
16166432
16166501
16166612
16166692
16166998
16167215
16167270
16167453
16167768
16167859
16167969
16168380
16168463
16168530
16168569
16168619
16169103
16169613
16263058
16263209
16263412
16263465
16263860
16263928
16264058
16264156
16264639
16264958
16265263
16265302
16265633
16266818
16267936
16268122
16268189
16268342
16268347
16269791
16269855
16270032
16270496
16270640
16271597
16271785
16271790
16272110
16272452
16272702
16272792
16273075
16273669
16273727
16274480
16274581
16274724
16275115
16275432
16275460
16275556
16276003
16276155
16276168
16276488
16276624
16276668
16276939
16276998
16277516
16277949
16278093
16278798
16279314
16279339
16279427
16279533
16280379
16280611
16280729
16367774
16368853
16369355
16369726
16369875
16370817
16370829
16371131
16371681
16372469
16372708
16373384
16373573
16374096
16374781
16374781
16374837
16375262
16375674
16376264
16376338
16376383
16376816
16377385
16377714
16377930
16378010
16378226
16378340
16378728
16378728
16378884
16378993
16379289
16379902
16380275
16380728
16380871
16380874
16381182
16381592
16381660
16381730
16381939
16382362
16382681
16382997
16383374
16383605
16384139
16384361
16384780
16384936
16384977
16384993
16385027
16385513
16385578
16385630
16386375
16386988
16387228
16387343
16387424
16387464
16387558
16388156
16388723
16388915
16440217
16441063
16442695
16444103
16446139
16447414
16448383
16449388
16450388
16450472
16451508
16452221
16453678
16453692
16454416
16455391
16456408
16456577
16456710
16457321
16457325
16457364
16457895
16457914
16457976
16458254
16458296
16458547
16458916
16459404
16459430
16459585
16459590
16459955
16460150
16460184
16460187
16460354
16460520
16460557
16460704
16460972
16461068
16461219
16461256
16461355
16461385
16461674
16461834
16462235
16462282
16462412
16462817
16463219
16463408
16463410
16463673
16463857
16464367
16464374
16464453
16464482
16464515
16464551
16465086
16465317
16465382
16465683
16465817
16465931
16466856
16467611
16467724
16467729
16467883
16468342
16468360
16468459
16468491
16468561
16469111
16469249
16469315
16469573
16469885
16470044
16470068
16470192
16470269
16470271
16470293
16470851
16470981
16471048
16471170
16471235
16471254
16471351
16471429
16471628
16471954
16472362
16472705
16472716
16472929
16473611
16473799
16474242
16474332
16474561
16474593
16475070
16475351
16475426
16475532
16475785
16475927
16476365
16476756
16476965
16477571
16477705
16478131
16478210
16478360
16478407
16478504
16478613
16479505
16479616
16480060
16480482
16585646
16585807
16586136
16586196
16587315
16588047
16588064
16588541
16589419
16589433
16590096
16590159
16591363
16591393
16593350
16594067
16594281
16594827
16595075
16595087
16595093
16595626
16597195
16597433
16599620
16601614
16602197
16602517
16603719
16669571
16672180
16672962
16790943
16792512
16792533
16793001
16793276
16794001
16794564
16795847
16795965
16796034
16797858
16797894
16798084
16799044
16799452
16799827
16800478
16800673
16801096
16802978
16803104
16807267
16808488
16809330
16810309
16813177
16814278
16814759
16815413
16816403
16820415
16848558
16850433
16854414
16856272
16857066
16866558
16941029
16941609
16945307
16945648
16947097
16947463
16957160
16998704
16999459
16999540
16999592
16999630
17000976
17001280
17001284
17001646
17001708
17001813
17001820
17002094
17002611
17002629
17002784
17003713
17003835
17004074
17004382
17004741
17005012
17005532
17006143
17006375
17006457
17006488
17006795
17007097
17007440
17007475
17007642
17007971
17008493
17008620
17008729
17009037
17009703
17009852
17009943
17010079
17010520
17010628
17079501
17122909
17125718
17126893
17126911
17131033
17134758
17135747
17137501
17139016
17139934
17151192
17163279
17167597
17167616
17167703
17167818
17168499
17168668
17168758
17169008
17169144
17169636
17169826
17169826
17169923
17170006
17171031
17171326
17171699
17172226
17172238
17172806
17172813
17173072
17173182
17173975
17174333
17174347
17174498
17174594
17174655
17174806
17175008
17175168
17175274
17175277
17175329
17175450
17175992
17176155
17176386
17176400
17177006
17177126
17177162
17177833
17178194
17178234
17178270
17178340
17178478
17179398
17179634
17179969
17180287
17180390
17180607
17180705
17180754
17180832
17180886
17181212
17181232
17181648
17182075
17182228
17182341
17182458
17182881
17183202
17183383
17183452
17183496
17183669
17183859
17184000
17184208
17184216
17184221
17184777
17184865
17186447
17186704
17189528
17189718
17190187
17192324
17193895
17195494
17195531
17195751
17196695
17197337
17199621
17199833
17200245
17203806
17206975
17442925
17443963
17444538
17444576
17444585
17444661
17444987
17445809
17446918
17447689
17447702
17448522
17449720
17450822
17450825
17450964
17452475
17452608
17452854
17453859
17454011
17454159
17455111
17455434
17457375
17457517
17457810
17459035
17459327
17459554
17459672
17459722
17459962
17460537
17460634
17461420
17462411
17463019
17463422
17463739
17463778
17463930
17464056
17464577
17488311
17488325
17488381
17488686
17488742
17488946
17489332
17489495
17490046
17490083
17490152
17490283
17490290
17490362
17490574
17490638
17490720
17491021
17491029
17492070
17492320
17492634
17492762
17493283
17493370
17493496
17493556
17493672
17493755
17493780
17493816
17493975
17494453
17494783
17495409
17495437
17495595
17495609
17496311
17496368
17496654
17496874
17496994
17497309
17497606
17498354
17498546
17498899
17498959
17499206
17499271
17499274
17499874
17499963
17500013
17500167
17500472
17500662
17501323
17501355
17501441
17501889
17801382
17906524
17906811
17906965
17907211
17907233
17907553
17907566
17907636
17907672
17908258
17908355
17908700
17908848
17908905
17909540
17910003
17910316
17910361
17910850
17911055
17911175
17911334
17911358
17911361
17911837
17911865
17912243
17912280
17912472
17912595
17912952
17913004
17913917
17914017
17914332
17914914
17915167
17915556
17916024
17916432
17916551
17916613
17917034
17917310
17917509
17917867
17918083
17918533
17918553
17918580
17918644
17919488
17919688
17921499
17921516
17921672
17921848
17922381
17922387
17922460
17922504
17922796
17922960
17922970
17923344
17923597
17923638
17923643
17924021
17924433
17924484
17924676
17925391
17925685
17925835
17925948
17925967
17926164
17926273
17926422
17926558
17926819
17927212
17927523
17927914
17928106
17928572
17929033
17929097
17929318
18034780
18035920
18036571
18037961
18040030
18049355
18096663
18096919
18097174
18097938
18097951
18098303
18099576
18099744
18099876
18100134
18100258
18100599
18101080
18101134
18101580
18101749
18101810
18101926
18103392
18103679
18103926
18104067
18104745
18104909
18105107
18105510
18105635
18106011
18106156
18106634
18106813
18106824
18107468
18107932
18108457
18109085
18109248
18109367
18109399
18109498
18110414
18110789
18111031
18111265
18111739
18111851
18111883
18112135
18112519
18113006
18237001
18237533
18336221
18336998
18337189
18337887
18337967
18338090
18338228
18338986
18339313
18339627
18339755
18339901
18340608
18341579
18341727
18341884
18341982
18342066
18342558
18343177
18343711
18343780
18343791
18344043
18344166
18344574
18344625
18344769
18345314
18345400
18345956
18345990
18346074
18346504
18347140
18347422
18347559
18347666
18348255
18348298
18348311
18348315
18348559
18349164
18349578
18349598
18349676
18350034
18350893
18351554
18351601
18352301
18352813
18353311
18353530
18353601
18353770
18353820
18353865
18354477
18354719
18354952
18355011
18355233
18355357
18355443
18355816
18356053
18357038
18400943
18404360
18406741
18449501
18456324
18608787
18609435
18609920
18610091
18610146
18610276
18610441
18610603
18611548
18612209
18612333
18612913
18612938
18613022
18613716
18613805
18614354
18614746
18614971
18615073
18615460
18616189
18616442
18616648
18616679
18616770
18617145
18617165
18618596
18618855
18619095
18619126
18619205
18619755
18619767
18620306
18620848
18620897
18621628
18623579
18624387
18624439
18624836
18626447
18626838
18627470
18629630
18629712
18630079
18632239
18632574
18632734
18633242
18633520
18633577
18634456
18634481
18635091
18636342
18636717
18638064
18719891
18721327
18723296
18723382
18725344
18725654
18728005
18730019
18731608
18733886
18734676
18736254
18740411
18791289
18792019
18792111
18792388
18792410
18792608
18792882
18793361
18793557
18793614
18793679
18794186
18794647
18794811
18794813
18795113
18795485
18796345
18797397
18797458
18798460
18798588
18798765
18799644
18799761
18799975
18800028
18800637
18800949
18801322
18801431
18801763
18801993
18802303
18802486
18803000
18803642
18803896
18804242
18804647
18804652
18804995
18805137
18805365
18805420
18805679
18806181
18806406
18806949
18806969
18807049
18807089
18807530
18807659
18807783
18808113
18808141
18808403
18808583
18808683
18809585
18809769
18810399
18811238
18811327
18811740
18811879
18811945
18812059
18812570
18813393
18813697
18874588
18874800
18875642
18881477
18881604
18881745
18881746
18882185
18882369
18883131
18883363
18883703
18884437
18884482
18885137
18885979
18886032
18886100
18886266
18886329
18886637
18886794
18887211
18887463
18888161
18888432
18888557
18888729
18889010
18889624
18889718
18889969
18890124
18890433
18890549
18891082
18891122
18892081
18892096
18892134
18892652
18892655
18892814
18893470
18893756
18894636
18895044
18895412
18895467
18896218
18896621
18896897
18897333
18897661
18898678
18899022
18899257
18899876
19044757
19045939
19046297
19047222
19047291
19048377
19048480
19048707
19049669
19050174
19050483
19051209
19051371
19053201
19053889
19054266
19054341
19054342
19054475
19055286
19055565
19055613
19056237
19056815
19057233
19057532
19057682
19057771
19057994
19058392
19059911
19060037
19060438
19060482
19060822
19062522
19064029
19205231
19205444
19205661
19205808
19206635
19207001
19207293
19207466
19207728
19208019
19208125
19209198
19209838
19211291
19211411
19211448
19212141
19213272
19214038
19214167
19215656
19216224
19217136
19217592
19217983
19218115
19219947
19219974
19220105
19220276
19220566
19220883
19221112
19447042
19447134
19448150
19448394
19448870
19449421
19449603
19449865
19450461
19451393
19451738
19451975
19452731
19453081
19453712
19453963
19456661
19458940
19518621
19518643
19518693
19518841
19519408
19519970
19520218
19520223
19520458
19520477
19520696
19521310
19521348
19521619
19521631
19521804
19521867
19522015
19522178
19523081
19523681
19523751
19523806
19523971
19524015
19524049
19524598
19525281
19526090
19527482
19527513
19528406
19529047
19529251
19529507
19529600
19529676
19529720
19529745
19529755
19529788
19529825
19529901
19529941
19529947
19529992
19530095
19530504
19530741
19530881
19531010
19531473
19532147
19532232
19532279
19532343
19532670
19533251
19533563
19533615
19533623
19534010
19534266
19534291
19534620
19534849
19618862
19618905
19619184
19619557
19620294
19620793
19620890
19620903
19621283
19621366
19621911
19622299
19622418
19622965
19623583
19623816
19624392
19624492
19624634
19625213
19625601
19626645
19627391
19627454
19627750
19628478
19629024
19629381
19630732
19631176
19631452
19632058
19632530
19633003
19656874
19663687
19665785
19941226
19943626
19958323
19959244
19959408
19960073
19961808
19962206
19962676
19964692
19965047
19965407
19965980
19967944
19968346
19969111
19969249
19969704
19969817
19971222
19972327
19973720
19975667
19976132
19976497
20050883
20050990
20050991
20051009
20051056
20051414
20051640
20053603
20053624
20054591
20054776
20054894
20054903
20054969
20055057
20055185
20055249
20055529
20055610
20055822
20056222
20056418
20056689
20056998
20057008
20057033
20057149
20057361
20057804
20059040
20059133
20059146
20059228
20059705
20059873
20059995
20060185
20060890
20061298
20061446
20061579
20061651
20061657
20061983
20062264
20062459
20063006
20063087
20063649
20063709
20064024
20064465
20064489
20064635
20065339
20065355
20065614
20065639
20066321
20066331
20212163
20212582
20213684
20214712
20214830
20215111
20215321
20216408
20216534
20216605
20216672
20216782
20216887
20217309
20217309
20217432
20217527
20217800
20218001
20218479
20218635
20218692
20219145
20219405
20219625
20219903
20220089
20220542
20220841
20221563
20222010
20223500
20223754
20224257
20224509
20224924
20225499
20225565
20225787
20226091
20226442
20226493
20226685
20226795
20227315
20227607
20227779
20228124
20228769
20229325
20229534
20230636
20230829
20231190
20231408
20231671
20231728
20231750
20232118
20232465
20342028
20343016
20343125
20343127
20344814
20345950
20346440
20346921
20347480
20349377
20350949
20351433
20351868
20353454
20353688
20354017
20354609
20354680
20354828
20354854
20355006
20356493
20356887
20357054
20358256
20358741
20358851
20359296
20360529
20361178
20378348
20378862
20379584
20379889
20380005
20380188
20380986
20381088
20381715
20381924
20383045
20383459
20384141
20384380
20385978
20386491
20386882
20387005
20388223
20388883
20389129
20390606
20391115
20391235
20391820
20391917
20393621
20394913
20394935
20394962
20395473
20395770
20395822
20396931
20397109
20398010
20398304
20398877
20398957
20398967
20399286
20399841
20400121
20400224
20400248
20428271
20513881
20513885
20514684
20514984
20515218
20515228
20515231
20515777
20515972
20516276
20516287
20516295
20516897
20517163
20518174
20518524
20520606
20520653
20520696
20520856
20521076
20521429
20522001
20522269
20522646
20522910
20522959
20523066
20523410
20523489
20524288
20524289
20524470
20524722
20524823
20525388
20525872
20526131
20527085
20527469
20527611
20528442
20528459
20528693
20528801
20528934
20529009
20529198
20529336
20529786
20530125
20530496
20530654
20530770
20530799
20531550
20531736
20532109
20532120
20532484
20533082
20533653
20756568
20758301
20758672
20759775
20764504
20767072
20770688
20943181
20943361
20943421
20943613
20943681
20945085
20945200
20945260
20945375
20945878
20946196
20946481
20946598
20946655
20946700
20947340
20947511
20947764
20947994
20948102
20948299
20948457
20948784
20948893
20949258
20949932
20949987
20949994
20950116
20950717
20950774
20950878
20950926
20951042
20951488
20951572
20952102
20952119
20953201
20953242
20953467
20954017
20954501
20955063
20955153
20955443
20955820
20956390
20956970
20957082
20957167
20957205
20957316
20957496
20958138
20958261
20958304
20958785
20958853
20959260
20959705
20960200
20960641
20960686
20960955
20961449
20961516
20962312
20962705
20962830
20962847
20962868
20963468
20963520
20964157
20965055
21061891
21068322
21071167
21071696
21073822
21076244
21128767
21129360
21130596
21131209
21131274
21131320
21132805
21133003
21133194
21133299
21133328
21133412
21133995
21134133
21134738
21134865
21135822
21136091
21136717
21137349
21137523
21137699
21138564
21139577
21139582
21140866
21172365
21173045
21175469
21180759
21258628
21261646
21263627
21271880
21272580
21273375
21277552
21279172
21279321
21519551
21520190
21520416
21521382
21523954
21524325
21524869
21528189
21529178
21529496
21529788
21529989
21530649
21531052
21532389
21532753
21535135
21535637
21535640
21535662
21536728
21537592
21537618
21538108
21539498
21539509
21557442
21557863
21558524
21558560
21558925
21558964
21559790
21559855
21560417
21560578
21560757
21561315
21561794
21562300
21563485
21564315
21566322
21566356
21566896
21567178
21567839
21567907
21568144
21569318
21569526
21570028
21570055
21570251
21570262
21570501
21571229
21571454
21572048
21572527
21726588
21727806
21736377
21738213
21741256
21744800
21746071
21801963
21840990
21841490
21841566
21841582
21841596
21842383
21842564
21843013
21843064
21843221
21843296
21843657
21843790
21844202
21844321
21844374
21844438
21844461
21844508
21844532
21844702
21844933
21845066
21845950
21846010
21846031
21847453
21848016
21848717
21848900
21849072
21849113
21849329
21849599
21849662
21849844
21850203
21850539
21850781
21850811
21851201
21851424
21851428
21852012
21852520
21852651
21852907
21853261
21853281
21853337
21853376
21853624
21853711
21853724
21853778
21853801
21853963
21854345
21854356
21854388
21854456
21854469
21854537
21854689
21855050
21855074
21855185
21855805
21855884
21855984
21856005
21856153
21856282
21856638
21857235
21857306
21857526
21857577
21857656
22120469
22122849
22132695
22134012
22134548
22136052
22145921
22146890
22150894
22156088
22163504
22163705
22165855
22165953
22166397
22167076
22167414
22167673
22167761
22167920
22168160
22169276
22170001
22170110
22170153
22171292
22171315
22171543
22172558
22172632
22173304
22173637
22175541
22176275
22176459
22177572
22177757
22178132
22178586
22179072
22179819
22180306
22180695
22181078
22181467
22181819
22181831
22181903
22183344
22183717
22184553
22184605
22186065
22186628
22186669
22241187
22242071
22242229
22243656
22244983
22245344
22245802
22246009
22246188
22246401
22246602
22246775
22246798
22247273
22247359
22248343
22248930
22249511
22250323
22251702
22252546
22253125
22253614
22254615
22256045
22256110
22256792
22257342
22257346
22277552
22277578
22277610
22277764
22278453
22278611
22278795
22279383
22279384
22279440
22279641
22279791
22280239
22280247
22280527
22280875
22280989
22281350
22281441
22281562
22282140
22282511
22283137
22283725
22284231
22284369
22284470
22284590
22285111
22285369
22285606
22286309
22286351
22286504
22286600
22287750
22288944
22289142
22289195
22289509
22291049
22291333
22291346
22291367
22291432
22291847
22291910
22292862
22292864
22293003
22293087
22293140
22293476
22293806
22337710
22544467
22678977
22679025
22679305
22679457
22679764
22680621
22682211
22682217
22682679
22685247
22686331
22687239
22687475
22687566
22687758
22688058
22688419
22690268
22690935
22692364
22693102
22775045
22775681
22781972
22784846
22803386
22804437
22804911
22805268
22805797
22805883
22806469
22806664
22806698
22806735
22806741
22806813
22807408
22807815
22808084
22808224
22808622
22808737
22808795
22809826
22810462
22810549
22810860
22811127
22811206
22811298
22812424
22812579
22812641
22812984
22813044
22813124
22813303
22813376
22813511
22813831
22813896
22814403
22814467
22815280
22815334
22815510
22815564
22815631
22816138
22816600
22816915
22817277
22817561
22817686
22817829
22817906
22817992
22818149
22818186
22818650
22818704
22818737
22862314
22862719
22971051
22971829
22977428
22981205
22993188
22993314
22993659
22994678
22995398
22996513
23000713
23001978
23002411
23002943
23002949
23003112
23003174
23003679
23003930
23004027
23004541
23004613
23005130
23005416
23005774
23006226
23006247
23006330
23006331
23006353
23006455
23006481
23007431
23007568
23007693
23008559
23008592
23008790
23008980
23009395
23009913
23010005
23010215
23010574
23010955
23011541
23011652
23011672
23011739
23012248
23012768
23012847
23013610
23013703
23013947
23014481
23014767
23014943
23014986
23015229
23015867
23015922
23016144
23016182
23016478
23016723
23016755
23142855
23142862
23143658
23143762
23143819
23145757
23145856
23145922
23146302
23146353
23147143
23147758
23147824
23148087
23148632
23148719
23149122
23149787
23151072
23151510
23152779
23153013
23153102
23153297
23153371
23153515
23154306
23154496
23155161
23155528
23155798
23155893
23156763
23156916
23157170
23157654
23158453
23158474
23158583
23159299
23159508
23159569
23159661
23160996
23161420
23162575
23163350
23163479
23164319
23164400
23164863
23164995
23205688
23213547
23217358
23306492
23600992
23601008
23601654
23601841
23601873
23602159
23602346
23602676
23602923
23602968
23603277
23603545
23603569
23604000
23604240
23604592
23604603
23604795
23604878
23605192
23605588
23605769
23606114
23606810
23607071
23607410
23607726
23608057
23608300
23608327
23608896
23609082
23610274
23610769
23610803
23611078
23611505
23611673
23611780
23612428
23612472
23612868
23613082
23613146
23613543
23614855
23615028
23615293
23616219
23616838
23617623
23617700
23617803
23618208
23618488
23618506
23618507
23618634
23619290
23620356
23620799
23620963
23621246
23621389
23621553
23621585
23621636
23621968
23622072
23622529
23622562
23622962
23623091
23623159
23623228
23689157
23723820
23723872
23723875
23723936
23725120
23726249
23726524
23726621
23726657
23727615
23728039
23728650
23730267
23730927
23731170
23731256
23731478
23732595
23732849
23733196
23733421
23737044
23737264
23737357
23739426
23739799
23739907
23740227
23740383
23823735
23824273
23824364
23824705
23824750
23824997
23825856
23826464
23826888
23827404
23827685
23828117
23828170
23828523
23828698
23828750
23829415
23829427
23829560
23829580
23829646
23830260
23830330
23830816
23831056
23831592
23831800
23831923
23832265
23832298
23832661
23832843
23832880
23833270
23833429
23834761
23835021
23836075
23836219
23836384
23836746
23836808
23837153
23837558
23838179
23838271
23838573
23838588
23839257
23839809
23840336
23840588
23840607
23840646
23840920
23841825
23842036
23842036
23842692
23843343
23844028
23844171
23844378
23844383
23844504
23844950
23845080
23845473
23846001
23846431
23847209
23913673
23923247
23924593
23925767
24175093
24175123
24175447
24175737
24176052
24176196
24176684
24176750
24176825
24177397
24177699
24177829
24178096
24178178
24178455
24178491
24178578
24178714
24179068
24179157
24179620
24180095
24180655
24180717
24181164
24181677
24182320
24182549
24183908
24184419
24184532
24184726
24184934
24185166
24185515
24185570
24186060
24186081
24186469
24187092
24188247
24188407
24188717
24188753
24188814
24189153
24189414
24189495
24189688
24190016
24190543
24190619
24190877
24191091
24191624
24191984
24192044
24192184
24192196
24192635
24192764
24192841
24192998
24193035
24193310
24194180
24194313
24194633
24194989
24195138
24195167
24195253
24195654
24196259
24196485
24196549
24196993
24197083
24370699
24371163
24374507
24376998
24380107
24382114
24407893
24474264
24474388
24474485
24474723
24475017
24476862
24477388
24478348
24478417
24478666
24478979
24479290
24479681
24479696
24480251
24480415
24481033
24481423
24481526
24481650
24481674
24481796
24481804
24481989
24482241
24483097
24483561
24483895
24484085
24484473
24484507
24484526
24484854
24485176
24485667
24485889
24486138
24486335
24486386
24488128
24488506
24488561
24488732
24489091
24489121
24489195
24489884
24490213
24490281
24490316
24490361
24490368
24490497
24490729
24490968
24491243
24491632
24491673
24508942
24509365
24509644
24510562
24512219
24512454
24513538
24513720
24513972
24514041
24514397
24514844
24514887
24515351
24515382
24515520
24515621
24516950
24517183
24517499
24519116
24519539
24519830
24520738
24521783
24522368
24522950
24523995
24524845
24525400
24525638
24526886
24581704
24766434
24831583
24835631
24837645
24837690
24840644
24842735
24842909
24845772
24848820
24851898
24853756
24853764
24853849
24854926
24854952
24855322
24855449
24855661
24855694
24855893
24856073
24856118
24856201
24856397
24856549
24856750
24857072
24857257
24858197
24859465
24859691
24860304
24861019
24861095
24861277
24862062
24862525
24862527
24862698
24862937
24863090
24863218
24863434
24863933
24864449
24864755
24864772
24864977
24865277
24865449
24865468
24865511
24865725
24865778
24865932
24866572
24866857
24867157
24867198
24867629
24867783
24869013
24869036
24870016
24870165
24870324
24870640
24870836
24871338
24871772
24872293
24872392
24872426
24872443
24872605
24872826
24873034
24873140
24873387
24873456
24873747
24873910
24873944
24873968
24874040
24874564
24874577
24874697
24875434
24875656
24875751
24876452
24943026
24946607
24946650
24946751
24947712
24948844
25029872
25029904
25029912
25030094
25030482
25031645
25031700
25032055
25032252
25032614
25032652
25032690
25032788
25032815
25033136
25033294
25033352
25033415
25033697
25033896
25033914
25034094
25034138
25034441
25034608
25035423
25036377
25037166
25037489
25037600
25037783
25037814
25037872
25037923
25038172
25038501
25038514
25038918
25039054
25039498
25039603
25040190
25040467
25040887
25041218
25041646
25041937
25042022
25042041
25042285
25042835
25043443
25043556
25043851
25044208
25044260
25044326
25044523
25044674
25044905
25045219
25045290
25045327
25045568
25045715
25045906
25046016
25046065
25046126
25046265
25046442
25047048
25047493
25047623
25047684
25048105
25048269
25048284
25048341
25048468
25048469
25048842
25049024
25049378
25050320
25050339
25050470
25050877
25050910
25051488
25051528
25051538
25051966
25052193
25052370
25052464
25052723
25053018
25053487
25055328
25056828
25063153
25065095
25068457
25068687
25072413
25121272
25123372
25124084
25397448
25400408
25400438
25400857
25401210
25401458
25401566
25402034
25402261
25403962
25404122
25404239
25404916
25406088
25410189
25410210
25411723
25412468
25412715
25432993
25433235
25434435
25439198
25442097
25442239
25442883
25513870
25514052
25518180
25518488
25518734
25519385
25519489
25520876
25521224
25521489
25521992
25522460
25523318
25523467
25523608
25524221
25524337
25526898
25527126
25527322
25527656
25527987
25528310
25529447
25530501
25530565
25530678
25531370
25531915
25532386
25533040
25533322
25533700
25533826
25535444
25536303
25536696
25536842
25633229
25634797
25637301
25638184
25639165
25640841
25641724
25643592
25647364
25648397
25649045
25649275
25650260
25652310
25652684
25653405
25654099
25676146
25676905
25677794
25678782
25679493
25680018
25681383
25684660
25686769
25687659
25688275
25688724
25688897
25689999
25691285
25692103
25692516
25693237
25693302
25694975
25695621
25695631
25696203
25696333
25696378
25696937
25698628
25698800
25698930
25699042
25699141
25699448
25699643
25699649
25699921
25700570
25700757
25700976
25701208
25702000
25702525
25702724
25702725
25702909
25703188
25703359
25703514
25704736
25706342
25706777
25707300
25707494
25707645
25707860
25707985
25709140
25709848
25709891
25710543
25710878
25711016
25711541
25711784
25711820
25712157
25712606
25712741
25713821
26099864
26100253
26102453
26103137
26103261
26104171
26104878
26106740
26108240
26108971
26109710
26113292
26114565
26116804
26117313
26117509
26118763
26120250
26122421
26124006
26127602
26128175
26130163
26130517
26130539
26132586
26134032
26134159
26135173
26135697
26136645
26138485
26141437
26141787
26142020
26142732
26254015
26264885
26265188
26265308
26265768
26266257
26266284
26266439
26266857
26267049
26267110
26267401
26267409
26267935
26267989
26268104
26268253
26268256
26268272
26268643
26268856
26269646
26270478
26270516
26270602
26270855
26270882
26271092
26271244
26271432
26271806
26273050
26273394
26273796
26273845
26274128
26274342
26274407
26274444
26274529
26274771
26275420
26275523
26275653
26275715
26276504
26276876
26277301
26277415
26277464
26277525
26277831
26278073
26278093
26278475
26278504
26278603
26278618
26278786
26278809
26279058
26279086
26279459
26279894
26279915
26279916
26280096
26280476
26280544
26280642
26280869
26281275
26281316
26281614
26282292
26282781
26282872
26282909
26283262
26284121
26284263
26284545
26284565
26284879
26284956
26285023
26285593
26285902
26286794
26717147
26751888
26752196
26752754
26753976
26756635
26757268
26757443
26757707
26758544
26759162
26760127
26761522
26764734
26764772
26765181
26877836
26878438
26878837
26879117
26879844
26879980
26880234
26880546
26880600
26881257
26881568
26881918
26882391
26883238
26883662
26883888
26884237
26884557
26884565
26885276
26885565
26885597
26886148
26886244
26886502
26886867
26886990
26887220
26887496
26887723
26887737
26888267
26888412
26889080
26889100
26889116
26890619
26890904
26891157
26891688
26891727
26891820
26891995
26892187
26892299
26892683
26892834
26892965
26894313
26895126
26895219
26895402
26896144
26896370
26896457
26897544
26897671
26897708
26898106
26898517
26898634
26899202
27083951
27089774
27140409
27311186
27313051
27313923
27316307
27316646
27317407
27318503
27318688
27322923
27325200
27325469
27325579
27349515
27350809
27351543
27355132
27364213
27367809
27367810
27368237
27368603
27368855
27369161
27369335
27369877
27370105
27370342
27370435
27370502
27371590
27371866
27372177
27372825
27372877
27372921
27373225
27373358
27373817
27375026
27375178
27375216
27375528
27376430
27376630
27376788
27377027
27377414
27377536
27378138
27378591
27379188
27379276
27379553
27379690
27379811
27380157
27380185
27380973
27381006
27381152
27381345
27381532
27381755
27537798
27537848
27537898
27538786
27538965
27539032
27539125
27539596
27540254
27540258
27540524
27540545
27540680
27540927
27541876
27542387
27542394
27542547
27542754
27542826
27542852
27543479
27543491
27543625
27543877
27544676
27544798
27546368
27546487
27546583
27547406
27547755
27547953
27547987
27548197
27548449
27549147
27549228
27549270
27549365
27549613
27550489
27550559
27550900
27551421
27551556
27552266
27552368
27552670
27553166
27553415
27553808
27553860
27553868
27554610
27555270
27555363
27555399
27556327
27556552
27556730
27556775
27557102
27557213
27557243
27557514
27557812
27557888
27558120
27558134
27558882
27558929
27559079
27559562
27560146
27560407
27560630
27560648
27646724
27647180
27647608
27648267
27650809
27651622
27653944
27653980
27654110
27655739
27657139
27657936
27658060
27658566
27713057
27713098
27713180
27713311
27713483
27713617
27714049
27714460
27714499
27714786
27714846
27714873
27715513
27715546
27715731
27717004
27717997
27718334
27718448
27718533
27718657
27718694
27718858
27718958
27720374
27720386
27721197
27722816
27722854
27723295
27723406
27724142
27726643
27801730
27802003
27809151
27810651
27812964
27813019
27816323
27816386
27818142
28036133
28038898
28039905
28040446
28042155
28043486
28045298
28045633
28045968
28046858
28050576
28073586
28074250
28074398
28074668
28075253
28075749
28076671
28077188
28081563
28081796
28081828
28083782
28084361
28084580
28085088
28087641
28090618
28090966
28091765
28092271
28093051
28170639
28497758
28498365
28498730
28499058
28499773
28499848
28499861
28500166
28500396
28500662
28500938
28501295
28501400
28501448
28501892
28502242
28503302
28503833
28504000
28504152
28504217
28504253
28504293
28504398
28504467
28504507
28504625
28504662
28505001
28505058
28505710
28505937
28506176
28506213
28506319
28506800
28506818
28506845
28506877
28507225
28507274
28507857
28507868
28507913
28507954
28508316
28508421
28508436
28509010
28509209
28509430
28509653
28509712
28509714
28510018
28510118
28510162
28510337
28510602
28510787
28510998
28511240
28511372
28511423
28511683
28511720
28511768
28511796
28511912
28511922
28511928
28512409
28789787
28789975
28790900
28791145
28791670
28793300
28793657
28795862
28796063
28796291
28797071
28798923
28801048
28801592
28801776
28804296
28804336
28806528
28807619
28807670
28809304
28809791
28810200
28810292
28810602
28810838
28811296
28812334
28812442
28812685
28812932
28813393
28813463
28813631
28814219
28814765
28815019
28815257
28815499
28815659
28815852
28816023
28816118
28816277
28816733
28817077
28817197
28817334
28817357
28817641
28818062
28818356
28818524
28818614
28818633
28818678
28818696
28818734
28819156
28819699
28819745
28819917
28820238
28820541
28820675
28821114
28821164
28821609
28821648
28821776
28822407
28822467
28822668
28822715
28822723
28823015
28823175
28823232
28823549
28824057
28824145
28824207
28825384
29024375
29024814
29028385
29028885
29041816
29067295
29067547
29067755
29068224
29068392
29068537
29068684
29068731
29069742
29070024
29070057
29070557
29070679
29070693
29070884
29071654
29071859
29072485
29072550
29072786
29072946
29073439
29073985
29075312
29075442
29075627
29075742
29076071
29076632
29077661
29078115
29078823
29078919
29079540
29079637
29079803
29079937
29080210
29080513
29081648
29081726
29082085
29082408
29082618
29083733
29084613
29114977
29115256
29115809
29117249
29119127
29119174
29121489
29124596
29124611
29125297
29126134
29146721
29147567
29148210
29148593
29149421
29149544
29149578
29149908
29150531
29150918
29151410
29151429
29152349
29152425
29152471
29152735
29152753
29153918
29153963
29154311
29154515
29155424
29156016
29156174
29156183
29156626
29157098
29159519
29159829
29161260
29161495
29161503
29162376
29162515
29163484
29163622
29243605
29246875
29247384
29371424
29371752
29372088
29372112
29372251
29373040
29373063
29373762
29373894
29373935
29373937
29374301
29374381
29374573
29374613
29374619
29375002
29375061
29375508
29375592
29375684
29375806
29375962
29375976
29376076
29376301
29376528
29376716
29376862
29377449
29378139
29378430
29378502
29378763
29379147
29379427
29379946
29380104
29380514
29380714
29381173
29381492
29382010
29382205
29382536
29382563
29382584
29382591
29382940
29383303
29384293
29384315
29384814
29385033
29385145
29385363
29385412
29385637
29386066
29386158
29386311
29386622
29387503
29387977
29388113
29388782
29389286
29390738
29390884
29390889
29391000
29391688
29392047
29392105
29392366
29392418
29392446
29392925
29393566
29393729
29394005
29394055
29418604
29446036
29446309
29450151
29451293
29452329
29454802
29455327
29455845
29552560
29553364
29570988
29571627
29572687
29573191
29573338
29575214
29582961
29584324
29584933
29585214
29650940
29653789
29653907
29662500
29671297
29671966
29728501
29729368
29729756
29730779
29730833
29730943
29731248
29731746
29731841
29732137
29732163
29732252
29732273
29733119
29734991
29735017
29735248
29735449
29735752
29736210
29736393
29736617
29736758
29736800
29736813
29736822
29737443
29737500
29738441
29739109
29739434
29739969
29740027
29740065
29740317
29741522
29741730
29742235
29742294
29742683
29742781
29742886
29743025
29743039
29743044
29780436
29802439
29802933
29803059
29803132
29807192
29807595
29808703
29808854
29814883
29816179
29816325
29818225
29819825
29822446
29960009
29962216
29962579
29962830
29963320
29963436
29963491
29964313
29964535
29964584
29965522
29965581
29965685
29966090
29966374
29966626
29967706
29967717
29968109
29968346
29968870
29968931
29969317
29970520
29970532
29970679
29970862
29970990
29971780
29971790
29972461
29972476
29972599
29972653
29972967
29973094
29973818
29973959
29974155
29974241
29974342
29975699
29975911
29976465
29976646
29977786
29977837
29978820
29978888
30035107
30036333
30036394
30037208
30041540
30041563
30041612
30043721
30044324
30044537
30044741
30045587
30045961
30046964
30049732
30051672
30053550
30053995
30090084
30090749
30090759
30090794
30091306
30091657
30093851
30094458
30094693
30096674
30096881
30098194
30098441
30100015
30101022
30101343
30101398
30101584
30101686
30102104
30103159
30104256
30105343
30105481
30106863
30108043
30108101
30109709
30109836
30110315
30111607
30167754
30167948
30168089
30168107
30168879
30169644
30169714
30170064
30170560
30170736
30170944
30171049
30171432
30171509
30171780
30172022
30172180
30172491
30172599
30172894
30172976
30173036
30173037
30173092
30174293
30174303
30174507
30174785
30175401
30176686
30176704
30177810
30177879
30178272
30178353
30178621
30178987
30179458
30179605
30179724
30179760
30180402
30181323
30181766
30181991
30342640
30342761
30342958
30342959
30343039
30343233
30343303
30343488
30343527
30343755
30343800
30344016
30344202
30344449
30344805
30344983
30345088
30345149
30345490
30345724
30345981
30346003
30346550
30346955
30347075
30347817
30347917
30348061
30348074
30349121
30349214
30349754
30349954
30350185
30350378
30350491
30350579
30350611
30350662
30351161
30351162
30351704
30352153
30352345
30352577
30352972
30353143
30353197
30353258
30353281
30353283
30353406
30354487
30354641
30354765
30354898
30355432
30355703
30355747
30356300
30356903
30370464
30376934
