88153
90613
91516
92742
92912
97708
98945
103608
103819
105131
105406
107380
108672
109101
245656
246022
246499
246606
247604
247713
247790
248248
248603
248838
249100
249454
249510
249560
250047
250112
250556
250576
251208
252243
252683
253385
253417
253732
253740
254203
255288
256091
256630
256849
257204
258695
259226
259570
260452
261657
261660
262141
262419
262598
262629
263594
263688
264098
264279
264704
265034
265215
265347
265724
265966
266311
266320
267011
267426
284146
284164
284826
284970
285029
285340
285873
287317
287499
287638
287724
288068
288095
288322
288488
288567
288669
288737
288962
289189
289706
289758
290459
290584
290715
291208
291540
291616
292197
292515
292875
293035
293495
293662
293695
293994
294056
294256
294456
294699
295362
295513
295529
296084
296254
296757
296928
297199
297918
297932
298121
298243
298540
299190
299410
299911
300267
300528
300572
301018
301097
301137
301247
301441
302409
302684
303279
303427
303534
303586
303896
304027
304194
304235
304408
304631
304904
304953
305165
305286
305531
305691
305920
306029
306168
359228
359662
360318
360418
360450
360502
361198
361284
361430
361550
362143
362317
362490
362514
362819
363027
363382
363614
363994
364115
364373
364842
365859
366303
366415
366438
366571
366710
366988
367193
367263
367712
367807
367961
368738
368962
369980
370169
370275
370505
370830
370854
370882
370996
371029
371041
406096
407537
408450
408855
409863
410441
411462
411598
411799
412797
415321
416616
418207
419164
419650
419901
422196
422450
422903
423706
427623
428711
428887
428964
429015
525655
526459
526521
528328
528501
528931
529291
529600
529685
529987
531945
532049
535867
537126
539318
539844
540033
540170
541467
543414
543706
543757
544254
545866
546249
546546
546705
546742
590969
682261
682470
683070
683250
683279
683415
683767
683847
684069
684833
684859
684921
685040
685162
685668
686138
686215
686760
686925
687572
688582
688890
689260
689601
689652
689903
690434
690903
691272
691729
692530
693323
693779
693930
694164
694721
695515
695595
695820
695826
696004
696598
696918
697043
697866
698229
698596
698605
698645
698819
699197
699973
700151
700190
700251
701120
701184
701661
701676
701751
865674
865786
865910
867248
868975
869307
869407
871147
871500
873115
875506
877086
877464
1011014
1011108
1011186
1011616
1011669
1011764
1011981
1012238
1012316
1012427
1012490
1012581
1013209
1013555
1013745
1014066
1014225
1015572
1015791
1016284
1016392
1016521
1017618
1017739
1017816
1018292
1018332
1018538
1019151
1019209
1019278
1019603
1019623
1020382
1020523
1020898
1020986
1021206
1021478
1021741
1022771
1022963
1023259
1023598
1023948
1023950
1024986
1025489
1025743
1025864
1026184
1026296
1026493
1026713
1026812
1026935
1026968
1027092
1027302
1027614
1027737
1027902
1028445
1028577
1028694
1029601
1029644
1030244
1031848
1040220
1040874
1042089
1043387
1044262
1046626
1047052
1047102
1130395
1143617
1150048
1152893
1153422
1155548
1157970
1193798
1198290
1203490
1203714
1203722
1203738
1204495
1204726
1204961
1205728
1205743
1205924
1206214
1206220
1206798
1207413
1207504
1207574
1207653
1208250
1208437
1208754
1209311
1209394
1209556
1210417
1210522
1210962
1211110
1211339
1211548
1211586
1211679
1211764
1211967
1212146
1212163
1212306
1212387
1212466
1213133
1213760
1213943
1214261
1214434
1214937
1215287
1215487
1215573
1215797
1215904
1216338
1217631
1217791
1217890
1218030
1218303
1218568
1218610
1218659
1218720
1218758
1219327
1219350
1219404
1219416
1263963
1264201
1264534
1264697
1265206
1265226
1265490
1265536
1265739
1266093
1266773
1267434
1267964
1268112
1268538
1268754
1268939
1269076
1269151
1269214
1269520
1269524
1269575
1270832
1271020
1271188
1271333
1271730
1272103
1272132
1272150
1272180
1272185
1272195
1272323
1272377
1272432
1272712
1272796
1272864
1273387
1273412
1273991
1273995
1274146
1274452
1274530
1274692
1274730
1274829
1274980
1275128
1275570
1275700
1275833
1276891
1277341
1277533
1277630
1277699
1277730
1277846
1278038
1278240
1278361
1278606
1278670
1279008
1279139
1279167
1279349
1279421
1279725
1280248
1280299
1280583
1280606
1280755
1280949
1281538
1282286
1282360
1282470
1282478
1283087
1283336
1284167
1284853
1284928
1285190
1285197
1286093
1286262
1286455
1286512
1286555
1286701
1286757
1286894
1375573
1376511
1376904
1377229
1377766
1377799
1377931
1378377
1378756
1379339
1379563
1379750
1379777
1380880
1381185
1381382
1381693
1381881
1381974
1382349
1383179
1383680
1383822
1384117
1384370
1384428
1384543
1384681
1385151
1385197
1385218
1385512
1385883
1386076
1386307
1386708
1387273
1387364
1387538
1387598
1520787
1520858
1521316
1522015
1522430
1523261
1523289
1523412
1523585
1523789
1523910
1524217
1525116
1525168
1525296
1526107
1526202
1526525
1526815
1526994
1527437
1530275
1530381
1532044
1532765
1533537
1533567
1534661
1536821
1536966
1539632
1541398
1640480
1640932
1640973
1641423
1641833
1642459
1643836
1644089
1644375
1647062
1647984
1647993
1654867
1654876
1656768
1662566
1662786
1757204
1757897
1758335
1758569
1758668
1758818
1758930
1759116
1759440
1759452
1759559
1759582
1760481
1760748
1761072
1761174
1761880
1763765
1763905
1764438
1764692
1765128
1765470
1766129
1766196
1767337
1767421
1767442
1767751
1768627
1769044
1769441
1769706
1770129
1770165
1770258
1770427
1770785
1771426
1771509
1772193
1772318
1772330
1772715
1773455
1773566
1773572
1774162
1774360
1774611
1842244
1842494
1843186
1843318
1843437
1843810
1844117
1846914
1846934
1847065
1847550
1847769
1848125
1848237
1848651
1848751
1848814
1848999
1849068
1849215
1849424
1849609
1849874
1850037
1850493
1850943
1851586
1851597
1851626
1851647
1851833
1851903
1851946
1852111
1852362
1853337
1853645
1853648
1854901
1855156
1855170
1855631
1855744
1855919
1856060
1856327
1856643
1856957
1856965
1857332
1857476
1857577
1857689
1857849
1857884
1858663
1859093
1860314
1860463
1861299
1861473
1862150
1862190
1862514
1862543
1862846
1862946
1863492
1864193
1864372
2262602
2263060
2263271
2263472
2264389
2264406
2265548
2266548
2266909
2266931
2267519
2267741
2267755
2268796
2269148
2269245
2269570
2269579
2270831
2271722
2271997
2272040
2272175
2272195
2272247
2272886
2273088
2273228
2273447
2273488
2273650
2274034
2274283
2274321
2274765
2274845
2277098
2277500
2278097
2279095
2279757
2279798
2280196
2280217
2280298
2280674
2280782
2281102
2281270
2281281
2281917
2282384
2282664
2282741
2283837
2284528
2363832
2368131
2369818
2374542
2397207
2401441
2401786
2404703
2406962
2411522
2411914
2412821
2417288
2459906
2460038
2460116
2460318
2460359
2460848
2461796
2461895
2461959
2462172
2462346
2462769
2462851
2462897
2463347
2463457
2463585
2463835
2463900
2464020
2464149
2464241
2464558
2464584
2465978
2466101
2466172
2466224
2467127
2467188
2467269
2467281
2467412
2467431
2467620
2467716
2467716
2467803
2467808
2468223
2468558
2469271
2470421
2470603
2471033
2471062
2471244
2471358
2471439
2471522
2471615
2471983
2472063
2472742
2495079
2495112
2495568
2496714
2498318
2498365
2498372
2498733
2499078
2499418
2499531
2499556
2499655
2500491
2501176
2501397
2501503
2502246
2502357
2503169
2503260
2503318
2503452
2504349
2505193
2505243
2505466
2505587
2505840
2506829
2507373
2507837
2508270
2508271
2508471
2508489
2508733
2509067
2509463
2509589
2509648
2510144
2510658
2511146
2512037
2512071
2512206
2512439
2513065
2513077
2513136
2513457
2513872
2513912
2513970
2514171
2514389
2514699
2514958
2515709
2516300
2516428
2517713
2517726
2518097
2518218
2518251
2707810
2710911
2720379
2721410
2721892
2723494
2724043
2725448
2726770
2727216
2731396
2731700
2754983
2941515
2941527
2941616
2941675
2941894
2941965
2942017
2942181
2942231
2942404
2942687
2942688
2942693
2942751
2942912
2943356
2943536
2943734
2944090
2944217
2944450
2944520
2944788
2944790
2944895
2944980
2945041
2945320
2945755
2946009
2946026
2946058
2946284
2946709
2946798
2947161
2948489
2948865
2948960
2949269
2949822
2950037
2950251
2950583
2950625
2951009
2951314
2951392
2951556
2951583
2952199
2952207
2952238
2952303
2952613
2952748
2952775
2953293
2954588
2954638
2954974
2955045
2955114
2955271
2955305
2955637
2955640
2955756
2955875
2955879
2956176
2956959
2957003
2957206
2957296
2957726
2957782
2957816
2957958
2958007
2958353
2958992
2959429
2959671
2960058
2960380
2960529
2960906
2961015
3000489
3031801
3038707
3043502
3051021
3052081
3052789
3053494
3053531
3053784
3055722
3055745
3056510
3056657
3056696
3057999
3059881
3060466
3060496
3061141
3061829
3062670
3062935
3062946
3157324
3159616
3166817
3230932
3231204
3231299
3231338
3231747
3231767
3232064
3232297
3232303
3232363
3232670
3232832
3233266
3233374
3233529
3233899
3233907
3234596
3234800
3235220
3235796
3236172
3237781
3237896
3238102
3238373
3238714
3238742
3239156
3239507
3240430
3240485
3240942
3241146
3241394
3242784
3243187
3243472
3243806
3243986
3244120
3244246
3244293
3244624
3244647
3244669
3244796
3246114
3246583
3246770
3246851
3246857
3246899
3246978
3247380
3247532
3247748
3247982
3248111
3248723
3249070
3249232
3249485
3249953
3250023
3250339
3250828
3250916
3251091
3251259
3397582
3401998
3403270
3424028
3424046
3424730
3424768
3424975
3425062
3425333
3425421
3426509
3427242
3427286
3427596
3427914
3427944
3428005
3428080
3428192
3428296
3428433
3428799
3428853
3429561
3429806
3430381
3430652
3430848
3431056
3431125
3431389
3431423
3431784
3431874
3431971
3432124
3432137
3432200
3432299
3432481
3432652
3432844
3433106
3433475
3433652
3434160
3434422
3434562
3434802
3435482
3435834
3435898
3436162
3436348
3436427
3436486
3436653
3436763
3436974
3437010
3437022
3437257
3437734
3437857
3437964
3438021
3438214
3438608
3438615
3438866
3438893
3439153
3439557
3439587
3439632
3439861
3440215
3440225
3440442
3440501
3440950
3441007
3441062
3441273
3441352
3441451
3441469
3441963
3442161
3442251
3442464
3442980
3495560
3495690
3495735
3496294
3497985
3498157
3498287
3498399
3498498
3498805
3499000
3499006
3499278
3499927
3500114
3500333
3500565
3501357
3501882
3502081
3502082
3502266
3502545
3502716
3502871
3504093
3505699
3506134
3506657
3506851
3507002
3507217
3507342
3508497
3509205
3509248
3509900
3510235
3510373
3510898
3511141
3511177
3511514
3511963
3512098
3513178
3680361
3680390
3680486
3680635
3680995
3681673
3681820
3682479
3682613
3682648
3682913
3683370
3683747
3683917
3684394
3684592
3684675
3685126
3685544
3686117
3686354
3686369
3686470
3686957
3686960
3687097
3687417
3687454
3687832
3687838
3688001
3688250
3688364
3689030
3689061
3689097
3689509
3689558
3690526
3690831
3690840
3691859
3692602
3692813
3693829
3694469
3695002
3695696
3695831
3696341
3696418
3696442
3697439
3697450
3698148
3698971
3699179
3699419
3699544
3699797
3700036
3700535
3700888
3700899
3701067
3701347
3701469
3701480
3701581
3701595
3701637
3701908
3702304
3702384
3876193
3876408
3876813
3876843
3877114
3877921
3877984
3878400
3878699
3878700
3879143
3879558
3879946
3879993
3880312
3880812
3880935
3882018
3882239
3882372
3882730
3882914
3882925
3882961
3882992
3883274
3883667
3884533
3885389
3885458
3886080
3886247
3887036
3887283
3887643
3887889
3887969
3888016
3888061
3888384
3888865
3888982
3889003
3889108
3889222
3889260
3889451
3889606
3889745
3889923
3889951
3889965
3890185
3890988
3890994
3891097
3891273
3891354
3891878
3892141
3892234
3892605
3892847
3892857
3893480
3893750
3893800
4003493
4008038
4009261
4009407
4010448
4016713
4017468
4018568
4019772
4020240
4123907
4209711
4210786
4210832
4211027
4211083
4211414
4211447
4211853
4212949
4213051
4213678
4213982
4214392
4215104
4215269
4215964
4216322
4216360
4216401
4216593
4217117
4217796
4217916
4218459
4218609
4218734
4218819
4219251
4219768
4219799
4220300
4221166
4221237
4222090
4223110
4223239
4223471
4223472
4223832
4224737
4224963
4225816
4225954
4226343
4226559
4275784
4276248
4277272
4278013
4278040
4278236
4279449
4279520
4279538
4279709
4279989
4280160
4280272
4280521
4280592
4280925
4282552
4283623
4284538
4285234
4285419
4286390
4286506
4286551
4286568
4287756
4289160
4400688
4413067
4416659
4416872
4461465
4461478
4461550
4461668
4461837
4461911
4461962
4462241
4462341
4462595
4462673
4462675
4462699
4462712
4463645
4463648
4464053
4464061
4464193
4464382
4464712
4464836
4464937
4465474
4465527
4465621
4465821
4466355
4466388
4466412
4466449
4466784
4467018
4467061
4467448
4467511
4467920
4467971
4468743
4468804
4468897
4469384
4469706
4470305
4470324
4470379
4470501
4470688
4470709
4470830
4471314
4471389
4471798
4472290
4472803
4472843
4472892
4473169
4473668
4473845
4473914
4474809
4475477
4475609
4475855
4476040
4476645
4476731
4476761
4477157
4477232
4477333
4477695
4478307
4478324
4478390
4478559
4478610
4478680
4479429
4479554
4479601
4479631
4479717
4479781
4480119
4480160
4480229
4480254
4480901
4481591
4481962
4482736
4486342
4490035
4490039
4491592
4495087
4499390
4501686
4501910
4502877
4503680
4509800
4510838
4512922
4574788
4577287
4580955
4760508
4762100
4762480
4762761
4764067
4766147
4766993
4768189
4769645
4770420
4772773
4776237
4778035
4816486
4830774
4832507
4832640
4833030
4833564
4834193
4834899
4835256
4835588
4838431
4838517
4840083
4841076
4842144
4842605
4842749
4843159
4843748
4844219
4845516
4845768
4846006
4846607
4846849
4848165
4848976
4851768
4853186
4998214
4998751
4998950
4999091
4999938
4999971
5000158
5000368
5001152
5001489
5001812
5002013
5002282
5002347
5002962
5004917
5005439
5005444
5005508
5005694
5005739
5005794
5006288
5006332
5006592
5007190
5007202
5007231
5007323
5007694
5007789
5007965
5008286
5008485
5008550
5009657
5009900
5009992
5010179
5011023
5011054
5011074
5011079
5011325
5011346
5011429
5011514
5011539
5011823
5012290
5012303
5012666
5012770
5012782
5013272
5013780
5013955
5014341
5014402
5014568
5015331
5015655
5015673
5143251
5144736
5147003
5154563
5160344
5163060
5163133
5284761
5290120
5290339
5290758
5291158
5294276
5296290
5296840
5296853
5300358
5300938
5303085
5306430
5324669
5324701
5324926
5325057
5325979
5326252
5328666
5330109
5331927
5332840
5333270
5334895
5335492
5336286
5336365
5336626
5336673
5338460
5342740
5345589
5351544
5371197
5371367
5371439
5371659
5371751
5371778
5371800
5372217
5372239
5372465
5372898
5373011
5373088
5373392
5373572
5374079
5374509
5375370
5375393
5376069
5376149
5378159
5378291
5378477
5379318
5379443
5379863
5379936
5380057
5380558
5381230
5381782
5381977
5382063
5382074
5382559
5382807
5383053
5383090
5383140
5383215
5383652
5383746
5383783
5383869
5383935
5384642
5384940
5385120
5385568
5385675
5385964
5386018
5386797
5386838
5386906
5387467
5388005
5388019
5388142
5388469
5388528
5388579
5388871
5389071
5389228
5389534
5389539
5389691
5389846
5390009
5390127
5390553
5391072
5391155
5391160
5391278
5391410
5391594
5391823
5392211
5392316
5392626
5392725
5392886
5392981
5393151
5393298
5394097
5394204
5394417
5514271
5574086
5574406
5577315
5577448
5577622
5577684
5577808
5578626
5580451
5582032
5582148
5582458
5582836
5583611
5583934
5584018
5584419
5584636
5585151
5585260
5585425
5585563
5586661
5586760
5587379
5588093
5588408
5588466
5588592
5589104
5589668
5590712
5591479
5592206
5592250
5592382
5592558
5592893
5593120
5593286
5594238
5867401
5868849
5870116
5870494
5871397
5871918
5872823
5875123
5877688
5878086
5879787
5880404
5880434
5880507
5881676
5882322
5883867
5925683
5926190
5927528
5928550
5928561
5928671
5928823
5928850
5929752
5929781
5930227
5930563
5930610
5931764
5931818
5931926
5932060
5932144
5932430
5932733
5933452
5933775
5933887
5933950
5933953
5934008
5934144
5934467
5935783
5936313
5936699
5937101
5938020
5938837
5938930
5939677
5941282
5941447
5942106
5942116
5942135
5942186
5942679
6028801
6033982
6034606
6035724
6036772
6038565
6038999
6041705
6090106
6090169
6090594
6091215
6091826
6091900
6092216
6092442
6092882
6093042
6093273
6093847
6094031
6094067
6095140
6095224
6095712
6095901
6096075
6096478
6096742
6096833
6096882
6097012
6097060
6097169
6097369
6097514
6098034
6098153
6098323
6098764
6098848
6099297
6099748
6099995
6100115
6100652
6101125
6101225
6101242
6101452
6102385
6102520
6102775
6102978
6102982
6103159
6103221
6103261
6103307
6103510
6103917
6104124
6104173
6104181
6104269
6104276
6104669
6104890
6105384
6105491
6105631
6105948
6106056
6106319
6106644
6106967
6107313
6107362
6108099
6108232
6108546
6108622
6108645
6108921
6108951
6109848
6110506
6111048
6112825
6113500
6113729
6113917
6114038
6114057
6115202
6115792
6115954
6116366
6116529
6116985
6120209
6120252
6120683
6120803
6120958
6121917
6122403
6122813
6123220
6131289
6139367
6354077
6366728
6366988
6367936
6373916
6525216
6527021
6531436
6533366
6535166
6539721
6541961
6623036
6623357
6623863
6624857
6625173
6625678
6626150
6626501
6626840
6627180
6627685
6628152
6628445
6629250
6629498
6629581
6630338
6630362
6630389
6630409
6630879
6630995
6631090
6631198
6631433
6631571
6633146
6633599
6634995
6635037
6635309
6635367
6635506
6635534
6635713
6636094
6636186
6638954
6666296
6667166
6668129
6671343
6679399
6680835
6681935
6707931
6708854
6709032
6709154
6709422
6710160
6710301
6712111
6714556
6714662
6714876
6715284
6715411
6716599
6716888
6717067
6718439
6719071
6720012
6720033
6720036
6721670
6723389
6862517
6863858
6864021
6864470
6864645
6864772
6864788
6864858
6864949
6865377
6865407
6865932
6866313
6866378
6866450
6866615
6866646
6866819
6867538
6867629
6867821
6868114
6869028
6869666
6869730
6869791
6870037
6870047
6870277
6870617
6870741
6870920
6870983
6871771
6872146
6872271
6872565
6872605
6872785
6872881
6873389
6873868
6874238
6874378
6874547
6875297
6876630
6876880
6877201
6877811
6878438
6879344
6879477
6907649
6911269
6912536
6912969
6952981
6953898
6955942
6956555
6962746
7047529
7048971
7052949
7057089
7058520
7059590
7060080
7060983
7063750
7199587
7199717
7199740
7199861
7201248
7201557
7202042
7203094
7203918
7203935
7204297
7204669
7204715
7204809
7206306
7206900
7207400
7207497
7207749
7208308
7208560
7210355
7210887
7211209
7211583
7211594
7211994
7213383
7213622
7213991
7304625
7305030
7305343
7305550
7305695
7305754
7305831
7305864
7305890
7306154
7306796
7307111
7307172
7307191
7307327
7307364
7307797
7308111
7308453
7309504
7309539
7310136
7310171
7310429
7310811
7310857
7310960
7311066
7311298
7311451
7312096
7312302
7312514
7313109
7313122
7313436
7313482
7313713
7314461
7314556
7314813
7316186
7316479
7317137
7317151
7317758
7318060
7318119
7318203
7318296
7318375
7318690
7318804
7318931
7407594
7410922
7411185
7413153
7416329
7417301
7535137
7537426
7545085
7594857
7708048
7709166
7709624
7709647
7709690
7709694
7710184
7710239
7710271
7710390
7710692
7710734
7710926
7711458
7711578
7712177
7712181
7712308
7712353
7712364
7712394
7712697
7712885
7712912
7713055
7713332
7713361
7713459
7713586
7713726
7714105
7714985
7715028
7715099
7715222
7715269
7715338
7715604
7715908
7716642
7716839
7717373
7717490
7717500
7717829
7718007
7718057
7718589
7718666
7718974
7719203
7719308
7719379
7719432
7719509
7719540
7719567
7719806
7719954
7719958
7720649
7720766
7721217
7721401
7721648
7805420
7806319
7806463
7806894
7807117
7807770
7808007
7809247
7811281
7811727
7812044
7812102
7813576
7813738
7814052
7815083
7815808
7816899
7818693
7819046
7819851
7821542
7822745
7822831
7822845
7822966
7824621
7824694
7824811
7826299
7882630
7883055
7883398
7883851
7884764
7886643
7887823
7888035
7888048
7888543
7889553
7891407
7891721
7892156
7893410
7893670
7894034
7895134
7895252
8037457
8038419
8038718
8039094
8039684
8040552
8040924
8041560
8041676
8042470
8043198
8045364
8047442
8048791
8049207
8049756
8051463
8051966
8068949
8070762
8070992
8071321
8072415
8073081
8073103
8073551
8074105
8076550
8076975
8079278
8155374
8155490
8155509
8156125
8156540
8156971
8156999
8157013
8157267
8157787
8158346
8158371
8159098
8159540
8159808
8160475
8161061
8161338
8161835
8162087
8162253
8162515
8162554
8162685
8165092
8165243
8165910
8167118
8167175
8167472
8168121
8168407
8168660
8281957
8282307
8282430
8282589
8282624
8282918
8283234
8283659
8283875
8283991
8284253
8284418
8284507
8284554
8284619
8284987
8285515
8285950
8286636
8286708
8286984
8287051
8287054
8287240
8287253
8287467
8287695
8287833
8288078
8288293
8288943
8289640
8290034
8290267
8290508
8290866
8290938
8291117
8291891
8292248
8293076
8293591
8293684
8293786
8293950
8294211
8295095
8295285
8295362
8295629
8295801
8295980
8296111
8296354
8296479
8297322
8297424
8297791
8298534
8298789
8298920
8299805
8299815
8300564
8300909
8300968
8301488
8301571
8552235
8552361
8553054
8553262
8553497
8554410
8554471
8555275
8556038
8556444
8556648
8556876
8556970
8557260
8557627
8558536
8558649
8558980
8560672
8560837
8561058
8562302
8562694
8562767
8563266
8563714
8563863
8564994
8565033
8565761
8565798
8566312
8567840
8569674
8569998
8570043
8659567
8662259
8666367
8721608
8721964
8722217
8722568
8722601
8723123
8723329
8723378
8724090
8724312
8724450
8725111
8725311
8725735
8725860
8725950
8726180
8726193
8726503
8726581
8727002
8727102
8727450
8727994
8728044
8728095
8729577
8729724
8729843
8730026
8730027
8731736
8731842
8731981
8733029
8733182
8733750
8733982
8734003
8734542
8734973
8735110
8735235
8735365
8735410
8735691
8736075
8736082
8736228
8736338
8736437
8736484
8736491
8736512
8736880
8736953
8736957
8737034
8737673
8737863
8738067
8738149
8738257
8738320
8738830
8738978
8739160
8739258
8739309
8739516
8739659
8739951
8740024
8740040
8740402
8740498
8740851
8740959
8741231
8741493
8964756
8964850
8964977
8965110
8965355
8965589
8967077
8967386
8967561
8967584
8967676
8967998
8968633
8969080
8969353
8969395
8970154
8970435
8972089
8972334
8972420
8973522
8973550
8973592
8973660
8973794
8973910
8974370
8974631
8975022
8975373
8975389
8975843
8975917
8976613
8976698
8976877
8976944
8977161
8977254
8977431
8977911
8978218
8978383
8978565
8978857
8978976
8979029
8979160
8979628
8979668
8979695
8979882
8980459
8981657
8981990
8981993
8982173
8982655
9040668
9058718
9059524
9059729
9059910
9059978
9060545
9060559
9060873
9061059
9061267
9061722
9061921
9061971
9062047
9062271
9062529
9062756
9063024
9063187
9063205
9063248
9063637
9064202
9064328
9064453
9064506
9064569
9065100
9065176
9065226
9065554
9065831
9065849
9065858
9066807
9067407
9068400
9068409
9068585
9068599
9068671
9069115
9069408
9069550
9069792
9070287
9070502
9070765
9070787
9070825
9071006
9071068
9071267
9071406
9071631
9071659
9071790
9072641
9072781
9073234
9073356
9073600
9073790
9073954
9073983
9073999
9074147
9074189
9074438
9074480
9074565
9074848
9075031
9075130
9075194
9075260
9271832
9271914
9271947
9272316
9272349
9272916
9275200
9275364
9275462
9275733
9275775
9275991
9276135
9276297
9278519
9279361
9279633
9279982
9280502
9280802
9280872
9281558
9281921
9282542
9283007
9283070
9283803
9285029
9285433
9285444
9285764
9286220
9286251
9286829
9287194
9287657
9287849
9288117
9288517
9288741
9288855
9289092
9289139
9289181
9290280
9291190
9291305
9291550
9291721
9292097
9442678
9444111
9445405
9445717
9446885
9447780
9447899
9450744
9450813
9451713
9452149
9452431
9452535
9452793
9452872
9453375
9453705
9454412
9454591
9454918
9455098
9455790
9456176
9456210
9457466
9457757
9458196
9458699
9461082
9462310
9463005
9463037
9500520
9502722
9506253
9506846
9508889
9509580
9509711
9510354
9512212
9514005
9515026
9515705
9516483
9516734
9518369
9722874
9783192
9784746
9784884
9785981
9786849
9788354
9789147
9790261
9790327
9790364
9790841
9791858
9792230
9792650
9792888
9795869
9860815
9861221
9861527
9861607
9861755
9861940
9861987
9862746
9863112
9863307
9863327
9863654
9864387
9865442
9866131
9866227
9866275
9866277
9867214
9867320
9867653
9868650
9868670
9869841
9869849
9870144
9870277
9871146
9871189
9872281
9872488
9872837
9872996
9873619
9873673
9873783
9874504
9874958
9875060
9875572
9876189
9877032
9877253
9877391
9878101
9878264
9878829
9879213
9879373
10146240
10147787
10147861
10147872
10148697
10148860
10149120
10149237
10149410
10150096
10150495
10150591
10150694
10152081
10152673
10152709
10152826
10153504
10153602
10153696
10154592
10155294
10155318
10155501
10155987
10157230
10158237
10158620
10159175
10159356
10159493
10159782
10159826
10160274
10160972
10161236
10161322
10161609
10161633
10161871
10162128
10162538
10162971
10163595
10163798
10164212
10164234
10164658
10164721
10164921
10165363
10165941
10166064
10166457
10167369
10167538
10167581
10167653
10167808
10168003
10168017
10168034
10168359
10168563
10169008
10169142
10169524
10170323
10170578
10170807
10170832
10170840
10170873
10171039
10171040
10171068
10171135
10171344
10171367
10171964
10172058
10172213
10172391
10172474
10172658
10172777
10173792
10174220
10174248
10174603
10175155
10175220
10175555
10176027
10176986
10177176
10177213
10454035
10454188
10454827
10455271
10455383
10455673
10455977
10456188
10456626
10456967
10457086
10457670
10457702
10458640
10458880
10458884
10458997
10459280
10460102
10460147
10460217
10461059
10462538
10464868
10465809
10465958
10467235
10467387
10467458
10467642
10468519
10550447
10550616
10551130
10551870
10552683
10552879
10552934
10553257
10553281
10553542
10553764
10553936
10554048
10554397
10554819
10555417
10555805
10555922
10556120
10557443
10557583
10557776
10557958
10558158
10558266
10558455
10558622
10559338
10559606
10559689
10559875
10560229
10560500
10561008
10561125
10561145
10561623
10561710
10562474
10562892
10563568
10563575
10563905
10563909
10564195
10564651
10565131
10565301
10565560
10565938
10566508
10566917
10567156
10567189
10567529
10567594
10567667
10568115
10568293
10568296
10568504
10569174
10691380
10692826
10735591
10735781
10736411
10736757
10737218
10737443
10737827
10738559
10738562
10738728
10738818
10738909
10739520
10739958
10740645
10741641
10742994
10743240
10743336
10743352
10743653
10743724
10745092
10745428
10745500
10745920
10746368
10746459
10746703
10746927
10747356
10747486
10748072
10748387
10802184
10802931
10802941
10803054
10803290
10803467
10803737
10803739
10803777
10807367
10807466
10808468
10808512
10808580
10808709
10808937
10809140
10809350
10809393
10810573
10810737
10810906
10811266
10811414
10812389
10812607
10812624
10813896
10813939
10814261
10814453
10814950
10815122
10815959
10816361
10816708
10817259
10817923
10933296
10938402
10938437
10940194
10993705
10995036
10995168
10995216
10995900
10996420
10996969
10997083
10997975
10998071
10998738
10999833
10999909
11000028
11000260
11000824
11001050
11001222
11001292
11001402
11001555
11001660
11002050
11002054
11002599
11002743
11003110
11003350
11004137
11004162
11004525
11004544
11004953
11005254
11005561
11005773
11006320
11006339
11006560
11006595
11007668
11007684
11007689
11008022
11008138
11008607
11008650
11008651
11008769
11008837
11009332
11009724
11009895
11010444
11010735
11010755
11010833
11011398
11011399
11011735
11011991
11012038
11012206
11012595
11013182
11013451
11013524
11013971
11014236
11014409
11014412
11014432
11014606
11014669
11014798
11014916
11015566
11034143
11034799
11036787
11036833
11039450
11039735
11039922
11040528
11040601
11041366
11041973
11047004
11324384
11324672
11326178
11326636
11327456
11328695
11329415
11330627
11332152
11332166
11333291
11334178
11335254
11335601
11337581
11337868
11341377
11342003
11342084
11342433
11553088
11553312
11553894
11554219
11554223
11554492
11554655
11554870
11555022
11555266
11555694
11555775
11556053
11556062
11556330
11556686
11557859
11558505
11558517
11558533
11558750
11558798
11559274
11559386
11559506
11559765
11560219
11561188
11562437
11562444
11562954
11562998
11563151
11563158
11563277
11563596
11564705
11564767
11565264
11565627
11565813
11566346
11566379
11566508
11566585
11566770
11567113
11567384
11571582
11573305
11574317
11575068
11577082
11577839
11578160
11578427
11579529
11580000
11580114
11580653
11582549
11583791
11585945
11588988
11590109
11674931
11676053
11676299
11676876
11677010
11677472
11681132
11681904
11683780
11687871
11782018
11784279
11784887
11785079
11787340
11790012
11790337
11793719
11793988
11794463
11795227
11796103
11897633
12097948
12099324
12100193
12100291
12100535
12100863
12101896
12101954
12102223
12103702
12104179
12104892
12105873
12108601
12108687
12108982
12111758
12112972
12114559
12115133
12115160
12115411
12115436
12115971
12116371
12116508
12116766
12116883
12117348
12117506
12117594
12117617
12117831
12118427
12118547
12119026
12119386
12119527
12119779
12120211
12120257
12120381
12120466
12120688
12120760
12120773
12121290
12122429
12123153
12123387
12123568
12123933
12123983
12124345
12124468
12124938
12124970
12125281
12125455
12125522
12125581
12125632
12125733
12126000
12126172
12126212
12126748
12127764
12128120
12129144
12129149
12129677
12129927
12130282
12200027
12201111
12202303
12202350
12203447
12204290
12204919
12205254
12205503
12205571
12205834
12206061
12206141
12206372
12206949
12206993
12208745
12208887
12209006
12209453
12209600
12210324
12210590
12210614
12210883
12211444
12211462
12211747
12211772
12212013
12212339
12212561
12212634
12212654
12212821
12212876
12213215
12214285
12214619
12214673
12215484
12215700
12215721
12215752
12215892
12216078
12216376
12217160
12217193
12217246
12217331
12217347
12218057
12218169
12219770
12224105
12224262
12345589
12346453
12346747
12349002
12349636
12350221
12351761
12351934
12354177
12357116
12409768
12409945
12411089
12412111
12414546
12414777
12415912
12416374
12417512
12419211
12419503
12420069
12423023
12636706
12637021
12637353
12638230
12638411
12638807
12638879
12639016
12639227
12639810
12639878
12639939
12640322
12640857
12640864
12641112
12642594
12642719
12643472
12643833
12644047
12644657
12644702
12645158
12645697
12645776
12646151
12646862
12646896
12647065
12647233
12648285
12648829
12648952
12648999
12649432
12649612
12649819
12649991
12650056
12650344
12650644
12650707
12651431
12651553
12651694
12651725
12651924
12652286
12652411
12652449
12652872
12653075
12653149
12653169
12653910
12654230
12654522
12654794
12655039
12655824
12655876
12655954
12656478
12657547
12657682
12657728
12657747
12657750
12657989
12658567
12658604
12797544
12797831
12798436
12802742
12805208
12806334
12806827
12807520
12809799
12912798
12913241
12914226
12916622
12920001
12920461
12921433
12921925
12923024
12924020
12925419
12989893
12990630
12992041
12992159
12992451
12992534
12992627
12992697
12992725
12992780
12992907
12993010
12993103
12993128
12993594
12993884
12994111
12994781
12994961
12995027
12995107
12995367
12995663
12995773
12995992
12996094
12996912
12996996
12997146
12997444
12998163
12998345
12998872
12999321
12999745
12999889
13000416
13000561
13000690
13000926
13001555
13001693
13001969
13002128
13002481
13003234
13003342
13003527
13003766
13004161
13004386
13004736
13004996
13005774
13005832
13005983
13006040
13006312
13006327
13006407
13006425
13007161
13007407
13008110
13008186
13008450
13008771
13112018
13112066
13112149
13112305
13112579
13112692
13113041
13113319
13113354
13113619
13113786
13113888
13114054
13114529
13114549
13115084
13115427
13115640
13116381
13116392
13116406
13116657
13116789
13117221
13117334
13117415
13117500
13117855
13118100
13118119
13118399
13118523
13118933
13118943
13119007
13119253
13119469
13119515
13120034
13120070
13120313
13120643
13120647
13120710
13120801
13120806
13121088
13121407
13121639
13121904
13122091
13122205
13122469
13122502
13123507
13123593
13123794
13123930
13123950
13124019
13124318
13124560
13124778
13124865
13124911
13125327
13125341
13125413
13125667
13125899
13126371
13127065
13127288
13127797
13128252
13128266
13128299
13128318
13128357
13128589
13128592
13128750
13128830
13128876
13128911
13129090
13129600
13129772
13129914
13130092
13130209
13130310
13130394
13130519
13130523
13130903
13131361
13132152
13132243
13132295
13132362
13132536
13201877
13201898
13202221
13202501
13202673
13203130
13203702
13204414
13204687
13205032
13205230
13205240
13205720
13206670
13206682
13206863
13207000
13207282
13207326
13207566
13207873
13208291
13209441
13210086
13210233
13210327
13210962
13212297
13212451
13212654
13212743
13212963
13213529
13239618
13240563
13244922
13247334
13302438
13304561
13306001
13306551
13309439
13310114
13313450
13315091
13315413
13315463
13315705
13323281
13453126
13459708
13462845
13496156
13496166
13496641
13496663
13497289
13497559
13497655
13498395
13498819
13499139
13499266
13499346
13499485
13499997
13500581
13500618
13500974
13501121
13501246
13501736
13501826
13501875
13501945
13502060
13502181
13502380
13502396
13502887
13503232
13503300
13503306
13503325
13503445
13503483
13503541
13504072
13504469
13504480
13504592
13504876
13505106
13505247
13505332
13505430
13505478
13505605
13505991
13506851
13506897
13506939
13508320
13508757
13508995
13509109
13509121
13509266
13509468
13509545
13509640
13509892
13510024
13510779
13510842
13510853
13511034
13511342
13511809
13512046
13512284
13512592
13512787
13512838
13512955
13513047
13514130
13514302
13514518
13514565
13571835
13572138
13572170
13572674
13572921
13572987
13572996
13573451
13573515
13573592
13573875
13573956
13574545
13574554
13574872
13575003
13575692
13575965
13576417
13576559
13576647
13576710
13578374
13578401
13578563
13578594
13578770
13579747
13580021
13580141
13581181
13581217
13581248
13582099
13582391
13582436
13582497
13582904
13583011
13583880
13641182
13641681
13641710
13642778
13643535
13643706
13644081
13644355
13644545
13644969
13644981
13646167
13646670
13647992
13648490
13649085
13649337
13649556
13650429
13650531
13650713
13650736
13651260
13651281
13652924
13654767
13655623
13656092
13658321
13658902
13658917
13659938
13660000
13660264
13660677
13660905
13661270
13661328
13661803
13661847
13661897
13662214
13662468
13747020
13747562
13748030
13748558
13748789
13749267
13749496
13749742
13750144
13751051
13751412
13751916
13752445
13752672
13752918
13753171
13753767
13753797
13754440
13754816
13754834
13755410
13755524
13755770
13755994
13756172
13757058
13757074
13757226
13757298
13757308
13757501
13758593
13759065
13759081
13759381
13760068
13760298
13760492
13761090
13761124
13761461
13761696
13762331
13762345
13762528
13762749
13764787
13764902
13764920
13765921
13766242
13766982
13767038
13768066
13768476
13768736
13768844
13769839
13769880
13769957
13770159
13771635
13771781
13771971
13772287
13772343
13772574
13773007
13773309
13773603
13773652
13773799
13774192
13774212
13774401
13774457
13774742
13775024
13775152
13775586
13776095
13776320
13776572
13776731
13777222
13778309
13778854
13779241
13779246
13779414
13779437
13779473
13779479
13779548
13780321
13780397
13780525
13781055
13781870
13781922
13782296
13782494
13782663
13783012
13783188
13783994
13784406
13784601
13784938
13785105
13785376
13785579
13785858
13785979
13786012
13786408
13786959
13787042
13787586
13787595
13787746
13788264
13788324
13788657
13788939
13789021
13789297
13789527
13789762
13790051
13790247
13790425
13790897
13791015
13791235
13791395
13791586
13791641
13791660
13791685
13791723
13791740
13792181
13792200
13792434
13792659
13792671
13794006
13794084
13794220
13794568
13794859
13795009
13795055
13795256
13795736
13852537
13852594
13853119
13853562
13853644
13853646
13853756
13854464
13854493
13854495
13854829
13855349
13856047
13856630
13856677
13856810
13857199
13857324
13858750
13858894
13859008
13859189
13859193
13859221
13859976
13860037
13860165
13860172
13860464
13860545
13860654
13860686
13861179
13861340
13861384
13861453
13861469
13861966
13862098
13862243
13862967
13863008
13863107
13863248
13863504
13863655
13863726
13864064
13864131
13864217
13864402
13864754
13864861
13865201
13865727
13865863
14062726
14062808
14063205
14064029
14064035
14064757
14064762
14064875
14064949
14065189
14065258
14065442
14065877
14066271
14066666
14067041
14067060
14067129
14067250
14067316
14068006
14068913
14069030
14069074
14069784
14069818
14069944
14070518
14070577
14070683
14071078
14071287
14072679
14072751
14072972
14073389
14073720
14074168
14074249
14074739
14074972
14075202
14075289
14075324
14075477
14076120
14076926
14077063
14078058
14078131
14078569
14079103
14079461
14079478
14079926
14080104
14080134
14081361
14081472
14081807
14081958
14082131
14082349
14082439
14083148
14083584
14083658
14084109
14084231
14084385
14084492
14084665
14084753
14085480
14085526
14086332
14086657
14086985
14087204
14087722
14088078
14088497
14088639
14088659
14089085
14090202
14090215
14090786
14090887
14091007
14091524
14092882
14093936
14093954
14094344
14094616
14094722
14094954
14095507
14095564
14095740
14096054
14096105
14096371
14096474
14096601
14097181
14097363
14097412
14097801
14098192
14098969
14139948
14140647
14140919
14141503
14141710
14143226
14143276
14143527
14145441
14145502
14145970
14146113
14146858
14147190
14149407
14150267
14151976
14172344
14172404
14172523
14172969
14173258
14173435
14173860
14173933
14174097
14174293
14174314
14174390
14174700
14174983
14175040
14175399
14175501
14175915
14176005
14176851
14177041
14177193
14177205
14177341
14177765
14177846
14177948
14178139
14178939
14179003
14179200
14179558
14179612
14179686
14179758
14179916
14180158
14180204
14180282
14180298
14180634
14181235
14181416
14181475
14181515
14182540
14182608
14182664
14182715
14183583
14183714
14183790
14183887
14184078
14184243
14185275
14185812
14186095
14186350
14186361
14186860
14187490
14187496
14187692
14188723
14189220
14189653
14189906
14190130
14190178
14190468
14190975
14191435
14191852
14191854
14191902
14191992
14192078
14192165
14192319
14192390
14212366
14213193
14215979
14221260
14222324
14225551
14227671
14228008
14228440
14232465
14354083
14354145
14354237
14354423
14355198
14355630
14355760
14356032
14357615
14357854
14359398
14359608
14359703
14360110
14360238
14360454
14360510
14360690
14360728
14361069
14361899
14361962
14362261
14362542
14363755
14364165
14364514
14364909
14365411
14366093
14367101
14367560
14368715
14395000
14401272
14401350
14401903
14439449
14439480
14439562
14439928
14440004
14440160
14440919
14441001
14442278
14443375
14443494
14444098
14444923
14445278
14445449
14445487
14445507
14445594
14445778
14446125
14446338
14446798
14446821
14446993
14447776
14447934
14448459
14450236
14450305
14450772
14451294
14451644
14452388
14452531
14489925
14490128
14490496
14490504
14490563
14490682
14491731
14491748
14492094
14492248
14492251
14492488
14492522
14492690
14492772
14492902
14492944
14493112
14493122
14493422
14493443
14493476
14494373
14494484
14494785
14494857
14494906
14495065
14495307
14495410
14495623
14495660
14495998
14496271
14497002
14497152
14497228
14497735
14497886
14497970
14498272
14498373
14498524
14498629
14498727
14498875
14499076
14499119
14499191
14499212
14499313
14499536
14499597
14500034
14500372
14500918
14501353
14501355
14501476
14501743
14501792
14502366
14502405
14502507
14502937
14503400
14503488
14503782
14504183
14504723
14504967
14505024
14505089
14505801
14505897
14505965
14505971
14506180
14506313
14506793
14506909
14507261
14508724
14508832
14508848
14508974
14509118
14509187
14509234
14509820
14510181
14510235
14510503
14510745
14510824
14510982
14511199
14511629
14511673
14511804
14512324
14512333
14512615
14512726
14512782
14512888
14512906
14512912
14513008
14574991
14575151
14575398
14575444
14575535
14575747
14576217
14576697
14577229
14577363
14577455
14577466
14577483
14578359
14578386
14578420
14578672
14578815
14579080
14579772
14579892
14579921
14580075
14580309
14580443
14580704
14580818
14581290
14581765
14581875
14582071
14582463
14583549
14583708
14584042
14584322
14584558
14584772
14584803
14585098
14585135
14585416
14586149
14586292
14586461
14586512
14586571
14586686
14587043
14587117
14587214
14587416
14588000
14588174
14588231
14588490
14588843
14588861
14588863
14589295
14589436
14629578
14629908
14630044
14630215
14631193
14631415
14631477
14632039
14632536
14633184
14633467
14633963
14634009
14634685
14634770
14634803
14635412
14635798
14636506
14636836
14637606
14638337
14638505
14639573
14639879
14640109
14640934
14641409
14641442
14641619
14641638
14641852
14642072
14642459
14642765
14643073
14643103
14643405
14644194
14644689
14644763
14645043
14645157
14645672
14647005
14647245
14647248
14647287
14647449
14647684
14647749
14647897
14648154
14648912
14649063
14649240
14649272
14649378
14649407
14649690
14650225
14651159
14651488
14652124
14652191
14652381
14652404
14652580
14652731
14652749
14652815
14652835
14652979
14653024
14653337
14653857
14653978
14654088
14654637
14654947
14655235
14655492
14655841
14655895
14656402
14656465
14656595
14657190
14657818
14658865
14659274
14659717
14659938
14660118
14660392
14661387
14661451
14661457
14661836
14662721
14662891
14663222
14663233
14663297
14663347
14663514
14663587
14663675
14663751
14663836
14663865
14664031
14664850
14664940
14665074
14665256
14665419
14665543
14665550
14665759
14665784
14665971
14666063
14666289
14666673
14666702
14666744
14667203
14667487
14668176
14668821
14668915
14669670
14669804
14670277
14670610
14670719
14670736
14670829
14671038
14671101
14671435
14671740
14671745
14672070
14672599
14673798
14673881
14673931
14674300
14674746
14675500
14675976
14676350
14676593
14676783
14677469
14677483
14677579
14677686
14677767
14678394
14678649
14679851
14693871
14694252
14695888
14695932
14696034
14696575
14698311
14698470
14698928
14700622
14701424
14702439
14702503
14702515
14702637
14703030
14704463
14708812
14708993
14709076
14709493
14710086
14714563
14714815
14782344
14782771
14783226
14783231
14784065
14785618
14788090
14791016
14792587
14792733
14794749
14796049
14824368
14824915
14825080
14825641
14826460
14827860
14828826
14829489
14830577
14830805
14831756
14832093
14832261
14832268
14832697
14832724
14833982
14834269
14834409
14834426
14835402
14835498
14835609
14835835
14838004
14981568
14981666
14981739
14982009
14982184
14982308
14983149
14983343
14983452
14983506
14984206
14985105
14985244
14985533
14985537
14986034
14986842
14987331
14988010
14988982
14989259
14989612
14989834
14989846
14990090
14990558
14990649
14990873
14991219
14991976
14992053
14992302
14992389
14992394
14992757
14992894
14993060
14993134
14993277
14993892
14994089
14994977
14995283
14995488
14995587
14995769
14996663
14996776
14997051
14997192
14997400
14997420
14997725
14998127
14998823
14998858
14999022
14999202
14999804
15000131
15000319
15001893
15002179
15002356
15002423
15002428
15002566
15003122
15003180
15003303
15003361
15004692
15004910
15006169
15006326
15006652
15006755
15006775
15007097
15007604
15008343
15008506
15008603
15009705
15010050
15010653
15010713
15010805
15011038
15011609
15011765
15011796
15011813
15011819
15012677
15013576
15015091
15016028
15016866
15017000
15017120
15017137
15017184
15017569
15018126
15023359
15023833
15025949
15027617
15027638
15029728
15029939
15030119
15030229
15030505
15030607
15030913
15031099
15031146
15031220
15031242
15031302
15031384
15031425
15031831
15032214
15032397
15032612
15033280
15033326
15033542
15033751
15033886
15034238
15034371
15035754
15036545
15037049
15037242
15038092
15038594
15039822
15039992
15040013
15040264
15040274
15041651
15041657
15041677
15041776
15041800
15041907
15042050
15042405
15042496
15042804
15042825
15042932
15043014
15043403
15043600
15043692
15043705
15044207
15044733
15045406
15045798
15046013
15046672
15047258
15047537
15047661
15047859
15048002
15048024
15048201
15048278
15127869
15127896
15128376
15128650
15129793
15130471
15130637
15131950
15132074
15132258
15132302
15132686
15133031
15133569
15133856
15133965
15134201
15134263
15134720
15135124
15135240
15135308
15135824
15135907
15136273
15137482
15137765
15137882
15138141
15138263
15139064
15139085
15139177
15139505
15139771
15139819
15139950
15140057
15140217
15140633
15140820
15140986
15141063
15141606
15141790
15142092
15142241
15144892
15147218
15151736
15151848
15152349
15155717
15157613
15159207
15161906
15162279
15162718
15163244
15163882
15164204
15164460
15165479
15165554
15166130
15166142
15166500
15166847
15167191
15167278
15167326
15167415
15167603
15167759
15167768
15168034
15168201
15168234
15168572
15168712
15169064
15169607
15169669
15169739
15169750
15169767
15169922
15170003
15170040
15170590
15170776
15170790
15171005
15171713
15171725
15171738
15171860
15172187
15172338
15172891
15173367
15173503
15173612
15173767
15173938
15173943
15174091
15174482
15174520
15174765
15175381
15175549
15175562
15175726
15176486
15176882
15177723
15181825
15182106
15182399
15182726
15183257
15186241
15186719
15186849
15188303
15189822
15191817
15193650
15196180
15197373
15238473
15271832
15272174
15274487
15276593
15277804
15278167
15278168
15278772
15279956
15280075
15280435
15281922
15284212
15284703
15307779
15307788
15307794
15307844
15307974
15308057
15308225
15308323
15308818
15309034
15311487
15312324
15314122
15314314
15314632
15314794
15314884
15314914
15314931
15315668
15315863
15316112
15316229
15316415
15316749
15317881
15318253
15318903
15318919
15319162
15319460
15319727
15320100
15320155
15320385
15321514
15321613
15321688
15341026
15341998
15342361
15342772
15344950
15345381
15346748
15347590
15349066
15349234
15349443
15353199
15353685
15354853
15354945
15356808
15382766
15431203
15431660
15431688
15432272
15433085
15434187
15434609
15435209
15436403
15437069
15437087
15437102
15437316
15437704
15438463
15438723
15438993
15439071
15439368
15439784
15439879
15440026
15440416
15440432
15440463
15441059
15441193
15441335
15441425
15441526
15441600
15442011
15442113
15442797
15443582
15465803
15466236
15466657
15467312
15467427
15467493
15468008
15468506
15468743
15468750
15468815
15469457
15469473
15469497
15469563
15469705
15469926
15470476
15470699
15470766
15470865
15471483
15471842
15472260
15472495
15472589
15472739
15473098
15473360
15473436
15474117
15474432
15474447
15475478
15475665
15475733
15476362
15476413
15476450
15476684
15476698
15477029
15477567
15478624
15478632
15479165
15479704
15479716
15481323
15481447
15481599
15481725
15481820
15482053
15482777
15484304
15484318
15484960
15484970
15485061
15485368
15485533
15486175
15503848
15524202
15525256
15527238
15527607
15535580
15538082
15538835
15541302
15541419
15542360
15615910
15648301
15648465
15648540
15649660
15649837
15649914
15650112
15650342
15650726
15650762
15650964
15651081
15651193
15651301
15651486
15652051
15652197
15652632
15652646
15652851
15653066
15653086
15653248
15653562
15653711
15653982
15654034
15654159
15654421
15654460
15654490
15654713
15654982
15655264
15655627
15655676
15655705
15655800
15656165
15656757
15656873
15657134
15657913
15658327
15658400
15658625
15658760
15658840
15660118
15660161
15660217
15660327
15660337
15660466
15660493
15660682
15660710
15660758
15660941
15660953
15661164
15661936
15661961
15662374
15662872
15663381
15663999
15664066
15664300
15681739
15681851
15682694
15682793
15683444
15684381
15684847
15685625
15686273
15686399
15686540
15686684
15687153
15687479
15687947
15688932
15689313
15689482
15689534
15689629
15689873
15690253
15690343
15690490
15690504
15690916
15691769
15691912
15692147
15692770
15693132
15693591
15693707
15693736
15693788
15694101
15694328
15694776
15695042
15695444
15695510
15695560
15695927
15696271
15696578
15696613
15696729
15696865
15697036
15697273
15697326
15697602
15698145
15698479
15729044
15729709
15729817
15731659
15732256
15732323
15732479
15732825
15732931
15733949
15734046
15734543
15734820
15735480
15736168
15736554
15737326
15737714
15737779
15738006
15738181
15738394
15738451
15738862
15739079
15739093
15739319
15739374
15740000
15740249
15740688
15740696
15740829
15741121
15741239
15741581
15741825
15742252
15742951
15743038
15743326
15743351
15743422
15743423
15743424
15744312
15744619
15744662
15744819
15745577
15745815
15799587
15800127
15800433
15800535
15800774
15800973
15800983
15801377
15803158
15803559
15803819
15804023
15804060
15804396
15805007
15805080
15805229
15806354
15806438
15806568
15806595
15806783
15806864
15806961
15807365
15808520
15808553
15808919
15809344
15809389
15809925
15810049
15810682
15810857
15810928
15811048
15811273
15811313
15811579
15811641
15812041
15812291
15812497
15812956
15813456
15813834
15814086
15814117
15814344
15814486
15815274
15815668
15816045
15816316
15816534
15817139
15817430
15818421
15818711
15818937
15819389
15866300
15867214
15867769
15867857
15868727
15868737
15870065
15871179
15871959
15872090
15872291
15872430
15872483
15872515
15873363
15873578
15874063
15874613
15874650
15874893
15875955
15876121
15876224
15876381
15876828
15876899
15877190
15877414
15878078
15878160
15878243
15878714
15879069
15879363
15879434
15879563
15881034
15881063
15881133
15881412
15881584
15881924
15882292
15882347
15884072
15885216
15885312
15885482
15885540
15886212
15886283
15886743
15886794
15886850
15887218
15887674
15887931
15888433
15888934
15889835
15894995
15897861
15899170
15902798
15904089
15947649
15947962
15948032
15948275
15948955
15949053
15949371
15949513
15949760
15950310
15950515
15951044
15951094
15951306
15951366
15951602
15952081
15953442
15954406
15954845
15954867
15955011
15955346
15955448
15956266
15956496
15956610
15956646
15957397
15958429
15959171
15959186
15960386
15961344
15961827
15961982
15961993
15962133
15962591
15963179
15964186
15964825
15965233
15966006
15967015
15967583
15967710
15968159
15968363
15968375
15968722
15970000
15970047
15970177
15970783
15971619
15973341
15973352
15974486
15974551
15974616
15975113
15975282
15975647
15975928
15976103
15976446
15976669
15976979
15977151
15977455
15978186
15979254
15980233
15980833
15981471
15982556
15983875
15983981
15984052
15984221
15984851
15985820
15986492
15986590
15987590
15987810
15988209
15989576
15991264
15991471
15994828
15998654
15999285
15999338
15999665
15999984
16000184
16000361
16000630
16001004
16004498
16004637
16005714
16006413
16007275
16057625
16058672
16060425
16060587
16061900
16065165
16067772
16068593
16069946
16101982
16102546
16102707
16103634
16103813
16104124
16104466
16104753
16104900
16107596
16108127
16108565
16108842
16110065
16110572
16110573
16110583
16110840
16111463
16111780
16111784
16112884
16114180
16114408
16114597
16115506
16115627
16116003
16116631
16117150
16117224
16117940
16118259
16118476
16118520
16118691
16119804
16119991
16119995
16120204
16120618
16120715
16120984
16121345
16121706
16122067
16122156
16122521
16123331
16123679
16123803
16124232
16125152
16125619
16140591
16141625
16142548
16143057
16143147
16144212
16145502
16146332
16150576
16152884
16154831
16155192
16155719
16157971
16172869
16173700
16173907
16174197
16174497
16174745
16175028
16175936
16176070
16176080
16176245
16176283
16176309
16176459
16176773
16177375
16177711
16178021
16178364
16178764
16179360
16179616
16179760
16179786
16179845
16179889
16180338
16180751
16180804
16180868
16181112
16181439
16181520
16181674
16181819
16181846
16181935
16182031
16182360
16182413
16182687
16182697
16182897
16183148
16184286
16184335
16184641
16184666
16184735
16184846
16184926
16185232
16185449
16185504
16185687
16186002
16186093
16186203
16186614
16186697
16186764
16186803
16186853
16187337
16187847
16281292
16281443
16281646
16281699
16282094
16282162
16282292
16282390
16282873
16283192
16283497
16283536
16283867
16285052
16286170
16286356
16286423
16286576
16286581
16288025
16288089
16288266
16288730
16288874
16289831
16290019
16290024
16290344
16290686
16290936
16291026
16291309
16291903
16291961
16292714
16292815
16292958
16293349
16293666
16293694
16293790
16294237
16294389
16294402
16294722
16294858
16294902
16295173
16295232
16295750
16296183
16296327
16297032
16297548
16297573
16297661
16297767
16298613
16298845
16298963
16386008
16387087
16387589
16387960
16388109
16389051
16389063
16389365
16389915
16390703
16390942
16391618
16391807
16392330
16393015
16393015
16393071
16393496
16393908
16394498
16394572
16394617
16395050
16395619
16395948
16396164
16396244
16396460
16396574
16396962
16396962
16397118
16397227
16397523
16398136
16398509
16398962
16399105
16399108
16399416
16399826
16399894
16399964
16400173
16400596
16400915
16401231
16401608
16401839
16402373
16402595
16403014
16403170
16403211
16403227
16403261
16403747
16403812
16403864
16404609
16405222
16405462
16405577
16405658
16405698
16405792
16406390
16406957
16407149
16458451
16459297
16460929
16462337
16464373
16465648
16466617
16467622
16468622
16468706
16469742
16470455
16471912
16471926
16472650
16473625
16474642
16474811
16474944
16475555
16475559
16475598
16476129
16476148
16476210
16476488
16476530
16476781
16477150
16477638
16477664
16477819
16477824
16478189
16478384
16478418
16478421
16478588
16478754
16478791
16478938
16479206
16479302
16479453
16479490
16479589
16479619
16479908
16480068
16480469
16480516
16480646
16481051
16481453
16481642
16481644
16481907
16482091
16482601
16482608
16482687
16482716
16482749
16482785
16483320
16483551
16483616
16483917
16484051
16484165
16485090
16485845
16485958
16485963
16486117
16486576
16486594
16486693
16486725
16486795
16487345
16487483
16487549
16487807
16488119
16488278
16488302
16488426
16488503
16488505
16488527
16489085
16489215
16489282
16489404
16489469
16489488
16489585
16489663
16489862
16490188
16490596
16490939
16490950
16491163
16491845
16492033
16492476
16492566
16492795
16492827
16493304
16493585
16493660
16493766
16494019
16494161
16494599
16494990
16495199
16495805
16495939
16496365
16496444
16496594
16496641
16496738
16496847
16497739
16497850
16498294
16498716
16538464
16539168
16539751
16540046
16540716
16540779
16541438
16541510
16541560
16541988
16542323
16542653
16542874
16543015
16543082
16543895
16543969
16545054
16545200
16545393
16545790
16546188
16546454
16546832
16546909
16547068
16547391
16547591
16547940
16548853
16549268
16550058
16550231
16550460
16550462
16550748
16551202
16551992
16595083
16595244
16595573
16595633
16596752
16597484
16597501
16597978
16598856
16598870
16599533
16599596
16600800
16600830
16602787
16603504
16603718
16604264
16604512
16604524
16604530
16605063
16606632
16606870
16609057
16611051
16611634
16611954
16613156
16679008
16681617
16682399
16800380
16801949
16801970
16802438
16802713
16803438
16804001
16805284
16805402
16805471
16807295
16807331
16807521
16808481
16808889
16809264
16809915
16810110
16810533
16812415
16812541
16816704
16817925
16818767
16819746
16822614
16823715
16824196
16824850
16825840
16829852
16857995
16859870
16863851
16865709
16866503
16875995
16949412
16949992
16953690
16954031
16955480
16955846
16965543
17007087
17007842
17007923
17007975
17008013
17009359
17009663
17009667
17010029
17010091
17010196
17010203
17010477
17010994
17011012
17011167
17012096
17012218
17012457
17012765
17013124
17013395
17013915
17014526
17014758
17014840
17014871
17015178
17015480
17015823
17015858
17016025
17016354
17016876
17017003
17017112
17017420
17018086
17018235
17018326
17018462
17018903
17019011
17087884
17160835
17172922
17177240
17177259
17177346
17177461
17178142
17178311
17178401
17178651
17178787
17179279
17179469
17179469
17179566
17179649
17180674
17180969
17181342
17181869
17181881
17182449
17182456
17182715
17182825
17183618
17183976
17183990
17184141
17184237
17184298
17184449
17184651
17184811
17184917
17184920
17184972
17185093
17185635
17185798
17186029
17186043
17186649
17186769
17186805
17187476
17187837
17187877
17187913
17187983
17188121
17189041
17189277
17189612
17189930
17190033
17190250
17190348
17190397
17190475
17190529
17190855
17190875
17191291
17191718
17191871
17191984
17192101
17192524
17192845
17193026
17193095
17193139
17193312
17193502
17193643
17193851
17193859
17193864
17194420
17194508
17196090
17196347
17199171
17199361
17199830
17201967
17203538
17205137
17205174
17205394
17206338
17206980
17209264
17209476
17209888
17213449
17216618
17452568
17453606
17454181
17454219
17454228
17454304
17454630
17455452
17456561
17457332
17457345
17458165
17459363
17460465
17460468
17460607
17462118
17462251
17462497
17463502
17463654
17463802
17464754
17465077
17467018
17467160
17467453
17468678
17468970
17469197
17469315
17469365
17469605
17470180
17470277
17471063
17472054
17472662
17473065
17473382
17473421
17473573
17473699
17474220
17497954
17497968
17498024
17498329
17498385
17498589
17498975
17499138
17499689
17499726
17499795
17499926
17499933
17500005
17500217
17500281
17500363
17500664
17500672
17501713
17501963
17502277
17502405
17502926
17503013
17503139
17503199
17503315
17503398
17503423
17503459
17503618
17504096
17504426
17505052
17505080
17505238
17505252
17505954
17506011
17506297
17506517
17506637
17506952
17507249
17507997
17508189
17508542
17508602
17508849
17508914
17508917
17509517
17509606
17509656
17509810
17510115
17510305
17510966
17510998
17511084
17511532
17810192
17915334
17915621
17915775
17916021
17916043
17916363
17916376
17916446
17916482
17917068
17917165
17917510
17917658
17917715
17918350
17918813
17919126
17919171
17919660
17919865
17919985
17920144
17920168
17920171
17920647
17920675
17921053
17921090
17921282
17921405
17921762
17921814
17922727
17922827
17923142
17923724
17923977
17924366
17924834
17925242
17925361
17925423
17925844
17926120
17926319
17926677
17926893
17927343
17927363
17927390
17927454
17928298
17928498
17930309
17930326
17930482
17930658
17931191
17931197
17931270
17931314
17931606
17931770
17931780
17932154
17932407
17932448
17932453
17932831
17933243
17933294
17933486
17934201
17934495
17934645
17934758
17934777
17934974
17935083
17935232
17935368
17935629
17936022
17936333
17936724
17936916
17937382
17937843
17937907
17938128
18043590
18044730
18045381
18046771
18048840
18058165
18105473
18105729
18105984
18106748
18106761
18107113
18108386
18108554
18108686
18108944
18109068
18109409
18109890
18109944
18110390
18110559
18110620
18110736
18112202
18112489
18112736
18112877
18113555
18113719
18113917
18114320
18114445
18114821
18114966
18115444
18115623
18115634
18116278
18116742
18117267
18117895
18118058
18118177
18118209
18118308
18119224
18119599
18119841
18120075
18120549
18120661
18120693
18120945
18121329
18121816
18245811
18246343
18345031
18345808
18345999
18346697
18346777
18346900
18347038
18347796
18348123
18348437
18348565
18348711
18349418
18350389
18350537
18350694
18350792
18350876
18351368
18351987
18352521
18352590
18352601
18352853
18352976
18353384
18353435
18353579
18354124
18354210
18354766
18354800
18354884
18355314
18355950
18356232
18356369
18356476
18357065
18357108
18357121
18357125
18357369
18357974
18358388
18358408
18358486
18358844
18359703
18360364
18360411
18361111
18361623
18362121
18362340
18362411
18362580
18362630
18362675
18363287
18363529
18363762
18363821
18364043
18364167
18364253
18364626
18364863
18365848
18409753
18413170
18415551
18458311
18465134
18617597
18618245
18618730
18618901
18618956
18619086
18619251
18619413
18620358
18621019
18621143
18621723
18621748
18621832
18622526
18622615
18623164
18623556
18623781
18623883
18624270
18624999
18625252
18625458
18625489
18625580
18625955
18625975
18627406
18627665
18627905
18627936
18628015
18628565
18628577
18629116
18629658
18629707
18630438
18632389
18633197
18633249
18633646
18635257
18635648
18636280
18638440
18638522
18638889
18641049
18641384
18641544
18642052
18642330
18642387
18643266
18643291
18643901
18645152
18645527
18646874
18728701
18730137
18732106
18732192
18734154
18734464
18736815
18738829
18740418
18742696
18743486
18745064
18749221
18793941
18794068
18794209
18794210
18794649
18794833
18795595
18795827
18796167
18796901
18796946
18797601
18798443
18798496
18798564
18798730
18798793
18799101
18799258
18799675
18799927
18800625
18800896
18801021
18801193
18801474
18802088
18802182
18802433
18802588
18802897
18803013
18803546
18803586
18804545
18804560
18804598
18805116
18805119
18805278
18805934
18806220
18807100
18807508
18807876
18807931
18808682
18809085
18809361
18809797
18810125
18811142
18811486
18811721
18812340
18835664
18835876
18836718
18933783
18934969
18935325
18935925
18936259
18936308
18937233
18937845
18937942
18937943
18938521
18939254
18939256
18939677
18940315
18940998
18941508
18942372
18942528
18942564
18943373
18943380
18943473
18943540
18945231
18945496
18963955
18964685
18964777
18965054
18965076
18965274
18965548
18966027
18966223
18966280
18966345
18966852
18967313
18967477
18967479
18967779
18968151
18969011
18970063
18970124
18971126
18971254
18971431
18972310
18972427
18972641
18972694
18973303
18973615
18973988
18974097
18974429
18974659
18974969
18975152
18975666
18976308
18976562
18976908
18977313
18977318
18977661
18977803
18978031
18978086
18978345
18978847
18979072
18979615
18979635
18979715
18979755
18980196
18980325
18980449
18980779
18980807
18981069
18981249
18981349
18982251
18982435
18983065
18983904
18983993
18984406
18984545
18984611
18984725
18985236
18986059
18986363
19052413
19053595
19053953
19054878
19054947
19056033
19056136
19056363
19057325
19057830
19058139
19058865
19059027
19060857
19061545
19061922
19061997
19061998
19062131
19062942
19063221
19063269
19063893
19064471
19064889
19065188
19065338
19065427
19065650
19066048
19067567
19067693
19068094
19068138
19068478
19070178
19071685
19212887
19213100
19213317
19213464
19214291
19214657
19214949
19215122
19215384
19215675
19215781
19216854
19217494
19218947
19219067
19219104
19219797
19220928
19221694
19221823
19223312
19223880
19224792
19225248
19225639
19225771
19227603
19227630
19227761
19227932
19228222
19228539
19228768
19298132
19298171
19298521
19298980
19299012
19299106
19299222
19299240
19299425
19299715
19300367
19300413
19300668
19300800
19300804
19301122
19301387
19301643
19302185
19302448
19302914
19303398
19304310
19304636
19305572
19305577
19305614
19305985
19306556
19306786
19306978
19307416
19307499
19308029
19308445
19308543
19308553
19308812
19309034
19309116
19309213
19447030
19447122
19448138
19448382
19448858
19449409
19449591
19449853
19450449
19451381
19451726
19451963
19452719
19453069
19453700
19453951
19456649
19458928
19518609
19518631
19518681
19518829
19519396
19519958
19520206
19520211
19520446
19520465
19520684
19521298
19521336
19521607
19521619
19521792
19521855
19522003
19522166
19523069
19523669
19523739
19523794
19523959
19524003
19524037
19524586
19525269
19526078
19527470
19527501
19528394
19529035
19529239
19529495
19529588
19529664
19529708
19529733
19529743
19529776
19529813
19529889
19529929
19529935
19529980
19530083
19530492
19530729
19530869
19530998
19531461
19532135
19532220
19532267
19532331
19532658
19533239
19533551
19533603
19533611
19533998
19534254
19534279
19534608
19534837
19616280
19616323
19616602
19616975
19617712
19618211
19618308
19618321
19618701
19618784
19619329
19619717
19619836
19620383
19621001
19621234
19621810
19621910
19622052
19622631
19623019
19624063
19624809
19624872
19625168
19625896
19626442
19626799
19628150
19628594
19628870
19629476
19629948
19630421
19654292
19661105
19663203
19938644
19941044
19955741
19956662
19956826
19957491
19959226
19959624
19960094
19962110
19962465
19962825
19963398
19965362
19965764
19966529
19966667
19967122
19967235
19968640
19969745
19971138
19973085
19973550
19973915
20047286
20047393
20047394
20047412
20047459
20047817
20048043
20050006
20050027
20050994
20051179
20051297
20051306
20051372
20051460
20051588
20051652
20051932
20052013
20052225
20052625
20052821
20053092
20053401
20053411
20053436
20053552
20053764
20054207
20055443
20055536
20055549
20055631
20056108
20056276
20056398
20056588
20057293
20057701
20057849
20057982
20058054
20058060
20058386
20058667
20058862
20059409
20059490
20060052
20060112
20060427
20060868
20060892
20061038
20061742
20061758
20062017
20062042
20062724
20062734
20208566
20208985
20210087
20211115
20211233
20211514
20211724
20212811
20212937
20213008
20213075
20213185
20213290
20213712
20213712
20213835
20213930
20214203
20214404
20214882
20215038
20215095
20215548
20215808
20216028
20216306
20216492
20216945
20217244
20217966
20218413
20219903
20220157
20220660
20220912
20221327
20221902
20221968
20222190
20222494
20222845
20222896
20223088
20223198
20223718
20224010
20224182
20224527
20225172
20225728
20225937
20227039
20227232
20227593
20227811
20228074
20228131
20228153
20228521
20228868
20338431
20339419
20339528
20339530
20341217
20342353
20342843
20343324
20343883
20345780
20347352
20347836
20348271
20349857
20350091
20350420
20351012
20351083
20351231
20351257
20351409
20352896
20353290
20353457
20354659
20355144
20355254
20355699
20356932
20357581
20374751
20375265
20375987
20376292
20376408
20376591
20377389
20377491
20378118
20378327
20379448
20379862
20380544
20380783
20382381
20382894
20383285
20383408
20384626
20385286
20385532
20387009
20387518
20387638
20388223
20388320
20390024
20391316
20391338
20391365
20391876
20392173
20392225
20393334
20393512
20394413
20394707
20395280
20395360
20395370
20395689
20396244
20396524
20396627
20396651
20424674
20510284
20510288
20511087
20511387
20511621
20511631
20511634
20512180
20512375
20512679
20512690
20512698
20513300
20513566
20514577
20514927
20517009
20517056
20517099
20517259
20517479
20517832
20518404
20518672
20519049
20519313
20519362
20519469
20519813
20519892
20520691
20520692
20520873
20521125
20521226
20521791
20522275
20522534
20523488
20523872
20524014
20524845
20524862
20525096
20525204
20525337
20525412
20525601
20525739
20526189
20526528
20526899
20527057
20527173
20527202
20527953
20528139
20528512
20528523
20528887
20529485
20530056
20752971
20754704
20755075
20756178
20760907
20763475
20767091
20939584
20939764
20939824
20940016
20940084
20941488
20941603
20941663
20941778
20942281
20942599
20942884
20943001
20943058
20943103
20943743
20943914
20944167
20944397
20944505
20944702
20944860
20945187
20945296
20945661
20946335
20946390
20946397
20946519
20947120
20947177
20947281
20947329
20947445
20947891
20947975
20948505
20948522
20949604
20949645
20949870
20950420
20950904
20951466
20951556
20951846
20952223
20952793
20953373
20953485
20953570
20953608
20953719
20953899
20954541
20954664
20954707
20955188
20955256
20955663
20956108
20956603
20957044
20957089
20957358
20957852
20957919
20958715
20959108
20959233
20959250
20959271
20959871
20959923
20960560
20961458
21127758
21128351
21129587
21130200
21130265
21130311
21131796
21131994
21132185
21132290
21132319
21132403
21132986
21133124
21133729
21133856
21134813
21135082
21135708
21136340
21136514
21136690
21137555
21138568
21138573
21139857
21171356
21172036
21174460
21179750
21257619
21260637
21262618
21270871
21271571
21272366
21276543
21278163
21278312
21518542
21519181
21519407
21520373
21522945
21523316
21523860
21527180
21528169
21528487
21528779
21528980
21529640
21530043
21531380
21531744
21534126
21534628
21534631
21534653
21535719
21536583
21536609
21537099
21538489
21538500
21556433
21556854
21557515
21557551
21557916
21557955
21558781
21558846
21559408
21559569
21559748
21560306
21560785
21561291
21562476
21563306
21565313
21565347
21565887
21566169
21566830
21566898
21567135
21568309
21568517
21569019
21569046
21569242
21569253
21569492
21570220
21570445
21571039
21571518
21725579
21726797
21735368
21737204
21740247
21743791
21745062
21800954
21839981
21840481
21840557
21840573
21840587
21841374
21841555
21842004
21842055
21842212
21842287
21842648
21842781
21843193
21843312
21843365
21843429
21843452
21843499
21843523
21843693
21843924
21844057
21844941
21845001
21845022
21846444
21847007
21847708
21847891
21848063
21848104
21848320
21848590
21848653
21848835
21849194
21849530
21849772
21849802
21850192
21850415
21850419
21851003
21851511
21851642
21851898
21852252
21852272
21852328
21852367
21852615
21852702
21852715
21852769
21852792
21852954
21853336
21853347
21853379
21853447
21853460
21853528
21853680
21854041
21854065
21854176
21854796
21854875
21854975
21854996
21855144
21855273
21855629
21856226
21856297
21856517
21856568
21856647
22119460
22121840
22131686
22133003
22133539
22135043
22144912
22145881
22149885
22155079
22162495
22162696
22164846
22164944
22165388
22166067
22166405
22166664
22166752
22166911
22167151
22168267
22168992
22169101
22169144
22170283
22170306
22170534
22171549
22171623
22172295
22172628
22174532
22175266
22175450
22176563
22176748
22177123
22177577
22178063
22178810
22179297
22179686
22180069
22180458
22180810
22180822
22180894
22182335
22182708
22183544
22183596
22185056
22185619
22185660
22236491
22237375
22237533
22238960
22240287
22240648
22241106
22241313
22241492
22241705
22241906
22242079
22242102
22242577
22242663
22243647
22244234
22244815
22245627
22247006
22247850
22248429
22248918
22249919
22251349
22251414
22252096
22252646
22252650
22272856
22272882
22272914
22273068
22273757
22273915
22274099
22274687
22274688
22274744
22274945
22275095
22275543
22275551
22275831
22276179
22276293
22276654
22276745
22276866
22277444
22277815
22278441
22279029
22279535
22279673
22279774
22279894
22280415
22280673
22280910
22281613
22281655
22281808
22281904
22283054
22284248
22284446
22284499
22284813
22286353
22286637
22286650
22286671
22286736
22287151
22287214
22288166
22288168
22288307
22288391
22288444
22288780
22289110
22333014
22542221
22676731
22676779
22677059
22677211
22677518
22678375
22679965
22679971
22680433
22683001
22684085
22684993
22685229
22685320
22685512
22685812
22686173
22688022
22688689
22690118
22690856
22772799
22773435
22779726
22782600
22804666
22805717
22806191
22806548
22807077
22807163
22807749
22807944
22807978
22808015
22808021
22808093
22808688
22809095
22809364
22809504
22809902
22810017
22810075
22811106
22811742
22811829
22812140
22812407
22812486
22812578
22813704
22813859
22813921
22814264
22814324
22814404
22814583
22814656
22814791
22815111
22815176
22815683
22815747
22816560
22816614
22816790
22816844
22816911
22817418
22817880
22818195
22818557
22818841
22818966
22819109
22819186
22819272
22819429
22819466
22819930
22819984
22820017
22863594
22863999
22972331
22973109
22978708
22982485
22994468
22994594
22994939
22995958
22996678
22997793
23001993
23003258
23003691
23004223
23004229
23004392
23004454
23004959
23005210
23005307
23005821
23005893
23006410
23006696
23007054
23007506
23007527
23007610
23007611
23007633
23007735
23007761
23008711
23008848
23008973
23009839
23009872
23010070
23010260
23010675
23011193
23011285
23011495
23011854
23012235
23012821
23012932
23012952
23013019
23013528
23014048
23014127
23014890
23014983
23015227
23015761
23016047
23016223
23016266
23016509
23017147
23017202
23017424
23017462
23017758
23018003
23018035
23142780
23142787
23143583
23143687
23143744
23145682
23145781
23145847
23146227
23146278
23147068
23147683
23147749
23148012
23148557
23148644
23149047
23149712
23150997
23151435
23152704
23152938
23153027
23153222
23153296
23153440
23154231
23154421
23155086
23155453
23155723
23155818
23156688
23156841
23157095
23157579
23158378
23158399
23158508
23159224
23159433
23159494
23159586
23160921
23161345
23162500
23163275
23163404
23164244
23164325
23164788
23164920
23205613
23213472
23217283
23306417
23600917
23600933
23601579
23601766
23601798
23602084
23602271
23602601
23602848
23602893
23603202
23603470
23603494
23603925
23604165
23604517
23604528
23604720
23604803
23605117
23605513
23605694
23606039
23606735
23606996
23607335
23607651
23607982
23608225
23608252
23608821
23609007
23610199
23610694
23610728
23611003
23611430
23611598
23611705
23612353
23612397
23612793
23613007
23613071
23613468
23614780
23614953
23615218
23616144
23616763
23617548
23617625
23617728
23618133
23618413
23618431
23618432
23618559
23619215
23620281
23620724
23620888
23621171
23621314
23621478
23621510
23621561
23621893
23621997
23622454
23622487
23622887
23623016
23623084
23623153
23642468
23645277
23646452
23646470
23650592
23654317
23655306
23657060
23658575
23659493
23688837
23723500
23723552
23723555
23723616
23724800
23725929
23726204
23726301
23726337
23727295
23727719
23728330
23729947
23730607
23730850
23730936
23731158
23732275
23732529
23732876
23733101
23736724
23736944
23737037
23739106
23739479
23739587
23739907
23740063
23759797
23770892
23774249
23822298
23822836
23822927
23823268
23823313
23823560
23824419
23825027
23825451
23825967
23826248
23826680
23826733
23827086
23827261
23827313
23827978
23827990
23828123
23828143
23828209
23828823
23828893
23829379
23829619
23830155
23830363
23830486
23830828
23830861
23831224
23831406
23831443
23831833
23831992
23833324
23833584
23834638
23834782
23834947
23835309
23835371
23835716
23836121
23836742
23836834
23837136
23837151
23837820
23838372
23838899
23839151
23839170
23839209
23839483
23840388
23840599
23840599
23841255
23841906
23842591
23842734
23842941
23842946
23843067
23843513
23843643
23844036
23844564
23844994
23845772
23912236
23921810
23923156
23924330
24173656
24173686
24174010
24174300
24174615
24174759
24175247
24175313
24175388
24175960
24176262
24176392
24176659
24176741
24177018
24177054
24177141
24177277
24177631
24177720
24178183
24178658
24179218
24179280
24179727
24180240
24180883
24181112
24182471
24182982
24183095
24183289
24183497
24183729
24184078
24184133
24184623
24184644
24185032
24185655
24186810
24186970
24187280
24187316
24187377
24187716
24187977
24188058
24188251
24188579
24189106
24189182
24189440
24189654
24190187
24190547
24190607
24190747
24190759
24191198
24191327
24191404
24191561
24191598
24191873
24192743
24192876
24193196
24193552
24193701
24193730
24193816
24194217
24194822
24195048
24195112
24195556
24195646
24368328
24368792
24372136
24374627
24377736
24379743
24405522
24471893
24472017
24472114
24472352
24472646
24474491
24475017
24475977
24476046
24476295
24476608
24476919
24477310
24477325
24477880
24478044
24478662
24479052
24479155
24479279
24479303
24479425
24479433
24479618
24479870
24480726
24481190
24481524
24481714
24482102
24482136
24482155
24482483
24482805
24483296
24483518
24483767
24483964
24484015
24485757
24486135
24486190
24486361
24486720
24486750
24486824
24487513
24487842
24487910
24487945
24487990
24487997
24488126
24488358
24488597
24488872
24489261
24489302
24506571
24506994
24507273
24508191
24509848
24510083
24511167
24511349
24511601
24511670
24512026
24512473
24512516
24512980
24513011
24513149
24513250
24514579
24514812
24515128
24516745
24517168
24517459
24518367
24519412
24519997
24520579
24521624
24522474
24523029
24523267
24524515
24582450
24767180
24832329
24836377
24838391
24838436
24841390
24843481
24843655
24846518
24849566
24852644
24854502
24854510
24854595
24855672
24855698
24856068
24856195
24856407
24856440
24856639
24856819
24856864
24856947
24857143
24857295
24857496
24857818
24858003
24858943
24860211
24860437
24861050
24861765
24861841
24862023
24862808
24863271
24863273
24863444
24863683
24863836
24863964
24864180
24864679
24865195
24865501
24865518
24865723
24866023
24866195
24866214
24866257
24866471
24866524
24866678
24867318
24867603
24867903
24867944
24868375
24868529
24869759
24869782
24870762
24870911
24871070
24871386
24871582
24872084
24872518
24873039
24873138
24873172
24873189
24873351
24873572
24873780
24873886
24874133
24874202
24874493
24874656
24874690
24874714
24874786
24875310
24875323
24875443
24876180
24876402
24876497
24877198
24943772
24947353
24947396
24947497
24948458
24949590
25030618
25030650
25030658
25030840
25031228
25032391
25032446
25032801
25032998
25033360
25033398
25033436
25033534
25033561
25033882
25034040
25034098
25034161
25034443
25034642
25034660
25034840
25034884
25035187
25035354
25036169
25037123
25037912
25038235
25038346
25038529
25038560
25038618
25038669
25038918
25039247
25039260
25039664
25039800
25040244
25040349
25040936
25041213
25041633
25041964
25042392
25042683
25042768
25042787
25043031
25043581
25044189
25044302
25044597
25044954
25045006
25045072
25045269
25045420
25045651
25045965
25046036
25046073
25046314
25046461
25046652
25046762
25046811
25046872
25047011
25047188
25047794
25048239
25048369
25048430
25048851
25049015
25049030
25049087
25049214
25049215
25049588
25049770
25050124
25051066
25051085
25051216
25051623
25051656
25052234
25052274
25052284
25052712
25052939
25053116
25053210
25053469
25053764
25054233
25056074
25057574
25063899
25065841
25069203
25069433
25073159
25115732
25117832
25118544
25143826
25147637
25152903
25393655
25396615
25396645
25397064
25397417
25397665
25397773
25398241
25398468
25400169
25400329
25400446
25401123
25402295
25406396
25406417
25407930
25408675
25408922
25429200
25429442
25430642
25435405
25438304
25438446
25439090
25510077
25510259
25514387
25514695
25514941
25515592
25515696
25517083
25517431
25517696
25518199
25518667
25519525
25519674
25519815
25520428
25520544
25523105
25523333
25523529
25523863
25524194
25524517
25525654
25526708
25526772
25526885
25527577
25528122
25528593
25529247
25529529
25529907
25530033
25531651
25532510
25532903
25533049
25629436
25631004
25633508
25634391
25635372
25637048
25637931
25639799
25643571
25644604
25645252
25645482
25646467
25648517
25648891
25649612
25650306
25672353
25673112
25674001
25674989
25675700
25676225
25677590
25680867
25682976
25683866
25684482
25684931
25685104
25686206
25687492
25688310
25688723
25689444
25689509
25691182
25691828
25691838
26090813
26091202
26093402
26094086
26094210
26095120
26095827
26097689
26099189
26099920
26100659
26104241
26105514
26107753
26108262
26108458
26109712
26111199
26113370
26114955
26118551
26119124
26121112
26121466
26121488
26123535
26124981
26125108
26126122
26126646
26127594
26129434
26132386
26132736
26132969
26133681
26252195
26263065
26263368
26263488
26263948
26264437
26264464
26264619
26265037
26265229
26265290
26265581
26265589
26266115
26266169
26266284
26266433
26266436
26266452
26266823
26267036
26267826
26268658
26268696
26268782
26269035
26269062
26269272
26269424
26269612
26269986
26271230
26271574
26271976
26272025
26272308
26272522
26272587
26272624
26272709
26272951
26273600
26273703
26273833
26273895
26274684
26275056
26275481
26275595
26275644
26275705
26276011
26276253
26276273
26276655
26276684
26276783
26276798
26276966
26276989
26277238
26277266
26277639
26278074
26278095
26278096
26278276
26278656
26278724
26278822
26279049
26279455
26279496
26279794
26280472
26280961
26281052
26281089
26281442
26282301
26282443
26282725
26282745
26283059
26283136
26283203
26283773
26284082
26284974
26715327
26844913
26845515
26845914
26846194
26846921
26847057
26847311
26847623
26847677
26848334
26848645
26848995
26849468
26850315
26850739
26850965
26851314
26851634
26851642
26852353
26852642
26852674
26853225
26853321
26853579
26853944
26854067
26854297
26854573
26854800
26854814
26855344
26855489
26856157
26856177
26856193
26857696
26857981
26858234
26858765
26858804
26858897
26859072
26859264
26859376
26859760
26859911
26860042
26861390
26862203
26862296
26862479
26863221
26863447
26863534
26864621
26864748
26864785
26865183
26865594
26865711
26866279
26868068
26868376
26868934
26870156
26872815
26873448
26873623
26873887
26874724
26875342
26876307
26877702
26880914
26880952
26881361
27080719
27086542
27137177
27307954
27309819
27310691
27313075
27313414
27314175
27315271
27315456
27319691
27321968
27322237
27322347
27346283
27347577
27348311
27351900
27360981
27364577
27364578
27365005
27365371
27365623
27365929
27366103
27366645
27366873
27367110
27367203
27367270
27368358
27368634
27368945
27369593
27369645
27369689
27369993
27370126
27370585
27371794
27371946
27371984
27372296
27373198
27373398
27373556
27373795
27374182
27374304
27374906
27375359
27375956
27376044
27376321
27376458
27376579
27376925
27376953
27377741
27377774
27377920
27378113
27378300
27378523
27534566
27534616
27534666
27535554
27535733
27535800
27535893
27536364
27537022
27537026
27537292
27537313
27537448
27537695
27538644
27539155
27539162
27539315
27539522
27539594
27539620
27540247
27540259
27540393
27540645
27541444
27541566
27543136
27543255
27543351
27544174
27544523
27544721
27544755
27544965
27545217
27545915
27545996
27546038
27546133
27546381
27547257
27547327
27547668
27548189
27548324
27549034
27549136
27549438
27549934
27550183
27550576
27550628
27550636
27551378
27552038
27552131
27552167
27553095
27553320
27553498
27553543
27553870
27553981
27554011
27554282
27554580
27554656
27554888
27554902
27555650
27555697
27555847
27556330
27556914
27557175
27557398
27557416
27643492
27643948
27644376
27645035
27647577
27648390
27650712
27650748
27650878
27652507
27653907
27654704
27654828
27655334
27709825
27709866
27709948
27710079
27710251
27710385
27710817
27711228
27711267
27711554
27711614
27711641
27712281
27712314
27712499
27713772
27714765
27715102
27715216
27715301
27715425
27715462
27715626
27715726
27717142
27717154
27717965
27719584
27719622
27720063
27720174
27720910
27723411
27798498
27798771
27805919
27807419
27809732
27809787
27813091
27813154
27814910
28034074
28036839
28037846
28038387
28040096
28041427
28043239
28043574
28043909
28044799
28048517
28071527
28072191
28072339
28072609
28073194
28073690
28074612
28075129
28079504
28079737
28079769
28081723
28082302
28082521
28083029
28085582
28088559
28088907
28089706
28090212
28090992
28168580
28495699
28496306
28496671
28496999
28497714
28497789
28497802
28498107
28498337
28498603
28498879
28499236
28499341
28499389
28499833
28500183
28501243
28501774
28501941
28502093
28502158
28502194
28502234
28502339
28502408
28502448
28502566
28502603
28502942
28502999
28503651
28503878
28504117
28504154
28504260
28504741
28504759
28504786
28504818
28505166
28505215
28505798
28505809
28505854
28505895
28506257
28506362
28506377
28506951
28507150
28507371
28507594
28507653
28507655
28507959
28508059
28508103
28508278
28508543
28508728
28508939
28509181
28509313
28509364
28509624
28509661
28509709
28509737
28509853
28509863
28509869
28510350
28787728
28787916
28788841
28789086
28789611
28791241
28791598
28793803
28794004
28794232
28795012
28796864
28798989
28799533
28799717
28802237
28802277
28804469
28805560
28805611
28807245
28807732
28808141
28808233
28808543
28808779
28809237
28810275
28810383
28810626
28810873
28811334
28811404
28811572
28812160
28812706
28812960
28813198
28813440
28813600
28813793
28813964
28814059
28814218
28814674
28815018
28815138
28815275
28815298
28815582
28816003
28816297
28816465
28816555
28816574
28816619
28816637
28816675
28817097
28817640
28817686
28817858
28818179
28818482
28818616
28819055
28819105
28819550
28819589
28819717
28820348
28820408
28820609
28820656
28820664
28820956
28821116
28821173
28821490
28821998
28822086
28822148
28823325
29022316
29022755
29026326
29026826
29039757
29065236
29065488
29065696
29066165
29066333
29066478
29066625
29066672
29067683
29067965
29067998
29068498
29068620
29068634
29068825
29069595
29069800
29070426
29070491
29070727
29070887
29071380
29071926
29073253
29073383
29073568
29073683
29074012
29074573
29075602
29076056
29076764
29076860
29077481
29077578
29077744
29077878
29078151
29078454
29079589
29079667
29080026
29080349
29080559
29081674
29082554
29112918
29113197
29113750
29115190
29117068
29117115
29119430
29122537
29122552
29123238
29124075
29144662
29145508
29146151
29146534
29147362
29147485
29147519
29147849
29148472
29148859
29149351
29149370
29150290
29150366
29150412
29150676
29150694
29151859
29151904
29152252
29152456
29153365
29153957
29154115
29154124
29154567
29155039
29157460
29157770
29159201
29159436
29159444
29160317
29160456
29161425
29161563
29241546
29244816
29245325
29369365
29369693
29370029
29370053
29370192
29370981
29371004
29371703
29371835
29371876
29371878
29372242
29372322
29372514
29372554
29372560
29372943
29373002
29373449
29373533
29373625
29373747
29373903
29373917
29374017
29374242
29374469
29374657
29374803
29375390
29376080
29376371
29376443
29376704
29377088
29377368
29377887
29378045
29378455
29378655
29379114
29379433
29379951
29380146
29380477
29380504
29380525
29380532
29380881
29381244
29382234
29382256
29382755
29382974
29383086
29383304
29383353
29383578
29384007
29384099
29384252
29384563
29385444
29385918
29386054
29386723
29387227
29388679
29388825
29388830
29388941
29389629
29389988
29390046
29390307
29390359
29390387
29390866
29391507
29391670
29391946
29391996
29416545
29443977
29444250
29448092
29449234
29450270
29452743
29453268
29453786
29550501
29551305
29568929
29569568
29570628
29571132
29571279
29573155
29580902
29582265
29582874
29583155
29652198
29655047
29655165
29663758
29672555
29673224
29729759
29730626
29731014
29732037
29732091
29732201
29732506
29733004
29733099
29733395
29733421
29733510
29733531
29734377
29736249
29736275
29736506
29736707
29737010
29737468
29737651
29737875
29738016
29738058
29738071
29738080
29738701
29738758
29739699
29740367
29740692
29741227
29741285
29741323
29741575
29742780
29742988
29743493
29743552
29743941
29744039
29744144
29744283
29744297
29744302
29781694
29803697
29804191
29804317
29804390
29808450
29808853
29809961
29810112
29816141
29817437
29817583
29819483
29821083
29823704
29960009
29962216
29962579
29962830
29963320
29963436
29963491
29964313
29964535
29964584
29965522
29965581
29965685
29966090
29966374
29966626
29967706
29967717
29968109
29968346
29968870
29968931
29969317
29970520
29970532
29970679
29970862
29970990
29971780
29971790
29972461
29972476
29972599
29972653
29972967
29973094
29973818
29973959
29974155
29974241
29974342
29975699
29975911
29976465
29976646
29977786
29977837
29978820
29978888
30035107
30036333
30036394
30037208
30041540
30041563
30041612
30043721
30044324
30044537
30044741
30045587
30045961
30046964
30049732
30051672
30053550
30053995
30090084
30090749
30090759
30090794
30091306
30091657
30093851
30094458
30094693
30096674
30096881
30098194
30098441
30100015
30101022
30101343
30101398
30101584
30101686
30102104
30103159
30104256
30105343
30105481
30106863
30108043
30108101
30109709
30109836
30110315
30111607
30167754
30167948
30168089
30168107
30168879
30169644
30169714
30170064
30170560
30170736
30170944
30171049
30171432
30171509
30171780
30172022
30172180
30172491
30172599
30172894
30172976
30173036
30173037
30173092
30174293
30174303
30174507
30174785
30175401
30176686
30176704
30177810
30177879
30178272
30178353
30178621
30178987
30179458
30179605
30179724
30179760
30180402
30181323
30181766
30181991
30342640
30342761
30342958
30342959
30343039
30343233
30343303
30343488
30343527
30343755
30343800
30344016
30344202
30344449
30344805
30344983
30345088
30345149
30345490
30345724
30345981
30346003
30346550
30346955
30347075
30347817
30347917
30348061
30348074
30349121
30349214
30349754
30349954
30350185
30350378
30350491
30350579
30350611
30350662
30351161
30351162
30351704
30352153
30352345
30352577
30352972
30353143
30353197
30353258
30353281
30353283
30353406
30354487
30354641
30354765
30354898
30355432
30355703
30355747
30356300
30356903
30370464
30376934
