7166
9152
11521
12770
13685
14819
16412
27337
27343
29408
40084
41034
41391
46516
47933
48117
67840
67942
69272
69552
71829
72707
75144
76474
76917
78812
80657
81483
82203
86647
88257
88989
89412
91828
92969
96312
99815
101674
109770
110063
113714
113973
117318
117788
123273
135671
146242
146443
147612
154557
159548
160290
165199
165840
168825
169532
173004
175611
184996
185107
186105
188823
190266
193144
198466
198488
203100
203412
204009
206535
207016
210989
214878
215265
216569
219044
219715
219943
222800
226520
228052
230781
231514
233152
239583
239588
240582
248281
251464
253865
254445
263835
266838
271549
271668
275189
275624
278206
283479
283739
285103
295449
296265
301333
302777
312865
317686
320822
322427
324578
325187
327531
327737
335651
342734
351014
353476
355249
369629
373879
373920
378049
378140
385032
386583
387258
388881
391790
396772
401043
402362
408977
409604
413387
413681
414715
416582
417488
426318
433336
439307
444022
444112
446522
461791
471759
476583
477757
486946
489074
491270
493354
498600
501800
502264
504999
505668
506880
519133
524484
525344
528746
531154
536855
546207
549990
550498
550548
565596
570713
571930
577068
577310
589951
591565
593907
599041
602586
608378
608594
610490
610714
618954
621689
626512
627717
629762
632445
632814
634823
635422
640423
648783
653504
659327
659719
661126
666067
666319
668517
671009
677424
680180
681705
681780
687322
687353
694467
698254
703784
707398
709320
717290
718651
719714
721696
723763
724795
729338
731036
731439
733616
734985
741514
741664
742077
744114
744870
745118
746749
748604
753043
753523
762174
763362
767056
769866
772569
775719
776579
777063
786702
787638
795736
799645
802472
813595
820116
822301
823271
824055
824796
825520
829461
829767
832840
851193
859557
862584
869307
875914
878259
878415
879526
881528
889894
889992
891522
893735
894780
909017
909305
910776
915491
925218
926608
927640
935001
939073
943618
945169
954126
955820
956819
964424
969968
971173
975620
977258
982547
983889
984326
985593
994602
996102
996947
998059
999564
1001687
1002409
1007501
1009620
1019273
1024241
1025256
1025468
1029455
1030305
1032834
1036328
1037064
1042187
1042956
1051451
1053884
1059279
1061292
1062199
1065374
1066118
1068095
1070512
1081987
1087308
1091685
1101243
1105746
1106445
1108603
1109345
1112319
1118544
1126666
1131044
1132585
1140036
1140256
1142832
1144768
1146022
1154280
1158412
1168652
1169738
1172792
1175302
1175589
1179139
1181578
1181704
1182085
1182239
1187330
1187929
1196726
1200085
1204452
1204564
1206041
1217180
1218531
1222999
1237063
1239028
1241082
1247373
1247383
1247586
1247936
1251672
1264029
1264417
1264483
1265975
1267602
1275621
1276778
1277890
1279462
1282474
1282547
1283827
1285891
1291790
1292408
1296831
1297188
1298017
1298261
1299720
1300576
1303383
1310704
1311571
1311743
1316905
1318401
1318658
1321680
1328184
1329299
1339153
1340132
1341908
1345710
1346110
1348724
1352473
1366320
1371083
1374060
1375751
1376576
1377342
1382128
1383353
1388831
1396001
1396469
1407263
1409967
1410402
1413056
1420204
1425625
1432682
1432862
1434575
1437351
1443727
1445537
1451493
1452979
1455303
1456137
1456891
1459654
1461592
1462035
1462488
1463113
1469572
1477622
1478819
1484048
1486611
1486890
1488026
1488846
1492315
1497762
1498046
1505909
1505996
1512629
1524875
1525766
1530676
1530704
1531022
1534091
1539051
1541956
1548070
1550322
1552790
1557653
1560147
1561244
1561878
1564693
1567235
1568794
1573415
1573637
1574405
1580082
1582359
1583040
1584256
1586491
1587492
1587531
1588298
1589699
1597183
1598414
1604910
1605555
1611322
1612391
1612797
1615079
1624102
1628097
1641128
1642578
1642812
1645635
1650876
1658182
1661598
1664431
1666671
1668594
1669608
1670589
1672996
1676258
1682682
1683533
1688349
1696282
1703118
1703157
1704859
1709778
1710779
1711766
1718487
1720476
1725046
1727506
1729460
1730623
1736310
1741544
1742035
1753239
1754912
1755304
1756020
1757833
1758891
1761728
1763940
1769570
1771809
1773714
1777358
1779383
1780735
1782979
1784243
1786678
1789167
1791282
1791669
1792571
1795711
1796140
1797881
1801585
1802082
1802783
1803227
1805866
1806249
1809490
1810602
1814779
1814891
1821921
1822281
1824469
1824653
1826536
1831389
1832429
1833622
1834250
1835626
1837025
1838501
1838546
1848066
1849797
1850517
1859954
1866338
1866440
1872671
1877095
1877917
1878286
1878921
1879172
1882302
1884790
1887436
1889268
1892929
1903176
1905919
1913696
1917389
1920523
1921670
1921986
1924073
1926055
1926547
1932725
1935685
1937058
1939691
1941390
1942377
1944057
1947081
1952675
1956106
1956157
1957305
1957531
1961950
1962599
1967400
1967670
1975210
1977880
1979010
1981592
1981844
1984381
1993616
1994108
1994296
1999877
2000289
2000348
2000377
2000602
2001666
2002540
2002603
2003122
2005484
2005969
2008151
2009399
2010827
2013784
2015296
2028075
2028095
2035908
2039677
2041265
2043187
2046089
2051945
2053791
2058342
2062632
2064462
2066744
2067170
2073542
2074140
2077986
2084721
2087787
2088969
2091431
2091777
2100922
2102510
2109465
2116290
2116778
2118004
2121139
2124191
2126201
2127545
2127700
2131016
2131685
2133650
2141416
2143319
2144675
2144706
2144749
2149089
2154066
2154677
2155502
2163221
2166146
2173538
2175301
2177313
2183003
2190719
2191171
2195766
2197337
2199610
2201240
2203300
2207740
2211196
2223340
2235941
2236560
2239076
2241581
2245750
2246318
2246625
2247474
2247574
2250603
2251785
2253235
2253732
2260814
2267921
2269410
2277316
2278408
2284091
2285518
2291761
2293613
2295089
2295114
2296199
2296772
2297145
2300058
2313748
2321674
2322818
2323473
2328181
2328620
2329634
2330265
2345883
2346264
2347825
2350687
2355648
2355909
2357074
2358392
2359825
2363781
2365655
2367964
2373381
2375305
2376346
2379983
2381124
2386074
2386960
2391717
2392428
2395259
2395528
2397944
2398239
2398584
2401663
2412037
2412691
2413627
2419755
2419916
2420464
2421059
2423713
2428168
2428520
2428648
2435901
2436569
2437439
2439627
2442656
2442962
2443750
2448534
2448710
2452859
2458137
2459405
2462202
2462597
2462844
2463066
2463372
2465418
2467441
2468442
2468479
2473005
2476668
2486198
2496798
2496920
2505491
2507672
2509998
2510435
2510606
2512159
2512995
2517661
2520111
2522508
2527425
2527471
2530599
2531116
2531814
2534214
2537409
2546510
2553336
2553421
2554899
2555426
2561575
2564832
2566737
2571718
2572863
2574468
2576059
2576215
2580114
2582504
2587245
2588050
2588660
2604148
2604644
2612126
2612791
2613172
2613951
2621103
2622498
2624641
2629451
2629541
2632189
2632567
2642240
2646265
2646644
2649164
2656954
2657113
2659841
2663263
2665607
2667291
2673072
2675151
2675669
2676016
2682616
2686583
2687297
2689274
2691391
2694163
2694624
2702121
2704783
2707838
2710721
2711686
2713431
2714165
2716167
2719524
2720579
2722722
2723466
2724983
2729731
2733453
2738878
2741217
2743373
2745572
2748975
2750506
2750535
2753878
2758854
2763452
2765918
2769001
2769779
2772951
2774621
2775572
2777215
2777713
2778284
2779266
2781097
2783436
2784215
2787918
2791739
2792025
2792846
2793581
2798179
2801791
2803331
2806107
2808094
2808367
2808728
2809152
2810262
2812756
2823271
2833864
2842209
2844667
2846606
2849517
2853818
2854234
2856073
2859647
2859771
2861582
2862649
2867138
2867551
2870237
2876044
2876594
2879383
2883515
2885498
2885795
2888581
2890626
2890905
2893410
2894765
2894820
2895631
2899195
2900626
2900772
2901700
2906179
2917730
2918429
2919445
2921227
2930434
2930787
2934890
2935366
2936451
2936661
2937924
2939587
2942109
2943746
2946403
2946544
2948922
2948926
2949709
2950492
2955104
2956648
2958528
2961408
2961586
2974204
2977031
2977696
2979038
2980986
2981868
2985196
2987419
2993618
2993835
3005683
3012798
3012847
3013064
3014970
3016450
3022642
3022927
3029703
3038360
3039827
3043797
3053581
3055535
3058946
3070219
3075601
3076007
3077398
3079794
3081828
3082551
3085818
3086148
3088281
3090803
3091063
3093095
3098280
3105093
3107007
3109547
3109813
3112609
3121640
3124950
3131102
3134070
3136990
3143888
3150378
3153538
3153924
3156260
3158414
3164809
3165700
3168875
3171913
3173190
3176262
3180206
3180661
3186113
3189210
3189494
3189542
3194067
3207100
3207126
3208593
3208617
3217566
3218673
3221205
3221727
3229336
3231277
3231834
3237545
3239193
3242226
3243974
3246799
3248291
3249644
3250093
3250956
3251140
3252693
3259351
3266558
3269281
3270063
3273154
3274609
3278260
3278357
3295064
3298220
3303074
3309591
3319110
3322391
3326492
3327220
3332610
3333550
3337315
3339299
3339607
3339828
3341297
3347249
3347834
3348093
3349206
3349286
3350706
3352296
3355174
3357794
3365086
3369795
3373193
3380504
3381219
3381487
3382076
3389838
3390485
3391488
3392481
3394877
3395974
3396962
3399047
3400405
3401037
3402206
3402928
3407015
3411344
3412533
3412824
3414701
3420123
3422713
3428750
3429698
3430724
3435700
3437812
3438435
3442372
3442437
3448215
3454730
3455768
3456682
3457729
3467156
3474354
3477058
3479419
3482634
3487950
3491488
3491862
3494096
3494315
3495586
3497909
3499422
3503904
3504394
3506076
3507803
3512515
3513868
3522673
3522782
3525815
3527816
3536913
3537081
3538563
3538980
3544151
3549640
3552755
3560911
3563489
3566036
3567398
3570425
3575150
3577495
3581623
3588015
3591967
3596954
3598062
3602888
3606499
3608809
3609312
3610932
3610949
3614472
3616905
3624907
3630987
3631915
3631931
3641361
3644870
3648046
3652152
3654376
3655108
3657443
3668065
3669015
3678368
3682142
3682363
3682437
3692694
3696979
3698640
3698941
3699844
3700936
3706855
3712222
3718589
3718817
3722743
3724024
3729212
3733399
3735266
3736147
3738268
3741550
3742088
3742310
3747971
3750508
3751077
3753475
3754240
3754454
3754750
3755012
3756666
3758119
3761096
3762630
3763091
3775491
3776237
3777824
3785023
3786034
3790555
3790966
3793260
3795463
3803233
3803896
3806868
3807381
3808366
3808916
3809425
3809992
3811968
3812475
3824978
3832927
3834081
3834363
3835072
3840084
3851572
3855016
3864986
3866123
3867559
3877569
3886316
3888638
3890101
3891565
3899313
3903448
3903809
3910900
3911907
3914507
3920229
3922327
3925402
3926212
3930791
3931288
3932946
3933362
3934503
3937388
3940556
3943764
3943891
3944410
3949294
3954571
3954900
3958124
3958368
3963737
3964574
3964719
3967178
3969360
3970324
3973620
3975859
3979607
3983139
3983462
3984765
3986241
3994397
3995231
3996440
3996443
3999917
4005079
4021407
4032882
4033243
4036468
4037297
4044277
4047683
4052226
4057828
4058732
4060865
4063953
4064295
4064898
4068557
4071926
4073181
4073580
4077573
4077668
4080055
4083014
4083284
4091683
4092691
4093178
4095476
4097601
4097668
4106051
4112082
4114383
4117842
4119352
4120097
4122450
4125005
4125347
4131071
4132769
4138501
4144954
4156097
4158580
4158807
4159077
4165116
4168287
4170337
4174022
4177770
4178314
4178934
4179508
4182770
4183706
4184193
4185967
4189310
4191041
4195939
4197679
4197800
4198613
4199517
4200375
4204752
4205993
4207178
4207981
4208547
4209323
4213137
4213156
4216357
4218660
4219898
4222937
4223107
4228405
4229499
4236050
4236997
4245864
4246698
4258949
4260097
4260314
4263278
4263602
4264259
4268747
4275012
4275659
4281910
4283014
4290302
4294729
4298065
4300115
4311314
4312214
4312916
4319554
4321962
4326252
4327807
4327985
4328786
4333157
4336875
4337119
4340149
4341397
4348785
4349900
4350086
4354860
4355503
4364603
4380276
4381438
4383476
4384869
4385180
4391062
4391755
4398273
4402370
4403063
4404811
4406389
4413767
4415905
4416748
4425304
4427489
4429786
4433951
4435116
4436157
4447303
4449215
4451095
4456412
4465835
4470294
4471805
4475173
4478385
4483325
4485928
4488000
4491206
4495147
4495724
4496280
4502243
4505400
4505583
4505731
4512551
4514089
4514429
4516003
4516397
4522840
4523474
4523531
4527656
4535237
4537253
4547102
4548805
4549043
4549486
4549499
4549748
4551171
4552279
4562913
4563020
4564620
4566163
4569449
4569935
4570602
4571660
4571849
4572421
4574382
4576121
4576614
4577673
4577778
4578202
4585195
4585426
4589562
4590935
4598981
4600518
4605423
4610997
4616640
4617401
4623366
4624767
4626241
4626604
4632514
4641187
4645425
4646321
4646758
4648727
4651460
4652232
4653789
4654244
4654821
4658522
4661119
4665842
4667494
4670563
4674162
4675090
4675861
4678973
4680846
4681598
4683018
4683672
4685697
4688133
4692857
4695477
4697521
4699890
4703791
4704833
4704981
4706144
4707957
4708726
4709876
4712135
4721115
4723072
4724629
4730975
4739903
4740132
4744089
4744454
4745650
4748975
4757983
4761094
4764675
4769376
4769521
4771471
4771736
4773102
4778351
4781278
4787534
4792854
4794842
4801561
4802432
4804116
4808210
4808270
4809658
4809665
4810642
4813015
4821851
4834071
4837199
4838802
4842821
4847499
4855717
4859710
4860726
4864139
4866117
4872973
4873470
4874489
4874744
4884148
4889149
4889729
4890629
4893630
4896404
4899716
4902378
4905436
4905786
4912013
4913818
4919928
4920043
4920974
4924502
4931136
4933514
4936908
4938359
4938766
4940291
4946373
4947507
4949446
4951819
4952733
4952964
4961067
4964028
4964463
4964628
4966999
4967192
4973929
4975594
4976342
4983052
4984964
4985211
4986333
4986602
4987231
4987520
4988512
4989050
4990039
4990500
4991781
4992522
4996360
4999030
5000865
5001616
5006281
5007142
5007523
5008517
5010372
5011525
5011542
5011741
5012693
5013236
5017031
5023538
5024094
5024451
5027951
5028432
5030448
5032322
5039599
5046551
5048276
5051940
5052248
5059568
5072512
5073732
5076480
5078144
5079810
5081483
5081676
5088698
5100428
5103694
5104952
5112236
5117862
5121493
5123959
5128306
5129424
5136058
5136465
5138775
5153704
5164935
5169562
5170065
5170841
5176458
5176908
5176991
5179801
5180535
5181082
5186410
5187616
5190052
5195755
5198509
5200325
5203829
5205821
5215767
5219587
5223099
5234286
5236579
5238100
5239457
5252595
5253218
5272654
5272665
5272971
5276427
5279813
5279902
5282501
5282667
5287661
5289077
5290427
5294371
5299816
5307155
5316600
5317415
5320688
5322063
5324716
5326951
5333986
5336509
5356544
5358402
5358900
5359620
5359927
5360191
5360839
5364770
5367076
5370554
5371064
5371620
5371623
5373447
5373604
5377632
5379203
5384359
5390564
5390884
5392968
5394922
5397726
5398936
5403311
5404387
5406167
5408993
5411553
5420099
5431688
5431892
5433511
5451796
5453613
5455753
5456208
5461146
5463269
5465422
5466362
5467620
5474203
5474369
5476591
5477355
5480248
5482901
5485227
5485792
5487205
5491261
5491693
5498843
5501449
5502771
5503113
5503278
5509355
5513009
5523802
5526232
5531055
5533235
5536554
5540038
5547372
5550222
5556410
5558112
5559490
5562158
5572925
5576236
5590861
5591496
5592168
5596333
5597552
5603016
5604751
5607636
5613671
5614261
5616618
5617332
5617709
5617904
5618081
5618902
5619592
5621787
5622207
5623286
5625678
5626559
5634913
5638804
5640298
5640968
5642902
5643359
5651016
5651186
5651766
5652824
5654949
5659993
5665184
5666777
5667184
5668922
5675108
5682670
5684497
5693928
5694034
5695566
5697988
5704163
5705807
5707359
5708737
5709739
5712323
5714339
5714593
5723312
5727805
5737091
5737118
5739576
5740074
5740181
5741287
5745918
5746239
5750382
5751320
5757853
5757874
5758018
5760911
5763381
5765786
5766734
5769702
5772319
5774181
5775489
5778187
5781234
5787226
5797504
5800645
5802925
5804497
5811149
5812308
5812327
5815749
5819846
5833617
5839646
5840109
5847081
5851695
5868401
5874764
5876614
5882417
5883805
5885060
5889514
5890292
5891821
5892826
5894760
5897083
5901522
5902133
5904295
5904824
5905477
5906695
5911003
5919303
5924388
5929231
5929761
5931182
5931880
5939698
5944382
5950329
5961009
5962150
5963646
5965276
5967198
5968067
5969037
5970226
5973921
5974633
5977789
5978762
5981258
5984245
5985520
5985934
5997618
5998500
5999020
6000095
6002598
6004058
6006895
6014684
6017597
6017635
6022459
6024771
6028115
6028191
6028373
6029741
6033144
6043797
6044912
6045946
6047333
6048617
6049338
6050994
6058651
6066490
6072919
6074096
6078136
6080465
6083372
6084406
6092107
6100998
6101499
6102163
6102325
6106620
6112148
6114326
6114409
6116926
6118947
6121947
6122773
6130348
6130906
6138135
6140997
6142226
6143862
6144985
6147998
6148740
6149024
6149591
6150608
6150609
6160090
6162421
6165042
6165721
6166886
6167095
6167476
6168019
6178535
6182280
6182348
6186631
6194030
6196091
6204823
6208577
6208819
6213899
6214847
6215546
6216622
6217168
6217390
6218951
6222128
6223756
6224806
6225236
6226094
6227477
6228719
6229096
6230605
6232546
6233204
6237113
6238940
6239351
6239891
6240524
6244015
6248761
6256328
6258208
6258729
6259213
6260335
6261365
6266415
6270523
6273823
6275226
6277693
6281698
6283305
6284056
6284159
6288613
6291863
6292684
6295528
6299443
6305747
6308873
6309525
6309669
6312393
6318612
6321076
6332161
6337521
6348201
6353169
6356630
6360202
6364802
6369296
6373595
6373913
6376845
6380801
6380942
6381335
6381619
6384622
6384783
6387740
6389576
6391162
6398293
6410207
6417452
6421782
6423207
6426002
6426722
6428961
6433897
6438061
6440919
6449674
6449984
6456051
6457078
6457562
6466236
6471672
6472915
6476409
6488998
6490950
6492835
6494967
6497291
6497993
6502647
6504885
6515645
6515766
6517175
6518765
6524208
6528068
6528952
6529208
6531517
6535498
6536070
6541773
6552319
6553222
6554190
6554317
6562060
6565677
6567700
6579088
6581013
6585302
6586701
6591266
6594139
6597034
6597516
6597568
6602205
6604803
6605300
6617953
6625086
6625130
6625706
6629617
6631196
6634795
6642646
6656811
6657193
6663654
6664520
6669835
6670499
6672180
6673238
6675906
6676126
6686691
6706268
6711246
6711786
6723037
6728527
6728694
6728788
6728818
6734840
6736240
6737578
6737731
6737770
6742710
6747302
6747493
6747791
6764322
6765221
6766250
6768411
6769109
6770386
6771793
6771905
6774255
6776720
6777136
6785791
6790757
6793520
6799290
6800781
6805700
6808126
6815172
6821559
6822544
6824468
6827703
6840373
6847999
6849140
6851216
6854270
6856643
6860734
6867602
6871440
6873878
6874090
6879226
6882143
6883004
6884065
6888148
6888949
6890611
6892221
6892596
6893679
6894098
6898931
6902888
6903363
6903527
6903944
6904636
6907257
6908027
6909034
6911539
6913634
6914510
6914676
6921396
6921892
6925202
6925312
6927009
6930267
6931062
6935195
6943380
6943891
6945023
6946272
6946513
6953646
6953855
6959677
6960723
6964974
6965721
6966036
6970661
6972118
6975177
6975209
6976222
6977785
6978806
6983497
6989560
6991672
6996860
7005698
7006291
7006598
7006659
7007307
7010526
7012004
7012241
7013959
7014023
7018877
7019401
7020310
7021799
7023542
7028334
7029659
7033075
7034312
7040269
7041710
7045198
7048095
7053109
7053635
7055340
7058402
7071336
7073569
7075886
7089213
7089333
7093618
7095239
7098024
7098458
7102115
7107811
7111767
7112125
7112953
7119402
7121473
7123561
7123723
7130087
7133260
7137091
7144203
7146613
7148439
7150001
7153072
7153530
7155989
7156047
7156460
7161193
7164761
7165078
7171948
7175325
7176822
7180257
7183684
7187824
7190500
7198679
7198827
7205187
7208953
7213603
7214805
7215743
7216624
7225154
7228159
7230710
7231424
7235785
7238058
7242167
7242673
7244775
7250481
7255922
7267103
7272217
7277272
7282276
7291124
7291440
7292053
7292311
7293483
7293514
7296579
7301083
7301096
7301221
7302959
7303236
7303937
7307365
7310260
7313691
7317153
7323889
7330848
7336052
7338391
7341664
7344054
7346347
7346624
7347252
7349069
7353514
7359622
7361604
7364500
7365616
7369173
7374538
7377242
7378696
7381898
7382249
7382756
7387132
7387461
7387977
7389919
7393039
7397910
7398481
7398783
7400917
7411586
7413387
7417587
7420347
7432483
7433942
7441689
7445202
7451838
7452008
7455183
7455234
7457862
7458982
7462016
7465965
7466179
7473874
7474098
7475570
7477693
7479998
7480702
7480724
7481736
7488740
7490853
7494005
7498377
7498381
7504364
7506670
7506989
7507594
7510469
7510811
7511854
7513754
7514575
7517651
7519128
7522160
7525481
7527682
7530355
7530445
7530755
7531473
7535178
7539434
7540430
7543751
7553477
7554958
7560269
7562396
7567981
7584385
7586020
7594834
7595099
7606110
7608892
7613072
7620443
7625498
7628273
7629553
7629774
7631064
7634242
7637229
7638689
7641523
7642254
7643838
7662355
7665648
7673232
7674770
7676731
7677079
7677744
7680361
7682952
7683077
7688605
7690229
7690866
7691402
7693110
7694407
7696894
7698227
7701745
7703756
7704023
7704969
7708547
7710043
7711220
7711771
7712970
7717892
7718806
7720435
7720734
7723050
7727161
7729079
7730714
7733133
7733567
7734141
7742413
7743993
7748168
7757478
7762730
7768063
7768195
7775822
7778321
7781767
7783041
7783294
7783587
7789804
7796871
7796894
7805105
7805845
7811568
7820279
7820851
7825885
7826196
7827900
7830154
7832218
7834842
7839747
7841872
7856817
7862695
7865013
7866523
7867771
7880881
7881039
7882338
7882534
7886269
7889374
7890132
7896262
7901022
7905275
7910013
7910963
7914308
7915848
7918676
7921827
7923918
7924658
7930353
7930414
7932046
7932450
7933933
7937670
7938600
7939564
7940150
7943749
7944513
7946172
7949304
7951050
7959169
7963478
7966233
7967550
7967625
7968118
7976051
7982662
7982926
7983544
7983932
7995906
7996931
7997969
8002696
8008273
8009109
8013783
8015013
8015134
8015765
8018725
8019691
8028455
8028940
8029613
8031303
8031416
8033860
8038928
8039418
8042412
8046909
8052473
8056480
8058569
8059056
8059384
8060349
8065876
8067106
8070953
8072987
8078247
8080684
8083152
8091822
8093044
8094878
8098911
8099415
8105121
8107709
8113184
8113784
8113918
8116515
8117993
8118206
8119069
8129415
8130823
8139741
8151215
8161253
8164987
8165218
8166288
8172165
8172780
8173073
8186573
8187885
8189737
8192525
8193919
8196026
8203178
8203516
8205610
8208454
8209496
8213919
8215338
8216502
8217353
8219010
8220987
8235411
8235956
8237108
8241345
8241755
8242191
8249249
8253015
8257545
8264426
8267990
8268379
8271409
8272026
8272664
8275413
8277464
8279292
8280204
8282946
8284704
8289269
8292077
8292802
8294357
8294833
8296748
8299314
8303160
8303815
8308809
8310530
8311472
8311572
8312903
8317635
8325760
8328457
8328932
8331354
8335059
8335879
8349845
8353384
8354120
8356061
8356968
8358377
8361385
8361420
8363324
8364623
8365381
8365574
8370565
8372689
8372897
8372950
8374110
8375335
8378407
8388354
8401365
8401621
8403046
8414573
8421412
8423142
8423673
8425234
8435772
8440204
8440344
8448200
8449526
8454495
8459471
8462594
8463906
8466985
8468653
8472452
8472994
8473177
8473568
8479441
8484182
8491966
8494601
8501222
8503585
8503934
8511425
8515564
8516067
8517569
8522217
8523839
8524634
8524861
8525844
8535155
8537600
8540879
8542750
8548960
8552094
8554307
8555844
8561531
8566909
8568231
8572827
8575965
8576038
8578922
8578989
8581303
8583308
8589085
8592220
8593642
8595207
8597203
8599906
8602016
8605096
8607629
8609881
8618313
8619986
8627014
8627344
8629501
8640308
8642287
8642564
8643417
8651175
8655344
8658797
8663732
8666687
8668271
8688007
8688322
8693960
8693992
8693994
8694843
8699813
8700886
8701173
8701530
8710690
8710854
8715095
8715463
8718751
8721904
8731041
8736094
8739381
8740296
8740457
8740545
8741601
8742369
8745293
8749726
8750324
8754803
8756042
8760619
8763238
8770218
8770559
8772091
8780339
8781484
8782314
8784545
8795756
8799228
8802251
8803350
8803785
8804365
8804983
8805231
8806661
8818188
8818815
8825412
8825922
8827162
8839785
8843090
8845087
8850564
8851062
8853434
8856788
8857930
8875666
8878739
8879854
8885089
8888565
8889513
8893511
8894354
8898941
8899034
8899995
8903575
8907056
8907834
8911090
8914190
8914254
8919631
8925638
8926367
8931753
8937987
8942303
8945753
8947884
8949606
8950109
8962169
8968425
8969660
8970255
8972150
8972339
8973215
8974722
8976771
8978037
8981174
8990647
8994565
9007130
9011244
9016344
9016896
9017437
9025217
9031095
9031123
9032951
9035503
9038263
9041218
9042510
9049155
9050629
9053623
9057810
9060441
9060686
9062704
9067644
9071376
9075105
9078298
9083375
9083961
9092052
9093613
9098212
9101661
9107062
9108646
9117086
9117120
9118841
9124490
9127784
9131438
9134964
9143991
9149149
9155066
9158550
9158751
9161791
9175039
9180121
9180581
9184832
9185322
9195387
9198068
9198806
9200489
9200702
9205575
9206067
9206186
9209060
9209384
9209517
9209568
9215989
9217526
9221787
9237058
9237689
9240458
9245061
9262139
9262291
9264203
9266754
9268334
9271000
9277751
9280261
9280330
9281387
9284021
9285145
9292427
9299497
9307042
9308067
9312560
9320548
9320629
9328190
9330343
9334628
9340441
9342976
9344765
9345981
9348048
9348602
9352974
9365109
9365739
9366541
9369476
9372228
9374924
9375117
9376115
9377844
9378003
9393749
9395988
9396114
9402458
9405654
9411880
9412126
9416493
9418642
9419575
9421908
9426035
9426200
9428282
9430160
9431102
9431219
9431392
9431964
9433231
9438287
9439029
9439089
9444869
9444884
9450412
9451311
9452501
9452858
9457258
9457407
9457926
9459275
9464264
9466531
9476050
9479122
9481234
9483766
9492059
9492777
9492806
9493291
9493410
9496904
9506477
9509767
9510017
9513621
9516244
9518453
9522957
9523613
9526222
9537741
9540352
9540367
9541919
9554427
9558788
9559772
9559887
9568987
9569982
9581677
9583950
9584138
9585929
9591161
9591946
9593230
9594848
9597107
9597904
9602975
9608226
9614005
9621618
9624698
9625805
9628565
9628767
9631219
9634729
9637230
9639742
9640412
9643362
9646310
9646490
9648632
9648823
9651872
9652295
9652925
9653000
9656830
9658322
9660121
9660154
9667856
9676885
9677311
9686934
9687045
9688085
9690537
9692225
9693375
9698572
9702792
9707342
9713481
9717212
9718224
9721388
9724875
9737647
9738715
9740563
9741847
9747466
9748294
9749955
9750444
9752533
9754742
9760094
9763023
9763261
9765276
9769948
9770630
9770810
9777497
9777884
9777919
9780638
9785431
9787333
9789865
9792841
9794357
9797556
9801627
9815491
9820283
9825466
9836609
9837831
9838357
9839452
9839880
9848574
9849315
9852611
9853219
9853745
9854652
9858166
9861160
9867281
9868728
9870445
9873573
9875539
9882550
9886379
9888718
9898058
9900922
9902225
9908132
9911991
9912676
9914639
9916543
9919389
9922238
9926907
9928872
9929431
9934675
9935378
9940550
9943612
9944275
9953349
9956378
9957149
9957835
9958489
9958513
9963175
9963996
9967492
9968777
9970083
9971606
9981311
9983255
9990325
9992939
9994154
9999409
10000004
10001683
10002437
10006626
10013099
10015529
10016044
10016107
10017414
10025886
10035191
10038504
10041956
10042305
10042391
10045108
10047255
10047751
10049399
10052337
10055882
10056963
10058068
10058883
10061599
10062854
10064344
10068887
10073146
10073546
10088151
10090117
10091988
10096026
10098489
10099218
10100213
10101000
10105519
10105603
10109925
10113079
10115562
10123949
10126056
10126283
10127081
10127342
10134920
10135454
10136155
10137123
10138149
10141170
10141667
10142660
10143683
10147077
10147448
10151941
10153231
10153346
10157805
10160147
10162574
10162819
10165991
10167324
10169044
10172641
10187017
10187314
10189591
10190207
10191927
10197406
10199769
10200502
10202397
10202809
10202850
10203774
10206266
10208730
10209640
10213412
10216227
10220545
10221522
10222721
10231851
10233184
10233400
10238651
10244250
10245460
10246708
10249359
10252945
10253828
10263352
10265250
10268470
10268747
10268996
10271392
10271893
10274739
10275310
10278345
10280371
10281237
10286925
10286960
10287595
10299769
10301936
10303718
10304006
10307755
10311506
10311784
10313342
10317624
10319291
10319387
10320647
10321644
10325657
10338818
10340853
10340963
10341828
10342154
10348244
10350966
10351099
10353045
10353655
10354641
10355474
10356482
10357590
10360679
10361551
10361800
10362900
10363612
10369192
10370964
10376965
10382176
10386456
10389709
10393479
10395838
10397299
10398015
10402829
10407314
10410778
10412310
10413242
10415265
10415556
10419206
10420602
10421297
10426111
10426460
10434723
10440391
10444302
10451249
10451897
10452851
10456165
10458158
10459262
10460254
10464025
10464868
10475453
10480218
10484941
10487695
10491418
10494929
10495157
10497448
10498294
10510177
10514062
10523034
10527340
10529463
10530585
10532692
10532762
10534202
10538651
10544525
10546375
10546870
10548343
10549338
10553534
10553648
10555991
10563886
10571901
10574962
10578497
10578874
10580839
10587134
10588081
10588382
10590573
10594756
10596311
10596585
10601881
10605263
10605351
10608505
10611045
10611610
10615735
10620667
10622103
10622231
10625500
10629314
10631407
10634634
10637194
10637543
10639923
10640679
10642456
10644057
10645175
10648684
10650512
10661965
10662563
10663604
10664849
10666514
10668315
10668673
10670642
10672718
10674942
10676953
10680092
10688496
10691971
10693370
10693721
10695344
10698738
10700880
10701706
10704000
10712935
10714681
10719816
10727888
10730252
10732448
10732606
10734156
10739954
10741674
10748698
10752943
10755685
10756177
10756235
10757690
10758073
10760286
10762953
10763539
10765577
10766395
10767146
10768844
10771251
10775921
10777259
10778919
10783453
10783787
10791488
10792748
10794649
10797351
10800797
10809623
10814754
10816410
10816979
10818011
10823518
10829671
10829711
10831172
10832791
10835426
10836300
10836360
10844020
10846912
10847370
10852745
10854093
10856545
10858111
10862577
10864814
10879554
10884621
10888711
10892243
10895010
10900979
10903989
10904663
10907240
10907490
10907683
10908229
10910640
10912672
10921045
10922505
10929930
10930092
10931855
10932610
10932691
10933351
10935514
10937249
10939290
10942471
10942731
10944247
10948267
10949468
10949751
10952643
10954627
10956697
10957457
10968215
10972646
10978276
10978314
10987894
10990483
10993217
10993882
10995194
10996643
10997080
11004365
11011577
11014321
11017790
11017822
11019351
11019793
11026466
11028381
11029102
11030418
11032375
11034270
11034987
11040398
11040770
11043876
11047419
11053146
11054337
11055394
11057773
11058273
11058289
11059673
11063790
11070808
11073361
11074745
11075700
11077534
11078061
11080443
11083740
11090858
11099833
11104741
11105428
11106105
11116501
11118929
11119251
11119490
11125310
11126859
11126934
11132308
11138107
11138677
11138754
11139288
11139301
11143484
11159407
11165329
11168084
11170080
11172323
11173786
11177154
11178536
11181952
11182183
11183881
11184434
11186246
11187216
11197173
11197575
11204219
11206552
11207164
11210127
11210147
11211728
11214709
11215447
11219780
11221325
11224688
11224853
11225641
11227454
11233335
11239321
11240505
11242498
11242785
11247171
11247449
11252278
11257204
11264262
11266479
11266523
11276373
11278604
11281233
11287605
11290627
11292977
11301415
11302905
11319669
11321307
11326125
11328671
11329353
11330234
11333012
11335451
11335567
11335952
11338431
11344237
11351072
11351398
11352563
11353820
11356775
11357564
11361965
11362828
11363503
11363580
11363942
11364386
11371083
11376337
11377669
11378809
11379464
11383878
11385609
11386540
11388237
11389281
11389343
11389372
11390743
11391365
11391601
11394264
11396260
11401043
11406137
11406746
11409013
11412188
11415055
11416090
11419082
11419850
11421172
11421467
11421854
11422132
11423585
11424642
11425252
11432883
11432925
11434838
11435384
11435962
11438391
11443961
11458481
11458670
11461454
11463017
11464084
11464448
11464655
11470973
11473434
11475698
11478239
11482105
11486263
11492607
11495147
11496040
11498053
11498201
11499361
11505093
11505148
11509601
11510484
11514275
11514495
11516308
11518553
11522175
11523494
11525035
11527266
11527478
11534259
11534469
11534865
11535205
11536208
11536215
11541662
11545170
11555559
11562185
11581796
11583904
11584505
11587867
11591732
11591819
11592030
11600416
11607471
11607829
11622205
11622694
11623473
11624401
11625056
11628765
11633245
11633531
11634901
11646996
11647153
11652192
11658450
11665094
11671477
11672705
11677267
11678380
11681072
11686435
11690924
11696075
11701763
11702387
11703771
11705843
11709784
11709994
11710955
11711065
11712408
11713302
11714052
11714448
11715502
11716926
11719259
11721546
11723309
11725302
11727229
11729097
11735400
11737206
11740590
11740731
11748058
11749507
11752161
11758453
11759690
11760093
11761513
11765672
11776179
11781215
11785453
11786829
11789196
11796239
11798573
11800529
11801830
11802083
11807205
11807896
11810258
11810518
11814869
11821036
11823792
11827522
11835141
11835456
11835692
11842233
11842326
11842879
11847001
11848065
11851325
11852870
11855283
11858901
11864857
11867490
11869723
11870207
11870909
11874592
11878279
11879923
11884950
11891156
11900703
11902137
11903471
11909511
11910140
11913056
11914082
11914256
11922194
11923668
11923751
11924140
11926464
11929602
11929862
11930612
11934506
11935238
11938537
11939813
11940324
11940682
11941689
11947653
11951254
11969463
11977686
11979753
11984197
11985029
11985901
11990280
11993296
11993775
11995636
11995969
11996079
11998249
12004201
12006769
12007693
12011402
12011644
12019223
12020305
12023522
12023618
12030255
12031423
12039833
12043501
12050711
12051212
12058552
12059815
12060110
12060866
12063492
12070283
12070521
12075920
12078791
12079223
12084463
12094193
12103870
12105448
12108928
12121211
12121417
12124420
12126969
12127934
12131918
12133243
12140620
12141188
12158156
12160030
12161754
12167543
12171057
12171522
12172313
12176728
12180074
12182654
12182867
12186363
12186899
12190431
12196275
12199345
12200586
12201860
12204676
12208521
12215245
12215658
12217064
12217790
12222600
12232205
12234453
12235104
12236432
12238712
12239932
12244676
12244971
12247610
12249960
12250578
12252709
12254835
12255331
12257630
12268249
12272189
12272652
12286308
12288021
12288996
12292433
12300719
12300865
12301410
12302865
12303853
12311079
12315135
12317254
12317594
12320230
12326666
12328290
12331401
12333093
12335750
12337982
12344928
12346338
12348499
12357491
12361766
12364613
12367427
12370007
12374111
12375566
12376126
12376264
12382582
12385331
12387407
12388052
12388213
12397762
12407202
12407972
12411410
12412478
12412774
12422043
12433837
12437894
12438966
12441582
12445056
12448683
12452769
12456142
12456727
12461221
12462460
12468128
12468165
12474554
12479048
12483601
12486152
12504290
12510554
12511530
12516183
12517568
12521515
12521565
12522297
12523827
12524294
12529334
12537685
12547824
12549816
12552942
12563597
12564167
12567596
12571858
12574443
12576820
12579062
12583067
12585460
12585600
12585949
12586367
12586556
12586864
12587230
12588110
12588955
12594199
12597527
12597741
12598320
12599404
12600434
12601652
12604331
12604654
12605392
12606719
12612922
12613983
12616164
12617533
12620534
12621031
12622477
12623113
12637831
12641167
12642487
12664270
12665985
12666645
12668592
12672419
12674019
12679114
12682033
12689042
12694444
12694483
12695265
12700543
12701572
12703404
12705576
12709458
12711220
12717065
12721057
12722243
12725029
12725886
12731125
12731755
12733587
12736188
12736892
12744821
12755685
12756438
12756884
12759811
12764994
12766446
12766778
12772497
12773083
12773177
12774542
12777525
12785130
12785157
12785318
12787507
12789659
12791358
12802065
12811311
12814789
12816430
12817225
12819716
12820134
12823176
12824410
12829055
12833015
12835383
12838381
12839533
12841446
12847300
12855100
12858814
12862881
12866003
12869168
12879408
12881678
12892653
12894852
12894907
12901477
12901813
12902894
12906387
12906702
12910267
12914829
12920416
12934937
12940725
12943668
12949466
12951707
12962551
12963353
12964470
12972183
12983464
12983868
12986213
12987497
12992062
12993985
12998024
12998827
13000141
13004924
13012895
13016365
13017461
13022337
13022429
13023753
13030635
13034731
13035938
13037052
13038622
13040265
13043413
13047659
13059009
13065651
13066695
13067759
13070564
13077353
13080768
13080967
13086015
13086896
13087694
13093510
13093562
13097303
13097633
13099031
13104620
13109661
13111267
13112897
13114028
13114154
13119261
13128961
13138669
13141605
13145159
13151614
13151847
13154928
13155294
13156319
13165910
13167251
13168756
13175588
13179534
13180725
13183958
13186496
13187337
13189531
13191393
13193443
13193566
13194936
13200349
13200424
13202667
13205289
13222382
13225725
13229447
13230570
13232080
13236073
13239341
13239672
13241109
13244232
13246148
13246923
13248631
13249672
13250860
13253087
13254804
13258303
13268436
13269299
13275953
13277898
13279649
13280279
13281014
13281312
13286096
13288339
13291808
13293118
13293268
13297878
13302768
13303186
13305193
13306812
13307131
13314528
13321083
13326055
13332119
13332147
13332528
13336607
13341310
13343246
13354122
13366680
13375154
13376567
13382062
13383240
13383926
13387648
13388108
13388151
13390928
13401961
13405336
13408009
13409042
13409237
13409992
13410088
13410921
13415120
13420950
13421093
13423529
13431357
13433419
13440352
13440552
13448767
13449395
13449468
13450039
13455409
13457635
13458813
13459043
13459390
13460344
13462566
13469341
13472242
13477275
13487726
13488027
13494667
13496315
13504509
13505686
13507184
13507273
13516427
13517381
13517789
13520833
13521673
13525769
13527885
13529294
13530168
13541692
13543119
13547981
13548680
13549802
13554150
13561138
13567669
13568561
13574428
13578744
13584215
13587309
13591440
13593774
13594062
13595189
13599510
13605346
13606083
13611828
13611831
13613248
13614105
13615065
13617044
13618038
13620933
13635129
13636376
13637400
13638549
13638673
13639109
13643609
13645775
13648187
13649040
13653276
13654448
13657678
13660209
13663022
13663166
13663196
13677570
13679430
13685528
13690805
13693094
13699812
13700215
13701844
13703523
13706307
13709395
13711532
13714682
13717383
13730134
13739526
13745176
13751258
13751959
13758652
13764543
13765092
13768116
13773565
13773795
13776757
13783238
13786675
13787450
13789016
13789849
13794888
13802861
13803129
13806296
13810704
13811929
13812806
13815116
13822469
13825340
13826771
13828723
13829472
13830428
13831224
13837462
13849307
13850726
13854162
13856552
13857191
13859023
13859122
13860008
13867122
13874330
13874890
13874903
13876867
13879420
13883044
13885476
13886526
13893703
13893961
13904906
13906107
13908251
13910736
13915162
13916091
13920912
13922276
13924113
13924180
13928252
13928913
13937770
13938174
13943018
13944435
13944808
13945251
13945593
13970873
13971509
13976950
13981057
13984522
13989271
13990396
13990761
13991018
13992874
13993230
13997532
13999102
14001766
14003403
14003978
14005235
14007718
14009133
14010329
14017009
14020293
14020656
14022858
14023202
14024823
14031935
14035766
14036060
14036358
14037037
14044651
14046036
14050317
14054449
14058564
14063837
14064910
14065162
14065645
14080812
14088809
14088987
14089511
14097145
14097207
14098096
14100848
14108662
14112890
14115413
14119718
14123627
14124574
14126218
14129683
14130399
14130843
14141132
14146627
14147862
14148285
14151681
14154164
14155866
14155995
14161467
14169704
14177217
14178724
14181136
14186260
14188937
14188967
14192050
14193540
14193840
14197685
14197814
14200470
14204926
14209318
14210636
14211003
14216438
14222712
14224676
14225822
14227193
14227378
14229009
14229734
14230536
14232935
14236672
14251053
14252761
14254681
14261537
14267499
14277039
14277101
14278438
14286612
14287347
14288188
14289633
14294493
14299913
14300022
14305438
14317396
14319350
14321873
14323934
14325556
14328874
14341426
14344269
14349619
14356452
14358961
14361115
14361195
14365128
14366043
14367401
14370894
14377917
14379600
14380263
14381400
14384352
14387120
14388239
14390909
14395416
14399030
14399653
14399702
14400072
14410680
14411537
14412520
14417545
14418050
14420763
14421697
14430666
14431130
14434462
14435258
14435376
14440178
14441763
14448141
14451580
14453796
14455904
14458331
14459877
14478743
14480876
14482319
14484485
14485091
14486767
14490672
14494550
14496263
14499506
14499552
14500197
14502706
14507135
14507480
14519860
14522124
14525385
14525727
14527932
14530786
14532429
14535713
14538791
14545916
14550687
14553064
14553369
14553594
14553787
14555380
14568171
14569163
14573457
14582500
14587113
14591248
14594574
14594989
14595895
14608903
14611592
14614581
14615413
14624571
14625002
14625212
14628584
14629043
14632249
14635633
14637102
14638116
14639738
14639895
14641918
14643667
14643799
14644469
14655725
14655879
14656574
14659456
14661784
14670036
14671546
14672156
14672609
14673085
14679036
14682088
14688844
14689776
14689831
14695901
14696519
14705925
14709446
14709870
14710237
14712542
14712814
14713414
14717853
14725221
14729371
14736614
14743588
14744730
14751163
14752149
14754025
14776019
14779352
14781017
14784405
14786225
14791965
14792078
14794305
14798451
14805427
14805624
14805742
14809113
14812816
14812960
14815331
14816578
14818783
14822660
14822948
14823293
14823806
14824816
14827941
14831935
14838756
14842706
14844725
14852910
14853508
14862787
14872535
14875030
14879083
14879201
14887794
14895489
14907090
14921391
14923538
14926807
14935456
14937749
14938027
14938767
14941568
14942965
14944526
14945113
14948407
14951664
14953196
14958210
14959667
14960169
14976091
14977094
14983181
14985216
14988660
14995512
14997455
15000774
15004228
15004613
15008206
15008786
15012289
15021502
15031526
15035232
15036328
15038501
15039932
15043810
15050062
15052636
15053440
15055259
15058335
15059303
15060564
15060642
15061237
15062350
15068179
15069043
15069878
15070013
15071839
15077660
15079078
15086478
15090739
15096949
15098680
15100459
15101859
15102590
15109225
15109444
15110345
15111522
15113489
15114183
15114278
15121652
15123707
15126438
15126867
15127697
15131516
15133503
15134852
15139487
15140886
15145333
15145944
15147869
15150116
15155083
15156491
15160978
15161300
15163062
15167527
15169495
15172044
15173239
15174628
15174671
15175397
15175476
15176533
15180318
15182788
15185268
15189061
15190756
15198080
15201090
15204538
15204827
15205536
15207614
15209715
15211124
15215545
15216147
15220426
15221958
15227124
15233534
15234452
15236383
15240929
15243048
15246064
15248568
15252369
15254695
15258906
15263560
15267160
15271233
15274282
15280049
15291134
15293758
15301162
15301952
15304264
15304721
15308782
15314444
15315550
15318627
15318669
15320245
15321148
15321278
15329938
15332083
15333049
15333640
15333688
15335110
15336997
15341996
15346084
15349387
15351898
15365074
15367017
15368226
15372330
15379669
15383668
15384326
15385725
15385982
15390391
15397921
15398732
15402453
15404350
15408075
15413448
15413760
15414170
15415107
15417975
15420834
15421008
15422789
15423364
15423549
15425836
15433857
15442519
15448121
15456611
15456742
15458468
15458534
15463017
15467821
15469186
15469324
15475577
15476815
15482379
15485393
15488267
15489108
15497636
15504624
15508343
15509947
15513728
15516211
15518936
15523269
15527167
15528772
15530568
15547117
15559214
15561011
15563130
15571149
15572822
15576715
15582488
15582562
15582916
15583433
15583602
15585995
15586942
15587132
15587580
15588416
15589328
15591140
15592807
15593919
15594223
15596635
15602583
15605137
15605669
15607266
15607329
15610691
15610751
15611679
15614805
15629008
15631992
15638177
15640895
15647708
15653813
15654147
15663032
15664119
15664575
15673612
15676596
15676963
15676998
15677747
15683736
15683812
15685856
15686229
15686540
15687441
15695329
15695568
15703708
15704896
15705304
15708623
15709142
15711872
15712235
15713776
15716328
15717299
15721334
15727396
15727659
15730931
15732767
15732961
15734211
15735389
15735529
15738732
15739330
15740435
15743978
15749886
15750213
15753935
15759504
15759621
15762417
15768442
15772059
15776864
15780384
15784995
15785096
15787553
15789838
15790283
15792399
15792935
15795900
15796106
15798892
15802416
15804601
15806407
15811275
15815312
15817127
15827954
15828164
15828510
15839896
15843768
15847450
15847875
15850830
15851591
15861206
15861259
15861860
15866757
15869811
15869878
15871306
15873182
15874285
15875029
15880404
15881667
15883698
15884492
15885572
15885602
15886599
15888960
15893374
15896173
15897628
15899229
15900502
15903964
15906121
15910528
15919944
15922803
15933347
15945906
15949980
15950061
15952618
15952813
15957551
15962040
15964757
15965969
15966000
15968091
15969908
15970053
15971813
15980243
15981474
15981685
15990764
15990944
15992762
15997493
16002938
16010232
16013152
16014142
16016290
16025838
16030589
16032951
16033869
16047685
16048338
16049915
16051082
16053538
16053819
16068869
16071601
16072916
16074133
16076118
16076163
16081485
16089172
16107103
16107445
16109564
16110844
16114343
16116978
16117111
16117806
16118194
16127324
16130256
16135828
16136885
16143110
16147155
16156906
16160042
16160438
16161805
16170037
16170464
16180815
16186908
16190793
16191415
16191987
16195699
16199339
16200428
16207173
16208379
16209569
16214104
16217811
16219409
16220291
16221220
16225053
16232797
16236035
16237312
16237354
16240350
16242079
16242935
16243092
16243098
16256538
16258992
16262899
16263505
16268148
16270394
16273870
16275119
16276389
16279486
16284291
16286250
16296324
16298931
16300317
16300350
16301928
16302117
16304299
16304906
16317821
16323178
16323396
16326147
16326816
16326873
16327144
16328252
16328283
16335435
16336719
16337283
16337658
16343639
16349389
16358036
16358719
16360057
16361473
16362954
16369470
16372595
16375494
16380655
16390398
16390555
16391227
16397873
16398385
16399717
16402097
16404819
16404962
16405631
16410880
16411008
16412503
16419841
16426190
16431185
16431958
16432687
16436102
16439076
16442090
16447094
16448259
16450759
16456407
16456526
16461173
16469234
16478196
16478441
16478777
16485574
16485591
16487597
16489295
16498493
16500195
16509291
16514094
16514894
16515123
16516536
16517134
16518416
16527316
16528775
16533868
16538788
16541311
16543627
16544086
16554750
16555144
16556934
16564195
16573193
16573745
16575140
16581855
16584388
16589453
16590776
16591930
16606761
16607552
16607701
16610137
16625169
16626204
16627623
16634411
16636033
16636658
16644774
16645669
16646897
16650082
16650350
16653071
16653309
16655584
16655794
16660616
16660866
16661852
16664147
16664550
16666651
16667498
16667705
16670628
16671348
16672203
16672387
16673358
16673564
16675188
16681129
16690023
16690968
16694522
16695520
16696212
16696492
16696724
16699371
16701346
16707624
16707821
16711804
16712132
16712550
16713324
16713889
16714723
16716672
16716969
16717107
16717365
16718777
16723302
16724532
16724805
16732689
16734295
16734703
16735484
16735570
16745861
16747598
16750637
16752302
16755729
16759779
16761198
16775504
16778636
16779190
16781619
16789713
16790949
16792858
16794533
16799292
16800775
16805571
16808234
16809111
16815974
16819793
16821407
16824220
16834071
16835520
16842773
16849175
16864726
16865099
16865729
16872200
16874217
16876309
16878612
16884314
16884401
16888291
16893954
16896102
16902724
16903398
16907896
16908640
16919434
16923922
16924623
16930684
16933018
16936633
16938112
16943912
16948394
16948506
16949536
16958400
16972510
16973078
16973160
16985466
16985531
16987368
16991006
16994239
16997504
16998516
17004728
17004945
17010061
17010529
17010630
17010912
17011100
17014244
17017563
17026617
17036918
17045602
17047501
17052994
17053926
17054477
17057401
17060081
17064773
17067908
17068661
17079183
17079979
17081351
17081712
17086223
17094235
17099931
17104310
17105975
17106863
17107198
17111209
17111920
17120546
17122758
17126583
17131850
17133254
17133580
17134691
17135496
17136771
17138957
17139087
17139778
17141722
17142473
17142942
17145085
17149582
17149886
17150611
17150680
17152009
17157508
17158489
17163487
17173198
17181395
17181652
17183405
17185787
17187410
17204066
17207547
17211572
17212585
17215669
17220745
17222995
17223297
17226403
17229658
17231151
17232798
17234610
17236641
17239937
17240424
17241255
17241836
17241951
17243355
17244552
17254453
17254486
17256273
17258469
17260967
17269190
17273205
17298157
17302113
17302457
17310579
17310943
17312033
17312599
17312956
17312973
17317699
17318982
17319081
17320964
17323186
17329912
17335381
17336222
17337629
17339556
17341981
17347672
17348255
17348981
17362928
17368088
17369141
17373241
17373312
17374596
17375207
17379304
17379566
17380007
17384121
17384804
17386827
17400728
17401126
17404097
17405040
17405972
17408641
17408924
17409223
17411886
17417034
17418211
17420307
17420498
17424830
17425326
17426477
17430824
17433244
17434243
17434412
17437105
17440010
17442923
17451647
17455760
17457047
17457286
17457587
17459356
17460120
17465099
17467495
17472079
17477693
17477976
17479542
17480855
17480990
17482741
17483470
17484345
17486022
17486643
17490743
17492951
17496229
17496909
17503053
17508151
17509640
17511235
17512172
17516242
17518047
17523235
17524053
17524151
17527440
17528007
17531757
17532658
17533027
17533986
17540788
17542463
17548608
17549530
17549988
17550019
17555095
17555986
17562588
17577616
17578600
17581057
17583924
17587301
17590134
17591732
17592810
17596448
17598813
17600537
17603367
17613786
17626278
17627158
17638307
17641940
17642163
17642616
17645028
17650547
17652003
17656941
17658084
17658400
17661140
17663414
17667121
17667683
17668584
17674511
17674652
17675256
17685127
17685886
17692562
17697071
17697834
17701084
17702043
17704398
17707002
17711268
17721215
17723909
17729063
17729938
17731644
17737410
17745350
17748445
17748503
17751831
17752511
17754652
17755247
17757419
17763836
17767342
17772744
17776750
17788951
17790092
17790909
17792680
17793305
17800616
17810861
17811117
17812612
17816541
17823449
17826579
17827975
17830226
17830775
17832479
17833514
17834245
17835271
17838891
17844218
17848496
17850948
17851162
17854531
17858384
17871290
17872093
17873323
17874775
17874932
17876908
17877706
17880648
17881326
17883049
17883365
17885630
17886435
17888753
17896184
17896766
17896939
17899842
17901700
17905960
17907332
17908794
17920407
17924460
17925592
17926158
17927664
17934026
17934498
17936703
17937217
17938831
17948445
17960137
17961415
17963694
17966419
17970240
17970270
17973000
17977324
17990273
17997566
17999469
17999801
18011683
18012710
18016366
18017697
18019320
18022379
18024842
18026491
18035692
18038129
18038268
18038328
18040314
18043957
18046654
18050874
18057594
18061107
18073639
18074436
18078496
18082123
18084875
18087208
18088059
18092778
18099819
18104415
18106185
18109052
18114603
18115414
18119300
18120367
18121182
18129846
18131812
18132099
18132382
18136614
18139069
18139659
18145836
18150668
18151358
18155968
18179345
18179649
18181762
18182498
18183810
18186031
18188260
18190022
18194456
18196342
18201788
18205954
18206968
18207157
18207716
18209916
18210484
18212181
18213790
18214196
18215120
18215216
18215405
18217493
18220698
18222049
18222391
18223708
18224152
18224672
18230260
18230512
18235463
18236203
18245723
18245889
18251088
18257148
18259264
18267337
18272660
18275512
18290014
18293265
18298162
18298476
18302634
18312125
18317653
18318643
18322514
18323608
18323930
18326635
18330616
18333039
18333725
18336009
18337957
18342775
18351018
18351046
18351551
18352927
18356338
18358717
18365595
18371079
18374405
18383355
18385244
18385326
18387942
18390935
18391782
18392298
18393942
18394835
18401123
18404413
18408000
18412958
18417832
18418667
18420375
18420812
18422034
18422170
18423581
18423870
18425678
18427224
18435354
18437925
18438289
18449039
18451520
18455299
18458558
18459101
18459695
18460212
18461742
18465503
18465539
18469343
18470596
18470961
18472965
18473254
18478690
18480425
18481670
18482655
18485305
18485924
18487843
18488981
18490878
18497037
18501596
18502996
18504465
18505899
18513061
18525375
18526259
18527794
18529274
18530000
18532183
18540027
18543528
18544581
18547222
18552649
18556683
18559147
18560014
18563382
18567913
18575656
18577626
18579232
18582222
18584892
18595496
18597012
18597163
18601371
18603765
18604081
18607419
18610953
18611105
18612114
18615470
18616636
18616862
18629016
18630803
18631475
18631684
18632523
18635866
18637154
18639559
18641609
18650598
18654488
18659321
18659354
18663084
18665820
18669869
18670596
18672355
18677312
18677369
18678158
18678841
18682387
18685225
18685304
18691936
18692007
18693378
18695273
18698062
18699904
18701003
18705858
18708964
18711638
18719505
18720304
18725787
18726246
18728318
18730339
18730981
18734103
18735159
18735746
18736513
18736887
18739322
18743377
18748654
18748957
18750947
18753965
18754094
18761861
18763876
18764730
18764961
18766625
18771146
18772831
18774051
18775399
18776401
18777919
18778427
18782172
18783882
18786522
18787611
18788428
18789112
18794846
18794864
18800154
18801652
18807903
18808973
18815351
18817152
18819746
18820141
18824007
18827173
18830608
18839211
18844194
18853332
18853566
18858092
18861346
18868818
18878558
18880152
18895131
18897117
18897386
18899212
18906849
18908748
18911366
18916138
18918261
18920927
18926263
18926627
18928498
18929689
18930478
18936292
18937058
18937507
18937823
18938199
18944375
18945251
18948257
18949154
18951197
18952053
18956405
18960016
18964504
18966117
18967150
18973922
18974318
18978069
18979864
18984556
18985251
18990036
18991405
19003337
19006099
19010828
19015075
19017513
19017622
19018770
19019021
19030525
19034860
19036741
19041027
19049868
19049950
19050116
19058127
19059820
19060021
19061763
19074693
19075515
19076339
19084816
19085809
19086172
19087772
19093434
19093638
19099772
19101572
19104362
19109751
19120558
19122258
19125334
19128596
19130109
19130257
19134286
19136402
19139073
19141792
19144955
19145938
19149954
19151892
19152246
19153643
19154230
19155098
19155735
19163706
19167708
19173292
19179249
19184464
19191021
19195109
19196227
19199482
19209540
19209846
19212269
19213268
19216626
19217569
19219974
19223992
19224868
19225319
19225458
19232324
19233739
19240900
19241827
19251317
19253863
19255546
19264981
19269300
19271386
19274094
19275288
19290262
19291400
19292955
19293685
19296881
19300741
19310854
19312815
19314186
19327959
19333891
19336302
19340444
19340534
19342179
19345923
19352742
19354227
19355248
19357275
19357858
19364496
19365528
19366290
19366630
19367595
19372607
19378020
19393263
19395195
19397575
19400890
19403735
19409204
19412548
19413646
19414614
19415847
19417578
19420111
19424985
19427794
19431609
19431995
19432616
19432829
19436273
19437996
19439194
19440259
19442980
19443764
19444193
19446450
19450854
19450972
19451923
19458133
19469303
19474673
19477956
19478060
19481269
19482889
19483123
19485826
19485995
19494046
19494714
19498960
19500152
19500940
19502261
19506343
19509845
19511001
19513636
19516007
19522050
19524281
19534682
19534739
19534960
19536310
19547211
19549878
19551008
19553102
19554793
19558077
19560902
19561381
19566389
19568828
19570210
19571915
19574553
19574908
19578634
19579678
19580658
19583499
19588927
19593549
19595474
19597968
19605567
19606850
19610122
19612916
19613748
19616272
19624735
19628825
19630461
19632853
19634705
19635200
19638922
19640087
19640748
19641451
19650739
19651764
19654789
19657527
19657884
19658265
19663071
19666713
19671886
19673743
19674381
19685393
19686227
19689870
19694239
19695712
19696965
19704537
19716477
19718875
19719276
19720225
19721496
19722615
19723596
19726162
19728354
19731575
19733163
19734720
19738113
19738735
19741409
19744908
19745060
19747933
19756348
19768358
19771379
19773927
19776670
19778998
19789016
19789572
19790331
19791400
19791524
19794378
19794702
19800574
19805667
19809198
19811662
19816597
19819956
19821864
19821918
19828275
19830155
19837015
19838492
19839970
19841432
19844796
19846854
19848438
19852392
19856161
19856700
19864010
19876807
19882744
19888333
19888468
19894819
19894850
19895459
19907770
19909231
19912470
19913311
19914649
19923450
19928855
19929620
19930344
19931739
19935806
19947409
19947568
19952518
19953040
19960253
19961083
19964062
19966013
19972708
19974089
19976223
19976468
19980225
19991928
19995500
19995668
19996044
19997003
19999683
20005256
20009373
20010937
20012896
20014272
20026595
20027575
20028663
20028730
20032279
20032759
20035398
20040200
20057530
20059697
20062459
20062997
20065646
20067483
20067850
20069534
20071475
20074308
20075461
20077602
20083937
20086565
20088051
20091601
20103291
20103798
20104980
20106199
20107486
20109107
20113938
20114556
20115324
20116767
20123074
20128215
20129724
20135819
20137497
20140246
20140438
20141140
20141905
20143800
20145308
20146550
20147223
20149522
20150356
20164137
20168057
20168159
20168406
20169142
20171744
20180691
20183660
20184043
20184943
20189072
20189202
20192231
20194102
20197365
20197572
20202062
20203589
20208787
20220349
20222420
20226297
20228339
20229295
20230713
20230816
20231512
20231646
20231743
20234427
20234731
20235740
20242376
20252493
20252724
20261343
20261438
20264578
20265075
20266668
20270651
20272112
20277240
20279086
20279307
20279769
20279825
20281915
20282633
20282997
20285214
20285715
20285788
20288193
20292983
20296990
20298475
20302557
20302697
20305459
20305852
20306304
20310896
20318848
20321468
20322001
20324122
20325175
20327116
20328788
20333411
20334709
20338844
20343333
20346835
20348799
20349030
20350791
20359374
20369571
20373031
20373835
20374898
20385099
20387934
20391532
20395151
20397510
20398737
20400716
20400973
20408366
20414233
20417792
20418607
20418692
20420301
20423392
20431802
20432379
20432483
20432894
20433271
20434621
20440381
20449243
20449885
20450521
20450836
20453469
20455511
20457813
20461086
20466775
20467931
20471195
20473474
20475425
20475581
20477312
20479170
20480443
20481930
20484472
20491934
20500095
20500954
20503380
20505679
20509039
20513618
20514303
20517138
20520475
20528373
20530675
20531505
20532560
20536589
20537671
20538941
20543148
20550036
20552136
20560501
20563630
20568103
20571312
20571731
20578659
20582572
20584363
20587511
20588595
20592054
20592866
20596729
20598503
20602384
20603651
20610582
20613295
20614264
20619293
20619500
20622103
20625803
20627271
20627743
20628562
20631771
20632773
20632939
20633342
20637157
20640555
20644086
20645704
20648525
20649861
20650353
20653816
20662779
20663054
20664210
20665826
20665856
20670513
20670579
20672914
20674006
20684155
20685054
20686030
20687484
20693421
20695326
20698042
20699184
20704137
20704730
20713975
20718756
20719125
20719144
20719379
20727341
20727578
20734275
20739916
20744144
20746986
20752980
20753442
20756548
20757208
20757772
20759032
20760449
20773782
20776760
20783347
20791776
20794148
20798315
20799038
20801007
20806144
20808079
20810324
20811369
20814739
20820502
20828499
20831443
20832248
20841054
20847814
20849880
20864629
20867886
20872103
20875007
20875229
20876422
20878612
20882627
20886342
20886521
20887917
20888002
20892505
20893305
20897479
20898667
20901245
20903132
20908222
20912049
20915024
20919558
20919955
20921240
20928390
20931751
20932894
20936884
20937640
20940488
20942189
20947549
20956210
20957171
20965139
20967830
20973709
20983465
20985404
20986228
20987527
20996822
20997428
20998079
20998771
21007393
21010921
21015959
21026631
21027118
21028525
21032107
21033964
21038748
21044573
21048741
21050068
21055645
21056441
21056787
21060390
21061172
21063052
21066168
21066274
21067076
21068470
21068537
21073439
21074309
21084579
21086746
21087640
21088436
21089213
21092389
21092891
21094116
21094754
21096521
21096634
21102111
21104963
21105257
21106589
21111868
21116350
21117852
21118077
21127201
21129153
21134908
21135122
21135173
21136024
21145178
21145560
21147477
21151562
21154156
21154407
21154647
21156245
21157033
21167598
21169793
21170573
21170897
21174161
21175627
21183549
21186227
21190745
21194522
21194918
21196617
21198699
21199701
21200727
21206035
21212945
21213042
21214413
21217074
21219952
21223633
21226263
21227032
21227351
21227989
21228189
21232797
21232840
21246563
21247083
21249029
21256120
21258074
21260214
21263458
21263565
21268784
21271586
21272501
21273101
21275682
21275909
21275950
21292044
21302891
21303335
21305296
21308740
21319215
21326642
21327290
21330254
21335708
21336271
21336819
21339528
21339835
21341977
21354562
21356204
21359481
21364515
21364530
21365938
21369392
21370613
21372985
21373749
21374056
21377769
21380476
21390217
21391940
21394707
21396334
21397566
21400145
21401894
21403918
21408657
21410132
21411763
21412083
21412596
21415727
21416077
21417153
21417424
21419566
21423389
21424387
21426827
21428448
21436341
21439675
21446004
21447279
21458987
21459006
21474786
21475436
21476166
21476663
21480075
21485356
21486192
21486274
21488609
21490679
21491525
21495655
21503632
21503811
21507330
21509375
21514014
21515733
21519145
21520479
21521192
21521926
21523524
21524237
21524328
21524748
21527000
21528029
21528293
21529591
21536641
21540846
21541955
21542733
21542914
21549200
21554088
21558548
21562438
21571030
21573068
21574941
21576691
21588366
21592703
21598742
21601424
21602279
21614948
21617086
21621082
21621407
21624999
21626393
21630605
21631501
21634257
21641606
21645752
21647717
21648828
21649050
21649514
21650311
21655480
21657698
21659507
21662566
21669582
21671927
21676654
21676910
21678843
21684711
21685549
21686600
21689695
21690386
21700082
21703718
21704457
21704561
21710325
21718719
21720020
21723435
21724001
21724019
21726159
21727099
21734066
21740944
21743118
21746835
21751415
21753893
21754209
21756641
21758414
21763274
21766541
21770293
21773003
21774482
21780216
21784496
21785585
21787285
21787407
21795814
21798608
21799220
21804040
21805108
21809268
21809916
21810035
21817411
21819709
21824981
21828111
21829649
21834296
21834471
21838790
21840520
21844348
21846855
21849423
21852884
21858643
21861530
21864233
21864769
21865608
21870428
21878306
21879611
21884630
21885818
21893891
21904506
21904861
21908488
21908490
21915049
21916654
21916768
21928255
21930977
21935006
21935217
21935374
21941669
21942796
21944056
21947519
21955801
21957280
21961446
21963463
21963682
21967102
21976391
21985888
21986235
21987830
21990843
21998500
22005205
22006865
22010644
22015651
22017137
22020677
22022033
22023832
22029714
22032733
22033174
22044720
22044903
22052534
22054407
22056936
22065702
22075159
22079733
22084231
22087805
22091910
22092828
22094963
22095144
22096437
22100072
22102791
22102921
22103419
22113632
22115799
22117546
22118979
22126508
22132553
22137997
22144820
22149916
22151237
22154068
22156653
22161573
22163698
22167503
22169052
22173715
22177883
22178958
22181119
22188207
22189243
22197707
22200004
22201575
22207745
22208783
22212382
22215105
22215146
22216450
22218423
22218849
22225750
22225775
22230755
22233974
22237007
22239320
22240688
22242802
22243716
22244176
22250312
22250324
22250697
22254194
22256043
22256293
22257218
22258266
22262572
22274646
22276455
22277601
22278018
22278667
22278771
22285969
22290368
22293186
22294060
22294771
22295934
22298974
22299834
22303437
22308234
22309316
22309558
22310491
22312710
22319491
22320351
22320968
22323116
22325138
22325374
22327203
22327248
22330953
22333011
22334578
22334975
22337024
22338493
22339646
22349600
22350690
22352414
22353691
22355119
22355962
22356178
22372054
22373369
22373882
22376967
22377856
22378699
22380216
22384903
22385216
22387118
22388619
22388965
22390137
22390636
22390689
22391436
22394190
22397241
22401565
22401573
22404748
22405477
22414460
22415370
22416052
22416744
22420293
22420517
22424312
22425540
22426419
22427190
22427677
22428632
22429239
22431722
22434335
22435284
22444208
22447070
22449119
22452950
22454690
22456202
22463836
22466148
22466934
22474882
22479723
22483916
22484137
22486640
22487342
22489834
22490033
22494538
22494883
22495057
22499418
22499694
22500437
22500878
22502958
22505045
22505130
22505209
22507331
22508823
22508969
22510381
22511931
22512022
22516396
22524457
22527531
22530394
22531073
22531186
22534181
22534524
22534777
22539300
22540520
22542922
22545377
22545782
22549175
22549437
22552399
22560435
22560771
22563255
22565954
22566986
22567937
22567944
22571674
22588801
22596737
22597165
22601263
22604940
22605427
22610971
22613471
22621737
22622259
22623495
22625518
22628556
22630557
22634311
22637403
22637426
22639035
22640176
22646048
22652366
22653224
22658120
22658744
22660539
22660655
22664181
22667243
22669265
22679419
22684523
22684824
22686275
22691148
22694190
22695292
22697253
22699058
22702069
22707955
22708382
22710672
22715578
22722080
22727164
22734211
22734937
22741748
22746688
22749460
22760596
22764034
22766867
22770496
22772608
22774073
22778488
22780070
22780715
22781850
22781976
22783321
22795732
22796585
22798709
22799000
22799797
22805847
22807954
22808706
22809099
22815711
22815920
22823686
22831819
22833615
22835348
22835712
22837467
22838216
22840086
22842130
22846095
22847379
22850662
22861400
22862554
22863509
22865368
22866636
22878538
22884211
22884605
22887350
22887996
22888611
22892425
22905729
22907379
22907735
22909154
22909884
22911994
22915770
22915946
22918074
22918097
22918944
22920508
22921680
22922007
22923711
22926683
22927448
22927763
22930410
22931707
22932892
22933883
22937965
22938340
22938439
22943258
22949890
22953034
22955117
22958025
22964900
22968176
22973129
22976622
22977072
22977563
22990507
22990597
22992267
22994450
22994781
22999913
23001173
23001829
23002711
23008244
23011658
23011987
23012129
23012212
23013988
23014453
23016090
23016467
23019660
23021081
23024299
23025166
23027239
23027291
23028315
23036308
23043291
23044236
23047741
23051174
23055087
23055494
23057992
23060824
23060872
23067556
23075099
23076895
23079917
23088850
23092273
23093733
23096769
23100577
23101140
23110330
23113954
23114604
23115344
23117797
23119884
23120441
23120868
23127260
23133531
23136915
23142175
23143606
23148683
23149809
23165677
23180113
23187203
23188247
23188676
23189621
23198022
23202743
23203248
23206351
23234566
23236499
23237612
23238349
23239226
23239510
23242642
23245301
23248983
23249118
23249564
23250750
23251344
23257079
23262356
23263309
23271740
23274114
23277799
23278744
23279523
23283458
23287072
23289415
23290520
23292421
23296631
23303494
23304866
23319206
23321937
23322057
23322306
23322434
23324763
23332131
23333800
23342011
23345271
23345280
23345759
23348896
23356128
23357256
23358631
23361357
23364947
23371568
23373129
23373323
23373965
23374662
23375659
23376981
23382416
23385578
23388040
23390068
23392799
23397047
23397391
23398373
23404905
23409271
23411250
23411475
23413714
23416793
23420362
23420460
23422856
23429277
23435287
23436454
23438618
23440192
23444925
23448541
23460243
23463815
23466841
23468444
23468700
23469489
23469510
23480623
23481029
23482669
23503267
23503806
23517045
23518399
23520717
23521238
23525939
23530052
23530243
23530805
23535091
23535340
23541175
23543876
23544544
23548960
23549611
23551265
23554978
23557417
23560613
23571391
23576551
23580313
23588895
23589246
23594760
23597485
23600282
23601262
23602816
23603838
23603979
23608826
23611616
23611747
23616431
23627560
23628796
23634328
23636700
23638207
23640656
23641254
23641593
23644133
23645836
23645844
23647154
23648334
23648943
23650498
23651255
23653130
23654338
23662940
23664818
23671089
23676175
23677288
23685732
23686653
23687562
23695994
23698796
23700257
23702732
23704243
23704471
23706480
23711646
23713412
23714422
23718457
23721300
23723208
23724102
23725304
23736185
23737375
23742881
23743759
23746627
23748771
23749890
23750761
23751098
23752197
23752726
23756232
23760216
23763811
23764646
23770065
23773570
23776542
23782084
23784432
23785702
23787744
23788208
23788445
23789834
23791617
23793547
23796183
23796500
23796915
23797544
23799592
23799895
23802265
23802954
23806930
23807635
23809002
23810685
23814482
23814935
23814984
23815758
23816215
23817061
23817905
23818603
23826089
23827457
23827761
23832421
23834541
23835671
23840557
23845580
23845746
23847159
23847455
23851497
23855147
23855745
23856598
23860786
23864647
23871182
23871433
23874954
23878278
23881387
23886473
23886935
23887176
23887770
23895900
23899092
23899940
23903965
23904689
23904692
23909037
23909912
23910105
23912793
23914204
23915126
23916918
23917404
23918374
23918814
23918992
23920480
23922575
23925695
23926047
23926220
23926510
23926634
23927917
23931189
23932145
23933212
23936279
23939856
23944057
23945080
23947983
23949080
23951363
23953162
23958202
23963924
23967589
23969293
23970819
23974165
23975604
23976317
23977806
23980497
23981726
23987427
23988430
23992507
23998391
24002466
24007991
24009912
24010931
24022171
24023390
24026166
24031861
24032867
24034808
24035439
24035582
24036903
24037077
24038156
24040096
24040880
24048481
24050371
24050975
24057328
24061147
24065481
24066927
24067581
24068062
24080386
24083244
24083883
24089018
24089807
24094649
24096623
24102373
24103475
24105313
24109858
24110010
24112074
24113288
24113311
24119497
24120162
24122725
24126801
24130205
24130477
24132804
24133557
24140530
24141380
24149227
24149576
24150253
24160169
24163507
24174405
24176610
24177988
24178061
24181817
24183865
24184381
24201694
24204176
24204504
24210444
24212889
24215193
24219137
24219549
24226964
24228705
24231917
24233103
24237924
24238545
24239345
24240971
24242267
24243966
24250408
24251856
24256137
24256757
24256827
24264482
24268461
24268783
24268964
24270291
24273514
24273660
24274795
24277870
24281499
24281661
24283015
24285027
24296526
24300466
24300479
24301076
24303477
24303978
24306733
24308700
24312812
24317215
24317656
24318515
24325868
24327143
24327220
24329113
24329963
24330251
24333882
24342720
24344826
24344889
24347164
24347747
24347792
24350000
24352737
24354357
24363564
24370434
24371554
24377982
24378775
24379008
24379671
24379832
24382297
24383718
24384552
24385358
24389437
24390978
24391954
24392201
24393653
24394931
24397443
24414796
24416540
24418036
24419038
24423968
24425577
24426827
24427471
24431587
24432006
24436164
24441477
24446176
24448325
24461144
24465810
24466252
24467702
24471771
24472267
24472556
24473237
24478012
24478783
24478928
24479114
24480958
24483302
24494856
24500462
24501427
24503804
24506045
24507971
24508770
24508824
24509710
24512403
24514579
24516380
24517696
24521009
24540295
24541752
24545425
24549175
24550963
24553144
24554550
24555716
24558371
24559636
24573625
24586292
24587955
24595694
24599949
24601890
24603138
24617976
24619345
24620913
24621625
24623419
24623650
24624321
24628128
24632578
24643509
24643663
24644999
24647811
24650449
24652101
24658222
24659127
24660571
24661305
24665273
24668104
24668746
24671403
24672040
24672516
24673001
24675867
24678116
24681011
24684051
24684707
24685376
24688640
24695059
24695157
24696060
24699058
24701102
24702064
24703377
24704011
24705178
24708114
24709276
24714871
24714896
24721333
24721811
24724608
24725868
24726749
24728060
24729550
24730655
24733725
24738200
24738300
24745717
24746547
24747533
24748083
24749916
24752347
24765575
24767981
24768329
24770841
24772919
24773289
24774575
24784076
24786550
24788365
24792592
24794523
24802691
24805290
24809174
24810732
24815249
24817067
24819436
24820398
24828647
24836341
24846054
24846184
24850286
24851310
24854737
24855436
24857045
24861543
24868353
24874194
24875526
24876444
24877331
24880452
24881269
24886323
24886543
24888235
24892974
24894531
24896222
24900438
24903406
24907268
24907692
24909094
24912958
24913991
24917024
24924056
24925440
24927720
24930858
24931497
24934496
24934737
24936045
24937014
24937604
24938106
24938259
24940885
24941353
24943102
24944206
24945660
24950786
24958464
24959707
24975406
24980517
24980619
24994324
24996673
25001138
25005698
25006708
25007378
25008480
25011440
25018178
25019497
25020318
25021755
25025017
25025700
25026640
25026650
25027001
25028185
25028944
25042072
25043863
25047130
25060834
25064680
25066654
25067306
25069540
25070014
25072999
25073656
25075716
25076455
25077032
25077176
25079924
25079932
25082422
25087525
25088264
25092321
25094082
25097349
25097663
25099074
25103141
25104961
25105571
25114839
25116852
25119396
25122985
25128012
25128799
25129260
25129750
25137678
25139886
25140525
25141216
25142990
25144910
25146770
25146927
25148284
25153833
25157384
25158724
25160183
25160663
25161651
25163234
25163974
25166656
25167686
25167765
25172334
25172902
25178007
25178605
25181161
25181880
25193413
25196166
25197021
25199041
25203026
25203658
25208074
25208169
25210225
25225428
25226300
25230644
25230910
25232873
25233952
25234396
25239193
25239702
25240797
25242409
25244302
25248144
25249171
25253386
25259146
25259220
25260807
25264381
25264764
25265332
25268097
25273032
25277135
25281473
25284275
25289338
25292733
25294136
25295747
25295833
25296769
25301183
25304340
25304723
25307872
25308487
25311472
25317275
25321982
25322008
25322806
25333642
25336330
25336349
25337369
25344082
25346723
25347132
25355572
25357606
25361785
25368255
25371743
25373509
25377987
25379636
25385250
25387114
25388268
25392526
25402187
25403295
25404787
25408042
25408985
25411765
25413191
25415669
25432062
25436754
25440674
25444405
25446598
25450599
25452619
25454527
25457380
25458831
25462163
25465837
25470669
25480021
25482607
25483668
25485279
25485703
25490788
25491246
25491311
25493896
25495949
25505651
25506767
25509717
25510382
25514855
25515853
25521266
25522172
25524440
25528998
25529975
25530780
25532054
25535169
25535249
25538673
25552733
25553703
25556256
25561623
25567065
25574112
25575555
25576863
25578611
25584787
25590101
25597914
25600502
25600886
25601151
25601406
25601777
25606560
25614360
25616141
25619629
25624488
25627059
25627238
25631957
25637972
25643388
25648235
25648933
25649000
25650444
25652430
25656154
25656762
25661445
25668286
25670554
25671072
25674312
25678449
25684351
25685933
25688326
25691608
25694420
25695738
25697690
25697789
25698749
25705477
25712600
25712836
25713949
25715857
25716165
25718472
25721378
25724660
25726802
25727273
25729859
25730206
25732282
25732532
25736005
25736007
25741758
25749114
25754629
25758829
25762138
25767903
25777529
25779523
25781242
25784711
25786726
25790815
25793742
25795151
25795823
25796389
25796477
25805608
25809512
25809566
25809581
25809882
25816110
25829000
25848969
25849407
25857696
25863852
25870493
25871546
25873143
25874059
25876520
25881457
25882751
25884555
25887934
25891622
25892209
25898606
25899440
25899792
25900256
25904600
25910272
25911089
25920741
25922008
25925872
25937397
25938880
25945083
25946398
25947241
25954579
25955952
25957481
25960109
25966780
25968855
25968889
25969509
25970867
25977070
25977726
25979689
25981566
25986010
25986868
25994860
26004176
26007450
26011539
26012435
26018783
26019211
26022549
26025485
26029178
26030970
26031591
26033357
26033422
26033506
26033984
26035208
26040802
26043756
26044872
26045823
26049029
26050898
26053984
26054526
26056847
26064018
26066469
26073078
26075877
26076433
26078630
26081158
26090473
26091699
26094620
26097216
26098762
26099087
26099134
26101224
26101792
26101822
26104657
26113105
26124041
26125616
26127580
26127929
26130123
26132383
26139890
26139895
26142599
26146905
26148707
26150960
26164334
26169237
26169891
26169959
26172229
26174724
26181455
26181919
26182232
26185042
26188719
26201304
26207131
26208821
26209413
26213626
26217610
26220715
26234842
26238733
26240900
26245307
26245514
26251938
26252816
26257526
26260603
26260773
26270127
26270392
26271410
26278163
26282029
26282154
26290408
26293698
26294294
26301638
26304036
26309513
26310078
26318168
26320265
26323572
26325338
26326708
26328495
26332492
26340056
26342229
26345844
26349458
26352120
26354258
26355776
26357319
26364676
26367421
26368783
26381816
26385390
26388607
26389557
26391288
26397690
26404984
26407745
26409795
26412721
26414136
26418286
26420148
26437122
26441365
26449807
26452165
26455834
26470987
26472379
26476543
26487604
26489097
26490014
26492917
26501992
26505167
26505248
26508983
26515244
26518841
26520578
26521656
26526585
26531256
26536240
26536856
26537800
26538268
26539520
26542679
26546256
26548030
26548277
26548566
26549954
26552544
26554251
26554396
26556566
26557686
26557873
26558642
26564923
26565049
26567638
26568029
26568407
26574976
26587127
26588501
26600722
26603257
26605578
26607772
26608543
26620060
26620384
26622215
26623864
26625100
26629743
26633762
26635658
26643034
26643747
26651220
26652874
26653319
26662697
26663369
26663946
26666610
26666811
26666864
26667766
26676550
26686303
26688175
26693296
26697040
26698177
26700291
26706574
26706701
26708325
26708385
26709077
26709611
26712326
26716559
26716573
26720984
26722234
26722797
26724415
26729234
26730600
26736931
26737197
26743104
26746703
26758226
26767559
26767561
26768480
26775043
26778643
26781517
26781923
26782768
26791903
26796079
26797002
26797920
26804087
26808341
26809193
26810447
26820030
26822884
26825956
26833963
26839047
26840315
26842930
26844559
26848961
26851553
26853996
26855210
26861254
26861434
26862041
26865375
26871589
26876901
26880877
26881740
26881913
26883935
26884961
26890117
26892231
26892273
26896686
26898718
26899982
26902388
26908890
26911524
26922607
26923989
26925979
26927742
26944837
26945342
26947514
26953099
26953376
26953946
26955431
26956568
26956737
26960999
26966775
26970665
26974446
26977101
26977319
26977387
26980730
26982560
26985686
26987519
26989725
26992750
26993808
26994794
26994872
26997645
27000735
27004039
27005620
27007488
27008275
27008583
27014186
27023025
27023571
27028564
27032348
27033706
27042349
27045301
27048672
27053311
27053823
27061768
27062639
27064347
27065978
27069483
27071779
27076663
27078804
27080861
27082808
27085114
27086383
27088781
27090970
27091066
27098093
27101309
27101926
27102790
27104652
27106183
27110160
27114294
27115923
27122738
27124970
27127206
27136729
27137763
27144220
27155517
27155802
27164179
27167921
27172354
27177035
27177672
27179759
27179843
27182611
27197623
27198587
27199440
27205136
27209195
27211101
27222035
27222622
27222989
27224348
27229942
27230882
27232015
27232429
27233088
27235762
27236098
27240505
27240693
27242860
27246209
27248886
27249665
27249914
27252271
27252395
27254955
27257980
27259911
27264076
27265356
27266146
27271131
27272049
27273032
27273844
27277042
27279637
27283141
27283735
27288333
27292705
27297011
27297049
27299064
27304216
27309126
27309441
27310342
27310486
27320124
27327982
27328160
27328348
27330597
27333184
27339194
27340127
27345416
27346049
27347351
27348279
27352976
27354843
27356547
27357031
27359652
27359667
27364197
27366291
27366351
27367015
27371354
27378366
27378710
27379355
27388772
27389113
27401613
27402098
27402815
27405193
27406511
27407933
27409668
27414471
27414549
27421095
27424393
27426805
27428343
27429800
27431717
27432169
27436307
27438213
27438552
27443379
27444089
27448286
27450683
27457123
27458426
27459584
27461113
27461150
27463411
27467121
27467309
27474913
27475173
27484998
27485249
27486607
27486749
27487888
27489555
27489667
27492498
27495503
27496739
27496783
27501066
27514113
27517533
27518618
27527033
27533203
27541244
27543310
27545186
27548250
27548683
27551008
27553483
27555862
27556922
27560595
27562936
27563314
27564188
27565946
27567640
27571588
27571625
27574205
27574427
27574690
27585685
27595121
27600349
27600974
27602605
27604059
27604693
27610296
27613649
27614634
27617595
27624324
27626169
27626839
27628437
27635057
27640704
27641972
27651857
27654484
27659581
27659721
27661792
27666562
27671248
27671424
27673967
27674968
27678408
27680216
27682815
27683576
27687289
27691381
27695709
27698568
27698822
27701360
27705509
27706819
27713199
27721663
27724241
27724559
27728919
27732025
27733977
27736075
27737236
27746755
27752983
27753003
27756729
27761218
27762700
27765170
27771623
27772314
27774553
27776506
27777488
27781189
27786810
27789823
27790853
27796426
27796668
27803826
27806084
27809264
27809902
27814517
27816598
27817352
27818354
27820061
27820451
27830671
27839167
27859995
27861386
27863017
27864263
27865176
27866913
27868436
27869834
27875511
27878031
27882190
27882253
27884069
27893335
27893365
27898196
27901177
27903432
27911644
27911673
27915772
27917329
27921366
27926309
27928734
27929383
27932163
27935587
27940970
27941631
27943127
27943130
27944803
27948718
27952321
27954700
27954907
27955007
27958050
27967132
27969170
27971869
27972289
27974597
27980393
27984243
27988069
28003721
28005323
28007401
28013727
28014228
28014554
28014686
28021006
28021287
28021404
28023116
28024302
28027401
28028062
28029082
28029638
28032681
28032853
28033013
28035341
28040725
28041691
28052248
28055996
28056083
28062789
28065622
28069414
28080143
28080364
28083011
28083667
28085619
28090850
28096622
28104995
28105087
28106991
28108291
28114393
28115095
28116344
28117999
28118981
28122798
28133338
28137501
28141366
28160327
28170107
28171759
28173200
28173209
28174484
28174875
28176771
28179709
28194624
28196135
28199650
28203088
28203937
28209938
28212909
28214329
28215040
28215594
28228061
28236972
28240663
28242403
28250430
28252843
28255479
28260832
28264537
28265381
28266415
28279646
28281906
28287338
28291231
28302830
28303615
28305621
28308766
28310312
28310356
28311781
28313299
28319027
28319311
28322484
28328218
28331589
28333752
28334903
28336651
28339385
28340830
28352483
28354069
28365787
28366324
28366727
28367583
28370589
28374479
28380288
28381196
28382684
28395557
28396072
28411507
28413440
28415269
28415666
28417444
28419910
28420351
28420662
28420924
28431206
28432807
28437555
28438664
28438819
28439021
28440343
28441592
28444202
28455834
28456914
28461467
28465471
28465716
28467841
28471434
28474230
28474362
28479127
28479309
28480122
28480263
28490140
28493493
28496878
28498654
28499164
28501782
28502014
28510407
28510497
28519746
28519991
28521491
28524952
28528723
28529790
28530905
28533495
28534273
28541746
28543504
28544550
28545697
28549666
28552213
28553655
28571254
28573087
28573618
28579634
28598513
28603661
28606026
28612978
28613978
28614513
28618439
28619051
28625119
28630889
28632960
28634416
28647084
28647106
28648142
28649019
28655070
28655728
28658662
28658800
28660715
28665590
28666187
28669780
28670304
28678478
28678937
28689841
28690960
28691063
28697000
28698493
28700066
28710443
28716945
28718223
28718647
28729879
28732351
28735136
28738649
28741179
28746013
28746861
28747105
28748175
28748849
28749665
28754701
28757120
28757755
28762015
28766704
28767769
28771329
28772531
28774322
28777995
28782657
28783136
28786861
28787818
28792287
28800844
28810349
28811681
28812086
28812924
28814345
28816145
28816397
28819081
28819243
28819806
28820960
28823750
28826271
28827147
28831875
28833755
28834931
28835243
28835789
28836452
28842028
28850686
28851478
28857506
28858361
28860693
28868114
28874089
28878698
28883412
28885232
28889965
28892623
28900138
28904151
28909062
28915117
28918161
28921704
28922099
28923227
28923977
28925289
28930528
28940974
28941149
28942285
28942974
28945620
28946150
28947798
28953650
28960639
28961278
28965082
28968329
28970055
28972778
28976092
28976557
28979226
28980047
28981921
28982065
28984247
28988911
28989299
28991495
29001375
29004031
29013752
29015456
29026029
29027297
29028458
29028684
29030185
29033157
29056174
29057748
29060367
29061711
29065217
29066039
29067439
29068040
29076399
29082791
29084804
29092638
29095195
29096395
29101541
29106825
29119091
29123353
29127355
29129345
29130678
29131545
29131691
29136485
29144825
29154603
29156453
29156740
29158127
29164140
29164890
29166619
29167143
29170044
29170425
29174466
29175016
29178903
29180486
29181265
29187181
29195196
29197991
29202012
29205531
29205872
29206853
29207089
29207488
29209120
29209811
29210577
29214288
29217266
29218054
29218464
29221188
29223819
29224578
29224929
29225000
29236883
29238128
29240286
29241003
29243810
29244406
29244570
29249460
29249966
29253514
29255168
29260270
29262410
29264272
29265197
29267570
29271339
29273972
29275165
29281484
29284891
29286268
29290041
29292381
29296895
29301537
29307465
29309771
29314737
29320429
29320838
29323349
29323791
29324228
29324834
29335017
29336090
29339123
29340814
29349925
29361589
29361617
29362430
29364322
29364809
29366774
29369009
29373440
29378627
29380414
29382973
29387284
29388552
29388824
29393040
29394506
29396334
29397163
29397318
29399353
29400436
29407364
29409912
29411134
29412346
29416342
29417654
29418620
29418808
29420033
29422230
29422682
29423363
29424817
29431550
29443077
29446439
29448658
29449176
29453116
29454020
29455241
29456128
29459266
29463489
29465201
29484543
29486261
29490815
29491073
29492668
29493329
29497490
29503595
29508095
29515045
29520476
29522787
29523531
29532747
29538184
29541635
29546010
29549804
29550674
29554522
29555734
29562051
29566756
29568759
29573631
29575497
29579089
29581191
29582502
29582516
29588147
29594189
29598687
29599380
29603385
29604052
29605340
29608669
29615615
29625080
29625944
29627617
29628928
29631299
29636667
29636744
29639374
29641303
29645016
29649028
29650305
29651506
29653806
29660995
29669414
29672010
29673625
29674294
29676084
29676898
29678785
29682388
29688674
29690366
29692373
29700214
29704134
29704536
29705780
29710729
29715976
29717649
29722558
29726093
29729501
29730029
29730942
29734268
29734903
29735603
29735735
29739153
29748761
29751802
29752305
29753732
29754661
29756010
29757060
29759788
29763219
29764719
29768108
29770499
29775746
29778632
29783089
29783143
29791495
29798772
29798873
29799418
29808017
29808070
29809299
29811990
29814328
29815826
29816907
29821318
29826255
29834512
29837952
29844555
29849473
29853031
29860396
29866373
29868519
29870609
29872415
29873594
29874868
29876217
29886350
29887703
29902379
29903200
29920403
29933976
29939124
29950042
29950411
29951105
29952387
29953792
29954846
29961191
29966371
29975926
29981764
29993106
29993722
29994072
29994082
29994669
29995094
30004265
30010808
30012746
30013351
30015310
30016974
30019523
30020714
30020769
30021997
30022013
30023950
30024662
30025144
30026221
30029521
30032065
30035570
30035972
30037243
30039577
30039674
30040578
30048950
30049517
30058357
30061554
30062700
30064247
30064936
30069717
30071127
30075854
30076013
30077887
30078371
30084985
30085713
30088539
30089094
30089814
30093916
30097366
30098375
30099874
30100717
30102006
30103822
30105055
30108446
30108510
30113747
30115637
30118392
30120405
30121607
30123305
30124856
30125298
30125728
30127047
30129138
30130932
30132707
30134362
30134906
30166535
30166987
30179186
30179555
30181062
30184944
30186001
30187152
30191381
30193975
30196900
30206762
30210762
30210994
30211474
30211669
30227834
30231986
30243780
30247502
30248380
30249652
30253237
30257141
30260558
30261592
30264699
30269847
30273858
30280636
30282347
30293943
30297676
30299153
30302872
30310466
30311220
30315221
30318109
30320422
30320952
30324500
30326355
30327070
30327172
30329845
30331008
30335305
30336214
30340106
30341466
30344537
30346006
30346622
30352913
30354984
30355662
30356367
30358936
30368917
30369855
30372552
30375316
30378575
30382638
30391461
30392402
30395172
30401212
30403061
30406786
30407571
30408823
30409174
30412417
30415128
30415810
30416385
30424382
30425027
