7166
9152
11521
12770
13685
14819
16412
27337
27343
29408
40084
41034
41391
46516
47933
48117
67840
67942
69272
69552
71829
72707
75144
76474
76917
78812
80657
81483
82203
86647
88257
88989
89412
91828
92969
96312
99815
101674
109770
110063
113714
113973
117318
117788
123273
135671
146242
146443
147612
154557
159548
160290
165199
165840
168825
169532
173004
175611
184996
185107
186105
188530
188550
190131
193112
193850
198183
199728
203091
203256
204044
205857
212538
216427
216814
218118
220593
221264
221492
224349
228069
229601
232330
233063
234701
241132
241137
242131
249830
253013
255414
255994
265384
268387
273098
273217
276738
277173
279755
285028
285288
286652
296998
297814
302882
304326
313115
318083
319098
319310
323297
324147
326676
330709
332860
333469
335813
336019
343933
351016
359296
361758
363531
377911
382161
382202
386331
386422
393314
394865
395540
397163
400072
406103
408425
409888
411352
419100
421794
423661
424567
433397
440415
446386
451101
451191
453601
468870
478838
483662
484836
494025
496153
498349
500433
505679
508879
509343
512078
512747
513959
526212
531563
532423
535825
538233
543934
553286
557069
557577
557627
572675
577792
579009
584147
584389
597030
598644
600986
606120
609665
615457
615673
617569
617793
626033
628768
633591
634796
636841
639524
639893
641902
642501
647502
655862
660583
666406
666798
668205
673146
673398
675596
678088
684503
687259
688784
688859
694401
694432
701546
705333
710863
714477
716399
724369
725730
726793
728775
730842
731874
736417
738115
738518
740695
742064
748593
748743
749156
751193
751949
752197
753828
755683
760122
760602
769253
770441
774135
776945
779648
782798
783658
784142
793781
794717
802815
806724
809551
820674
827195
829380
830350
831134
831875
832599
836540
836846
839919
844620
847491
847923
853163
869446
872473
879196
885803
888148
888304
889415
891417
899783
899881
901411
903624
904669
918906
919194
920665
925380
935107
936497
937529
944890
948962
953507
955058
964015
965709
966708
974313
979857
981062
985509
987147
992436
993778
994215
995482
1004491
1005991
1006836
1007948
1009453
1011576
1012298
1017390
1019509
1030461
1035282
1038418
1039484
1040220
1045343
1046112
1054607
1057040
1062435
1064448
1065355
1068530
1069274
1071251
1073668
1081000
1081618
1086041
1086398
1087227
1087471
1088930
1089786
1092593
1098542
1108100
1112603
1113302
1115460
1116202
1119176
1125401
1133523
1137901
1139442
1146893
1147113
1149689
1151625
1152879
1161137
1165269
1175509
1176595
1179649
1182159
1182446
1185996
1188435
1188561
1188942
1189096
1194187
1194786
1196894
1197379
1198052
1199742
1199855
1202299
1207367
1207857
1210851
1215348
1223101
1224452
1228920
1242984
1244949
1247003
1253294
1253304
1253507
1253857
1257593
1269950
1270338
1270404
1271896
1273523
1281542
1282699
1283811
1285383
1288395
1288468
1289748
1291812
1301854
1307175
1312924
1313791
1313963
1319125
1320621
1320878
1323900
1326262
1328745
1328972
1329242
1335281
1338452
1344101
1351727
1352868
1366412
1371175
1374152
1375843
1376668
1377434
1382220
1383445
1388923
1396093
1396561
1407355
1410059
1410494
1413148
1420296
1425717
1432774
1432954
1434667
1437443
1443819
1445629
1451585
1453071
1455395
1456229
1456983
1459746
1461684
1462127
1462580
1463205
1469664
1477714
1478911
1484827
1485111
1492974
1493061
1498771
1499662
1504572
1504600
1504918
1507987
1512947
1515852
1521409
1523972
1524251
1525387
1526207
1529676
1535193
1548162
1550414
1552882
1557745
1560239
1561336
1561970
1564785
1567327
1568886
1573507
1573729
1574497
1580174
1582451
1583132
1584348
1586583
1587584
1587623
1588390
1589791
1597275
1598506
1605002
1605647
1611414
1612483
1612889
1615171
1624194
1628189
1641220
1642670
1642904
1645727
1650968
1658274
1661690
1664523
1666763
1668686
1669700
1670681
1673088
1676350
1682774
1683625
1688441
1696374
1703210
1703249
1704951
1709870
1710871
1711858
1718579
1720568
1725138
1727598
1729552
1730715
1736402
1741636
1742127
1753331
1755004
1755396
1756112
1757925
1758983
1761820
1764032
1769662
1771901
1773806
1777450
1779475
1780827
1783071
1784335
1786770
1789259
1791374
1791761
1792663
1795803
1796232
1797973
1801677
1802174
1802875
1803319
1806256
1809867
1812177
1812680
1814300
1814317
1817840
1820273
1829222
1829858
1835299
1839406
1842871
1848679
1850410
1851130
1860567
1866951
1867053
1873284
1877708
1878530
1878899
1879534
1879785
1882915
1885403
1888049
1889881
1893841
1897022
1897282
1898798
1902818
1904019
1904302
1907194
1909178
1911248
1912008
1917290
1920424
1921571
1921887
1923974
1925956
1926448
1932626
1935586
1936959
1939592
1941291
1942278
1943958
1946982
1952576
1956007
1956058
1957206
1957432
1961851
1962500
1967301
1967571
1975111
1977781
1978911
1981493
1981745
1984282
1992326
1996616
1998446
2000728
2001154
2006055
2006547
2006735
2012316
2012728
2012787
2012816
2013041
2014105
2014979
2015042
2015561
2017923
2018408
2020590
2021838
2023266
2028383
2034239
2036085
2043298
2043896
2047742
2054477
2057543
2058725
2061187
2061533
2070678
2072266
2079221
2082298
2083810
2096589
2096609
2098585
2106351
2108254
2109610
2109641
2109684
2114859
2115347
2116573
2119708
2122760
2124770
2126114
2126269
2129585
2130254
2138056
2141825
2143413
2145335
2148990
2153967
2154578
2155403
2163122
2166047
2173439
2175202
2177214
2182904
2190620
2191072
2195667
2197238
2199511
2201141
2203201
2207641
2214194
2216229
2219673
2235968
2236587
2239103
2241608
2245777
2246345
2246652
2247501
2247601
2250630
2251812
2253262
2253759
2260841
2267948
2269437
2277343
2278435
2284118
2285545
2291788
2293640
2295116
2295141
2296226
2296799
2297172
2300085
2313775
2321701
2322845
2323500
2328492
2331416
2334096
2338788
2341923
2342676
2351129
2353353
2354085
2356420
2367042
2367992
2375853
2376691
2377742
2380837
2381528
2391224
2394860
2395599
2396760
2397055
2397400
2400479
2410853
2411507
2412443
2418571
2418732
2419280
2419875
2422529
2426984
2427336
2427464
2434717
2435385
2436255
2438443
2441472
2441778
2442566
2447350
2447526
2451675
2456953
2458221
2461018
2461413
2461660
2461882
2462188
2465856
2468518
2471576
2471926
2478153
2479958
2483538
2485477
2488388
2492689
2493105
2494944
2498518
2498642
2504966
2507147
2509473
2509910
2510081
2511634
2512470
2517136
2519586
2521983
2526900
2526946
2530074
2530591
2531289
2533689
2536884
2545985
2552811
2552896
2554374
2554901
2561050
2564307
2566212
2571193
2572338
2573943
2575534
2575690
2579589
2581979
2586720
2587525
2588135
2603623
2604119
2611601
2612266
2612647
2613426
2620578
2621973
2624116
2628926
2629016
2631664
2632042
2641715
2645740
2646119
2648639
2656429
2656588
2659316
2662738
2665082
2666766
2672547
2674626
2675144
2675491
2682091
2686058
2686772
2688749
2690866
2693638
2694099
2701596
2704258
2707313
2710196
2711161
2712906
2713640
2715642
2718999
2720054
2722197
2722941
2724458
2729206
2732928
2738353
2740692
2742848
2745047
2748450
2749981
2750010
2753353
2758329
2762927
2765393
2768476
2769254
2772426
2774096
2775047
2776690
2777188
2777759
2778741
2780572
2782911
2783690
2787393
2791214
2791500
2792321
2793056
2797654
2801266
2802806
2805582
2807569
2807842
2808203
2808627
2809737
2812231
2822746
2833339
2841684
2848055
2858655
2858777
2862835
2863902
2868391
2868804
2871490
2877297
2877847
2880636
2884768
2886751
2887048
2889834
2891879
2892158
2894663
2896018
2896073
2896884
2900448
2901879
2902025
2902953
2907432
2918983
2919682
2920698
2922480
2924730
2934335
2936583
2937234
2938562
2940201
2942723
2944360
2947017
2947158
2949536
2949540
2950323
2951106
2955718
2957262
2959142
2962022
2962200
2974818
2977645
2978310
2979652
2981600
2982482
2985810
2988033
2994232
2994449
3006297
3013412
3013461
3013678
3015584
3017064
3023256
3023541
3030317
3038974
3040441
3044411
3054195
3056149
3059560
3070833
3076215
3076621
3078012
3080408
3082442
3083165
3086432
3086762
3088895
3091417
3091677
3093709
3098894
3105707
3107621
3110161
3110427
3113223
3122254
3125564
3131716
3134684
3137604
3144502
3150992
3154152
3154538
3156874
3159028
3165774
3166223
3167086
3167270
3168823
3175481
3182688
3185103
3185129
3186596
3186620
3195569
3196676
3199208
3199730
3204130
3207227
3207511
3207559
3212084
3228014
3229955
3230512
3236223
3237871
3240904
3242652
3245477
3246969
3247971
3248862
3252037
3255075
3256352
3259424
3263368
3263823
3269895
3270677
3273768
3275223
3278874
3278971
3295678
3298834
3303688
3310205
3319724
3323005
3327106
3327834
3333224
3334164
3337929
3339913
3340221
3340442
3341911
3347863
3348448
3348707
3349820
3349900
3351320
3352910
3355788
3358408
3365700
3370409
3373807
3381118
3381833
3382101
3382690
3390452
3391099
3392102
3393095
3395491
3396588
3397576
3399661
3401019
3401651
3402820
3403542
3407629
3411958
3413147
3413438
3415315
3420737
3423327
3429364
3430312
3431338
3436314
3438426
3439049
3442986
3443051
3448829
3455344
3456382
3457296
3458343
3467770
3474968
3477672
3480033
3483248
3488564
3492102
3492476
3494710
3494929
3496200
3498523
3500036
3504518
3505008
3506690
3508417
3513129
3514482
3523287
3523396
3526429
3528430
3537527
3537695
3539177
3539594
3544765
3550254
3553369
3561525
3564103
3566650
3568012
3571039
3575764
3578109
3582237
3588629
3592581
3597568
3598676
3603204
3603587
3606828
3607940
3612117
3612229
3619259
3619619
3621807
3621991
3626290
3632370
3633298
3633314
3642744
3646253
3649429
3653181
3658142
3658403
3659568
3660886
3662319
3666275
3668149
3670458
3675875
3681146
3684920
3685141
3685215
3695472
3699757
3701418
3701719
3702622
3703714
3709633
3715000
3721367
3721595
3725521
3726802
3731990
3736177
3738044
3738925
3741046
3744328
3744866
3745088
3750749
3753286
3753855
3756253
3757018
3757232
3757528
3757790
3759444
3760897
3763874
3765408
3765869
3778269
3779015
3780602
3787801
3788812
3793333
3793744
3796038
3798241
3806011
3806674
3809646
3810159
3811144
3811694
3812203
3812770
3814746
3815253
3827756
3835705
3836859
3837141
3837850
3842862
3854350
3856223
3858246
3859247
3859284
3863810
3867473
3877731
3885429
3889700
3891019
3897634
3898261
3902044
3902338
3904813
3905174
3912265
3913272
3915872
3921594
3923692
3926767
3927577
3932156
3932653
3934311
3934727
3935868
3938753
3941921
3945129
3945256
3945775
3950659
3955936
3956265
3959489
3959733
3965102
3965939
3966084
3968543
3970725
3971689
3974985
3977224
3980972
3984504
3984827
3986130
3987606
3995762
3996596
3997805
3997808
4001282
4006444
4022772
4034247
4034608
4037833
4038662
4045642
4049048
4053591
4059193
4060097
4062230
4065318
4065660
4066263
4069922
4073291
4076000
4079685
4083433
4083977
4084597
4085171
4093418
4094426
4094913
4097211
4099336
4099403
4107786
4113817
4116118
4119577
4124148
4124405
4126158
4128540
4130163
4138778
4145231
4155925
4156226
4157677
4162550
4165592
4166694
4168655
4169081
4169480
4173473
4173568
4175955
4178914
4179184
4182598
4183534
4184021
4185795
4189138
4190869
4195767
4197507
4197628
4198441
4199345
4200203
4204580
4205821
4207006
4207809
4208375
4209151
4212965
4212984
4216185
4218488
4219726
4222765
4222935
4228233
4229327
4235878
4236825
4245692
4246526
4258777
4259925
4260142
4263106
4263430
4264087
4268575
4274840
4275487
4281738
4282842
4290130
4294557
4297893
4299943
4311142
4312042
4312744
4316939
4317717
4320973
4324073
4324137
4329514
4333171
4336889
4337133
4340163
4341411
4348799
4349914
4350100
4354874
4355517
4364617
4380290
4381452
4383490
4384883
4385194
4391076
4391769
4398287
4402384
4403077
4404825
4406403
4413781
4415919
4416762
4425318
4427503
4429771
4434711
4437314
4439386
4442592
4446533
4447110
4448237
4450117
4455434
4464667
4466370
4466608
4467051
4467064
4467313
4468736
4469844
4480478
4480585
4482185
4483728
4487014
4491325
4496968
4497729
4503694
4505095
4507189
4514770
4516786
4530755
4532293
4532633
4534207
4534601
4541044
4541678
4541735
4545247
4551210
4554367
4554550
4554698
4558043
4562208
4563373
4564414
4575560
4576757
4577424
4578482
4578671
4579243
4581204
4582943
4583436
4584495
4584600
4585024
4592017
4592248
4596384
4597275
4597638
4603548
4610984
4619030
4620567
4625472
4627685
4632144
4633655
4637023
4641201
4645439
4646335
4646772
4648741
4651474
4652246
4653803
4654258
4654835
4658536
4661133
4665856
4667508
4670577
4674176
4675104
4675875
4678987
4680860
4681612
4683032
4683686
4685711
4688147
4692871
4695491
4697535
4699904
4703805
4704847
4704995
4706158
4707971
4708740
4709890
4712149
4721129
4723086
4724643
4730989
4739917
4740146
4744103
4744468
4745664
4748989
4757997
4761108
4764689
4769390
4769535
4771485
4771750
4773116
4778365
4781292
4787548
4792868
4794856
4801575
4802446
4804130
4808224
4808284
4809672
4809679
4810656
4813029
4821865
4834085
4837213
4838816
4842835
4847513
4855731
4859724
4860740
4864153
4866131
4872987
4873484
4874503
4874758
4884162
4889163
4889743
4890643
4893644
4896418
4899679
4909649
4910786
4912222
4918102
4918309
4920912
4924612
4926080
4926552
4927371
4930580
4931582
4931748
4932151
4935966
4937264
4938715
4939122
4940647
4946729
4947863
4949802
4952175
4953089
4953320
4961423
4964384
4964819
4964984
4967355
4967548
4974285
4975950
4976698
4983408
4985320
4985567
4986689
4986958
4987587
4987876
4988868
4989406
4990395
4990856
4992137
4992878
4996716
4999386
5001221
5001972
5006637
5007498
5007879
5008873
5010728
5011881
5011898
5012097
5013049
5013592
5017387
5023894
5024450
5024807
5028307
5028788
5030804
5032678
5039955
5046993
5057550
5061298
5061385
5072396
5073616
5076364
5078028
5079694
5081367
5081560
5088582
5100312
5103578
5104836
5112120
5117746
5121377
5123843
5128190
5129308
5135942
5136349
5138659
5153588
5164819
5169446
5169949
5170725
5176342
5176792
5176875
5179685
5180419
5180966
5186294
5187500
5189936
5196951
5198033
5199303
5203510
5210398
5212498
5216004
5219824
5223336
5234523
5236816
5238337
5239694
5252832
5253455
5272891
5272902
5273208
5276664
5280050
5280139
5282738
5282904
5287898
5289314
5290664
5294608
5300053
5307392
5316837
5317652
5320925
5322300
5324953
5327188
5334223
5336746
5356781
5358639
5359137
5359857
5360164
5360428
5361076
5365007
5367313
5370791
5371301
5371857
5371860
5373684
5373841
5377869
5379440
5384596
5390801
5391121
5393205
5395159
5397963
5399173
5403548
5404624
5406404
5409230
5411790
5420336
5431925
5432129
5433748
5452033
5453850
5455990
5456445
5461383
5463506
5465659
5466599
5467857
5474440
5474606
5476828
5477592
5480485
5483138
5485800
5490330
5497211
5500775
5501164
5504194
5504811
5505449
5508989
5512643
5523436
5525866
5530689
5532869
5536188
5539672
5547006
5549856
5556044
5557746
5559124
5561792
5572559
5575870
5590495
5591130
5591802
5595967
5597186
5602650
5604385
5607270
5613305
5613895
5616252
5616966
5617343
5617538
5617715
5618536
5619226
5621421
5621841
5622920
5625312
5626193
5634547
5640835
5648529
5658242
5658372
5664330
5665923
5666330
5668068
5674254
5681816
5683643
5693074
5693180
5694712
5697134
5703309
5704953
5706505
5707883
5708885
5711469
5713485
5713739
5722458
5726951
5736237
5736264
5738722
5739220
5739327
5740433
5745064
5745385
5749528
5750466
5756999
5757020
5757164
5760057
5762527
5764932
5765880
5768848
5771465
5773327
5774635
5777333
5780380
5786372
5796650
5799791
5802071
5803643
5810295
5811454
5811473
5814895
5818992
5832763
5838792
5839255
5846227
5850841
5867547
5873910
5875760
5881563
5882951
5884206
5888660
5889438
5890967
5891972
5893906
5896229
5900668
5901279
5903441
5903970
5904623
5905841
5911481
5916324
5916854
5918275
5918973
5929365
5937665
5938844
5943528
5949475
5960155
5961296
5962792
5964422
5966344
5967213
5968183
5969372
5973067
5973779
5976935
5977908
5980404
5983391
5984666
5985080
5996764
5997646
5998166
5999241
6001744
6003204
6006041
6013830
6016743
6016781
6021605
6023917
6027261
6027337
6027519
6028887
6032290
6042943
6044058
6045092
6046479
6047763
6048484
6050140
6057797
6065636
6072065
6073242
6077282
6079611
6082518
6083552
6091253
6100144
6100645
6101309
6101471
6105766
6111294
6113472
6113555
6116072
6118093
6121093
6121919
6129494
6130052
6137281
6140143
6141372
6143008
6144131
6147144
6147886
6148170
6148737
6149754
6149755
6159236
6161567
6164188
6164867
6166032
6166241
6166622
6167165
6177681
6181426
6181494
6185777
6193176
6195237
6203969
6207723
6207965
6213045
6213993
6214692
6215768
6216314
6216536
6218097
6221274
6222902
6223952
6224382
6225240
6226623
6227865
6228242
6229751
6231692
6232350
6236259
6238086
6238497
6239037
6239670
6243161
6247907
6255474
6257354
6257875
6258359
6259481
6260511
6265561
6269669
6272969
6274372
6275526
6276283
6278158
6279366
6287968
6289846
6292710
6296625
6302929
6306055
6306707
6306851
6309575
6315794
6318258
6329343
6334703
6347374
6350887
6357523
6357693
6359877
6364371
6368670
6368988
6371920
6375876
6376017
6376410
6376694
6379697
6379858
6382815
6384651
6386237
6393368
6405282
6412527
6416857
6418282
6421077
6421797
6424036
6428972
6433136
6435994
6444749
6445059
6451126
6452153
6452637
6461311
6466747
6467990
6471484
6477170
6484080
6484177
6485548
6488209
6492231
6492933
6497587
6499825
6510585
6510706
6512115
6513705
6519148
6523008
6523892
6524148
6526457
6530438
6531010
6536713
6547259
6548162
6549130
6549257
6557000
6560617
6562640
6574028
6575953
6580242
6581641
6586206
6589079
6591974
6592456
6592508
6597145
6599743
6600240
6612893
6620026
6620070
6620646
6624557
6626136
6629735
6637586
6651751
6652133
6658594
6659460
6664775
6665439
6667120
6668178
6670846
6671066
6681631
6701208
6706186
6706726
6717977
6723467
6723634
6728295
6737541
6741116
6757647
6758546
6759575
6761736
6762434
6763711
6765118
6765230
6767580
6770045
6770461
6779116
6784082
6786845
6792615
6794106
6799025
6801451
6808497
6814884
6815869
6817793
6821028
6829117
6830096
6831872
6835674
6836074
6838688
6842437
6844816
6847870
6850243
6854334
6861202
6865040
6867478
6867690
6872826
6875743
6876604
6877665
6881748
6882549
6884211
6885821
6886196
6887279
6887698
6892531
6896488
6896963
6897127
6897544
6898236
6900857
6901627
6902634
6905139
6907234
6908110
6908276
6914996
6915492
6918802
6918912
6920609
6923867
6924662
6928795
6936980
6937491
6938623
6939872
6940113
6947246
6947455
6953277
6954323
6958574
6959321
6959636
6964261
6965718
6968777
6968809
6969822
6971385
6972406
6977097
6983160
6985272
6990460
6999298
6999891
7000198
7000259
7000907
7004126
7005604
7005841
7007559
7007623
7012477
7013001
7013910
7015399
7017142
7021934
7023259
7026675
7027912
7033869
7035310
7038798
7041695
7046709
7047235
7048940
7052002
7064936
7067169
7069486
7082813
7082933
7087218
7088839
7091624
7092058
7095715
7101411
7105367
7105725
7106553
7113002
7115073
7117161
7117323
7123687
7126860
7130691
7137803
7140213
7142039
7143601
7146672
7147130
7149589
7149647
7150060
7154793
7158361
7158678
7165548
7168925
7170422
7173857
7177284
7181424
7184100
7192279
7192427
7198787
7202553
7207203
7208405
7209343
7210224
7218754
7221759
7224310
7225024
7229385
7231658
7235767
7236273
7238375
7244081
7249522
7260703
7265817
7270872
7275876
7284724
7285040
7285653
7285911
7287083
7287114
7290179
7294683
7294696
7294821
7296559
7296836
7297537
7300965
7303860
7307291
7310753
7317489
7324448
7329652
7331991
7335264
7337654
7339947
7340224
7340852
7342669
7347114
7353222
7355204
7358100
7359216
7362773
7368138
7370842
7372296
7375498
7375849
7376356
7380732
7381061
7381577
7383519
7386639
7391510
7392081
7392383
7394517
7405186
7406987
7409007
7422954
7429619
7429843
7431315
7433438
7435743
7436447
7436469
7437481
7444558
7449526
7452987
7456559
7462150
7462201
7464829
7465949
7468983
7472932
7473146
7478567
7481327
7493463
7494922
7499635
7501941
7502260
7502865
7505740
7506082
7507125
7509025
7509846
7512922
7514399
7517431
7520752
7522953
7525626
7525716
7526026
7526744
7530318
7532011
7532212
7533954
7548322
7549803
7555114
7557241
7562826
7579230
7580865
7589679
7589944
7597924
7598874
7602219
7603759
7606587
7609738
7611829
7612569
7616691
7619466
7620746
7620967
7622257
7625435
7628422
7629882
7632716
7633447
7635031
7653548
7656841
7664425
7665963
7667924
7668272
7668937
7671554
7674145
7674270
7679798
7681422
7682059
7682595
7684303
7685600
7688087
7689420
7692938
7694949
7695216
7696162
7699740
7701236
7702413
7702964
7704163
7709085
7709999
7711628
7711927
7714243
7718354
7720272
7721907
7724326
7724760
7736314
7738461
7741730
7748107
7753359
7758692
7758824
7766451
7768950
7772396
7773670
7773923
7774216
7780433
7787500
7787523
7795734
7796474
7802197
7810908
7811480
7816514
7816825
7818529
7820783
7822847
7825471
7830376
7832501
7847446
7853324
7855642
7857152
7858400
7863591
7872006
7884016
7889356
7894116
7898369
7906138
7908920
7913100
7920471
7927099
7927160
7928792
7929196
7930679
7934416
7935346
7936310
7936896
7940495
7941259
7942918
7946050
7947796
7955915
7960224
7962979
7964296
7964371
7964864
7972797
7979408
7979672
7980290
7980678
7992652
7993677
7994715
7999442
8005019
8005855
8010529
8011759
8011880
8012511
8015471
8016437
8031890
8035249
8039616
8039728
8041205
8050155
8054162
8056251
8056738
8057066
8058031
8063558
8064788
8068635
8070669
8075929
8078366
8080834
8089504
8096852
8098596
8100092
8101094
8106024
8107633
8108883
8109527
8114870
8116348
8116561
8117424
8127770
8129178
8138096
8149570
8159608
8163342
8163573
8164643
8170520
8171135
8171428
8184928
8186240
8188092
8190880
8192274
8194381
8201533
8201871
8203965
8206809
8207851
8212274
8213693
8214857
8215708
8217365
8219342
8233766
8234311
8235463
8239700
8240110
8240546
8247604
8251034
8251599
8253012
8257068
8257500
8264650
8267256
8268578
8268920
8269085
8274371
8276422
8278250
8279162
8281904
8283662
8288227
8291035
8291760
8293315
8293791
8295706
8298272
8302118
8302773
8307767
8309488
8310430
8310530
8311861
8316593
8324718
8327415
8327890
8330312
8334017
8334837
8348803
8352342
8353078
8355019
8355926
8357335
8360343
8360378
8362282
8363581
8364339
8364532
8369523
8371647
8371855
8371908
8373068
8374293
8377365
8387312
8400323
8400579
8402004
8413531
8420370
8422100
8422631
8424192
8434730
8439162
8439302
8447158
8448484
8453453
8459156
8463155
8463813
8465212
8465469
8469878
8477202
8481943
8489727
8492362
8498983
8501346
8501695
8509186
8513325
8513828
8515330
8519978
8521600
8522395
8522622
8523605
8532199
8536560
8537544
8537659
8546759
8547754
8550551
8552088
8557775
8563153
8564475
8569071
8572209
8572282
8575166
8575233
8577547
8579552
8585329
8588464
8589886
8591451
8593447
8596150
8598260
8601340
8603873
8606125
8614557
8616230
8623258
8623588
8625745
8636552
8638531
8638808
8639661
8647419
8651588
8655041
8659976
8662931
8664515
8684251
8684566
8690204
8690236
8690238
8691087
8696057
8697130
8697417
8697774
8706934
8707098
8711339
8711707
8714995
8718148
8727285
8732338
8735625
8736540
8736701
8736789
8737845
8738613
8741537
8745970
8746568
8751047
8752286
8756863
8759482
8766462
8766803
8768335
8776583
8777728
8778558
8780789
8792000
8795472
8798495
8799594
8800029
8800609
8801227
8801475
8802905
8814432
8815059
8821656
8822166
8823406
8833033
8834384
8834726
8836043
8836487
8837007
8842595
8842847
8848648
8849146
8851518
8854872
8856014
8873750
8876823
8877938
8883173
8886649
8887597
8891595
8892438
8897025
8897118
8898079
8901659
8907583
8909991
8914281
8915836
8916014
8916815
8923536
8924265
8929651
8935885
8940201
8943651
8945782
8947504
8948007
8960067
8966323
8967558
8968153
8970048
8970237
8971113
8972620
8974669
8975935
8979072
8988545
8992463
9005028
9009142
9014242
9014794
9015335
9022714
9026108
9028250
9029076
9031370
9036495
9039450
9040742
9047387
9048861
9051855
9056042
9058673
9058918
9060936
9065876
9069608
9073337
9076530
9081876
9087277
9088861
9094739
9095325
9103416
9104977
9109576
9115318
9115352
9117073
9122722
9126016
9129670
9133196
9142223
9147381
9153298
9156782
9156983
9160023
9173271
9178353
9178813
9183064
9183554
9193619
9196300
9197038
9198721
9198934
9203807
9204299
9204418
9207292
9207616
9207749
9207800
9214221
9215758
9220019
9235290
9235921
9238690
9243293
9260371
9260523
9262435
9264986
9266566
9269232
9275983
9278493
9278562
9279619
9282253
9283377
9290659
9297729
9305274
9306299
9310792
9318780
9318861
9326422
9328575
9332860
9338673
9341208
9342997
9344213
9346280
9346834
9351206
9363341
9363971
9364773
9367708
9370460
9373156
9373349
9374347
9376076
9376235
9391981
9394220
9394346
9400690
9403886
9410112
9410358
9414725
9416874
9417807
9420140
9424267
9424432
9426514
9428392
9429334
9429451
9429624
9430196
9431463
9436519
9437261
9437321
9443101
9443116
9448644
9449543
9450733
9451090
9455490
9455639
9456158
9457507
9462005
9462904
9463880
9465334
9471271
9473176
9475892
9477034
9480458
9482990
9491283
9492001
9492030
9492515
9492634
9496128
9505701
9508991
9509241
9512845
9515468
9517677
9522181
9522837
9525446
9536965
9539576
9539591
9541143
9554368
9556813
9560092
9561963
9568173
9571307
9582418
9584691
9584879
9586670
9591902
9592687
9593971
9595589
9597848
9598645
9603716
9608967
9614746
9622359
9625439
9626546
9629306
9629508
9631960
9635470
9637971
9640483
9641153
9644103
9647051
9647231
9649373
9649564
9652613
9653036
9653666
9653741
9657571
9659063
9660862
9660895
9668597
9677626
9678052
9687675
9687786
9688826
9691278
9692966
9694116
9699313
9703533
9708083
9714222
9717953
9718965
9722129
9725616
9738388
9739456
9741304
9742588
9748207
9749035
9750696
9751185
9753274
9755483
9760835
9763764
9764002
9766017
9770689
9771371
9771551
9778238
9778625
9778660
9781379
9786172
9788074
9790606
9793582
9795098
9798297
9802368
9816232
9821024
9826207
9837350
9838572
9839098
9840193
9840621
9849315
9850056
9853352
9853960
9854486
9855393
9858907
9861901
9868022
9869469
9871186
9874314
9876280
9883291
9887120
9889459
9898799
9901663
9902966
9908873
9912732
9913417
9915380
9917284
9920130
9922979
9927648
9929613
9930172
9935416
9936119
9941291
9944353
9945016
9954090
9957119
9957890
9958576
9959230
9959254
9963916
9964737
9968233
9969518
9970824
9972347
9982052
9983996
9991066
9993680
9994895
10000150
10000745
10002424
10003178
10007367
10013840
10016270
10016785
10016848
10018155
10026627
10035932
10039245
10042697
10043046
10043132
10045849
10047996
10048492
10050140
10053078
10056623
10057704
10058809
10059624
10062340
10063595
10065085
10069628
10073887
10074287
10088892
10090858
10092729
10096767
10099230
10099959
10100954
10101741
10106260
10106344
10110666
10113820
10116303
10124690
10126797
10127024
10127822
10128083
10135661
10136195
10136896
10137864
10138890
10141911
10142408
10143401
10144424
10147818
10148189
10152682
10153972
10154087
10158546
10160888
10163315
10163560
10166732
10168065
10169785
10173382
10187758
10188055
10190332
10190948
10192668
10198147
10200510
10201243
10203138
10203550
10203591
10204515
10207007
10209471
10210381
10214153
10216968
10221286
10222263
10223462
10232592
10233925
10234141
10239392
10244991
10246201
10247449
10250100
10253686
10254569
10264093
10265991
10269211
10269488
10269737
10272133
10272634
10275480
10276051
10279086
10281112
10281978
10287666
10287701
10288336
10300510
10302677
10304459
10304747
10308496
10312247
10312525
10314083
10318365
10320032
10320128
10321388
10322385
10326398
10339559
10341594
10341704
10342569
10342895
10348985
10351707
10351840
10353786
10354396
10355382
10356215
10357223
10358331
10361420
10362292
10362541
10363641
10364353
10369933
10371705
10377706
10382917
10387197
10390450
10394220
10396579
10398040
10398756
10403570
10408055
10411519
10413051
10413983
10416006
10416297
10419947
10421343
10422038
10426852
10427201
10435464
10441132
10445043
10451990
10452638
10453592
10456906
10458899
10460003
10460995
10464766
10465609
10476194
10480959
10485682
10488436
10492159
10495670
10495898
10498189
10499035
10504899
10506368
10506984
10513275
10515346
10516024
10516729
10519159
10520574
10521770
10528450
10531734
10532097
10534299
10534643
10539715
10545589
10547439
10547934
10549407
10550402
10554598
10554712
10557055
10564950
10572965
10576026
10579561
10579938
10581903
10588198
10589145
10589446
10591637
10595820
10597375
10597649
10602945
10606327
10606415
10609569
10614453
10615077
10616461
10618533
10622474
10622684
10623645
10623755
10625098
10625992
10626742
10627138
10628192
10629616
10633573
10636133
10636482
10638862
10639618
10641395
10642996
10644114
10647623
10649451
10660904
10661502
10662543
10663788
10665453
10667254
10667612
10669581
10671657
10673881
10675892
10679031
10687435
10690910
10692309
10692660
10694684
10700562
10700590
10702418
10704970
10713654
10715606
10721361
10721575
10721626
10722477
10726121
10728485
10730681
10730839
10732389
10738187
10739907
10746931
10751176
10753918
10754410
10754468
10755923
10756306
10758519
10761186
10761772
10763810
10764628
10765379
10767077
10771573
10777015
10784062
10785505
10786813
10788561
10790773
10791628
10793960
10801381
10807356
10811965
10818888
10820348
10827773
10827935
10829698
10830453
10830534
10831194
10833357
10835092
10837709
10842379
10843717
10845377
10849911
10850245
10857946
10859206
10860081
10860141
10867801
10870693
10871151
10876526
10877874
10880326
10881892
10886358
10888595
10899616
10905769
10905809
10907270
10908889
10911524
10913424
10916126
10919572
10928398
10933529
10935185
10935754
10936786
10944794
10947804
10948478
10951055
10951305
10951498
10952044
10954455
10956487
10967089
10971520
10977150
10977188
10986768
10989357
10992091
10992756
10994068
10995517
10995954
11003239
11010451
11013195
11016664
11016696
11018225
11018667
11025340
11027255
11027976
11029292
11032793
11032821
11033202
11037281
11041984
11043920
11051474
11052665
11053722
11056101
11056601
11056617
11058001
11062118
11069136
11071689
11073073
11074028
11075862
11076389
11078771
11082068
11089186
11098161
11103069
11103756
11104433
11114829
11117257
11117579
11117818
11123638
11125187
11125262
11130636
11134432
11136322
11139077
11141090
11142292
11143990
11145541
11145983
11146413
11147732
11149823
11151617
11153392
11157407
11163329
11166084
11168080
11170323
11171786
11175154
11176536
11179952
11180183
11181881
11182434
11184246
11185216
11195173
11195575
11202219
11204552
11205164
11208420
11209863
11212741
11218063
11218085
11222697
11223009
11223606
11226132
11226613
11229786
11235772
11236956
11238949
11239236
11243622
11243900
11248729
11253655
11260713
11262930
11262974
11272824
11275055
11277684
11284056
11287078
11289428
11297866
11299356
11316120
11317758
11322576
11325122
11325804
11326685
11329463
11331902
11332018
11332403
11334882
11340688
11347523
11347849
11349014
11350271
11353226
11354015
11358416
11359279
11359954
11360031
11360393
11360837
11367534
11372788
11374120
11375260
11375915
11380329
11382060
11382991
11384688
11385732
11385794
11385823
11387194
11387816
11388052
11390715
11392711
11397494
11402588
11403197
11405464
11408639
11411506
11412541
11415533
11416301
11417623
11417918
11418305
11418583
11420036
11421093
11421703
11429334
11429376
11431289
11431835
11432413
11434842
11440412
11454932
11455121
11457905
11459468
11460535
11460899
11461106
11467424
11469885
11472149
11474690
11478556
11482714
11489058
11491598
11492491
11494504
11494652
11499678
11502477
11503033
11505230
11507758
11518123
11519442
11520983
11523214
11523426
11530207
11530417
11530813
11531153
11532156
11532163
11537610
11541118
11551507
11555627
11557388
11560655
11560969
11562380
11566447
11568267
11568877
11570836
11571402
11571420
11573560
11574500
11581467
11588345
11594937
11601992
11602350
11616726
11617215
11617994
11618922
11619577
11623286
11627766
11628052
11629422
11641517
11641674
11646713
11650472
11652306
11656339
11656843
11662549
11665137
11670612
11671212
11671346
11672550
11675242
11680605
11685094
11690245
11693589
11694154
11698279
11703211
11704647
11704775
11708044
11711858
11713951
11715554
11717841
11719604
11721597
11723524
11725392
11731695
11733501
11736885
11737026
11744353
11745802
11748456
11754748
11755985
11756388
11757808
11761967
11772474
11777510
11781748
11783124
11786458
11787190
11790489
11791765
11792276
11792634
11793641
11799605
11803206
11804563
11805864
11806117
11811239
11811930
11814292
11814552
11818903
11825070
11827826
11831556
11839175
11839490
11839726
11846267
11846360
11846913
11851035
11852099
11855359
11856904
11859317
11862935
11868891
11871524
11873757
11874241
11874943
11878626
11882313
11883957
11888984
11895190
11904737
11906171
11907505
11913545
11914174
11917090
11918116
11918290
11926228
11927702
11927785
11928174
11930498
11933636
11933896
11934646
11937573
11944616
11946950
11965758
11973981
11976048
11980492
11981324
11982196
11986575
11989591
11990070
11991931
11992264
11992374
11994544
12000496
12003064
12003988
12007697
12007939
12015518
12016600
12019817
12019913
12026550
12027718
12036128
12039796
12047006
12047507
12054847
12056110
12056405
12057161
12059787
12066578
12066816
12085867
12087678
12097355
12098933
12102413
12114696
12114902
12117905
12120454
12121419
12125403
12126728
12134105
12134673
12151641
12153515
12155239
12161028
12164542
12165007
12165798
12170213
12173559
12176139
12176352
12179848
12180384
12183916
12189760
12192830
12194071
12195345
12198161
12202006
12208730
12209143
12210549
12211275
12223042
12223395
12227498
12227974
12229059
12229269
12230532
12232836
12234056
12238800
12239095
12241734
12244084
12244702
12246833
12248959
12249455
12251754
12262373
12266313
12266776
12280432
12282145
12283120
12286557
12294843
12294989
12295534
12296989
12297977
12305203
12309259
12311885
12316292
12325708
12328567
12337340
12338750
12340911
12349903
12354178
12357025
12359839
12362419
12366523
12367978
12368538
12368676
12374994
12377743
12379819
12380464
12380625
12390174
12395146
12395374
12397383
12402549
12404315
12405325
12409360
12412203
12414111
12415005
12415502
12427296
12431353
12432425
12436182
12436505
12437243
12438570
12444773
12445834
12448015
12449384
12452385
12452882
12454328
12454964
12457750
12461224
12464851
12468937
12472336
12473656
12490217
12490802
12495296
12496535
12502203
12502240
12509615
12511857
12515862
12518255
12518395
12518744
12519162
12519351
12519659
12520025
12521121
12521171
12521903
12523433
12523900
12528940
12537291
12556347
12564011
12564581
12568010
12572272
12574857
12587232
12595910
12597902
12601028
12607550
12608834
12613399
12615322
12622455
12623431
12628084
12629469
12633898
12638392
12642945
12645496
12654571
12656286
12656946
12658893
12662720
12664320
12669415
12672334
12679343
12684745
12684784
12685566
12690844
12691873
12693705
12695877
12699759
12701521
12707366
12711358
12712544
12715330
12716187
12721426
12722056
12723888
12726489
12727193
12735122
12745986
12746739
12747185
12750112
12755295
12756747
12757079
12762798
12763384
12763478
12764843
12767826
12775431
12775458
12775619
12777808
12779960
12781659
12787799
12787829
12793851
12795251
12796589
12796742
12796781
12801721
12806313
12806504
12806705
12808346
12809141
12811632
12812050
12815092
12816326
12820971
12824931
12827299
12830297
12831449
12833362
12839216
12847016
12850730
12854797
12857919
12861084
12871324
12873594
12884569
12886768
12886823
12893393
12893729
12894810
12898303
12898618
12902183
12906745
12912332
12926853
12930411
12931151
12940671
12940837
12946036
12956428
12957230
12958347
12966060
12977341
12977745
12979423
12980268
12985512
12988840
12989054
12989633
12990717
12991747
12992965
12995059
12995862
12997176
13001959
13009930
13013400
13014496
13019372
13019464
13020788
13027670
13031766
13032973
13034087
13035657
13037300
13040448
13044694
13056044
13062686
13063730
13064794
13067599
13074388
13077803
13078002
13083050
13083931
13084729
13090545
13090597
13094338
13094668
13096066
13101655
13106696
13108302
13109932
13111063
13111189
13113850
13114713
13121367
13123312
13125063
13125693
13126428
13126726
13131510
13133753
13138151
13140013
13142063
13142186
13143556
13148969
13149044
13151287
13155172
13155491
13162888
13169443
13174415
13178508
13179818
13179968
13184578
13189468
13189886
13191893
13194879
13208107
13209448
13210953
13220050
13221173
13222683
13226676
13229325
13246418
13249761
13252540
13255476
13259030
13264099
13264430
13265867
13268990
13270906
13271681
13273389
13274430
13275618
13277845
13279562
13283529
13293229
13300473
13305201
13307081
13308257
13308569
13309115
13309778
13314470
13318416
13319607
13322840
13325378
13326219
13327911
13329806
13330523
13335934
13336306
13339412
13342955
13352004
13364562
13373036
13374449
13379944
13381122
13381808
13385530
13385990
13386033
13388810
13399843
13403218
13405891
13406924
13407119
13407874
13407970
13408803
13413002
13418832
13418975
13421411
13429239
13431301
13438234
13438434
13446649
13447277
13447350
13447921
13453291
13455517
13456695
13456925
13457272
13458226
13460448
13467223
13470124
13475157
13485608
13485909
13492549
13494197
13502391
13503568
13505066
13505155
13514309
13515263
13515671
13518715
13519555
13523651
13525767
13527176
13528050
13539574
13541001
13545863
13546562
13547684
13552032
13559020
13565551
13566443
13572310
13576626
13582097
13585191
13589322
13591656
13591944
13593071
13597392
13603228
13603965
13609710
13609713
13611130
13611987
13612947
13614926
13615920
13618815
13633011
13634258
13635282
13636431
13636555
13636991
13641491
13643657
13646069
13646922
13651158
13652330
13655560
13658091
13660904
13661048
13661078
13675452
13677312
13683410
13688687
13690976
13697694
13698097
13699726
13701405
13704189
13707277
13709414
13712564
13715265
13728016
13737408
13743058
13749140
13749841
13756534
13762425
13762974
13765998
13771447
13771677
13774639
13781120
13784557
13785332
13786898
13787731
13792770
13800743
13801011
13804178
13808586
13809811
13810688
13812998
13820351
13823222
13824653
13826605
13827354
13828310
13829106
13835344
13841235
13850289
13860590
13866583
13873791
13874351
13874364
13876328
13878881
13882505
13884937
13885987
13893164
13893422
13901069
13910677
13914872
13915801
13920622
13921986
13923823
13923890
13927962
13928623
13937480
13937884
13942728
13945891
13948304
13950940
13956293
13959998
13960842
13962536
13967389
13968429
13969622
13970250
13971626
13973025
13974501
13974546
13983007
13984132
13984497
13984754
13986610
13986966
13991268
13992838
13995502
13997139
13997714
13998971
14002495
14004608
14007760
14012132
14012136
14017378
14017751
14018194
14018536
14040863
14043675
14044993
14046945
14047044
14048004
14054732
14063240
14064313
14064565
14065048
14080215
14088212
14088390
14088914
14096548
14096610
14097499
14100251
14108065
14112293
14114816
14119121
14123030
14123977
14125621
14129086
14129802
14130246
14140535
14146030
14147265
14147688
14151084
14153567
14155269
14155398
14160870
14169107
14176620
14178127
14180539
14185663
14188340
14188370
14191453
14192943
14193243
14197088
14197217
14199873
14204329
14208721
14210039
14210406
14215841
14222115
14224079
14225225
14226596
14226781
14235126
14236021
14237249
14240434
14240702
14243423
14243661
14245936
14246146
14251055
14252763
14254683
14261539
14267501
14277041
14277103
14278440
14286614
14287349
14288190
14289635
14294495
14299915
14300024
14305440
14317398
14319352
14321875
14323936
14325558
14328876
14341428
14344271
14349621
14356454
14358963
14361117
14361197
14365130
14366045
14367403
14370896
14377919
14379602
14380265
14381402
14384354
14387122
14388241
14390911
14395418
14399032
14399655
14399704
14400074
14410682
14411539
14412522
14417547
14418052
14420765
14421699
14430668
14431132
14434464
14435260
14435378
14440180
14441765
14448143
14451582
14453798
14455906
14458333
14459879
14478745
14480878
14482321
14484487
14485093
14486769
14490674
14494552
14496265
14499508
14499554
14500199
14502708
14507137
14507482
14519862
14522126
14525387
14525729
14527829
14528661
14537819
14538250
14538460
14541832
14542291
14554337
14554491
14555186
14558068
14560396
14562096
14571139
14575752
14579887
14583213
14583628
14585043
14586575
14591589
14593046
14593548
14603761
14606054
14606332
14607072
14609873
14611270
14612831
14613418
14616712
14620959
14633103
14638604
14640053
14647306
14664829
14665832
14673526
14675036
14675646
14676099
14676575
14682526
14686641
14688660
14696845
14697443
14714553
14717886
14719551
14722939
14724759
14730499
14730612
14732839
14736985
14737458
14744214
14745146
14745201
14751271
14751889
14760036
14761178
14767611
14768597
14770473
14783393
14788164
14790541
14790846
14791071
14791264
14792857
14797594
14810602
14813291
14814946
14818330
14819799
14820813
14822435
14822592
14824615
14826364
14826496
14827166
14831895
14836045
14843288
14851521
14855042
14855466
14855833
14858138
14858410
14859010
14863449
14868347
14879948
14883522
14884215
14888220
14888887
14890175
14893504
14897743
14901620
14901908
14902253
14902766
14903776
14906901
14910895
14917716
14920376
14928648
14930228
14934403
14946780
14946977
14947095
14950466
14954169
14954313
14956684
14957931
14967106
14977957
14987705
14990200
14994253
14994371
14994820
14996763
15000082
15003536
15003921
15007514
15008094
15011597
15020810
15030834
15034540
15035636
15037809
15039240
15043118
15049370
15051944
15052748
15054567
15057643
15058611
15059872
15059950
15060545
15061658
15067487
15068351
15069186
15069321
15071147
15076968
15078386
15085786
15090047
15096257
15097988
15099767
15101167
15101898
15108533
15108752
15109653
15110830
15112797
15113491
15113586
15120960
15123015
15125746
15126175
15127005
15130824
15132811
15134160
15138795
15140194
15144641
15145252
15147177
15149424
15154391
15155799
15160286
15160608
15162370
15166835
15168803
15171352
15172547
15173936
15173979
15174705
15174784
15175841
15179626
15182096
15184576
15188369
15190064
15197388
15200398
15203846
15204135
15204844
15206922
15209023
15210432
15214853
15215455
15219734
15221266
15226432
15232842
15233760
15235691
15240237
15242356
15245372
15247876
15251677
15254003
15258214
15262868
15266468
15270541
15273590
15279357
15290442
15293066
15300470
15301260
15303572
15304029
15308090
15313752
15314858
15317935
15317977
15319553
15320456
15320586
15329246
15331391
15332357
15332948
15332996
15334418
15336305
15341304
15345392
15348695
15351206
15364382
15366325
15367534
15371638
15378250
15381373
15382685
15385764
15387432
15391231
15391773
15391956
15392347
15398426
15399237
15402958
15404855
15408580
15413953
15414265
15414675
15415612
15418480
15421339
15421513
15423294
15423869
15424054
15426341
15434362
15443024
15448626
15457116
15457247
15458973
15459039
15463522
15468326
15469691
15469829
15476082
15477320
15482884
15485898
15488772
15489613
15498141
15505129
15508848
15510452
15514233
15516716
15519441
15523774
15527672
15529277
15531073
15547622
15559719
15561516
15563635
15571654
15573327
15577220
15582993
15583067
15583421
15583938
15584107
15586500
15587447
15587637
15588085
15588921
15589833
15591645
15593312
15594424
15594728
15597140
15603088
15605642
15606174
15607771
15607834
15611196
15611256
15612184
15615310
15629513
15632497
15638682
15641400
15646216
15647920
15648955
15649686
15650712
15654332
15663422
15664509
15664965
15674002
15676986
15677353
15677388
15678137
15684126
15684202
15686246
15686619
15686930
15687831
15695719
15695958
15704098
15705286
15705694
15709013
15709532
15712262
15712625
15714166
15716718
15717689
15721724
15727786
15728049
15731321
15733157
15733351
15734601
15735779
15735919
15739122
15739720
15740825
15744368
15750276
15750603
15754325
15759894
15760011
15762807
15768832
15772449
15777254
15780774
15785385
15785486
15787943
15790228
15790673
15792789
15793325
15796290
15796496
15799282
15802806
15804991
15806797
15811665
15815702
15817517
15828344
15828554
15828900
15840286
15844158
15847840
15848265
15851220
15851981
15861596
15861649
15862250
15866467
15873761
15876681
15877671
15879819
15884532
15887586
15887653
15889081
15890957
15892060
15892804
15898179
15899442
15901473
15902267
15910601
15911254
15912831
15913998
15919142
15919322
15921140
15925871
15933742
15933823
15936380
15936575
15941313
15945802
15948519
15949731
15949762
15958729
15963480
15965842
15966760
15973375
15973715
15976351
15982787
15984411
15987522
15989214
15991871
15994103
15995825
15997642
15997787
15999547
16007977
16009208
16009419
16015401
16015431
16016428
16018789
16023203
16026002
16027457
16029058
16030331
16033793
16036415
16039540
16042439
16047600
16055770
16056051
16071101
16073833
16075148
16076365
16078350
16078395
16083717
16091404
16109335
16109677
16111796
16113076
16116575
16119210
16119343
16120038
16120426
16129556
16132488
16138060
16139117
16145342
16149387
16159138
16162274
16162670
16164037
16172269
16172696
16183047
16189140
16193025
16193647
16194219
16197931
16201571
16202660
16209405
16210611
16211801
16216336
16220043
16221641
16222523
16223452
16227285
16235029
16238267
16239544
16239586
16242582
16244311
16245167
16245324
16245330
16258770
16261224
16265131
16265737
16270380
16272626
16276102
16277351
16278621
16281718
16286523
16288482
16298556
16301163
16302549
16302582
16304160
16304349
16306531
16307138
16320053
16325410
16325628
16328379
16331648
16336451
16337251
16337480
16338893
16339491
16340773
16354382
16363029
16363712
16365050
16366466
16367947
16379796
16392355
16395261
16395418
16396090
16402736
16403248
16404580
16406960
16409682
16409825
16410494
16415743
16415871
16417366
16424704
16431053
16436048
16436821
16437550
16440965
16443939
16446953
16451957
16453122
16455622
16461270
16461389
16466036
16474097
16483059
16483304
16483640
16490437
16490454
16492460
16494158
16503356
16505058
16511554
16511611
16511882
16512990
16513021
16520173
16521457
16522021
16522396
16528377
16529418
16530877
16535970
16540890
16543413
16545729
16546188
16556852
16557246
16559036
16566297
16575295
16575847
16577242
16583957
16586490
16591555
16592878
16594032
16608863
16609654
16609803
16612239
16627271
16628306
16629725
16636513
16638135
16638760
16640162
16640887
16641689
16644088
16647825
16662119
16662369
16663355
16665650
16666053
16668154
16669001
16669208
16672131
16672851
16673706
16673890
16674861
16675067
16676691
16682632
16691526
16692471
16696025
16697023
16697715
16697995
16698227
16700874
16702849
16709127
16709324
16713307
16713635
16714053
16714827
16715392
16716226
16718175
16718472
16718610
16718868
16720280
16724805
16726035
16726308
16734192
16735798
16736206
16736987
16737073
16747364
16749101
16752140
16753805
16757232
16761282
16762701
16777007
16780139
16780693
16783122
16791216
16792452
16794361
16796036
16800795
16802278
16807074
16809737
16810614
16817477
16821296
16822910
16825723
16834681
16837535
16839178
16842462
16845540
16851375
16866926
16867299
16867929
16874400
16876417
16878509
16880812
16886514
16886601
16890491
16896154
16898302
16904924
16905598
16910096
16910840
16921634
16926122
16926823
16932884
16935218
16938833
16940312
16946112
16950594
16950706
16951736
16960600
16974710
16975278
16975360
16987666
16987731
16989568
16993206
16996439
16999704
17000716
17006928
17007145
17012261
17012729
17012830
17013112
17013300
17016444
17025717
17027136
17030572
17032962
17033601
17035433
17035532
17036418
17046223
17048122
17053615
17054547
17054814
17055253
17056267
17056898
17072516
17072897
17074458
17079743
17080539
17081911
17082272
17086783
17094795
17100491
17104870
17106535
17107423
17107758
17111769
17112480
17121106
17123318
17127143
17132410
17133814
17134140
17135251
17136056
17137331
17139517
17139647
17140338
17142282
17143033
17143502
17145645
17150142
17150446
17151171
17151240
17152569
17160653
17165720
17169810
17173342
17176109
17177853
17178598
17180951
17183506
17183848
17189572
17191270
17205043
17208524
17212549
17213562
17216646
17221722
17223972
17224274
17227380
17230635
17232128
17233775
17235587
17237618
17240914
17241401
17242232
17242813
17242928
17244332
17245529
17255430
17255463
17257250
17259446
17261944
17270167
17274182
17294753
17295806
17299906
17299977
17301261
17301872
17305969
17306231
17306672
17310810
17311208
17314179
17315122
17316054
17318723
17319006
17319305
17321968
17332593
17336899
17339022
17340144
17342251
17342321
17343761
17351817
17355773
17356117
17364463
17365146
17367169
17381682
17387151
17387992
17389399
17391326
17393751
17399442
17400025
17400605
17403298
17406203
17409116
17414465
17415642
17417738
17417929
17422261
17422757
17423908
17428255
17430675
17431674
17435314
17439427
17440714
17440953
17441254
17443023
17443787
17448766
17452788
17453152
17454242
17454808
17455165
17455182
17459908
17461191
17461290
17463173
17465395
17469635
17474219
17479833
17480116
17481682
17482995
17483130
17484881
17485610
17486485
17488162
17488783
17492883
17495091
17498369
17499049
17505193
17510291
17511780
17513375
17514312
17516682
17520566
17522124
17526641
17528459
17530828
17531790
17542326
17544001
17550146
17551068
17551526
17551557
17556633
17557524
17564126
17579154
17580138
17582595
17585462
17588839
17591672
17593270
17594348
17597986
17600351
17602075
17604905
17615324
17627816
17628696
17639845
17643478
17643701
17644154
17646566
17652085
17653541
17658479
17659622
17659938
17662678
17664952
17668659
17669221
17670122
17676049
17676190
17676794
17686665
17687424
17694100
17698609
17699372
17702622
17703581
17705936
17708540
17712806
17722753
17725447
17730601
17731476
17733182
17738948
17746888
17749983
17750041
17753369
17754049
17756190
17756785
17758957
17765374
17768880
17774282
17778288
17790489
17791630
17792447
17794218
17794843
17802154
17812399
17812655
17814150
17818079
17824987
17828117
17829513
17831764
17834310
17840415
17840749
17845871
17850149
17852601
17852815
17856184
17860037
17872943
17873746
17874976
17876428
17876585
17878561
17879359
17882301
17882979
17884702
17885018
17887283
17888088
17890406
17897837
17898419
17898592
17901495
17903353
17907613
17908985
17910447
17922060
17926113
17927245
17927811
17929317
17935679
17936151
17938356
17938870
17940484
17950098
17961790
17963068
17972557
17979540
17980485
17983990
17988710
17990352
17993629
18000221
18000553
18012435
18013462
18017118
18018449
18020072
18023131
18025594
18027243
18036444
18038881
18039020
18039080
18041066
18044709
18047406
18051626
18058346
18061859
18074391
18075188
18079248
18082875
18085627
18087960
18088811
18093530
18100571
18105167
18106937
18109804
18115355
18116166
18120052
18121119
18121934
18130598
18137296
18137748
18152194
18152884
18157494
18180871
18181175
18183288
18184024
18185336
18187557
18189786
18191548
18195982
18197868
18203314
18207480
18208494
18208683
18209242
18211442
18212010
18213707
18215316
18215722
18216646
18216742
18216931
18219019
18225220
18228525
18230522
18237379
18240322
18246120
18248361
18254873
18256989
18265062
18270385
18273237
18287739
18290990
18295887
18296201
18300359
18309850
18315378
18316368
18320239
18321333
18321655
18324360
18328341
18330764
18331450
18333734
18335682
18340500
18348743
18348771
18349276
18350652
18354063
18356442
18363320
18368804
18372130
18381080
18382969
18383051
18385667
18388660
18389507
18390023
18391667
18392560
18398848
18402138
18405725
18410683
18415557
18416392
18418385
18421601
18422218
18423082
18424944
18426475
18430452
18434586
18445795
18448276
18452055
18455314
18455857
18456451
18456968
18458498
18462259
18462295
18466099
18467352
18467717
18469721
18470010
18475446
18477181
18478426
18479411
18482061
18482680
18484599
18485737
18487634
18493793
18498352
18499752
18501221
18502655
18509817
18522131
18523015
18524550
18526030
18526756
18528939
18536783
18540284
18541337
18543978
18549405
18553439
18555903
18556770
18560138
18564669
18572412
18574382
18575988
18578978
18581648
18592252
18593768
18593919
18598127
18600521
18600837
18604175
18607709
18607861
18608870
18612226
18613392
18613618
18625772
18627559
18628231
18628440
18629279
18632622
18633910
18636315
18638365
18647354
18651244
18656077
18656110
18659840
18662576
18666625
18667352
18669111
18674068
18674125
18674914
18675597
18679143
18681981
18682060
18688692
18688763
18690134
18692029
18694818
18696660
18697759
18702614
18705720
18708394
18716261
18717060
18721707
18721941
18726467
18729721
18734575
18735923
18736925
18738443
18738951
18742696
18744406
18747046
18748135
18748952
18749636
18755370
18755388
18759783
18761798
18762652
18762883
18764547
18769068
18770753
18776107
18778230
18780896
18786232
18786596
18790275
18791773
18798024
18799094
18807827
18817567
18819161
18830284
18835712
18840334
18842259
18844753
18850909
18852100
18852889
18858703
18859469
18859918
18860234
18860610
18866786
18867662
18870668
18876708
18881691
18891665
18892124
18894196
18896217
18896859
18899981
18901037
18901624
18902391
18902765
18905200
18909255
18909626
18911427
18914021
18914416
18918282
18921448
18924883
18933388
18935374
18935643
18937469
18945106
18947005
18949623
18951022
18953065
18953921
18958273
18961884
18966372
18967985
18969018
18975790
18976186
18979937
18981732
18986424
18987119
18991904
18993273
19005205
19007967
19012696
19016943
19019381
19019490
19020638
19020889
19032393
19036728
19038609
19042895
19051736
19051818
19051984
19058311
19068067
19070006
19070830
19072129
19079642
19080464
19081288
19089765
19090758
19091121
19092721
19098383
19098587
19104721
19106521
19109311
19114700
19125507
19127207
19130283
19133545
19135058
19135206
19139235
19141351
19144022
19146741
19149904
19150887
19154903
19156841
19157195
19158592
19159179
19160047
19160684
19168655
19172657
19178241
19184198
19189413
19197667
19197782
19198713
19202241
19208875
19211253
19214587
19215586
19218944
19219887
19222292
19226310
19227186
19227637
19227776
19234642
19236057
19243218
19244145
19253635
19256181
19257864
19267299
19271618
19273704
19276412
19277606
19292580
19293718
19295273
19296003
19299199
19303059
19313172
19315133
19316504
19330277
19336209
19338620
19342762
19342852
19344497
19348241
19355060
19356545
19357566
19359593
19360176
19366814
19367846
19368608
19368948
19369913
19374925
19380338
19395581
19397513
19399893
19403208
19406053
19411522
19414866
19416708
19416832
19419686
19420010
19425882
19430975
19434506
19435476
19435862
19436483
19436696
19440140
19441863
19443061
19444126
19446847
19447631
19448060
19450317
19454721
19454839
19455790
19462000
19473170
19478540
19481823
19481927
19485136
19486756
19486990
19489693
19489862
19497913
19498581
19502827
19504019
19504807
19506128
19510210
19513712
19514868
19517503
19519874
19525917
19528148
19538549
19538606
19538827
19540177
19551078
19553745
19554875
19556969
19558660
19561944
19564769
19565248
19570256
19572695
19574077
19575782
19578420
19578775
19582501
19583545
19584525
19590585
19590888
19592878
19595896
19596025
19604322
19605605
19608877
19611671
19612503
19615027
19623490
19627580
19629216
19631608
19633460
19633955
19637677
19638842
19639503
19640206
19649494
19650519
19653544
19656282
19656639
19657020
19661826
19665468
19670641
19672498
19673136
19684148
19684982
19688625
19692994
19694467
19695720
19703292
19715232
19717630
19718031
19718980
19720251
19721370
19722351
19724917
19727109
19730330
19731918
19733475
19736868
19737490
19740164
19743663
19743815
19745414
19746995
19748863
19749650
19749958
19755561
19764400
19764946
19767734
19770282
19773025
19775353
19785371
19785927
19786686
19787011
19787979
19789212
19790943
19793476
19798350
19801159
19806468
19811403
19814762
19816670
19816724
19823081
19824961
19831821
19833298
19834776
19836238
19839602
19841660
19843244
19847198
19850967
19851506
19856658
19860109
19864484
19868278
19869148
19871574
19877511
19883100
19883235
19889586
19889617
19890226
19898906
19901278
19905445
19906168
19908137
19909943
19918744
19924149
19924914
19925638
19927033
19931100
19942703
19942862
19947812
19948334
19955547
19956377
19959356
19961307
19968002
19969383
19971517
19971762
19975960
19978351
19983598
19986484
19992161
19992329
19992705
19993664
19996344
20001917
20006034
20007598
20009557
20010933
20023256
20024236
20025324
20025391
20028940
20029420
20032059
20036861
20054191
20056358
20059120
20059658
20062307
20064144
20064511
20066195
20068136
20070969
20072122
20074263
20080598
20083226
20084712
20088262
20099952
20100459
20101641
20102860
20104147
20105768
20110599
20111217
20111985
20113428
20119735
20124876
20126385
20132480
20134158
20136907
20137099
20137801
20138566
20140461
20141969
20143211
20143884
20146183
20147017
20160798
20164718
20164820
20165067
20165803
20168405
20177352
20180321
20180704
20181604
20185733
20185863
20188892
20190763
20194026
20194233
20198723
20200250
20205448
20217010
20219081
20222958
20225000
20225956
20227374
20227477
20228173
20228307
20228404
20231088
20231392
20232401
20239037
20249154
20249385
20258004
20258099
20261239
20261736
20263329
20267312
20268773
20273901
20275747
20275968
20276430
20276486
20278576
20279294
20279658
20281875
20282376
20282449
20284854
20289644
20293651
20295136
20299218
20299358
20302120
20302513
20302965
20307557
20315509
20318129
20318662
20320783
20321836
20323777
20325449
20330072
20331370
20335505
20339994
20343496
20345460
20345691
20347452
20353924
20356350
20358649
20362009
20366588
20367273
20370108
20379613
20387774
20388647
20398848
20401683
20405281
20408166
20408981
20409066
20410675
20413766
20422176
20422753
20422857
20423268
20423645
20424995
20428018
20430377
20431604
20433583
20433840
20441233
20447100
20452759
20454234
20455865
20456185
20456698
20459829
20460179
20461255
20461526
20463668
20465982
20467933
20468089
20469820
20471678
20472951
20474438
20476980
20478274
20486172
20488474
20489304
20490359
20492310
20494612
20497885
20503574
20504730
20507994
20511092
20521289
20524749
20525553
20527766
20530520
20532336
20535840
20537832
20552637
20555766
20560239
20563448
20563867
20570795
20574708
20576499
20579647
20580731
20584190
20585002
20588865
20590639
20594520
20595787
20602718
20605431
20606400
20611751
20615839
20616957
20620212
20630270
20630576
20635159
20638690
20640308
20643129
20644465
20644957
20648420
20657383
20657658
20658814
20660430
20660460
20665117
20665183
20667518
20668610
20679250
20681517
20691036
20694108
20697749
20698342
20707587
20712368
20712737
20712756
20712991
20720953
20721190
20727887
20733528
20737756
20740598
20746592
20747054
20750160
20750820
20751384
20752644
20754061
20767394
20770372
20776959
20789019
20790480
20793719
20794560
20800871
20802594
20805361
20806988
20808220
20810799
20812548
20814572
20819745
20827742
20830686
20831491
20840297
20847057
20849123
20863872
20867129
20871346
20874250
20874472
20875665
20877855
20881870
20885585
20885764
20887160
20887245
20891748
20892548
20896722
20897910
20900488
20902375
20907465
20911292
20914267
20918801
20919198
20920483
20927633
20930994
20932137
20936127
20936883
20939731
20941432
20946792
20955453
20956414
20964382
20967073
20973337
20977252
20980855
20983234
20983441
20983541
20986584
20993066
20993672
20994323
20995015
21003637
21007165
21012203
21022875
21023362
21024769
21028351
21030208
21034992
21040817
21044985
21046312
21051889
21052685
21053031
21056634
21057416
21059296
21062412
21062518
21063320
21064714
21064781
21069683
21070553
21080823
21082990
21083884
21084680
21085457
21088633
21089135
21090360
21090998
21092765
21092878
21098355
21101207
21101501
21102833
21108112
21112594
21114096
21114321
21121331
21123077
21128212
21141794
21142176
21144093
21148178
21150772
21151023
21151263
21152861
21153649
21164214
21166409
21167189
21167513
21170777
21172243
21180165
21182843
21187361
21191138
21191534
21193233
21195315
21196317
21197343
21209554
21211506
21213391
21215523
21216703
21220384
21223014
21223783
21224102
21224740
21224940
21229548
21229591
21243314
21243834
21245780
21252871
21254825
21256965
21260209
21260316
21265535
21268337
21269252
21269852
21272433
21272660
21272701
21288795
21299642
21300086
21302047
21305491
21315966
21323393
21324041
21327005
21332459
21333022
21333570
21336279
21336586
21338728
21357760
21365053
21365398
21365413
21366821
21370275
21371496
21373868
21374632
21374939
21378652
21381359
21389458
21391393
21393638
21394683
21398053
21404753
21413615
21414257
21414893
21415208
21417841
21422286
21423284
21425724
21427345
21435238
21438572
21444901
21446176
21457884
21457903
21473683
21474333
21475063
21475560
21478972
21484253
21485089
21485171
21487506
21489576
21490422
21494552
21502529
21502708
21506227
21508272
21512911
21514630
21518042
21519376
21520089
21520823
21522421
21523134
21523225
21523645
21525897
21526926
21527190
21528488
21535538
21539743
21540852
21541630
21541811
21548097
21552985
21557445
21561335
21569927
21571965
21573838
21575588
21587263
21591600
21597639
21600321
21601176
21613845
21615983
21619979
21620304
21623896
21625290
21629502
21630398
21633154
21640503
21644649
21646614
21647725
21647947
21648411
21649208
21654377
21656595
21658404
21661463
21668479
21670824
21675551
21675807
21677740
21681753
21682794
21686431
21687572
21692522
21693408
21698165
21698876
21701707
21701976
21703335
21709099
21717493
21718794
21726991
21729099
21729700
21733062
21736927
21737014
21737225
21741193
21744910
21749490
21751968
21752284
21754716
21756489
21761349
21764616
21768368
21771078
21772557
21778291
21782571
21783660
21785360
21785482
21793889
21796683
21797295
21802115
21803183
21807343
21807991
21808110
21815486
21817784
21823056
21826186
21827724
21832371
21832546
21836865
21838595
21842423
21844930
21847498
21850959
21856718
21859605
21862308
21862844
21863683
21868503
21876381
21877686
21882705
21883893
21891966
21902581
21902936
21906563
21906565
21913124
21914729
21914843
21926330
21929052
21933081
21933292
21933449
21939744
21940871
21942131
21945594
21953876
21955355
21959521
21961538
21961757
21965177
21974466
21983963
21984310
21985905
21988918
21996575
22003280
22004940
22008719
22013726
22015212
22018752
22020108
22021907
22027789
22030808
22031249
22042795
22042978
22050609
22052482
22055011
22063777
22073234
22077808
22082306
22085880
22089985
22090903
22094378
22095653
22095730
22097623
22098473
22098761
22102392
22111230
22113336
22113399
22115699
22117446
22118879
22126408
22132453
22137897
22144720
22149816
22151137
22153968
22157806
22158881
22161042
22168130
22169166
22176969
22177829
22178446
22180594
22182616
22182852
22184681
22184726
22188431
22190489
22192056
22198122
22200419
22201990
22208841
22213761
22215886
22219691
22221240
22225903
22232537
22236936
22239754
22240468
22240493
22245473
22248692
22251725
22254038
22255406
22257520
22258434
22259446
22260157
22261320
22264360
22265220
22268823
22273620
22274702
22274944
22275877
22278096
22280074
22281112
22284711
22287434
22287475
22288779
22290752
22291178
22308559
22310368
22311514
22311931
22312580
22312684
22315284
22321420
22321432
22321805
22325302
22327151
22327401
22328326
22329374
22333680
22334875
22336924
22338393
22339546
22349500
22350590
22352314
22353591
22355019
22355862
22356078
22371954
22373269
22373782
22376867
22377756
22378599
22380116
22384803
22385116
22387018
22388519
22388865
22390037
22390536
22390589
22391336
22394090
22397141
22401465
22401473
22404648
22405377
22414360
22415270
22415952
22416644
22420193
22420417
22424212
22425440
22426319
22427090
22427577
22428532
22429139
22431622
22434235
22435184
22444108
22446970
22449019
22452850
22454590
22456102
22463736
22466048
22466834
22474782
22479623
22483816
22484037
22486540
22487242
22489734
22489933
22494438
22494783
22494957
22499318
22499594
22500337
22500778
22502858
22504945
22505030
22505109
22507231
22508723
22508869
22510281
22511831
22511922
22516296
22524357
22527431
22530294
22530973
22531086
22534081
22534424
22534677
22539200
22540420
22542822
22545277
22545682
22549075
22549337
22552299
22560335
22560671
22563155
22565854
22566886
22567837
22567844
22571574
22588701
22596637
22597065
22601163
22604840
22605327
22610871
22613371
22621637
22622159
22623395
22625418
22628456
22630457
22634211
22637303
22637326
22638935
22640076
22645948
22652266
22653124
22658020
22658644
22660439
22660555
22664081
22667143
22669165
22679319
22689014
22690129
22700890
22703901
22709787
22710214
22712504
22717410
22723912
22728996
22734884
22740071
22741858
22744417
22748728
22749996
22750268
22761716
22765154
22767987
22771616
22773728
22775193
22779608
22781190
22781835
22782970
22783096
22784441
22796852
22797705
22799829
22800120
22800917
22806967
22809074
22809826
22810219
22816831
22817040
22824806
22832939
22834735
22836468
22836832
22838587
22839336
22841206
22843250
22847215
22848499
22851782
22862520
22863674
22865194
22870736
22873084
22874354
22876396
22876860
22877097
22878486
22879797
22880443
22881058
22884872
22898176
22899826
22900182
22901601
22902331
22904441
22908217
22908393
22910521
22910544
22911391
22912955
22914127
22914454
22916158
22919130
22919895
22920210
22922857
22924154
22925339
22926330
22930412
22930787
22930886
22935705
22942337
22945481
22947564
22950472
22957347
22960623
22965576
22969069
22969519
22970010
22982954
22983044
22984714
22986897
22987228
22992360
22993620
22994276
22995158
23000691
23004105
23004434
23004576
23004659
23006435
23006900
23008537
23008914
23012107
23013528
23016746
23017613
23019686
23019738
23020762
23021545
23024270
23028091
23028121
23030851
23035175
23040390
23044303
23044710
23047208
23050040
23050088
23056772
23064315
23066111
23069133
23078066
23081489
23082949
23085985
23089793
23090356
23099546
23103170
23103820
23104560
23107013
23109100
23109657
23110084
23116476
23122747
23126131
23131391
23132822
23137899
23139025
23145417
23152507
23153551
23153980
23154925
23163326
23178337
23191959
23192464
23195567
23223782
23225715
23226828
23227565
23228442
23228726
23231858
23234517
23238199
23238334
23238780
23239966
23240560
23246295
23251572
23252525
23260956
23263330
23267015
23267960
23268739
23272674
23276288
23278631
23279736
23281637
23285847
23292710
23294082
23308422
23311153
23311273
23311522
23311650
23313979
23321347
23323016
23331227
23334487
23334496
23334975
23338112
23345344
23346472
23347847
23350573
23354163
23360784
23362345
23362539
23363181
23363878
23364875
23366197
23371632
23374794
23377256
23379284
23382015
23386263
23386607
23387589
23394121
23398487
23400466
23400691
23402930
23406009
23409578
23409676
23412072
23418493
23424503
23425670
23427834
23429408
23434619
23436963
23448517
23454123
23461140
23462494
23464812
23465333
23470034
23474147
23474338
23474900
23478781
23481571
23481702
23486386
23497515
23498937
23499343
23500983
23510614
23513640
23515243
23515499
23516288
23516309
23527236
23532768
23535140
23536647
23539096
23539694
23540033
23542573
23544276
23544284
23545594
23546774
23547383
23551328
23551577
23557412
23560113
23560781
23573315
23573854
23583038
23583689
23585343
23589056
23591495
23594691
23605469
23610629
23614391
23622973
23623324
23628838
23631563
23634360
23635340
23636894
23637916
23638057
23642232
23646237
23647844
23648595
23648698
23653152
23656402
23657223
23663474
23668560
23669673
23678117
23679038
23679947
23688379
23691181
23692642
23695117
23701096
23701866
23705304
23706372
23706668
23716642
23727523
23728713
23734219
23735097
23737965
23740109
23741228
23742099
23742436
23743535
23744064
23747570
23751554
23755149
23755984
23761403
23764908
23767315
23769174
23770442
23782344
23788017
23788411
23791628
23793558
23796194
23796511
23796926
23797555
23799603
23799906
23802276
23802965
23806941
23807646
23813696
23816970
23821059
23821955
23831548
23832010
23832251
23832845
23840975
23844167
23845015
23849040
23849764
23849767
23850267
23850563
23854605
23858255
23858853
23859706
23863894
23867755
23872144
23877866
23881531
23883235
23884761
23888107
23889546
23890259
23891748
23894439
23895668
23901369
23902372
23906449
23910626
23911582
23912649
23915716
23919293
23923494
23924517
23927375
23928678
23929836
23931365
23931402
23933663
23938371
23939246
23939439
23942127
23943538
23944460
23946252
23946738
23947708
23948873
23949177
23953837
23955957
23957087
23961973
23966996
23967162
23970734
23971831
23974114
23975913
23983099
23983350
23986871
23990195
23993304
23995877
23999952
24005477
24007398
24008417
24019657
24020876
24023652
24029347
24030353
24032294
24032925
24033068
24034389
24034563
24035642
24037582
24038366
24045967
24047857
24048461
24054814
24058633
24062967
24064413
24065067
24065548
24077872
24080730
24081369
24086504
24087293
24092135
24094109
24099859
24100961
24102799
24107344
24107496
24109560
24110774
24110797
24116983
24117648
24120211
24124287
24127691
24127963
24130290
24131043
24138016
24138866
24146713
24147062
24147739
24157655
24160993
24171891
24174096
24175474
24175547
24179303
24181351
24181867
24199180
24201662
24201990
24207930
24210375
24212679
24216623
24217035
24224450
24226191
24229403
24230589
24235410
24236031
24236831
24238457
24239753
24241452
24247894
24249342
24253623
24254243
24254313
24261968
24265947
24266269
24266450
24267777
24271000
24271146
24272281
24275356
24278985
24279147
24280501
24282513
24294012
24297952
24297965
24298562
24300963
24301464
24304219
24306186
24310298
24314701
24315142
24316001
24322014
24322195
24323488
24327123
24329842
24329972
24330470
24340683
24342825
24343408
24343453
24345661
24348398
24350018
24359225
24362813
24365190
24367431
24369357
24370156
24370210
24371096
24373789
24375965
24377766
24381459
24388103
24394486
24395714
24400276
24401555
24401974
24406132
24411445
24416144
24418293
24422794
24423914
24430342
24431135
24431368
24432031
24432192
24434657
24436078
24436912
24437718
24442899
24444356
24448029
24451779
24453567
24455748
24457154
24458320
24463591
24465132
24466108
24466355
24467807
24469085
24471597
24494893
24499559
24500001
24501077
24504390
24519903
24523519
24535221
24539672
24543741
24544237
24544526
24545207
24549982
24550753
24550898
24551084
24552505
24553770
24567759
24580426
24582089
24589092
24589328
24590441
24592349
24592657
24594964
24597870
24601152
24603294
24603765
24606351
24607814
24611502
24612089
24618486
24619320
24619672
24620136
24625346
24629796
24640727
24640881
24642217
24645029
24647667
24649319
24655440
24656345
24657789
24658523
24662491
24665322
24665964
24668621
24669258
24669734
24670219
24673085
24675334
24678229
24681269
24681925
24682594
24685858
24692277
24692375
24693278
24696276
24698320
24699282
24700595
24701229
24702396
24705332
24706494
24712089
24712114
24718551
24719029
24721826
24723086
24723967
24725278
24726768
24727873
24730943
24735418
24735518
24742935
24743765
24744751
24745301
24747134
24749565
24762793
24765199
24765547
24768059
24770137
24770507
24771793
24781294
24783768
24785583
24789810
24791741
24799909
24804208
24806013
24811201
24812019
24812117
24815406
24815973
24819723
24820624
24820993
24821952
24824070
24825564
24826234
24828168
24828625
24836282
24836452
24837032
24838090
24840215
24845259
24848594
24849618
24853045
24853744
24855353
24859851
24866661
24872502
24873834
24874752
24875639
24878760
24879577
24884631
24884851
24886543
24891282
24892839
24894530
24898746
24901714
24905301
24908054
24908909
24910929
24914914
24915546
24919962
24920057
24922113
24927665
24929525
24929682
24931039
24936588
24940139
24941479
24942938
24943418
24944406
24945989
24946729
24950279
24952313
24956492
24967197
24989335
24991348
24993892
24997481
25001199
25014327
25016118
25019385
25025726
25026513
25026974
25027464
25035392
25037600
25038239
25038930
25040704
25042690
25042956
25044919
25045998
25046442
25051239
25051748
25052843
25054455
25056348
25059768
25063342
25063725
25064293
25067058
25071993
25076096
25078921
25081201
25084339
25084978
25087977
25088218
25089526
25090495
25091085
25091587
25091740
25094366
25094834
25096583
25097687
25098682
25100293
25100379
25101315
25105729
25108886
25109269
25112418
25113033
25116018
25121821
25126528
25126554
25127352
25136732
25140220
25141986
25146464
25148113
25153727
25158208
25158632
25160034
25163898
25164931
25167964
25174996
25176711
25181837
25189515
25190758
25200979
25206494
25210694
25214003
25225864
25226736
25231491
25232521
25232600
25237169
25237737
25242842
25245210
25248012
25253075
25256470
25267824
25272935
25273037
25278831
25279858
25284073
25289833
25289907
25291214
25292224
25292894
25293996
25296956
25303694
25305013
25305834
25307271
25310533
25311216
25312156
25312166
25312517
25313701
25314211
25316767
25317486
25329049
25329706
25331766
25332505
25333082
25333226
25335974
25335982
25338472
25343575
25344314
25348098
25350786
25350805
25351825
25358538
25361179
25361588
25376320
25378669
25383134
25388461
25391949
25396808
25399379
25399558
25404277
25410027
25412220
25416221
25418241
25420149
25423607
25426387
25427813
25430291
25435136
25436290
25440548
25450209
25451317
25452809
25456064
25467756
25472448
25476368
25481309
25482215
25484483
25489041
25490018
25490823
25492097
25494224
25496810
25497871
25499482
25499906
25504991
25505449
25505514
25508099
25510152
25515655
25515735
25519159
25533219
25534189
25536742
25539812
25540196
25540461
25540716
25541087
25545870
25553670
25558333
25563647
25571460
25577652
25578768
25581718
25582383
25586856
25587854
25594955
25595936
25600934
25610645
25614997
25616448
25619780
25623454
25628286
25638835
25644251
25649098
25649796
25649863
25651307
25653293
25657017
25657625
25662308
25669149
25671417
25671935
25675175
25679312
25685214
25686796
25689189
25695391
25696776
25701057
25705189
25709304
25713928
25718183
25720124
25721372
25725742
25727818
25728068
25731541
25731543
25737294
25748969
25752815
25754789
25755441
25757675
25758149
25763858
25773484
25775478
25777197
25780666
25782681
25786770
25789697
25791106
25791778
25792344
25792432
25801563
25805467
25805521
25805536
25805837
25812065
25824955
25844924
25845362
25853651
25859807
25866448
25867501
25869098
25870014
25872475
25877412
25878706
25880510
25893241
25894610
25896178
25896890
25898684
25898915
25899586
25902527
25908199
25909016
25918668
25919935
25923799
25935324
25936807
25943010
25944325
25945168
25952506
25953879
25955408
25958036
25964707
25966782
25966816
25967436
25968794
25974997
25975653
25977616
25979493
25983937
25984795
25992787
25997420
25999103
26002900
26003353
26003402
26004176
26004633
26005479
26006323
26007021
26014507
26014890
26015393
26016820
26017749
26019098
26020148
26022876
26026307
26027807
26029377
26029442
26029526
26030004
26031228
26036822
26039776
26040892
26041843
26045049
26046918
26050004
26050546
26052867
26060038
26062489
26065232
26070964
26071019
26075472
26076355
26080146
26080366
26082179
26084424
26086996
26088222
26091143
26093739
26095285
26095610
26095657
26097747
26098315
26098345
26101180
26109628
26120564
26122139
26124103
26124452
26126646
26128906
26136413
26136418
26139122
26143428
26145230
26147483
26160857
26165760
26166414
26166482
26168752
26171247
26177978
26178442
26178755
26181565
26185242
26197827
26203654
26205344
26205936
26210149
26214133
26217238
26231365
26235256
26237423
26241830
26242037
26248461
26249339
26254049
26257126
26257296
26266650
26266915
26267933
26274686
26278552
26278677
26286931
26290221
26290817
26298161
26300559
26306036
26306601
26314691
26316788
26320095
26321861
26323231
26325018
26329015
26336579
26338752
26342367
26345981
26348643
26350781
26352299
26353842
26361199
26363944
26365306
26378339
26381913
26385130
26386080
26387811
26394213
26401507
26404268
26406318
26409244
26410659
26414809
26416671
26433645
26437888
26446330
26448688
26452357
26467510
26468902
26473066
26484127
26485620
26486537
26489440
26498515
26501690
26501771
26505506
26511767
26515364
26517101
26518179
26523108
26527779
26532763
26533379
26534323
26534791
26536043
26539202
26542779
26544553
26544800
26545089
26546477
26549067
26550774
26550919
26553089
26554209
26554396
26555165
26561446
26561572
26564161
26564552
26564930
26571499
26586194
26586445
26587803
26587945
26589084
26590751
26590863
26593694
26596099
26598634
26600955
26603149
26603920
26615437
26615761
26617592
26619241
26620477
26625120
26629139
26631035
26638411
26639124
26646597
26648251
26648696
26658074
26658746
26659323
26661987
26662188
26662241
26663143
26671927
26681680
26683552
26688673
26692417
26693554
26695668
26701951
26702078
26703702
26703762
26704454
26704988
26707703
26711936
26711950
26716361
26717611
26718174
26719792
26724611
26725977
26732308
26732574
26738481
26742080
26753603
26762936
26762938
26763857
26770420
26774020
26776894
26777300
26778145
26787280
26791456
26792379
26793297
26799464
26804318
26804506
26812110
26812370
26815963
26818817
26821889
26829896
26834980
26836248
26838863
26840492
26844894
26847486
26849929
26851143
26857187
26857367
26857974
26861308
26867522
26872834
26876810
26877673
26877846
26879868
26880894
26886050
26888164
26888206
26892619
26894651
26895915
26898321
26904823
26907457
26918540
26919922
26921912
26923675
26940770
26941275
26943447
26949032
26949309
26949879
26951364
26952501
26952670
26956932
26962708
26966598
26970379
26973034
26973252
26973320
26976663
26978493
26981619
26983452
26985658
26988683
26989741
26990727
26990805
26993578
26996668
27009165
27009323
27010622
27010818
27014553
27017658
27018416
27024432
27028216
27029574
27038217
27041169
27044540
27049179
27049691
27057636
27058507
27060215
27061846
27065351
27067647
27072531
27074672
27076729
27078676
27080982
27082251
27084649
27086838
27086934
27093676
27094113
27095335
27095471
27096882
27097171
27098979
27100525
27108655
27111226
27111590
27112760
27119575
27121807
27124043
27133566
27134600
27141057
27152354
27152639
27161016
27164758
27169191
27173872
27174509
27176596
27176680
27179448
27194460
27195424
27196277
27201973
27206032
27207938
27218872
27219459
27219826
27221185
27226779
27231318
27231496
27231684
27233933
27236520
27242530
27243463
27248752
27249385
27250687
27251615
27256312
27258179
27259883
27260367
27262953
27263743
27268728
27269646
27270629
27271441
27274639
27277234
27280738
27281332
27285414
27289087
27291428
27291806
27292680
27294438
27296132
27300080
27300117
27302697
27302919
27303182
27314177
27319081
27319096
27323626
27325720
27325780
27326444
27330783
27337795
27338139
27338784
27342008
27342860
27344114
27353937
27358309
27362615
27362653
27364668
27369820
27383113
27383454
27395954
27396439
27402652
27406072
27407157
27414674
27415910
27415954
27420237
27427610
27427788
27429276
27431371
27434491
27434843
27435016
27435306
27435430
27436713
27444209
27449437
27450062
27451693
27453147
27453781
27459384
27462723
27463856
27464270
27464929
27467603
27467939
27472346
27472534
27474701
27478050
27480365
27483663
27486075
27487613
27489070
27490987
27491439
27495577
27497483
27497822
27501883
27502553
27504151
27510771
27516418
27517686
27526112
27527486
27540183
27541168
27544129
27550858
27553036
27555414
27556732
27558154
27559889
27564692
27564770
27571727
27572437
27576634
27579031
27588777
27591404
27596501
27596641
27598712
27600920
27602986
27604862
27607926
27608359
27610684
27613159
27615538
27616658
27616973
27617874
27618018
27627656
27634562
27639248
27639424
27641967
27642968
27645426
27651596
27659743
27660522
27660771
27663128
27663252
27665812
27668837
27670768
27674933
27678704
27680512
27683111
27683872
27687585
27691677
27696005
27698864
27699118
27701656
27705805
27707115
27713495
27721959
27724537
27724855
27729215
27732321
27734273
27736371
27737532
27747051
27755060
27757893
27761685
27771928
27772619
27774858
27776811
27777793
27781494
27787115
27790128
27791158
27796731
27796973
27804131
27806389
27809569
27810207
27814822
27816903
27817657
27818659
27820366
27820756
27830976
27839472
27860300
27861691
27863322
27864568
27865481
27867218
27868741
27870139
27875816
27878336
27880554
27880692
27882607
27887482
27888079
27891672
27892196
27900370
27900829
27903826
27906081
27914293
27914322
27918421
27919978
27924015
27928958
27931383
27932032
27934812
27938236
27943619
27944280
27945776
27945779
27948882
27953138
27954134
27957455
27970125
27972163
27974862
27975282
27977590
27983386
27987236
27991062
28006714
28008316
28010394
28016720
28017221
28017547
28017679
28023999
28024280
28024397
28026109
28027295
28030394
28031055
28032075
28032631
28035674
28035846
28036006
28038334
28043718
28044598
28046323
28049987
28050295
28057615
28064473
28064493
28068219
28072708
28074190
28076660
28083599
28083820
28086467
28087123
28089075
28094306
28100078
28108451
28108543
28110447
28111747
28117849
28118551
28119800
28121455
28122437
28126254
28136794
28140957
28144822
28163783
28173563
28175215
28176656
28176665
28177940
28178331
28180227
28183165
28198080
28199591
28203106
28206544
28207393
28213394
28216365
28217785
28218496
28219050
28231517
28240428
28244119
28245859
28252549
28259661
28263492
28263786
28264084
28264763
28268387
28281618
28283878
28289310
28293203
28304802
28305587
28307593
28310738
28312284
28312328
28313753
28315271
28320999
28321283
28324456
28330190
28333561
28335724
28336875
28338623
28341357
28342802
28354455
28356041
28367759
28368296
28368699
28369555
28372561
28376451
28382260
28383168
28384656
28397529
28398044
28413479
28415412
28417241
28417638
28419416
28421882
28422323
28422634
28422896
28433178
28434779
28439527
28440636
28440791
28440993
28442315
28443564
28446174
28457806
28458886
28463439
28467443
28467688
28469813
28473406
28476202
28476334
28481099
28481281
28482094
28482235
28492112
28497654
28498380
28505191
28510131
28512903
28515408
28516523
28519113
28519891
28527364
28529122
28530168
28531315
28535284
28537831
28549525
28550644
28550747
28556684
28558177
28564259
28570029
28572100
28573556
28586224
28586246
28587282
28588159
28594210
28594868
28597297
28597387
28606636
28606881
28608381
28611842
28615613
28620154
28620217
28622033
28631299
28631329
28636160
28653186
28658334
28665061
28666894
28667425
28673441
28676938
28683890
28684890
28685425
28689351
28689963
28691640
28703751
28714128
28720630
28721908
28722332
28733564
28736036
28738821
28742334
28744864
28749698
28750546
28750790
28751860
28752534
28753350
28758386
28760805
28761440
28765700
28770389
28771454
28775014
28776216
28778007
28781680
28786342
28786821
28790546
28791503
28795972
28804529
28814034
28815366
28815771
28816609
28818030
28819830
28820082
28822766
28822928
28823491
28824645
28827435
28829956
28832851
28833084
28836165
28836531
28837556
28845412
28854070
28854862
28861562
28871809
28874552
28882329
28887060
28888880
28893613
28896271
28903786
28907799
28912710
28918765
28921809
28925352
28925747
28926875
28927625
28928937
28934176
28944622
28944797
28945933
28946622
28949268
28949798
28951446
28957298
28964287
28964926
28968730
28971977
28973703
28976426
28979740
28980205
28982874
28983695
28985569
28985713
28987895
28992559
28992947
28995143
29005023
29007679
29017400
29019104
29029677
29030945
29032106
29032332
29033833
29036805
29059822
29061396
29064015
29065359
29068865
29069687
29071087
29071688
29080047
29086439
29088452
29096286
29098843
29100043
29105189
29110473
29122739
29127001
29131003
29132993
29134326
29135193
29135339
29140133
29148473
29158251
29160101
29160388
29161775
29167788
29168538
29170267
29170791
29173692
29174073
29178114
29178664
29182551
29184134
29184913
29190829
29198844
29201639
29205660
29209179
29209520
29210501
29210737
29211136
29212768
29213459
29214225
29217936
29220914
29221702
29222112
29224836
29227467
29228226
29228577
29228648
29240531
29241776
29243934
29244651
29247458
29248054
29248218
29253108
29253614
29257162
29258816
29263918
29266058
29267920
29268845
29271218
29274987
29277620
29278813
29285132
29288539
29289916
29293689
29296029
29300543
29305185
29311113
29313419
29318385
29324077
29324486
29326997
29327439
29327876
29328482
29338665
29339738
29342771
29344462
29353573
29365237
29365265
29366078
29367970
29368457
29370422
29372657
29376058
29379443
29381219
29381729
29384347
29384579
29393299
29394511
29400828
29411889
29424960
29425864
29427085
29427972
29431110
29435333
29437045
29449799
29453161
29455380
29455898
29460256
29464810
29465068
29466663
29467324
29471485
29480023
29494092
29495404
29496370
29496558
29497783
29499980
29500432
29501113
29502567
29509300
29527415
29530010
29531476
29533304
29534133
29534288
29536323
29537406
29544334
29546882
29548104
29549316
29554544
29556855
29557599
29566815
29568817
29570820
29575692
29577558
29581150
29583252
29584563
29584577
29590208
29596250
29608961
29609953
29618111
29627576
29628440
29630113
29631424
29633795
29639163
29639240
29641870
29643799
29647512
29651524
29652801
29654002
29656302
29663491
29671910
29674506
29676121
29676790
29678580
29679394
29681281
29684884
29691170
29692862
29694869
29702710
29706630
29707032
29708276
29713225
29718472
29720145
29725054
29728589
29731997
29732525
29733438
29736764
29737399
29738099
29738231
29744947
29746148
29748292
29750777
29755525
29755953
29759291
29762227
29765920
29767712
29768333
29771477
29783180
29785532
29785586
29793938
29801215
29801316
29801861
29810460
29810513
29811742
29814433
29816771
29818269
29819350
29823761
29828698
29836955
29840395
29846998
29851916
29855474
29862839
29868816
29870962
29873052
29874858
29876037
29877311
29878660
29888793
29890146
29904822
29905643
29919650
29924150
29931100
29934700
29939848
29949883
29955063
29964618
29972042
29972411
29973105
29974387
29975792
29976846
29982488
29993830
29994446
29994796
29994806
29995393
29995818
30004989
30011532
30013470
30014075
30016034
30017698
30020247
30021438
30021493
30022721
30022737
30024674
30025386
30025868
30026945
30030245
30032789
30036294
30036696
30037967
30040301
30040398
30041302
30049674
30050241
30059081
30062278
30063424
30064971
30065660
30070441
30071851
30076578
30076737
30078611
30079095
30085709
30086437
30089263
30089818
30090538
30094640
30098090
30099099
30100598
30101441
30102730
30104546
30105779
30109170
30109234
30116474
30117044
30117121
30117655
30117668
30121851
30135414
30135958
30162855
30163142
30163425
30167657
30170112
30170702
30176879
30179464
30179833
30181340
30185222
30186279
30187430
30191659
30194253
30197178
30207040
30211040
30211272
30211752
30211947
30228112
30232264
30244058
30247780
30248658
30249930
30253515
30257419
30260836
30261870
30264977
30270125
30274136
30280914
30282625
30294221
30297954
30299431
30303150
30310744
30311498
30315499
30318387
30320700
30321230
30324778
30326633
30327348
30327450
30330123
30331286
30335583
30336492
30340384
30341744
30350834
30354719
30358936
30368917
30369855
30372552
30375316
30378575
30382638
30391461
30392402
30395172
30401212
30403061
30406786
30407571
30408823
30409174
30412417
30415128
30415810
30416385
30424382
30425027
