7166
9152
11521
12770
13685
14819
16412
27337
27343
29408
40084
41034
41391
46516
47933
48117
67840
67942
69272
69552
71829
72707
75144
76474
76917
78812
80657
81483
82203
86647
88257
88989
89412
91828
92969
96312
99815
101674
109770
110063
113714
113973
117318
117788
123273
135671
146242
146443
147612
154557
159548
160290
165199
165840
168825
169532
173004
175611
184996
185107
186105
188823
190266
193144
198466
198488
203100
203412
204009
206535
207016
210989
214878
215265
216569
219044
219715
219943
222800
226520
228052
230781
231514
233152
239583
239588
240582
248281
251464
253865
254445
263835
266838
271549
271668
275189
275624
278206
283479
283739
285103
295449
296265
301333
302777
312865
317686
320822
323029
323615
331706
333267
337866
340736
347884
353305
360362
364175
368425
368466
372595
372686
379578
381129
381804
383427
386336
391318
395589
396908
403523
404150
407933
408227
409261
411128
412034
420864
430068
430466
433437
434380
435312
437981
438264
438563
441226
447352
462621
468462
468912
468995
471805
472539
473086
478414
479620
482056
493842
496453
496468
498020
518051
523402
524262
527664
530072
535773
545125
548908
549416
549466
564514
569631
570832
574997
576162
577203
588349
590801
592415
594757
599891
603436
609228
609444
611340
611564
619804
622539
627362
628567
630612
633295
633664
635673
636272
641273
649633
654354
660177
660569
661976
666917
667169
669367
671859
678274
681030
682555
682630
688172
688203
695317
699104
704634
708248
710170
718140
719501
720564
722546
724613
725645
730188
731886
732289
734466
735835
743739
746877
746950
749834
749901
752215
754220
759997
764341
765529
769223
772033
774736
777886
778746
779230
788869
789805
797903
801812
804639
815762
822283
824468
825438
826222
826963
827687
831628
831934
835007
853360
861724
864751
871474
878081
880426
880582
881693
883695
886638
893479
895747
896265
908851
909139
910610
916957
918630
919022
919738
921551
922609
925446
927658
930191
934263
938808
940359
949316
951010
952009
959614
965158
966363
970810
972448
977737
979079
979516
980783
989792
991292
992137
993249
994754
996877
997599
1002691
1004810
1014463
1019431
1020446
1020658
1024645
1025495
1028024
1031518
1032254
1037377
1038146
1046641
1049074
1054530
1055410
1066559
1074827
1080148
1084525
1094083
1098586
1099285
1101443
1102185
1105159
1111384
1119506
1123884
1125425
1132876
1133096
1135672
1137608
1138862
1147120
1151252
1161492
1162578
1165632
1168142
1168429
1171979
1174418
1174544
1174925
1175079
1180170
1180769
1189566
1192925
1197292
1197404
1198881
1210020
1211371
1215839
1229903
1231868
1233922
1243782
1251708
1252852
1253507
1259482
1261109
1269128
1270285
1271397
1272969
1275981
1276054
1277334
1279398
1285297
1285915
1290338
1290695
1291524
1291768
1293227
1294083
1296890
1302309
1306174
1321886
1323001
1332855
1333834
1335610
1339412
1339812
1342426
1346175
1360022
1364785
1367398
1367847
1368710
1368894
1370447
1377105
1384312
1386361
1386822
1394319
1396981
1400036
1402919
1403884
1405629
1406363
1407094
1408807
1411583
1417959
1419769
1426489
1428180
1429005
1429771
1434557
1435782
1441260
1444768
1446254
1448578
1449412
1450166
1452929
1454867
1455310
1455763
1456388
1462847
1470897
1472094
1483735
1483746
1484052
1487508
1490894
1495185
1495469
1503332
1503419
1509719
1511060
1512565
1521426
1522317
1527227
1527255
1527573
1530642
1535602
1538507
1544621
1546873
1549341
1554204
1556698
1557795
1558429
1561244
1563786
1565345
1569966
1570188
1570956
1576633
1578910
1579591
1580807
1583042
1584043
1584082
1584849
1586250
1593734
1594965
1601461
1602106
1607873
1608942
1609348
1611630
1620653
1626218
1633524
1636940
1639773
1643654
1656685
1658135
1658369
1661192
1663222
1665145
1666159
1667140
1669547
1672809
1679233
1680084
1684900
1692833
1699627
1701986
1703213
1705192
1705449
1712842
1718709
1723964
1725918
1727081
1732768
1738002
1738493
1745269
1748731
1755467
1762426
1770672
1772911
1774816
1778460
1780485
1781837
1784081
1785345
1787780
1790269
1792384
1792771
1793673
1796813
1797242
1798983
1802687
1803184
1803885
1804329
1806968
1807351
1810592
1811704
1815881
1815993
1823023
1823383
1825571
1825755
1827638
1832491
1833531
1834724
1835352
1836728
1838127
1839603
1839648
1849168
1850899
1851619
1861056
1867440
1867542
1873773
1878197
1879019
1879388
1881518
1885756
1886652
1887089
1889058
1891791
1892563
1894120
1894575
1895152
1898853
1901450
1902483
1912730
1915473
1923250
1926943
1930077
1931224
1931540
1933627
1935609
1936101
1942279
1945239
1946612
1949245
1950944
1951931
1953611
1956635
1962229
1965660
1965711
1966859
1967085
1971504
1972153
1976954
1977224
1984764
1987434
1988564
1991146
1991398
1993935
2003170
2003662
2003850
2009431
2009843
2009902
2009931
2010156
2011220
2012094
2012157
2012676
2015038
2015523
2017705
2018953
2020381
2023338
2024850
2037629
2037649
2045462
2049231
2050819
2052741
2055643
2061499
2063345
2067896
2072186
2074016
2076298
2076724
2083096
2083694
2087540
2094275
2097341
2098523
2100985
2101331
2110476
2112064
2119019
2127345
2127834
2128613
2129541
2130196
2133905
2138385
2139978
2147744
2149647
2151003
2151034
2151077
2155417
2160394
2161005
2161830
2169549
2172474
2179866
2181629
2183641
2189331
2197047
2197499
2202094
2203665
2205938
2207568
2209628
2214068
2217524
2229668
2242269
2242888
2245404
2247909
2252078
2252646
2252953
2253802
2253902
2256931
2258113
2259563
2260060
2267142
2274249
2275738
2283644
2284736
2290419
2291846
2298089
2299941
2301417
2301442
2302527
2303100
2303473
2306386
2316507
2316517
2316720
2317070
2320806
2333163
2333551
2333617
2333842
2334281
2335295
2335926
2351544
2351925
2353486
2357939
2362537
2365003
2368086
2368864
2382538
2382658
2385494
2387560
2389436
2392500
2392933
2395258
2397733
2400112
2402873
2404018
2405623
2407214
2407370
2411269
2413659
2418704
2418999
2419344
2422423
2432797
2433451
2434387
2437305
2442266
2442527
2443692
2445010
2446443
2450399
2452273
2454582
2459999
2461210
2463151
2464058
2465467
2468475
2468510
2470414
2471713
2472471
2472664
2477655
2479779
2479987
2480040
2481200
2482425
2486232
2488311
2488829
2489176
2495776
2499743
2500457
2502434
2504551
2507614
2509770
2511969
2515372
2516903
2516932
2520275
2525073
2528795
2534220
2539523
2539684
2540232
2540827
2543481
2547936
2548288
2548416
2552800
2555250
2557647
2562564
2562610
2565738
2565909
2567932
2568933
2568970
2573496
2577159
2584080
2591870
2592029
2594757
2598179
2600523
2602207
2608332
2608997
2609378
2610157
2617309
2618704
2620847
2625657
2625747
2631865
2642465
2642587
2646687
2647385
2649785
2652980
2662081
2664864
2668221
2669276
2671419
2672163
2673680
2676743
2677308
2678721
2682777
2683209
2690359
2692965
2694287
2694629
2694794
2703943
2706124
2708450
2708887
2709058
2710611
2711447
2714574
2714860
2715681
2716416
2721014
2724626
2726166
2728850
2729026
2733175
2738453
2739721
2742518
2742913
2743160
2743382
2743688
2750426
2752019
2752426
2754164
2760350
2767867
2767952
2769430
2769957
2776106
2779363
2781268
2789737
2792199
2793972
2805839
2806880
2810517
2811658
2816608
2817494
2822251
2822962
2825793
2826062
2836462
2844807
2847265
2849204
2852115
2856416
2856832
2858671
2862245
2862369
2864180
2865247
2869736
2870149
2872835
2878642
2879192
2881981
2886113
2888096
2888393
2891179
2893224
2893503
2896008
2897363
2897418
2898229
2901793
2903224
2903370
2904298
2908777
2920328
2921027
2922043
2923825
2927947
2928769
2929593
2938070
2939063
2939426
2941026
2944364
2946886
2948523
2951180
2951321
2953699
2953703
2954486
2955269
2959881
2961425
2963305
2966185
2966363
2978981
2981808
2982473
2983815
2985763
2986645
2989973
2992196
2998395
2998612
3010460
3017575
3017624
3017841
3019747
3021227
3027419
3027704
3034480
3043137
3044604
3048574
3058358
3060312
3066535
3067345
3071924
3072421
3074079
3074495
3075636
3078521
3081689
3084897
3085024
3085543
3088764
3089775
3094296
3094707
3097001
3099204
3101900
3102410
3102966
3102969
3104793
3104950
3108978
3110549
3115705
3121910
3122230
3124314
3124892
3127491
3127657
3132651
3134067
3135417
3139361
3142384
3142847
3149819
3154433
3157066
3164647
3166663
3181353
3183341
3190060
3192292
3194653
3197868
3203184
3208797
3210614
3212754
3213209
3218147
3220270
3222423
3223363
3224621
3232184
3241681
3242028
3243623
3248369
3254012
3254773
3260738
3262139
3264775
3268263
3273122
3275693
3275872
3280591
3287768
3291720
3296707
3297815
3300347
3300746
3304739
3304834
3307221
3310180
3310450
3317106
3319418
3322762
3322838
3323020
3324388
3327791
3329818
3331521
3331759
3332202
3332215
3332464
3333887
3334995
3345629
3345736
3347336
3348879
3352165
3355166
3360533
3366900
3367128
3369326
3369993
3371051
3371240
3371812
3373773
3375512
3376005
3377064
3377169
3377593
3384586
3384817
3388953
3393343
3393811
3404605
3407309
3407744
3409704
3411444
3411565
3412378
3413282
3414140
3418517
3419758
3420943
3421746
3422312
3423088
3426902
3426921
3431415
3431644
3435601
3435966
3437162
3440487
3450214
3452622
3456912
3458467
3458645
3459446
3465745
3471022
3471351
3474575
3474819
3486051
3490348
3491842
3492512
3494446
3494903
3502560
3502730
3503310
3504368
3506493
3511537
3512902
3519077
3520721
3522273
3523651
3524653
3527237
3534872
3535880
3536367
3538665
3540790
3540857
3549977
3551738
3555005
3555319
3556730
3560797
3562617
3563227
3567134
3567249
3568180
3571708
3578342
3580720
3584524
3589464
3592067
3594139
3597345
3601286
3601863
3603303
3607051
3610583
3610906
3612209
3613685
3617922
3620542
3627834
3632543
3635941
3641688
3642857
3643579
3647666
3651995
3653184
3653475
3655352
3660774
3663689
3669841
3672809
3675729
3682627
3689344
3690181
3690326
3692785
3694967
3695931
3699227
3706417
3713893
3716359
3720706
3721824
3728458
3728865
3731175
3735473
3740296
3742476
3745795
3749279
3753763
3767534
3772003
3773019
3776432
3778410
3785266
3785763
3786782
3787037
3800118
3801280
3803318
3804711
3805022
3813718
3817227
3820403
3825165
3827487
3828950
3830414
3838162
3846798
3851622
3852796
3861112
3861857
3864210
3866765
3867107
3872831
3874529
3879994
3882656
3885714
3886064
3892291
3894096
3899248
3902902
3913695
3917287
3927257
3928394
3929830
3935521
3939980
3941491
3944859
3948186
3948338
3950402
3951616
3951639
3957825
3958490
3961053
3966810
3967667
3972906
3973536
3975368
3977969
3978673
3987242
3990526
3993351
3993830
3998838
4002605
4006890
4008551
4008852
4009755
4010847
4017339
4025639
4026894
4029118
4029850
4032185
4042807
4043757
4048655
4049874
4055338
4057073
4059958
4065503
4071956
4098483
4108326
4108391
4114169
4119429
4121479
4132678
4133578
4134280
4137109
4138569
4141406
4149195
4152108
4152146
4154798
4158079
4162180
4162908
4168298
4169238
4173680
4174458
4175987
4176992
4178926
4181249
4185688
4186299
4188461
4188990
4189643
4190861
4195683
4200361
4208579
4214370
4215651
4220839
4225026
4226893
4227774
4229895
4233177
4233715
4233937
4236980
4238860
4244177
4255580
4256384
4258203
4261279
4262247
4263508
4263586
4264181
4265294
4271123
4277918
4282919
4283499
4284399
4287400
4290174
4291812
4303085
4308467
4308873
4313148
4319228
4320156
4320172
4323047
4325502
4325907
4329300
4329562
4332524
4341951
4342785
4343994
4343997
4347471
4352633
4353121
4354805
4358899
4358959
4360347
4360354
4361331
4363704
4372112
4374866
4376682
4380186
4382178
4390914
4394709
4401216
4401772
4402129
4405629
4406110
4408126
4410000
4420902
4431736
4435142
4439685
4445837
4449522
4453270
4453814
4454434
4455008
4458135
4460378
4461841
4465209
4466591
4470007
4470238
4471936
4472489
4474301
4475271
4484579
4486872
4488393
4489750
4500591
4502635
4505004
4508905
4509947
4510095
4511258
4513071
4513840
4516070
4516785
4517053
4517642
4525404
4526051
4527054
4528047
4530443
4531540
4532528
4534613
4535971
4538186
4540021
4540772
4545437
4546298
4546679
4547673
4549528
4550681
4550698
4550897
4551849
4552367
4558632
4559279
4565530
4566634
4573029
4577770
4585893
4586588
4591402
4591751
4600014
4606323
4607361
4608275
4609322
4618749
4625947
4629350
4630297
4639164
4639998
4647608
4650276
4661043
4664354
4678979
4679614
4680286
4684984
4687810
4690370
4698916
4708926
4716265
4725710
4726525
4729759
4738564
4738673
4741706
4743707
4747140
4759360
4762488
4764091
4764396
4766952
4767671
4777514
4785560
4787097
4792002
4796271
4796645
4798879
4799098
4800369
4802692
4804205
4808687
4809177
4810859
4812586
4817298
4817901
4819352
4819759
4821284
4827366
4828500
4830439
4832812
4833726
4833957
4839008
4839259
4842389
4844877
4847523
4849355
4852372
4855469
4855753
4855801
4860326
4874067
4877887
4881399
4895105
4896325
4899073
4900737
4902403
4904076
4904269
4905997
4907859
4909167
4911865
4914912
4920904
4922697
4933504
4935483
4935760
4936613
4945891
4949954
4962477
4963140
4966112
4966625
4967610
4968160
4968669
4969236
4971212
4971719
4977024
4980635
4982945
4983448
4985068
4985085
4988608
4991041
5000525
5001146
5001946
5003572
5004868
5006567
5013009
5015243
5018047
5019257
5023632
5024708
5031491
5031695
5033314
5046968
5048693
5052357
5052665
5059985
5066375
5072338
5075495
5075678
5075826
5078669
5080653
5080961
5081182
5082651
5088603
5089188
5089447
5090560
5090640
5092060
5093650
5101773
5102134
5105359
5106188
5113680
5118523
5119053
5120474
5121172
5129745
5131120
5133773
5136008
5143043
5149497
5152424
5158680
5171420
5174576
5179430
5182138
5188169
5190470
5193929
5200260
5204687
5207202
5210358
5211331
5213827
5216814
5218089
5218503
5231147
5235774
5236277
5237053
5243738
5246275
5246844
5249242
5250007
5250221
5250517
5250779
5252433
5253886
5256863
5258397
5258858
5263248
5265121
5265873
5267293
5267947
5269972
5272408
5277132
5282478
5283626
5283843
5286807
5287131
5287788
5295700
5297641
5298198
5303909
5305557
5308590
5310338
5313163
5314655
5322786
5322884
5324414
5326627
5327672
5332726
5332980
5341699
5346192
5359652
5361190
5361530
5363104
5363498
5369941
5370575
5370632
5374940
5375878
5382411
5382432
5382576
5385469
5387939
5390344
5391292
5394260
5398734
5401845
5405426
5410127
5410272
5412222
5412487
5413853
5414985
5417202
5417246
5427096
5429327
5431956
5438742
5450472
5453738
5454912
5457171
5466151
5468108
5469760
5474444
5480391
5486740
5489223
5489450
5489720
5495759
5498930
5499634
5499661
5502119
5502617
5502724
5503830
5508461
5508782
5512122
5512485
5518395
5529622
5533396
5533617
5533691
5550323
5551205
5551725
5552800
5560269
5563429
5563815
5566151
5568305
5574700
5575591
5578766
5581804
5583081
5586153
5590097
5590552
5596624
5597406
5600497
5601952
5605603
5605700
5610895
5612049
5612331
5613040
5618052
5629540
5634857
5637818
5638253
5638418
5640789
5640982
5647719
5651415
5656186
5658563
5658868
5659093
5659286
5660879
5670204
5672782
5675329
5676691
5680385
5680411
5681878
5681902
5690851
5691958
5694490
5695012
5701240
5702718
5702931
5703794
5714140
5715438
5728849
5731152
5732390
5735429
5735599
5740897
5741991
5755884
5759824
5760287
5768721
5781140
5791934
5792577
5801677
5812434
5814086
5817155
5820754
5821682
5822453
5825164
5830302
5830544
5847691
5848850
5848869
5852291
5859238
5862088
5868276
5869978
5872401
5873282
5881636
5887752
5887986
5892512
5895766
5909400
5909645
5909981
5916778
5916795
5917317
5919713
5921747
5922470
5925737
5926067
5928200
5930722
5930982
5933014
5939340
5941167
5950598
5950704
5952236
5954839
5955743
5957876
5960964
5961306
5961909
5965568
5968937
5969970
5974695
5977040
5981168
5993829
5996970
5999250
6000822
6003604
6003965
6011056
6012063
6014663
6020385
6022483
6030552
6030720
6032202
6032619
6040347
6043290
6049088
6051329
6060590
6068429
6074858
6076035
6080075
6082404
6085311
6086345
6094046
6102937
6103438
6104102
6104264
6108559
6114087
6116265
6116348
6118865
6120886
6123886
6124712
6132287
6132845
6140074
6142936
6144165
6145801
6146924
6149937
6150679
6150963
6151530
6152547
6152548
6162029
6164360
6166981
6167660
6168825
6169034
6169415
6169958
6180474
6184219
6184287
6188570
6195969
6198030
6206762
6210516
6210758
6215838
6216786
6217485
6218561
6219107
6219329
6220890
6224067
6225695
6226745
6227175
6228033
6228541
6228927
6229548
6229761
6233205
6234928
6236126
6237191
6239912
6247450
6248518
6250366
6251650
6257269
6258097
6259758
6260247
6262087
6267137
6271245
6274545
6275948
6278415
6282420
6284027
6284778
6284881
6289335
6292585
6293406
6300410
6303542
6304096
6306525
6314619
6315855
6322717
6325181
6336266
6341626
6352527
6356053
6365080
6370238
6374403
6378897
6383196
6383514
6386446
6390402
6390543
6390936
6391220
6394223
6394384
6397341
6399177
6400763
6407894
6419808
6427053
6431383
6432808
6435603
6436323
6438562
6443498
6447662
6450520
6459275
6459585
6465652
6466679
6467163
6475837
6481273
6482516
6486010
6498599
6500551
6502436
6504568
6506892
6507594
6512248
6514486
6523773
6524248
6524412
6524829
6525521
6528142
6528912
6529919
6532424
6534519
6535395
6535561
6537556
6551721
6552103
6556096
6556208
6558558
6561023
6561439
6570094
6571616
6575699
6576500
6578162
6579772
6580147
6581230
6581649
6586482
6592667
6596505
6598943
6599155
6604291
6607208
6608069
6620604
6621607
6625075
6626524
6633777
6643211
6643332
6644741
6646331
6651774
6655634
6656518
6656774
6659083
6665744
6673370
6674511
6679500
6703071
6712973
6713839
6719154
6719818
6721499
6722557
6725225
6725445
6732430
6732582
6734494
6737045
6738625
6741291
6749285
6750188
6751156
6751283
6762266
6765029
6770799
6779471
6780212
6783508
6784116
6784642
6785549
6789063
6792057
6793102
6793154
6797791
6800389
6800886
6806900
6809954
6812327
6816418
6824053
6824549
6827859
6827969
6829666
6832433
6836050
6838073
6849461
6851386
6855822
6856394
6862097
6877965
6883455
6883622
6884042
6888961
6891387
6898433
6907113
6908512
6913077
6915950
6918845
6927782
6928380
6929421
6930666
6932331
6934132
6934490
6936459
6938535
6940759
6941249
6941279
6947301
6948701
6950039
6950192
6950231
6955171
6959763
6959954
6965358
6966799
6970287
6973184
6981828
6990539
6991111
6998097
6998158
6999790
7000194
7001677
7005414
7006344
7007308
7007894
7011493
7012257
7013916
7019105
7020335
7020456
7021087
7024047
7025013
7033825
7035363
7037324
7037672
7038337
7040954
7043545
7043670
7049198
7050822
7051459
7051995
7053126
7054586
7057420
7058151
7059735
7067477
7069223
7077342
7081651
7084406
7085723
7085798
7086291
7087396
7090615
7092093
7092330
7094048
7094112
7098966
7101828
7104764
7108318
7113410
7114448
7119175
7124752
7125588
7138980
7142273
7149134
7150591
7153650
7153682
7154695
7156258
7157279
7161970
7164193
7164504
7166208
7168462
7170526
7173150
7178055
7180180
7181827
7190641
7190906
7196268
7196794
7198499
7201561
7214495
7216728
7219045
7223795
7227308
7233944
7234114
7237292
7238913
7241698
7242132
7245789
7251485
7255441
7255799
7256627
7262895
7267899
7276747
7277063
7277676
7277934
7279106
7279137
7284366
7284590
7286062
7288185
7290490
7291194
7291216
7292228
7298741
7298950
7304772
7305818
7310069
7310816
7311131
7315856
7315916
7323576
7326468
7326926
7332301
7333649
7336101
7337667
7339054
7339318
7339936
7340324
7352298
7354085
7357406
7359607
7362280
7362370
7362680
7363398
7370414
7372485
7374573
7374735
7381099
7384272
7385051
7390929
7393247
7394757
7396005
7400395
7401849
7405051
7405402
7405909
7410285
7410614
7411130
7413072
7417002
7417053
7419681
7420801
7423835
7427784
7427998
7432261
7438369
7440351
7443247
7444363
7447920
7453285
7456658
7458997
7462270
7464660
7466953
7467230
7467858
7469675
7474402
7476436
7481696
7484133
7486601
7495271
7498570
7503074
7503087
7503212
7504950
7505227
7505928
7509356
7512251
7515030
7523302
7524882
7529057
7534805
7535714
7537203
7538946
7543738
7545063
7548479
7549716
7551134
7552431
7554918
7556251
7559769
7561780
7562047
7562993
7566571
7568067
7569244
7569795
7570994
7584632
7584790
7586089
7586285
7590020
7593125
7593883
7598377
7605489
7607899
7609725
7611287
7614358
7614816
7622947
7625059
7630247
7639085
7639678
7639985
7640046
7640140
7642691
7643405
7647766
7650039
7654148
7659213
7663973
7668226
7671397
7674774
7676271
7679706
7683133
7687273
7689949
7692778
7699789
7703618
7705957
7707835
7710141
7710460
7711065
7713940
7714282
7715325
7717225
7718046
7721122
7722599
7726360
7729120
7741256
7742715
7748443
7749357
7750986
7751285
7753601
7757712
7759630
7761265
7763684
7764118
7767023
7774090
7774113
7782324
7783064
7786506
7791377
7791948
7792250
7794384
7805053
7806854
7815279
7815427
7821787
7830229
7846633
7855674
7863286
7864506
7869250
7869545
7872184
7874534
7875152
7877283
7879409
7879905
7882204
7889081
7891863
7896043
7903414
7907970
7909640
7910591
7912234
7912732
7913303
7914285
7916116
7918455
7919234
7922937
7941702
7944477
7945757
7945978
7947268
7950446
7955304
7955570
7958366
7967397
7978118
7978864
7980451
7994834
7994993
7999943
8000465
8003444
8005278
8009311
8009815
8015521
8018109
8023584
8024184
8024318
8024904
8024962
8025375
8030108
8033676
8033993
8043661
8048913
8054246
8054378
8062005
8064504
8067950
8069224
8069477
8069770
8076088
8077038
8080383
8081923
8084751
8087902
8089993
8090733
8096143
8100150
8102239
8102726
8103054
8104019
8109546
8110776
8113787
8117330
8123238
8123565
8127287
8129563
8130048
8130721
8132411
8132524
8134968
8140036
8140526
8143520
8148017
8150845
8159763
8171237
8181275
8185009
8185240
8186310
8192187
8192802
8193095
8206595
8207907
8209759
8212547
8213941
8216048
8223200
8223538
8225632
8228476
8229518
8233941
8235360
8236524
8237375
8239032
8241009
8253288
8255851
8256130
8257266
8258086
8261555
8263184
8267714
8274595
8278159
8278548
8281578
8282195
8282833
8286722
8289647
8299736
8302544
8303269
8304824
8305300
8307215
8309781
8313627
8314282
8319276
8320997
8321939
8322039
8323370
8328102
8336227
8338924
8339399
8341821
8345526
8346346
8360312
8363851
8364901
8365706
8366316
8381804
8382300
8388703
8398650
8411661
8411917
8413342
8424869
8431708
8433438
8440718
8442433
8443093
8445040
8447671
8448997
8453966
8458942
8462065
8463377
8466456
8468124
8471923
8472465
8472648
8473039
8478825
8479493
8480363
8482551
8485580
8485886
8486674
8490443
8493078
8499699
8502062
8502411
8509902
8514041
8514544
8516046
8520694
8522316
8523111
8523338
8524321
8533632
8536077
8539356
8541227
8547437
8550571
8552784
8554321
8560008
8565386
8566708
8569929
8570079
8570492
8572529
8573285
8573533
8575164
8577019
8581458
8581938
8589380
8590802
8592367
8594363
8597066
8599176
8602256
8604789
8607041
8612898
8615521
8617730
8622234
8622890
8625499
8630909
8636398
8639513
8643394
8647563
8651016
8655951
8658906
8660490
8680226
8680541
8686179
8686211
8686213
8687062
8692032
8693105
8693392
8693749
8702909
8703073
8707314
8707682
8710970
8714123
8723260
8728313
8731600
8732515
8732676
8732764
8733820
8736333
8738480
8738976
8740624
8743562
8747107
8748188
8749293
8750108
8758070
8758411
8759943
8768191
8769336
8770166
8772454
8773232
8776488
8779588
8779652
8785029
8790533
8791031
8793403
8796757
8797899
8807299
8811297
8812140
8816727
8816820
8817781
8821361
8828515
8831820
8833817
8838341
8840851
8840920
8841977
8844611
8845735
8853017
8855050
8856149
8856584
8857164
8857782
8858030
8859460
8870987
8871614
8874913
8880791
8880819
8882647
8885199
8888546
8890697
8891306
8893650
8893856
8901770
8908853
8914565
8918752
8921383
8921628
8923646
8926356
8927872
8931071
8935142
8939873
8944527
8948127
8952200
8955249
8963953
8969035
8969495
8973746
8974236
8983675
8985094
8988530
8990920
8991559
8993391
8993490
8994376
8999905
9000634
9006020
9012254
9021236
9025154
9030702
9033657
9034949
9041594
9043068
9045091
9045877
9053825
9058666
9062728
9063352
9064736
9066808
9070749
9070959
9071920
9072030
9073373
9074267
9075017
9075413
9076467
9077891
9081769
9086737
9090198
9093770
9110154
9110727
9111322
9113217
9113406
9114282
9115789
9117838
9119104
9122241
9136080
9139153
9140268
9145503
9148979
9156266
9160380
9165480
9166032
9166573
9174270
9179671
9181255
9190366
9195344
9195884
9199764
9200088
9200221
9200272
9206693
9208230
9212491
9222545
9228801
9236972
9239653
9240391
9242074
9242287
9247160
9247652
9247771
9253288
9253322
9255043
9260692
9263986
9266331
9266370
9267152
9272430
9273459
9275291
9277463
9281345
9287843
9295388
9296413
9300906
9308894
9308975
9316536
9318689
9322974
9328787
9331322
9333111
9334327
9336394
9336948
9341320
9344426
9354623
9358083
9358887
9360319
9360478
9376224
9378463
9378589
9384933
9388129
9394355
9394601
9398968
9401117
9402050
9404383
9408510
9408675
9410731
9415049
9416026
9417225
9426355
9427688
9427904
9431979
9432878
9434068
9434425
9438825
9438974
9439493
9440842
9445831
9448098
9457617
9460689
9462801
9465333
9473626
9474344
9474373
9474858
9474977
9478471
9488044
9491334
9491584
9498242
9499925
9500588
9501725
9504677
9507445
9509803
9511931
9514127
9516211
9521457
9524657
9525121
9527856
9528525
9529737
9534467
9538828
9539812
9539927
9549027
9550022
9555547
9557513
9559384
9563422
9565885
9566614
9567609
9568396
9572915
9572999
9576681
9577965
9579583
9581842
9582639
9587710
9592961
9598740
9606353
9609433
9610540
9613300
9613502
9615954
9619464
9621965
9624477
9625147
9628097
9631045
9631225
9633367
9633558
9636607
9637030
9637660
9637735
9641565
9643057
9644856
9644889
9652591
9661620
9662046
9671669
9671780
9672820
9675272
9676960
9678110
9683307
9687527
9692077
9698216
9701947
9702959
9706123
9709610
9716001
9716634
9720125
9724871
9732438
9734318
9734839
9735323
9736445
9737724
9739933
9745285
9748214
9748452
9750467
9755139
9755821
9756001
9762688
9763075
9763110
9765829
9770622
9772524
9775056
9777774
9777812
9787392
9789981
9795469
9796504
9797923
9804711
9806333
9806958
9816552
9817774
9818300
9819395
9819823
9821113
9837644
9838543
9839572
9841733
9842431
9843708
9850127
9851574
9853291
9856419
9859026
9863282
9864278
9867599
9880043
9882907
9884210
9890117
9893976
9894661
9896624
9898528
9901374
9904223
9908892
9910857
9911416
9916660
9917363
9922535
9925597
9926260
9935334
9938363
9939134
9939820
9940474
9940498
9945160
9945981
9949477
9950762
9952068
9953591
9963296
9965240
9972310
9974924
9976139
9981394
9981989
9983668
9984422
9988611
9995084
9997514
9998029
9998092
9999399
10007871
10017176
10020489
10023941
10024290
10024376
10025348
10028272
10032705
10033303
10037782
10039021
10043598
10046217
10047951
10049206
10050696
10055239
10059498
10059898
10080673
10082946
10083134
10084925
10090157
10091582
10094736
10097219
10105606
10107713
10107940
10108738
10108999
10116577
10117111
10117812
10118780
10119806
10122827
10123324
10124317
10125340
10128734
10129105
10133598
10134888
10135003
10139462
10141804
10144231
10144476
10147648
10148981
10150701
10154298
10168674
10168971
10171248
10171864
10173584
10179063
10181426
10182159
10184054
10184466
10184507
10185431
10187923
10190387
10191297
10195069
10197910
10199788
10200730
10200847
10201020
10201592
10202859
10207915
10208657
10208717
10214497
10214512
10221216
10226815
10228025
10229273
10231924
10235510
10236393
10245917
10247815
10251035
10251312
10251561
10253957
10254458
10257981
10260735
10264458
10267969
10268197
10270488
10271334
10276209
10276253
10276829
10280740
10282319
10285918
10293643
10293969
10300059
10302781
10302914
10304860
10305470
10306456
10307289
10308297
10309405
10312494
10313366
10313615
10317872
10319618
10324753
10332962
10333150
10340754
10341014
10344024
10357185
10359220
10359330
10362780
10365144
10367340
10367498
10369048
10374482
10377621
10386025
10389500
10390899
10391250
10393453
10395566
10398718
10403090
10403094
10410539
10413600
10417135
10417512
10419477
10425772
10426719
10427020
10429211
10434948
10439254
10441377
10442499
10444606
10444676
10446116
10447778
10450666
10452979
10453509
10457057
10458912
10459627
10459729
10468739
10469634
10470862
10474047
10474315
10477036
10477274
10479549
10479759
10481970
10493151
10498265
10499001
10499713
10505293
10507065
10513066
10518277
10520338
10522898
10523247
10525627
10526383
10528160
10529761
10530879
10534388
10536216
10541008
10541122
10543465
10551360
10560652
10565137
10568601
10570133
10571065
10573088
10573379
10577029
10578118
10578683
10582808
10587740
10589176
10589304
10592573
10596387
10598480
10600644
10600932
10604681
10608432
10608710
10610268
10614550
10616217
10616313
10617573
10618570
10624582
10628493
10635440
10636088
10637042
10641218
10642773
10643047
10648343
10651725
10651813
10654967
10658615
10662009
10664151
10664977
10667271
10673921
10674492
10677527
10679553
10680419
10686107
10686142
10686777
10698956
10703721
10715255
10717422
10720243
10721963
10728987
10733232
10735974
10736466
10736524
10737979
10738362
10740575
10743242
10743828
10745866
10746684
10747435
10749133
10751540
10756210
10757548
10759208
10763742
10764076
10771777
10773037
10774938
10777640
10781086
10789912
10795043
10796699
10797268
10798300
10803807
10809960
10810000
10811461
10813080
10815715
10816605
10818707
10824413
10832971
10835208
10849948
10855015
10859105
10862637
10865404
10871373
10874383
10875057
10877634
10877884
10878077
10878623
10881034
10883066
10891439
10892899
10900324
10900486
10902249
10903004
10903085
10903745
10905908
10907643
10909684
10912865
10913125
10914641
10918661
10919862
10920145
10923037
10925021
10927091
10927851
10938609
10943040
10950870
10954354
10954555
10957595
10963943
10964608
10965920
10967369
10967806
10975091
10982303
10985047
10988516
10988548
10990077
10990519
10997192
10999107
10999828
11001144
11003101
11004996
11005713
11011124
11011496
11014602
11018145
11023872
11025063
11026120
11028499
11028999
11029015
11030399
11034516
11041534
11044087
11045471
11046426
11048260
11048787
11051169
11054466
11061584
11070559
11075467
11076154
11076831
11087227
11089655
11089977
11090216
11096036
11097585
11097660
11103034
11108833
11109403
11109480
11110014
11110027
11114210
11130133
11136055
11138810
11140758
11144476
11144720
11147750
11148998
11156386
11157501
11157687
11163826
11164228
11170872
11173205
11173817
11176780
11176800
11178381
11181362
11182100
11186433
11187978
11191341
11191506
11192294
11194107
11199988
11205974
11207158
11209151
11209438
11213824
11214102
11218931
11223857
11230287
11231035
11237745
11239657
11239904
11241026
11241295
11241924
11242213
11243205
11243743
11244732
11245193
11246474
11247215
11251053
11257938
11260960
11263310
11271748
11273238
11290002
11291640
11296458
11299004
11299686
11300567
11303345
11305784
11305900
11306285
11308764
11314570
11321405
11321731
11322896
11324153
11327108
11327897
11332298
11333161
11333836
11333913
11334275
11334719
11341416
11346670
11348002
11349142
11349797
11354211
11355942
11356873
11358570
11359614
11359676
11359705
11361076
11361698
11361934
11364597
11366593
11371376
11376470
11377079
11379346
11382521
11387317
11394372
11394730
11404258
11404300
11406213
11406759
11407337
11409766
11415336
11429856
11430045
11432829
11434392
11435459
11435823
11436030
11442348
11444809
11447073
11449614
11453480
11459658
11465720
11465983
11469255
11471091
11471285
11472535
11473713
11473853
11477056
11477654
11478286
11484018
11484073
11488526
11489409
11493200
11493420
11495233
11497478
11501100
11502419
11503960
11506191
11506403
11513184
11513394
11513790
11514130
11515133
11515140
11520587
11524095
11534484
11541110
11560721
11562829
11563430
11566792
11570657
11570744
11570955
11584925
11588176
11596387
11596875
11598101
11601236
11604288
11606298
11607642
11607797
11611113
11611782
11612440
11613810
11625905
11626062
11631101
11637359
11644003
11650386
11651614
11656176
11657289
11659981
11665344
11669833
11674984
11678809
11681578
11686181
11703809
11706680
11707112
11712352
11721885
11723529
11728556
11734762
11745406
11753629
11755696
11760140
11760972
11761844
11766556
11771592
11775830
11777206
11778557
11779882
11787259
11787827
11801679
11801775
11808412
11809580
11815582
11825259
11826837
11830317
11835800
11835893
11836446
11840568
11841632
11844892
11846437
11848871
11850172
11850425
11855547
11856238
11858600
11858860
11863211
11866213
11869229
11869708
11871569
11871902
11872012
11874182
11880134
11883428
11884859
11886811
11887560
11888516
11889312
11895550
11900997
11902601
11906382
11908865
11911590
11915923
11921335
11923141
11926525
11926666
11933993
11935442
11937879
11939313
11940647
11946687
11947316
11950232
11951258
11951432
11959370
11960844
11960927
11961316
11963640
11966778
11967038
11967788
11972082
11975750
11982960
11983461
11989816
11990548
11993847
11995123
11995634
11995992
11996999
12002963
12006564
12017726
12017932
12020935
12023484
12024449
12033612
12035598
12035867
12037693
12045330
12047229
12049847
12054080
12055343
12055638
12056394
12059020
12065811
12066049
12070620
12074238
12080194
12082827
12085060
12085544
12086246
12089929
12096746
12098620
12100344
12109115
12112628
12121651
12121708
12121979
12123087
12123118
12130270
12131554
12132118
12132493
12138474
12143974
12146730
12150460
12158079
12158394
12158630
12161561
12163848
12165611
12167604
12169531
12171399
12178101
12183945
12187015
12188256
12189530
12192346
12199417
12200187
12203625
12204693
12204989
12214718
12215058
12217694
12224130
12225754
12228865
12230557
12233214
12235446
12238307
12240294
12240567
12240928
12241352
12242462
12244956
12255471
12258632
12261446
12264026
12268130
12269585
12270145
12270283
12278577
12279987
12282148
12291140
12295415
12299873
12302622
12304698
12305343
12305504
12315053
12320476
12321069
12330314
12334670
12344397
12345787
12346819
12361895
12363608
12364583
12368020
12376306
12376452
12376997
12378452
12379440
12386666
12390722
12394367
12403972
12406220
12406871
12408199
12409220
12421014
12425071
12426143
12428759
12432233
12435860
12439946
12443319
12443904
12448398
12449637
12455305
12455342
12461731
12466225
12470778
12473329
12475848
12477935
12478020
12478099
12480221
12481713
12481859
12483271
12484821
12484912
12489286
12499392
12500368
12505021
12506406
12510353
12510403
12511135
12512665
12513132
12518172
12526523
12531150
12531439
12532148
12534226
12536327
12537736
12542157
12542759
12547038
12548570
12557403
12557973
12561402
12565664
12568249
12570626
12572868
12576873
12579266
12579406
12579755
12580173
12580362
12580670
12581036
12581916
12582761
12588005
12591333
12591547
12592126
12593210
12594240
12595458
12598137
12598460
12599198
12600525
12606728
12607789
12609970
12611339
12614340
12614837
12616283
12616919
12631637
12634973
12636293
12658468
12658495
12658656
12660845
12662997
12664696
12671117
12682398
12682802
12685196
12685526
12686924
12692513
12697554
12699160
12700790
12701921
12702047
12704852
12710697
12714689
12715875
12716437
12717998
12728536
12732968
12733108
12744547
12753793
12758330
12769305
12771504
12771559
12786073
12787188
12788222
12789609
12790893
12791614
12793270
12802510
12803312
12804429
12812806
12813609
12814923
12819706
12827677
12831147
12832243
12835377
12836584
12837698
12839268
12840911
12844059
12848305
12860302
12863717
12863916
12868964
12869845
12870643
12876459
12876511
12881961
12888603
12889647
12890711
12893516
12899924
12902258
12902546
12903673
12907994
12913830
12914567
12917165
12919533
12922531
12923683
12925596
12931450
12938612
12945387
12948288
12953321
12964102
12965303
12967447
12969932
12980632
12981809
12983307
12983396
12985442
12997055
13001108
13002240
13002806
13004312
13009703
13018177
13019590
13025085
13026263
13026949
13031933
13055539
13055682
13058118
13064924
13066565
13067360
13069851
13070269
13073311
13074545
13079190
13086539
13087240
13093933
13099824
13100373
13101296
13105946
13107148
13108086
13108967
13117497
13121626
13122086
13122129
13124906
13139124
13139216
13140540
13147422
13151986
13153111
13153476
13153733
13155589
13155945
13160247
13161817
13164481
13166118
13166693
13167950
13175135
13180412
13182701
13183861
13185923
13192856
13193056
13196906
13198321
13199517
13206197
13209481
13209844
13212046
13212390
13214404
13223458
13233759
13236870
13238095
13238972
13241282
13248635
13249432
13260296
13261049
13261495
13264422
13269605
13270810
13271673
13278327
13280272
13282023
13282653
13283388
13283686
13288470
13290713
13296153
13296181
13296562
13300641
13305344
13307280
13315952
13330473
13334711
13338425
13342492
13346213
13347523
13347673
13352283
13357173
13357591
13359598
13359892
13363267
13365940
13366973
13367168
13367923
13368019
13368852
13373051
13374000
13376137
13379287
13381988
13394739
13401301
13408509
13409069
13409082
13411046
13413599
13416514
13433607
13436950
13440377
13450077
13464927
13470577
13474199
13476061
13478111
13478234
13479604
13485017
13485092
13487335
13496313
13496716
13498345
13500024
13502808
13507375
13514363
13527549
13528503
13528911
13531955
13532795
13536891
13539007
13540416
13544781
13544784
13546201
13547058
13548018
13549997
13550991
13553886
13558698
13562430
13566159
13569352
13585850
13587097
13588121
13589270
13589394
13589830
13596998
13597634
13603075
13607182
13610647
13618398
13619026
13619099
13619670
13625040
13627266
13628444
13628674
13629021
13629975
13630950
13631281
13632718
13635841
13637757
13638532
13640240
13641281
13642469
13644696
13646413
13648358
13649642
13654207
13656130
13662084
13673570
13673803
13676884
13677250
13678275
13688199
13712295
13712668
13713111
13713453
13735580
13735916
13736997
13740490
13740805
13744370
13748932
13754624
13756790
13759202
13760055
13764291
13765463
13768693
13771224
13780603
13781007
13785851
13790684
13790985
13797625
13799273
13801483
13801627
13801657
13816031
13817891
13821351
13826800
13827030
13829992
13836473
13839910
13840685
13842251
13844570
13846170
13851265
13854184
13861193
13869476
13870599
13872109
13876102
13878920
13882085
13892325
13897192
13908851
13909780
13914601
13915965
13917802
13917869
13921941
13922602
13924755
13928701
13929892
13933125
13935663
13936504
13937710
13940142
13941192
13948369
13948627
13960656
13961166
13962406
13971044
13971376
13977095
13977681
13977775
13979140
13982123
13983686
13984005
13991402
13997957
14002929
14006718
14011757
14019730
14019998
14023165
14033091
14043115
14046821
14047917
14050698
14054491
14056186
14063510
14066520
14076087
14076740
14078317
14079484
14085087
14086472
14090753
14094885
14099000
14102772
14110176
14110966
14113278
14113735
14117796
14123458
14124564
14128017
14131926
14132873
14134517
14137982
14138698
14139142
14143177
14143346
14145739
14146686
14146876
14147324
14148160
14149072
14150884
14152551
14153663
14153967
14156766
14159381
14161010
14165412
14168004
14170447
14171661
14185019
14188003
14196988
14198846
14199344
14200064
14200371
14200635
14201283
14205214
14207520
14212096
14218929
14221438
14223592
14223672
14227605
14228520
14229878
14233371
14236804
14241609
14243568
14248325
14249160
14249295
14251121
14256942
14258360
14267473
14269508
14272952
14286488
14286685
14286803
14290174
14293877
14294021
14296392
14297639
14299415
14301358
14302567
14306671
14314779
14321071
14322308
14322711
14324131
14328290
14340911
14341375
14344707
14345503
14345621
14350423
14352008
14360900
14370648
14373143
14377196
14377314
14378146
14380291
14381257
14381848
14381896
14383318
14385205
14391219
14392751
14397765
14399222
14399724
14409465
14412183
14418366
14425409
14427743
14429578
14431315
14432838
14434236
14439913
14442433
14443203
14450315
14454146
14454440
14454738
14455417
14459735
14463734
14464392
14465791
14466048
14470457
14480075
14482067
14485193
14495735
14498342
14499728
14499761
14501339
14501528
14503710
14504317
14508525
14511379
14513022
14516306
14519384
14525605
14533118
14534625
14537037
14545558
14549819
14556029
14557760
14559539
14560939
14561670
14565442
14565573
14567299
14567365
14571848
14579248
14583746
14587320
14591425
14592343
14599443
14600254
14603975
14605872
14609597
14614970
14615282
14615692
14616629
14619973
14620015
14621591
14622494
14622624
14630901
14632844
14636163
14639617
14640002
14643595
14644175
14647678
14653002
14653182
14655000
14659731
14664464
14675988
14677415
14682277
14682976
14684098
14687929
14694292
14696142
14701945
14703333
14704588
14708789
14712200
14714579
14721457
14725775
14726632
14727615
14732640
14733145
14735858
14736792
14743009
14743290
14757644
14759461
14759606
14761366
14769796
14771027
14771238
14780598
14791683
14798462
14800755
14801033
14801773
14804574
14805971
14807532
14808119
14811413
14814209
14816879
14821386
14825000
14825623
14825672
14826042
14837089
14843037
14845591
14846123
14847720
14847783
14851145
14851205
14852133
14855259
14862070
14865942
14869624
14870049
14872675
14875993
14888545
14891388
14900484
14901965
14907276
14909403
14911265
14912097
14921255
14921686
14921896
14925268
14925727
14930196
14930623
14940974
14947067
14950952
14957025
14957244
14958145
14959322
14961289
14961983
14962078
14969851
14973728
14974016
14974361
14974874
14975884
14979009
14983003
14989824
15003464
15005611
15008880
15011936
15012441
15015544
15032510
15034741
15045142
15045199
15045420
15046770
15050510
15051351
15059879
15066867
15070816
15071577
15081192
15081245
15081846
15086063
15093357
15096277
15097267
15099415
15103419
15103658
15111798
15112986
15113394
15116713
15117232
15119962
15120325
15121866
15124418
15125389
15126691
15129423
15130738
15131955
15133940
15133985
15139307
15145510
15149127
15153932
15157452
15162063
15162164
15164621
15173406
15174916
15175526
15175979
15176455
15182406
15185027
15185394
15185429
15186178
15192167
15192243
15194287
15194660
15194971
15195872
15209423
15221982
15222879
15223485
15228128
15230374
15233850
15235099
15236369
15237160
15238588
15239431
15239647
15255523
15256838
15257351
15259308
15259650
15261769
15263049
15266548
15269183
15269316
15270011
15270399
15275665
15277684
15285869
15286467
15296009
15298128
15301144
15303648
15307449
15309775
15314017
15327675
15334085
15335003
15336934
15338276
15338721
15340837
15341373
15344338
15344544
15347330
15350854
15353039
15354845
15359713
15360674
15361246
15364958
15368598
15369687
15374703
15379110
15388526
15391385
15396217
15400122
15404000
15405713
15408956
15409002
15409647
15412156
15416585
15418471
15421596
15424495
15429656
15439263
15442122
15442296
15444077
15444652
15444837
15447124
15453870
15455012
15461445
15462431
15464307
15476767
15478198
15482076
15488328
15492128
15492209
15494766
15494961
15499699
15504188
15506905
15508117
15508148
15513245
15520989
15524227
15525504
15525546
15532846
15534519
15538412
15544185
15544259
15544613
15546275
15548575
15555764
15564183
15565953
15566938
15568862
15572097
15579606
15591986
15594250
15597511
15597853
15599383
15601438
15604169
15604598
15605428
15609247
15611234
15612583
15617218
15620496
15621801
15626820
15628008
15636081
15638114
15638858
15649652
15657267
15661312
15680241
15685598
15685816
15688567
15694879
15696552
15703580
15703910
15707243
15713587
15716127
15717020
15719033
15719181
15722467
15728572
15728906
15741241
15743374
15744817
15746983
15747589
15757115
15757269
15757964
15760846
15763174
15771451
15776202
15778564
15779482
15787583
15791104
15791528
15791895
15794200
15794472
15795072
15799511
15808174
15814048
15815898
15816393
15817866
15818861
15825509
15825571
15826460
15829212
15837026
15841254
15843777
15849007
15849124
15851920
15857288
15866331
15870944
15875079
15878405
15878820
15888070
15889867
15891986
15895701
15897430
15898286
15898443
15898449
15911889
15914343
15917776
15929377
15932925
15939681
15940613
15940668
15946738
15947356
15965709
15968676
15976054
15978192
15979035
15987591
15989776
15991674
15991704
15992701
15995062
15999476
16002275
16003730
16005331
16006604
16010066
16016416
16019348
16024920
16025977
16028067
16029732
16033120
16034940
16040680
16040793
16043020
16047166
16052255
16061038
16061304
16063267
16064346
16064790
16069587
16070096
16071191
16072803
16074696
16080335
16082043
16083963
16090819
16096781
16105020
16106107
16106563
16115600
16119813
16122949
16123345
16124712
16131530
16135618
16138921
16141432
16159842
16165337
16166572
16166995
16170391
16172874
16174576
16174705
16175986
16177591
16179387
16195936
16199740
16200555
16200640
16202249
16205340
16213750
16214327
16214431
16214842
16215219
16216569
16221346
16229343
16229521
16230045
16239742
16239804
16241141
16249315
16250050
16250891
16252336
16257196
16262616
16262725
16269758
16271123
16271261
16277514
16278752
16284316
16287330
16289116
16296400
16302026
16310874
16311819
16315373
16316371
16317063
16317446
16320123
16320153
16323236
16324726
16325026
16328871
16329000
16331656
16336112
16340504
16342596
16345650
16345717
16347145
16349021
16350124
16350868
16356243
16357506
16359537
16360331
16360897
16372855
16374809
16377332
16379393
16383776
16384026
16385012
16387307
16387710
16389811
16390658
16390865
16393788
16394508
16395750
16397425
16402184
16403667
16408463
16411126
16412003
16419639
16421337
16430535
16432237
16439014
16442385
16447024
16447536
16455481
16456352
16458060
16459691
16469055
16469607
16471002
16477717
16478019
16479478
16484571
16489491
16492014
16494330
16494789
16501284
16501612
16502030
16502804
16503369
16504203
16506152
16506449
16506587
16506845
16508257
16512782
16514012
16514285
16519874
16520058
16521029
16521235
16522859
16528800
16534376
16535982
16536390
16537171
16537257
16547548
16549285
16552324
16553989
16555894
16556667
16557396
16560811
16563785
16566799
16569893
16574958
16576281
16577435
16586463
16587258
16591391
16599576
16600087
16601219
16602468
16602709
16612779
16613944
16616444
16622454
16623179
16623981
16626380
16630117
16642456
16646275
16647889
16650702
16659556
16660480
16664189
16664431
16672010
16673092
16678760
16683563
16684363
16684592
16686005
16686603
16687885
16697487
16716351
16719604
16723374
16725733
16727194
16727910
16731745
16735795
16737214
16747290
16747663
16748293
16754764
16756781
16758873
16761176
16773004
16777796
16782979
16790625
16790791
16793013
16793777
16796670
16799323
16806334
16814981
16815664
16817002
16818418
16819899
16825633
16829548
16835852
16838978
16839630
16839774
16842498
16847684
16847812
16849307
16856645
16862994
16870158
16872151
16873255
16874247
16878018
16878861
16884898
16885292
16887082
16894343
16896106
16902728
16903402
16912266
16912353
16916243
16921906
16929712
16931412
16934488
16937750
16939263
16939411
16947028
16951510
16951622
16952652
16961516
16975626
16976194
16976276
16988582
16988647
16990484
16994122
16997355
17000620
17001632
17007844
17008061
17013177
17013645
17013746
17014028
17014216
17017360
17025529
17026074
17027226
17031463
17031873
17032309
17039367
17050394
17052293
17057786
17058718
17059269
17062193
17064873
17069565
17072700
17073453
17083975
17084771
17086143
17086504
17091015
17099027
17104723
17109102
17110767
17111655
17111990
17116001
17116712
17125338
17127550
17131375
17136642
17138046
17138372
17139483
17140288
17141563
17143749
17143879
17144570
17146514
17147265
17147734
17149877
17154374
17154678
17155403
17155472
17156801
17162300
17163281
17168279
17177990
17186187
17186444
17188197
17190579
17192202
17208858
17212339
17216364
17217377
17220461
17225537
17227787
17228089
17231195
17234450
17235943
17237590
17239402
17241433
17244729
17245216
17246047
17246628
17246743
17248147
17249344
17259245
17259278
17261065
17263261
17265759
17273982
17277997
17302949
17306905
17307249
17315371
17315735
17316825
17317391
17317748
17317765
17322491
17323774
17323873
17325756
17327978
17335146
17336103
17340572
17349339
17353452
17354739
17354978
17355279
17357048
17357812
17362791
17370761
17374267
17383903
17395573
17396626
17400726
17400797
17402081
17402692
17406789
17407051
17407492
17412242
17417711
17418552
17419959
17421886
17424311
17430002
17430585
17432096
17432515
17436673
17441986
17446685
17448834
17452201
17452424
17452877
17455289
17460808
17462264
17467202
17468345
17468661
17471401
17473675
17477382
17477944
17478845
17483635
17485648
17486555
17489730
17490474
17492451
17494868
17499535
17503801
17514132
17518716
17524330
17524613
17526179
17527492
17527627
17529378
17530107
17530982
17532659
17533280
17537380
17545627
17547640
17550184
17553773
17557407
17560101
17565255
17566130
17567836
17572797
17575630
17577228
17578306
17581944
17584309
17586033
17588863
17597648
17598632
17601089
17603956
17611543
17611684
17612288
17622159
17622918
17625563
17628841
17629521
17635665
17640763
17642252
17643847
17644784
17651374
17655883
17656646
17659896
17660855
17663210
17668601
17670406
17675594
17676412
17676510
17679799
17680366
17684116
17685017
17685386
17686345
17687495
17691501
17701349
17715296
17717571
17723542
17728257
17728347
17736210
17737885
17744030
17744952
17745410
17745441
17748475
17749158
17751181
17767100
17767991
17774593
17788645
17789786
17790603
17792374
17792999
17800310
17814049
17815010
17822978
17825669
17831791
17833495
17834530
17835261
17836287
17839907
17845234
17849512
17851964
17852178
17855547
17866250
17867242
17872252
17873055
17874285
17875737
17875894
17877870
17878668
17881610
17882288
17884011
17884327
17886592
17887397
17889715
17897146
17897728
17897901
17900804
17902662
17906922
17908294
17910769
17913747
17920334
17926637
17927109
17929314
17929828
17931442
17941056
17952748
17954026
17956305
17959030
17962851
17962881
17965611
17969935
17982884
17990177
17992080
17992412
18004294
18005321
18008977
18010308
18011931
18014990
18017453
18019102
18028303
18030740
18030879
18030939
18032925
18036568
18039265
18043485
18047125
18047244
18051891
18059952
18063913
18064710
18068770
18072397
18075149
18077482
18078333
18083052
18090093
18094689
18096459
18099326
18104877
18105688
18109574
18110641
18111456
18120120
18122086
18122373
18122656
18126888
18129343
18129933
18136110
18140942
18141632
18146242
18168626
18171107
18172186
18172922
18174234
18176455
18178684
18180446
18184880
18186766
18192212
18196378
18197392
18197581
18198140
18200340
18200908
18202605
18204214
18204620
18205544
18205640
18205829
18207917
18211122
18212473
18212815
18214132
18214576
18215096
18220684
18220936
18225887
18226627
18236147
18236313
18241512
18247572
18249688
18257761
18263084
18265936
18272925
18273960
18276952
18277720
18279042
18279337
18279724
18280002
18281455
18282512
18283122
18290786
18291100
18295258
18304749
18310277
18318988
18328961
18333779
18342022
18342050
18342555
18344240
18344607
18350042
18356316
18358280
18359426
18360797
18360982
18363091
18366417
18375367
18377256
18377338
18379954
18382947
18383794
18384310
18385954
18386847
18393135
18396425
18400012
18404970
18409844
18410679
18412387
18412824
18414046
18414182
18415593
18415882
18417690
18419236
18427366
18429937
18430301
18442044
18442348
18447161
18450420
18450963
18451557
18452074
18453604
18457365
18457401
18461205
18462458
18462823
18464827
18465116
18470552
18472287
18473532
18474517
18477167
18477786
18479705
18480843
18482740
18488899
18493458
18494858
18496327
18497761
18504923
18517237
18518121
18519656
18521136
18521862
18524045
18531889
18535390
18536443
18539084
18544511
18548545
18551009
18551876
18555244
18559775
18567518
18569488
18571094
18574084
18576754
18587358
18588874
18589025
18593233
18595627
18595943
18599281
18602815
18602967
18603976
18607332
18608498
18608724
18620878
18622665
18623337
18623546
18624385
18627728
18629016
18631421
18633471
18642460
18646350
18651183
18651216
18654946
18657682
18661731
18662458
18664217
18669174
18669231
18670020
18670703
18674249
18677087
18677166
18683798
18683869
18685240
18687135
18689924
18691766
18692865
18697720
18700826
18703500
18711367
18712166
18713491
18716930
18719146
18721254
18723681
18725227
18737053
18746016
18746291
18747447
18749063
18749093
18756427
18757257
18760236
18762187
18768882
18770263
18772397
18772642
18780772
18783741
18784124
18785024
18789153
18789283
18791645
18791660
18793068
18796522
18797743
18800115
18800879
18801186
18804899
18807606
18816395
18816854
18818926
18820947
18821589
18824711
18825767
18826354
18827121
18827495
18829930
18833985
18834558
18838072
18838537
18839328
18843743
18847089
18849669
18849882
18853378
18853914
18856056
18856475
18863403
18867316
18869107
18872255
18873339
18877076
18877142
18879477
18880569
18891511
18892212
18898273
18900607
18904222
18905701
18908016
18908055
18909757
18914676
18915677
18916664
18923385
18925374
18929944
18930187
18936825
18937857
18938619
18938959
18939924
18944384
18945711
18951288
18952084
18952430
18956033
18956815
18958695
18961811
18961917
18962719
18964113
18964180
18968467
18970482
18971336
18971567
18973231
18977752
18979437
18984800
18985307
18986489
18987708
18988995
18990616
18995447
18999184
18999274
19000919
19004663
19011482
19012967
19013988
19016015
19016741
19024639
19026941
19027771
19028826
19034041
19035976
19038221
19039266
19042636
19049188
19049775
19050142
19051501
19057095
19057934
19058602
19062848
19064040
19064828
19066149
19070231
19073733
19074889
19077524
19079895
19085727
19087396
19095607
19098867
19098876
19099355
19103835
19107118
19107222
19110431
19112051
19112285
19114988
19115157
19125068
19127000
19129380
19132695
19135540
19141009
19144353
19151385
19154514
19158987
19161184
19163021
19163388
19165072
19167013
19169846
19170999
19173140
19179475
19183790
19188279
19191781
19193745
19193976
19195737
19201932
19202900
19204133
19205864
19208397
19213271
19216080
19221825
19227253
19231875
19233800
19236294
19241752
19242508
19245356
19247057
19252417
19258661
19259852
19260641
19266455
19267221
19267670
19267986
19268362
19274538
19275414
19278420
19279356
19281548
19284769
19286357
19287914
19291307
19291929
19294603
19298102
19298254
19307588
19308726
19310281
19311011
19312711
19322467
19324406
19325230
19326529
19334114
19336237
19338903
19344239
19344603
19350995
19363584
19366170
19367231
19368842
19369266
19374351
19374809
19374874
19377459
19379512
19385477
19390412
19393771
19395679
19395733
19399855
19400759
19401980
19402867
19406005
19410228
19411940
19427716
19429177
19432416
19433257
19437238
19438736
19444987
19446057
19452234
19453649
19460810
19461737
19471227
19479065
19481131
19495599
19504461
19505103
19505739
19506054
19508687
19511165
19512848
19522283
19524513
19528156
19532525
19533998
19535251
19542342
19554045
19558150
19561865
19562044
19563440
19563525
19568028
19568828
19573002
19575136
19577087
19577243
19578974
19580832
19582105
19583592
19586134
19587705
19597906
19600741
19604339
19608095
19609407
19610373
19610561
19611786
19613983
19614435
19615116
19616570
19623303
19630731
19632612
19636898
19645739
19645821
19645987
19652281
19653629
19654631
19656149
19656657
19660402
19662112
19664752
19665841
19666658
19667342
19673076
19673094
19688009
19690176
19692938
19693476
19698374
19700922
19703665
19705993
19716011
19716567
19717326
19720516
19720720
19726854
19728654
19731444
19736833
19741940
19743349
19744021
19744587
19744675
19753806
19757017
19759595
19761482
19766572
19770399
19773374
19777581
19779427
19779648
19780110
19780166
19782256
19782974
19783338
19785555
19786056
19786228
19787610
19789315
19791953
19792308
19796034
19797078
19798058
19800504
19801557
19803498
19805170
19809793
19811091
19814259
19815737
19817199
19820563
19822621
19824205
19828159
19831928
19832467
19834598
19838686
19839804
19843059
19853117
19853423
19856979
19857791
19861654
19863428
19867309
19868957
19870640
19874437
19874890
19874939
19875713
19876170
19877016
19877860
19878558
19886044
19886572
19887938
19894269
19894535
19900442
19904141
19910078
19915667
19915802
19922153
19922184
19922793
19931102
19932243
19933739
19935369
19937291
19938160
19939130
19940319
19944014
19949902
19950298
19954049
19955844
19961720
19972931
19976403
19981030
19986443
20001855
20006005
20013248
20020496
20034269
20040201
20042612
20049637
20057798
20058560
20059328
20060771
20067078
20072219
20073728
20079823
20082514
20082976
20086082
20086742
20087306
20088566
20089983
20102920
20104716
20106449
20106813
20108568
20109317
20111187
20113231
20117196
20118480
20125060
20126917
20127555
20138567
20142518
20143801
20147073
20149867
20150699
20153223
20154773
20155029
20156524
20160453
20167361
20170491
20171887
20174138
20175702
20180862
20184624
20189984
20192100
20194771
20197490
20200653
20201636
20210904
20213531
20218628
20218768
20220839
20224928
20234668
20236262
20246312
20248183
20251446
20251653
20256143
20257670
20262868
20269490
20272747
20276964
20279868
20280090
20281283
20283473
20288396
20289019
20301323
20307280
20312495
20318244
20320096
20320591
20324313
20325478
20326139
20326842
20336130
20337155
20337557
20344488
20347201
20348170
20353216
20355259
20356115
20360467
20364078
20368566
20370179
20371212
20381419
20384086
20385216
20387310
20391141
20392223
20393493
20397700
20404588
20406688
20410977
20413063
20415771
20416965
20425176
20428704
20433742
20444187
20444254
20447803
20448283
20450922
20455724
20463021
20463189
20463565
20464524
20467204
20472777
20476894
20480927
20484458
20486076
20488897
20490233
20490725
20493360
20493484
20496338
20496662
20502534
20507627
20511158
20521255
20521608
20525711
20526187
20527272
20527482
20528745
20530481
20531723
20532100
20533609
20535550
20536208
20540117
20541944
20542355
20550000
20554090
20555726
20561067
20569064
20572008
20572813
20581619
20582439
20582646
20585249
20588949
20590417
20590889
20591708
20594917
20595919
20596085
20596488
20600303
20602738
20603042
20604051
20610687
20620804
20621035
20622485
20628831
20637185
20645600
20657610
20660162
20672102
20674500
20674901
20675850
20677121
20678240
20679221
20685070
20685439
20685458
20685693
20693655
20693892
20700589
20703823
20704518
20709303
20710672
20715898
20716149
20727653
20735910
20739830
20739932
20740179
20740915
20743517
20753288
20756050
20760779
20765026
20767464
20767573
20769197
20770089
20775956
20780272
20785743
20788837
20790714
20793463
20793655
20794357
20795122
20797017
20798525
20799767
20800440
20802739
20803573
20812296
20814479
20814810
20819942
20821202
20821858
20822740
20825994
20826993
20830351
20831294
20833699
20837717
20838593
20839044
20839183
20855352
20857423
20861300
20863342
20864298
20865716
20865819
20866515
20866649
20866746
20867768
20869254
20872804
20892049
20892679
20893481
20896416
20899168
20901864
20902057
20903055
20906663
20907428
20908152
20909547
20913614
20916824
20917253
20919510
20923914
20924032
20924983
20931193
20932958
20935260
20938533
20944222
20945378
20948642
20950678
20951577
20952553
20954007
20959944
20961849
20964565
20965707
20969400
20971338
20971692
20973089
20973676
20974544
20975181
20983152
20987154
20991653
20993346
20993547
20995289
21009326
21009629
21011619
21014637
21014766
21020098
21022057
21023433
21035756
21036736
21039899
21044127
21046969
21051794
21060595
21067383
21067780
21069065
21076215
21079576
21080719
21084359
21093125
21102582
21104610
21107313
21107849
21108688
21113508
21121691
21121848
21122520
21129166
21129678
21131010
21133390
21136112
21136255
21136924
21141646
21148556
21148653
21150024
21152685
21155654
21156543
21157386
21158903
21163590
21163903
21165805
21167306
21167652
21168824
21169323
21169376
21170123
21172877
21177324
21178530
21179720
21184255
21187962
21189560
21190442
21191371
21192326
21193503
21195599
21195790
21200122
21200618
21201769
21206116
21208536
21209535
21209706
21214224
21218001
21218397
21220096
21222178
21223180
21224206
21225750
21227826
21228076
21231549
21231551
21237302
21240342
21249266
21252128
21254177
21255423
21257377
21259517
21262761
21262868
21268087
21270889
21271804
21272404
21274985
21275212
21275253
21278657
21281833
21282335
21283560
21284198
21285965
21286078
21291555
21294407
21294701
21298063
21298933
21309203
21311370
21312264
21313060
21314139
21315744
21315858
21327345
21338872
21339227
21342854
21342856
21352113
21353755
21357032
21363838
21367987
21369297
21375677
21384141
21389692
21390552
21391169
21393317
21395339
21395575
21397404
21397449
21401154
21403212
21404779
21405310
21407271
21410715
21421190
21437896
21438546
21439276
21447857
21448239
21450156
21459727
21461450
21464217
21465844
21467076
21469655
21471404
21473428
21480701
21481349
21484313
21493206
21502671
21503535
21505208
21506519
21511952
21513431
21517597
21519614
21519833
21523253
21529151
21530891
21532403
21540037
21543599
21544874
21556582
21556601
21560846
21562312
21570234
21574192
21575939
21577372
21584901
21591381
21591993
21596813
21597881
21602041
21602689
21602808
21610184
21612591
21617038
21617649
21619574
21621821
21626788
21628196
21632683
21633005
21635569
21643226
21649241
21651379
21655375
21655700
21659292
21660686
21664428
21669348
21671473
21675278
21676827
21681490
21684108
21688238
21699758
21700451
21706969
21711066
21711759
21713507
21716123
21717232
21718010
21718191
21724477
21729365
21740086
21744423
21747357
21747536
21751055
21753100
21757739
21758891
21759113
21759577
21760374
21765543
21767761
21769570
21772629
21776158
21781018
21784285
21788037
21790747
21792226
21797960
21801299
21802137
21803188
21806283
21806974
21816670
21820306
21821045
21824503
21824724
21827371
21828027
21829979
21835210
21848078
21848261
21855892
21857765
21863849
21866194
21870921
21871177
21873110
21876345
21878939
21879190
21879430
21881028
21881816
21892381
21894576
21895356
21895680
21896648
21897359
21898522
21901562
21902422
21906025
21910822
21911904
21912146
21913079
21915298
21917428
21920840
21922174
21922887
21923621
21925219
21925932
21926023
21926443
21928695
21929724
21929988
21931286
21938336
21943250
21944725
21946356
21946676
21947189
21950320
21950670
21951746
21952017
21954159
21954923
21960195
21963325
21964863
21969510
21969685
21974004
21975734
21977900
21981581
21984211
21984980
21985299
21985937
21986137
21990745
21990788
21991599
21995628
21995839
21995996
22002291
22003418
22004678
22008141
22025348
22025868
22027814
22037836
22038834
22041274
22042895
22050788
22054122
22057838
22057863
22062843
22066062
22069095
22071408
22072776
22074890
22075804
22077283
22082562
22087044
22088546
22088771
22097895
22099847
22105602
22105816
22105867
22106718
22107525
22111415
22120007
22122045
22123918
22125668
22131345
22134757
22140038
22140874
22140956
22143291
22145361
22151287
22153584
22155155
22161956
22161970
22167601
22173643
22177931
22181648
22186228
22188706
22189022
22191454
22192485
22198249
22206643
22207944
22213303
22215810
22218378
22221839
22227598
22229419
22229982
22230530
22233239
22233546
22235688
22245644
22246682
22250281
22253004
22253045
22254349
22256322
22256748
22265467
22266377
22267059
22267751
22271300
22271524
22275319
22276547
22277426
22278197
22278684
22279639
22280246
22282729
22285342
22286229
22292365
22292377
22292750
22296247
22298096
22298346
22299271
22300319
22304625
22306234
22311678
22318501
22323597
22324918
22327749
22329240
22332690
22334821
22336543
22337046
22352422
22354231
22355377
22355794
22356443
22356547
22363745
22368144
22370962
22372585
22376909
22376917
22380092
22380821
22387596
22387777
22389070
22392705
22395424
22395554
22396052
22406265
22407831
22409630
22415512
22418531
22418972
22422065
22424114
22425583
22426736
22436690
22437780
22439504
22442620
22443695
22445856
22452944
22453980
22459884
22461544
22465323
22470330
22471816
22475356
22478538
22478759
22481262
22481964
22484456
22484655
22489160
22489505
22489679
22494040
22494316
22495059
22495500
22507385
22513195
22516269
22519132
22519811
22519924
22522919
22523262
22523515
22528038
22529258
22535229
22542042
22543956
22547333
22547669
22550153
22552852
22553884
22554835
22554842
22558572
22569209
22571069
22571226
22572583
22578132
22581683
22583023
22584482
22584962
22585950
22587533
22588273
22591721
22592208
22597752
22600252
22608518
22609040
22610276
22612299
22615337
22617338
22621092
22624184
22624207
22625816
22626957
22632829
22639147
22640005
22644901
22645525
22647320
22647436
22650962
22654024
22656046
22666200
22671304
22671605
22673056
22677929
22680971
22682073
22684034
22685839
22688850
22694736
22695163
22697453
22702359
22708861
22713945
22720992
22721718
22728529
22733469
22736241
22747377
22750815
22753648
22757277
22759389
22760854
22765269
22766851
22767496
22768631
22768757
22770102
22782513
22783366
22785490
22785781
22786578
22792628
22794735
22795487
22795880
22802492
22802701
22810467
22818060
22819861
22822455
22822850
22826716
22829882
22833317
22837274
22848012
22849166
22850121
22851980
22853248
22865150
22870823
22871217
22873962
22874608
22875223
22879037
22892341
22893991
22894347
22895766
22896496
22898606
22902382
22902558
22904686
22904709
22905556
22907120
22908292
22908619
22910323
22913295
22914060
22914375
22917022
22918319
22919504
22920495
22924577
22924952
22925051
22929870
22936502
22939646
22941729
22944637
22951512
22954788
22959910
22962392
22962720
22968660
22971105
22973409
22978288
22980168
22987028
22990529
22993943
22994272
22994414
22994497
22996273
22996738
22998375
22998752
23001945
23003366
23006584
23007451
23009524
23009576
23010600
23018593
23025576
23026521
23030026
23033459
23037372
23037779
23040277
23043109
23043157
23049841
23057384
23059180
23062202
23071135
23074558
23076018
23079054
23082862
23083425
23092615
23096239
23096889
23097629
23100082
23102169
23102726
23103153
23109545
23115816
23119200
23124460
23125891
23130968
23132094
23147962
23162398
23169488
23170532
23170961
23171906
23180307
23185857
23190322
23192290
23194839
23196034
23197423
23197466
23198192
23198271
23199328
23203113
23205583
23222514
23224447
23225560
23226297
23227174
23227458
23230590
23233249
23236931
23237066
23237512
23238698
23239292
23245027
23250304
23251257
23259688
23262062
23265747
23266692
23267471
23271406
23275020
23277363
23278468
23280369
23284579
23291442
23292814
23307154
23309885
23310005
23310254
23310382
23312711
23320761
23321367
23322018
23322710
23329246
23336478
23337606
23338981
23341707
23345297
23351918
23353479
23353673
23354315
23355012
23356009
23357331
23362766
23365928
23368390
23370418
23373149
23377397
23377741
23378723
23385255
23389621
23391600
23391825
23394064
23397143
23400712
23400810
23403206
23409627
23415637
23416804
23418968
23420542
23425275
23428891
23440593
23446349
23455011
23460613
23466551
23466847
23470889
23474539
23475137
23475990
23480178
23484039
23489949
23493809
23503922
23505883
23506879
23508115
23508159
23512442
23524422
23524860
23533149
23539305
23555431
23560097
23560539
23568320
23569150
23570136
23570686
23572519
23574950
23596012
23597942
23600578
23600895
23601310
23601939
23603987
23604290
23606660
23607349
23611325
23612030
23613895
23617964
23618460
23618749
23619430
23624205
23624976
23625121
23625307
23625505
23628531
23630134
23630390
23631179
23631200
23653259
23657951
23661871
23668878
23670252
23689169
23690523
23692841
23693362
23698063
23702176
23702367
23702929
23706088
23708890
23713953
23717348
23720188
23721463
23721540
23723433
23724283
23724571
23728202
23737040
23739146
23739209
23741509
23741737
23743746
23748912
23750678
23751688
23755723
23758566
23760474
23761368
23765907
23773601
23783314
23783444
23787784
23792234
23805908
23806697
23811539
23813513
23819263
23820365
23822203
23832642
23847831
23849442
23849528
23850464
23854878
23858035
23858418
23861567
23862182
23865347
23865401
23865416
23865717
23871945
23879080
23880242
23885837
23885862
23892886
23895676
23895807
23900491
23911620
23912979
23917260
23917880
23917950
23925605
23930820
23931471
23933125
23936838
23939277
23942473
23953285
23954312
23958527
23964287
23964361
23966673
23969017
23980571
23986177
23989082
23997034
23999654
24000187
24003223
24004320
24006603
24008402
24018588
24026353
24029841
24031607
24036085
24037734
24043348
24050133
24052491
24056160
24073650
24075107
24078780
24082530
24084318
24086499
24087905
24089071
24092445
24092665
24094357
24099096
24100653
24102344
24106560
24109528
24112341
24114508
24118915
24119122
24128956
24129305
24129982
24139898
24143236
24149757
24150760
24154837
24159014
24159970
24161037
24164104
24167681
24171882
24172905
24174138
24176969
24177611
24180268
24180905
24181381
24181866
24184732
24186981
24189876
24192916
24193572
24194241
24199543
24205058
24209258
24212567
24214012
24216389
24218630
24220556
24221355
24221409
24222295
24224988
24227164
24228965
24231899
24232734
24238153
24241658
24244532
24244836
24249496
24251616
24252746
24257632
24262655
24262821
24264685
24266733
24267249
24283730
24284114
24284379
24284634
24285005
24289788
24297588
24308646
24310015
24311583
24312295
24314089
24314320
24314991
24315722
24316876
24321134
24330795
24331903
24333395
24336650
24340852
24341972
24348400
24349193
24349426
24350089
24350250
24352715
24354136
24354970
24355776
24359978
24365420
24372467
24373910
24375218
24376966
24381719
24385238
24385579
24386560
24386796
24387195
24388827
24389518
24390284
24393995
24396973
24397761
24398171
24400277
24411619
24412235
24412585
24412595
24413182
24413607
24418263
24420266
24425138
24427004
24430596
24432698
24435717
24438115
24443592
24444157
24452168
24458371
24459686
24460529
24467867
24469240
24471510
24471997
24473404
24476986
24478843
24483627
24489452
24494629
24495694
24499254
24500456
24502247
24505920
24510582
24511061
24515898
24516249
24521763
24524488
24527285
24528265
24529819
24530841
24530982
24535022
24537710
24537729
24538749
24545462
24548103
24548512
24567618
24577995
24583143
24583782
24587586
24590833
24592559
24595282
24602328
24602780
24614095
24616856
24618906
24621832
24623247
24627397
24629259
24632045
24632830
24634836
24637981
24639527
24639571
24640996
24642514
24647153
24651228
24656753
24658674
24659693
24661507
24662973
24664801
24665630
24665785
24667820
24668903
24675831
24678379
24679601
24680813
24692846
24694447
24700251
24712836
24722843
24723094
24724452
24724594
24725733
24727400
24727512
24730343
24740329
24741597
24742758
24742984
24744485
24747457
24762137
24763356
24766132
24768390
24769777
24775790
24776540
24778269
24778793
24781320
24782110
24787095
24788013
24788996
24789808
24793006
24795601
24799105
24799699
24804111
24804655
24820989
24821451
24821692
24822286
24830416
24833608
24834456
24838481
24839205
24839208
24840166
24841709
24849066
24851811
24853173
24873281
24874153
24881104
24886418
24894231
24898101
24898643
24900964
24908135
24910586
24920388
24924273
24930809
24931197
24933393
24943273
24944463
24950185
24953850
24955554
24957080
24960426
24961865
24962578
24964067
24966758
24967987
24971984
24973073
24974773
24974895
24983302
24985510
24987888
24989206
24990628
24992363
24997166
24997244
25005238
25008688
25009697
25011196
25012039
25013328
25015144
25016377
25019768
25019832
25025890
25030123
25030137
25034548
25035798
25036361
25037979
25042945
25046044
25046705
25047725
25048281
25051324
25051496
25051656
25053984
25059368
25060545
25064287
25068720
25073401
25074038
25076125
25076209
25078977
25083554
25086939
25088715
25089225
25091843
25092075
25100310
25101246
25101733
25103507
25106850
25108581
25116429
25116753
25118584
25120233
25121469
25126112
25128447
25128875
25132213
25135149
25138842
25140634
25141255
25144421
25145633
25151950
25157274
25163676
25173128
25174152
25177579
25178278
25179887
25184385
25192808
25195104
25199988
25202129
25204186
25206133
25208796
25210989
25214990
25217010
25218918
25227474
25230894
25231979
25240602
25244486
25246044
25250561
25252379
25254748
25255710
25259994
25260172
25261660
25263755
25266875
25267227
25267400
25267690
25267814
25269097
25273816
25274185
25274879
25276161
25277566
25278620
25285140
25290556
25295403
25296101
25296168
25297612
25299598
25303322
25303930
25309218
25310521
25311679
25313208
25313245
25315506
25332660
25337808
25346219
25348392
25352007
25355621
25358283
25360421
25363594
25367487
25384285
25389268
25394916
25397770
25400842
25408849
25413933
25415628
25417209
25419077
25419864
25420172
25425775
25434614
25435160
25440577
25441693
25444643
25445308
25449781
25450779
25456802
25464396
25465150
25468475
25472612
25478514
25480096
25482489
25486118
25494058
25497153
25497211
25500539
25501219
25503360
25503955
25506127
25510055
25516316
25519913
25521650
25522728
25527657
25532389
25533419
25538992
25539234
25545846
25546352
25549900
25551554
25556656
25558796
25560658
25561583
25563956
25566690
25570561
25571655
25571977
25574682
25578663
25581086
25581772
25584056
25585489
25586474
25589435
25596164
25602710
25606494
25607852
25616495
25619454
25621880
25624179
25627539
25632118
25632803
25635638
25642931
25643109
25643297
25645546
25648133
25654143
25655076
25659974
25662773
25663329
25665526
25668054
25680477
25683751
25687840
25688736
25696531
25698565
25702744
25711066
25712999
25714828
25715225
25717003
25719469
25719910
25720221
25720483
25722429
25722838
25725349
25725791
25726228
25726834
25737017
25738090
25739829
25740004
25741140
25741829
25744475
25745005
25746653
25752505
25759627
25765430
25770137
25770163
25770961
25781755
25782124
25783631
25787513
25788570
25789721
25793950
25796961
25797839
25802549
25805626
25805796
25810605
25811611
25813552
25814183
25814326
25815647
25815821
25816900
25818840
25819624
25822070
25822476
25824116
25842665
25846511
25848485
25849137
25851371
25851845
25852387
25855015
25861686
25863761
25863795
25864415
25865773
25871976
25872632
25874595
25878826
25881659
25885451
25896251
25907776
25924155
25928398
25932483
25945491
25948180
25949562
25950588
25955744
25957858
25957900
25962313
25964345
25965609
25968015
25973159
25978339
25987894
25993616
25997000
25998469
25999483
26001105
26001262
26003285
26005034
26005166
26005836
26008111
26008781
26010379
26016999
26022646
26023914
26032224
26033099
26033292
26035980
26037391
26038313
26040105
26040591
26041561
26042194
26047726
26050098
26051605
26054054
26054652
26054991
26057531
26059234
26059242
26060552
26061732
26062341
26065967
26068222
26076434
26076463
26080562
26082119
26086156
26089996
26090863
26091035
26096197
26097693
26097950
26100972
26104081
26107666
26111570
26114987
26116021
26119128
26121890
26122677
26123138
26123628
26131556
26133764
26134403
26135094
26136868
26144868
26144963
26148103
26148600
26150193
26154176
26155637
26166878
26167163
26177342
26177593
26181114
26184438
26187547
26190515
26191573
26192559
26192637
26195410
26198500
26201455
26206603
26216039
26219352
26233742
26240345
26245263
26248821
26260434
26262783
26267248
26278124
26282064
26282077
26282674
26285075
26285576
26288331
26290298
26291335
26291650
26292551
26292695
26302333
26306152
26319870
26325907
26326855
26327881
26332857
26334969
26335592
26336646
26345557
26349248
26350988
26360093
26360488
26361616
26362366
26363678
26368917
26381104
26383517
26386153
26391506
26395211
26396055
26398981
26400975
26402694
26406163
26408178
26412267
26414309
26415578
26417976
26420165
26420261
26426863
26427711
26427955
26429025
26429699
26430515
26435551
26437970
26438605
26442865
26445642
26446421
26446670
26449027
26449151
26451711
26454736
26456667
26460832
26463710
26464631
26465540
26473972
26476774
26478235
26480710
26484816
26486198
26488188
26489951
26496052
26506609
26510357
26510444
26515517
26515519
26516438
26523001
26526601
26529853
26530089
26531202
26533110
26533418
26535725
26538631
26541913
26544055
26544526
26547112
26549297
26554609
26558585
26559448
26559621
26564721
26574499
26576349
26577504
26581078
26581461
26582029
26584794
26589729
26593832
26597668
26600480
26601798
26603750
26603849
26604809
26611537
26625305
26625646
26638146
26638631
26640152
26640735
26640780
26642988
26645725
26647345
26656552
26660923
26662725
26664978
26678352
26689016
26690906
26691510
26697863
26701682
26704466
26705178
26705660
26706737
26710037
26712581
26716086
26716488
26720184
26721257
26721509
26721992
26736073
26744088
26746883
26748964
26759845
26761035
26767384
26773927
26775865
26776470
26778429
26780093
26782642
26783833
26783888
26785116
26785132
26786441
26787198
26789073
26790281
26798883
26800761
26805002
26805320
26809680
26812786
26814738
26816836
26817997
26823259
26826012
26826867
26828887
26832872
26833504
26837920
26838015
26840071
26846218
26850370
26862164
26865886
26866764
26869553
26883680
26887999
26890339
26894853
26898411
26898565
26899901
26902713
26905351
26907003
26913124
26914029
26915473
26916207
26929434
26934545
26934647
26942415
26947101
26947277
26949820
26950821
26954942
26956757
26967584
26967794
26968140
26977229
26979540
26980284
26989500
26991331
26994629
26997041
26998579
27000036
27001953
27002405
27006543
27008449
27008788
27013599
27015092
27016009
27018912
27027987
27031162
27031243
27032226
27036780
27037038
27038633
27039294
27043455
27048423
27048847
27050249
27054113
27055146
27058179
27065211
27069201
27073456
27075397
27076645
27080988
27092511
27103527
27108438
27114493
27117537
27131220
27132184
27133037
27139680
27142014
27142111
27143015
27151387
27151954
27160794
27164884
27166021
27168135
27174418
27174545
27176169
27176229
27176921
27177455
27188667
27189206
27204041
27212537
27214433
27214498
27214582
27215060
27216284
27221878
27224832
27225948
27226899
27230105
27231974
27234094
27235240
27236787
27237476
27242257
27243667
27250792
27252600
27255199
27255960
27259673
27263765
27268093
27270952
27271206
27278770
27297259
27300549
27301145
27310737
27316714
27318860
27320950
27322507
27326566
27328472
27337523
27339914
27345161
27348047
27351914
27353605
27362716
27372037
27377123
27378236
27387213
27390706
27391156
27391647
27404591
27404681
27413895
27421831
27422259
27426357
27427406
27427421
27431951
27434045
27434105
27434769
27439108
27446120
27446464
27447109
27452675
27453583
27455071
27465999
27466854
27469186
27476607
27482582
27487191
27494285
27494313
27495126
27497018
27497505
27499470
27501705
27503891
27509732
27511064
27511982
27512869
27515990
27516807
27520013
27522110
27525417
27527183
27528553
27530340
27534337
27535950
27539638
27540225
27546622
27547456
27547808
27548272
27553268
27557270
27559260
27560593
27561460
27561606
27566400
27573263
27573585
27573766
27575093
27578316
27578462
27579597
27582672
27586301
27586463
27587817
27589829
27598476
27601927
27606302
27610096
27610966
27613141
27615546
27620336
27624343
27625828
27629910
27630050
27632812
27633205
27633657
27635850
27638561
27639243
27639818
27647815
27648460
27652863
27653269
27654114
27663249
27664513
27668186
27670527
27670905
27671779
27673537
27675231
27679179
27679216
27688344
27690382
27693081
27693501
27695809
27700527
27702068
27703044
27703291
27704743
27706021
27708533
27721981
27723373
27727537
27740592
27741283
27743522
27745475
27746457
27750158
27755779
27757717
27763887
27776362
27778734
27782901
27783624
27785593
27796524
27798035
27801550
27804988
27805837
27814043
27814065
27815101
27815978
27822029
27822687
27825621
27825759
27827674
27832549
27833146
27836739
27837263
27845437
27845896
27846889
27847270
27851311
27851861
27855748
27857331
27858110
27862005
27862659
27862727
27864997
27867492
27874223
27874687
27875000
27877810
27884378
27887060
27887915
27900426
27905363
27913620
27920339
27922113
27922360
27922649
27924037
27926627
27928334
27928479
27930649
27931769
27931956
27932725
27946218
27956009
27956915
27959183
27963741
27964718
27965523
27966797
27969132
27969291
27971165
27971649
27978263
27978991
27981817
27982372
27983092
27986317
27986397
27989821
28003881
28004851
28007404
28009055
28022183
28023974
28027241
28037183
28037684
28038010
28038142
28044462
28044743
28044860
28046572
28052229
28054654
28055303
28058083
28061507
28066890
28067551
28069047
28069050
28075204
28079054
28082880
28091312
28091777
28094446
28095267
28097141
28097285
28099467
28101327
28102442
28105032
28105810
28113283
28115041
28116087
28117234
28121203
28123750
28125170
28127705
28130026
28132220
28132991
28142649
28148577
28150883
28155849
28163870
28169057
28170844
28173403
28177714
28178982
28179254
28184434
28189418
28190034
28190978
28191446
28192698
28195857
28198430
28200005
28201969
28202318
28204512
28206772
28214279
28214284
28216988
28221308
28223198
28225953
28227966
28229168
28230866
28232417
28232859
28233289
28234608
28236699
28238493
28240268
28251127
28254860
28256337
28259508
28265180
28265997
28275649
28276916
28279564
28288222
28289014
28296172
28299707
28303115
28303643
28304556
28307882
28308517
28309217
28309349
28314743
28315333
28317690
28318404
28318781
28318976
28319153
28319974
28320664
28322859
28323279
28324358
28329576
28331396
28336129
28338787
28346302
28348638
28351418
28352844
28355322
28361476
28361566
28370815
28371060
28372560
28376021
28379792
28387011
28388755
28390251
28391253
28396183
28397792
28399042
28399686
28404131
28404536
28405374
28406795
28408595
28408847
28411531
28411693
28412256
28413410
28416200
28418721
28420413
28423044
28423803
28424154
28424225
28433379
28436012
28437205
28443524
28446931
28448308
28452903
28453152
28458987
28461688
28462356
28464534
28465111
28467775
28467976
28468029
28468931
28477715
28482710
28483122
28490537
28492278
28495490
28496676
28500036
28502510
28504325
28508552
28510483
28518651
28519484
28523928
28524786
28532778
28539136
28541394
28544574
28545212
28549827
28551908
28552662
28553664
28555371
28555761
28558516
28558918
28560162
28565111
28570358
28572031
28576326
28586307
28587245
28589942
28592706
28600388
28601179
28601328
28603764
28616635
28617617
28621434
28631974
28636802
28639436
28649953
28650135
28650948
28651089
28660966
28663805
28664746
28667516
28673556
28675405
28679130
28679915
28681167
28681518
28686916
28693640
28694053
28695459
28696185
28699268
28699961
28703966
28704633
28705921
28709250
28712236
28725467
28727727
28730756
28731259
28732686
28733615
28734964
28736014
28738742
28742173
28743673
28746801
28749456
28749674
28749742
28753085
28754915
28758041
28759874
28762080
28763016
28763185
28767447
28773223
28777113
28784193
28784373
28784980
28788314
28793315
28797687
28801993
28802031
28804046
28809198
28813976
28816256
28819394
28820033
28823032
28823273
28824581
28825550
28826140
28826642
28826795
28829421
28829889
28831638
28832742
28836947
28837231
28840404
28846138
28852833
28852896
28854712
28863978
28864008
28868839
28872483
28873406
28874324
28880491
28888844
28896912
28903331
28903429
28904332
28907330
28909374
28910336
28911649
28912283
28913450
28917892
28921405
28923935
28931411
28935411
28935643
28936123
28936318
28953556
28963061
28969122
28971135
28978969
28981526
28982726
28990436
28991314
28994182
28996326
28997445
28998316
28998653
28999752
29000281
29003787
29007771
29014893
29017864
29019284
29019995
29020549
29033006
29034621
29035290
29037080
29037894
29039781
29043384
29054242
29056075
29056606
29062622
29068802
29070047
29072205
29072922
29075729
29076325
29076489
29086602
29089008
29089356
29091868
29093946
29094316
29095602
29102396
29107522
29115200
29116443
29125895
29130395
29137345
29141205
29142470
29156459
29163936
29169304
29169381
29172011
29173940
29177653
29181665
29182942
29183640
29184650
29185320
29186422
29189382
29196120
29197439
29198260
29199697
29202959
29203642
29204582
29204592
29204943
29206127
29210581
29214592
29221370
29223081
29225252
29229256
29229501
29231626
29235219
29238015
29238147
29250059
29251178
29251281
29257218
29258711
29279691
29283883
29285329
29285983
29286464
29298788
29301646
29302285
29304968
29307131
29308282
29310030
29312764
29314209
29325862
29327943
29328653
29332850
29335247
29339267
29339499
29342146
29344121
29350399
29350596
29364281
29365883
29367961
29370336
29371805
29372421
29378712
29380783
29381461
29382166
29385385
29395106
29396810
29404215
29409985
29412056
29413512
29418711
29419890
29421164
29422513
29432646
29433999
29439149
29440282
29440696
29441355
29444029
29444365
29448772
29448960
29451127
29454476
29458194
29458672
29461469
29462729
29463610
29464921
29466411
29467516
29470586
29475061
29475161
29477462
29478492
29478571
29483140
29483708
29488813
29492070
29493348
29493772
29505004
29507476
29509072
29509968
29512724
29520073
29524219
29526184
29529867
29530719
29531973
29545376
29546009
29547311
29548239
29552936
29554803
29556507
29556991
29578624
29580015
29581646
29582892
29583319
29584770
29588102
29591776
29596608
29606081
29610809
29612689
29613865
29614177
29614723
29615386
29626768
29627033
29628051
29634804
29638670
29638795
29641585
29653303
29653840
29654243
29655099
29658105
29661995
29663315
29666531
29667148
29668012
29669874
29671405
29675382
29679516
29692821
29703668
29704597
29705163
29705181
29707321
29708261
29715228
29722106
29725580
29733953
29734045
29735949
29737249
29743351
29744053
29745302
29758706
29759981
29763896
29767499
29769878
29770085
29770185
29773228
29775770
29775824
29784176
29791453
29791554
29792099
29810626
29813558
29813936
29823609
29827634
29828013
29832589
29843828
29846566
29846923
29847304
29852110
29855752
29858623
29859138
29874273
29879557
29891823
29894269
29899811
29902159
29903429
29905471
29905935
29906172
29907561
29909070
29916022
29917022
29917557
29921483
29922095
29924466
29927870
29928142
29930469
29931222
29938195
29939045
29942807
29943029
29943292
29954287
29969008
29971213
29972591
29972664
29977596
29978822
29981743
29984339
29985885
29986210
29986257
29988347
29988915
29988945
29991780
30000078
30004481
30004922
30005781
30012695
30013858
30018155
30019064
30022956
30024316
30032528
30034191
30039134
30041753
30043097
30046603
30047425
30048825
30049426
30057785
30064683
30066555
30071676
30075745
30077641
30085017
30085730
30098913
30099418
30101590
30107175
30107452
30108022
30109507
30116356
30116409
30117638
30120329
30122667
30124165
30125246
30131946
30137174
30137799
30139430
30140884
30141518
30147121
30152238
30152895
30154955
30155694
30156271
30156415
30159163
30159171
30161661
30166764
30167503
30175403
30178765
30180984
30181502
30187948
30189001
30190598
30191514
30193975
30198912
30200206
30202010
30206710
30208400
30208992
30213205
30217189
30218575
30220626
30222454
30223366
30226108
30227866
30233751
30237325
30240542
30241492
30242962
30244654
30246661
30254502
30258449
30265264
30267496
30269732
30276035
30277687
30279128
30279137
30280412
30280803
30282699
30285637
30294746
30295780
30302237
30304248
30304268
30307994
30312483
30313965
30316435
30330196
30331017
30342400
30342526
30345115
30345506
30345884
30352453
30360795
30370403
30373462
30374571
30374726
30374928
30376250
30377499
30380109
30391741
30392821
30396963
30399656
30402561
30405474
30416146
30417800
30418245
30427623
