2464
2571
3880
5253
5631
6271
7184
7407
7695
7992
9369
9784
11876
12400
12622
13074
13118
15643
16116
16872
20013
20019
20022
20351
21434
21635
21664
21816
22742
23609
23741
24554
28485
29387
30872
31253
31263
31377
32262
34162
35506
37868
37970
38065
40718
41108
42298
42393
43267
45098
47283
47455
53154
53831
53854
55451
55522
55873
59447
59545
60767
62553
63019
63980
65081
66417
67155
68795
70041
70946
71676
72449
73607
73861
75814
75903
76167
76918
77781
78282
79586
80338
81908
83308
85052
85245
85349
87284
90170
91003
91837
92423
92520
93329
95094
95227
95263
96459
96861
98919
