3821
7334
13970
14140
17010
19570
19919
22299
23055
24832
26433
27551
31060
32888
35693
38313
45605
50314
53712
59108
70381
75763
76169
79806
79952
80497
81952
82940
90166
94222
104479
105940
109179
110020
110926
118625
121808
124209
124789
131895
137172
138125
145991
147540
147615
152989
160995
162346
166814
176550
178296
183431
190636
191000
192090
192656
193013
193030
197756
199039
199138
201021
203243
215975
219048
220163
225398
228874
234734
236632
239852
240129
240378
242774
243275
245274
249272
250115
254702
254795
255756
259336
263399
265546
266042
267690
270628
274173
275254
276359
277174
280240
288995
289305
295372
301234
301438
303057
320735
322987
325455
333032
333074
334650
335553
335683
344241
346357
354430
359753
362605
368447
368769
368950
370277
373500
373646
374781
377856
381485
381647
383001
385013
400522
401061
407626
435104
435554
435637
438447
439181
439728
445056
446262
448698
452665
452887
453351
454148
459317
461535
463344
466403
472878
473370
473558
479139
479551
479610
479639
479864
480928
481802
481865
482384
484746
485231
487413
488661
490089
493615
496769
499252
507639
509746
509973
510771
511032
513183
513956
514685
518100
521074
524088
525231
525258
527716
528214
528321
529427
534058
534379
545314
546196
546716
547791
550478
563606
565397
568664
578979
580426
582143
585271
589406
590135
595521
601755
606062
608618
609337
619415
624563
634544
634558
640189
646231
651181
652304
655317
656059
656343
656910
657927
657928
667409
669740
676993
677494
677820
677952
684272
684553
684670
686382
688147
688857
693054
695451
703717
703895
704083
706332
708919
714929
715862
724223
724964
728260
728868
729394
730301
733815
736809
739648
739762
742105
750000
760153
760854
767547
773438
773987
775762
777781
785966
786564
794403
815797
823090
827392
828777
833058
837190
841305
844813
846926
850078
854450
854454
863362
864229
864401
869563
871059
871316
874338
876870
877762
883629
887945
893416
896510
900212
900903
903142
905095
906077
909778
915399
918916
928421
933158
940213
940571
949955
950114
962183
964280
967587
969353
970723
972510
976507
978971
987633
993235
1008443
1010044
1017195
1021699
1021712
1021837
1023575
1023852
1024553
1027981
1030876
1043435
1046916
1047955
1049826
1053089
1053296
1057786
1059313
1064511
1068487
1072352
1089448
1090006
1097235
1100097
1101326
1102776
1103501
1104303
1106702
1110439
1122678
1132925
1135668
1143445
1144696
1144903
1147506
1151206
1152674
1153146
1153965
1157174
1158176
1158342
1158745
1162560
1165140
1174103
1174378
1175534
1177150
1177180
1181307
1182990
1192425
1197914
1201823
1202770
1204414
1207879
1208595
1209039
1213301
1216789
1218555
1223033
1224682
1230296
1238786
1240852
1252943
1254397
1257599
1257950
1258457
1262833
1263162
1263678
1265620
1270488
1276018
1279632
1281554
1284800
1291675
1294951
1297847
1301564
1306144
1308622
1308938
1311370
1313551
1314011
1314054
1316831
1331958
1334303
1339030
1339286
1341219
1347352
1351241
1351628
1352932
1355407
1356078
1356306
1359163
1362883
1365386
1366817
1368769
1369518
1370474
1371270
1377508
1384124
1384630
1388178
1389832
1394934
1397074
1398936
1399861
1402234
1405452
1406462
1407132
1408234
1411194
1417932
1419251
1420072
1421509
1424771
1425454
1426394
1426404
1426755
1427939
1435320
1440071
1442433
1443351
1453067
1453188
1454597
1456187
1461630
1465490
1466374
1466630
1468939
1470860
1477695
1478021
1479186
1480443
1484479
1490587
1492569
1495465
1496581
1500138
1505503
1510363
1511243
1522392
1524032
1525570
1527531
1527879
1528544
1531161
1533752
1533877
1539405
1541029
1541666
1542202
1545213
1547048
1547799
1552464
1553325
1553706
1554700
1556555
1557708
1557725
1557924
1558876
1561772
1566062
1567892
1570174
1570600
1575162
1576977
1587804
1588014
1588360
1600559
1609450
1609951
1610615
1610777
1613762
1615144
1616849
1619487
1619842
1623568
1624612
1625592
1631588
1632680
1638363
1639790
1647205
1648240
1649659
1656447
1658069
1658694
1659918
1663289
1667928
1668440
1676385
1677256
1678964
1680595
1681524
1681584
1689244
1692136
1692594
1697969
1699317
1701769
1703335
1704238
1705073
1705208
1707034
1712855
1714273
1722509
1732547
1736281
1736512
1737582
1746342
1749502
1749888
1752224
1754378
1761866
1768877
1772706
1775045
1788793
1791949
1796803
1799243
1802654
1805033
1811911
1817400
1819863
1821512
1829020
1830958
1831312
1832709
1833296
1834164
1834801
1842772
1846774
1850017
1850612
1852507
1852696
1853572
1855079
1857128
1858394
1861531
1875600
1877873
1878061
1879852
1885084
1885284
1887835
1888549
1892910
1895183
1899292
1900960
1902272
1903238
1903426
1904651
1906848
1907300
1907981
1909435
1916168
1923658
1924070
1931485
1933226
1936438
1937624
1940309
1941758
1949011
1955542
1959004
1965740
1972699
1975473
1978428
1979720
1986365
1987839
1990833
1995020
1997651
1997896
1999914
2002437
2003003
2003021
2005161
2006101
2013068
2019946
2022898
2023836
2030369
2030390
2030534
2033427
2035897
2038302
2039250
2042218
2047138
2047228
2048873
2052617
2059436
2060921
2061942
2063969
2067563
2069556
2070660
2071652
2075423
2076266
2078981
2080022
2083659
2084800
2089750
2090636
2095393
2096104
2098935
2099204
2100824
2102625
2105219
2105614
2109480
2112646
2116081
2121529
2126978
2127208
2130170
2136651
2140088
2140863
2142429
2146603
2149359
2150884
2150959
2156501
2156532
2163646
2165348
2166093
2168446
2171001
2171343
2177067
2178765
2185865
2186047
2186860
2187001
2196878
2198861
2201494
2202687
2209006
2212413
2213790
2216194
2217609
2218805
2225485
2228769
2229132
2231334
2231678
2233961
2239141
2248696
2267276
2267796
2269742
2278591
2280212
2282997
2283431
2287088
2292784
2296740
2297098
2297926
2302183
2303049
2308364
2309028
2310709
2311767
2314435
2314655
2322292
2322394
2328625
2333049
2333871
2334240
2353924
2355516
2358102
2359163
2360774
2361198
2366283
2366741
2366806
2369391
2371444
2376462
2381588
2389266
2390509
2397084
2401253
2404706
2409641
2412596
2414180
2418522
2421835
2444229
2444633
2449477
2450912
2460668
2462607
2463431
2464730
2469792
2472606
2475186
2479290
2480745
2481305
2481443
2488238
2501343
2503163
2507896
2510554
2518069
2521669
2533813
2537396
2539620
2540352
2542687
2553309
2554259
2559982
2563981
2564639
2566038
2566295
2570704
2583992
2588784
2593967
2600709
2604547
2606985
2607197
2612333
2615250
2616111
2622894
2626400
2634601
2638016
2638215
2643263
2644144
2644942
2650758
2650810
2660382
2663409
2668504
2680027
2689770
2695186
2700033
2700731
2700798
2702242
2704228
2707952
2708560
2712008
2716293
2722106
2724641
2726430
2727646
2729713
2730267
2734639
2740055
2742413
2746082
2768407
2768695
2770166
2773362
2775448
2778156
2779350
2791110
2793000
2793604
2799957
2803776
2805754
2806609
2808941
2816362
2822337
2826946
2827437
2840598
2842633
2842743
2847771
2848601
2851580
2853531
2860226
2861607
2863741
2863986
2866512
2868453
2869360
2870769
2873777
2873812
2875716
2877015
2877773
2877966
2882957
2885081
2885289
2885342
2886502
2887727
2889105
2890090
2892014
2895249
2916971
2918609
2923427
2925964
2933730
2935633
2936989
2937020
2937063
2939661
2944331
2945669
2947329
2951863
2952197
2959898
2961158
2962773
2963936
2968233
2969142
2973034
2974394
2977560
2983488
2985794
2990760
2997059
2999714
2999932
3000000
3003343
3005173
3008299
3010132
3012338
3018063
3034467
3038382
3038532
3038945
3040982
3041738
3041986
3043617
3045472
3049911
3050391
3062972
3063980
3064467
3066765
3068890
3068957
3076324
3080214
3088806
3090844
3092717
3094467
3100723
3101479
3104327
3106028
3111388
3116749
3117787
3122514
3128091
3128927
3131398
3131860
3134966
3135626
3136190
3137450
3138867
3153254
3153769
3178394
3179266
3201171
3202562
3204193
3205439
3206730
3206882
3208794
3211345
3212925
3215591
3220675
3226553
3228871
3230381
3231629
3234763
3235762
3239120
3240063
3242468
3246486
3247362
3247813
3247952
3257598
3261853
3263794
3265042
3271955
3272990
3275982
3276750
3278072
3278367
3278754
3279032
3280485
3281542
3282152
3290302
3292225
3293239
3294220
3296627
3299889
3308748
3310488
3312000
3319634
3335869
3336184
3344388
3345056
3345926
3348114
3351143
3351449
3352237
3360428
3365406
3365946
3369075
3370636
3381174
3385606
3385746
3396711
3397533
3398357
3406834
3407827
3408190
3409790
3413631
3414658
3418873
3424633
3424707
3431020
3440325
3443638
3447090
3447439
3447525
3448674
3459855
3464969
3467984
3468012
3468393
3472472
3477175
3479111
3487938
3490949
3496835
3497262
3499552
3504645
3508030
3509806
3510316
3512934
3513166
3523237
3523709
3525914
3526428
3528042
3535887
3536310
3536940
3537015
3540845
3542337
3544136
3544169
3551871
3554938
3557606
3568373
3571684
3583447
3599785
3603690
3607568
3609281
3612524
3612570
3613215
3615724
3620153
3624389
3627071
3627926
3639243
3639826
3639871
3642079
3644816
3646436
3655643
3659926
3663786
3673899
3675860
3677837
3678751
3680380
3680679
3682995
3687106
3689024
3690659
3693078
3693512
3698019
3698526
3699708
3700927
3702214
3703835
3708666
3710463
3716755
3717992
3718395
3719815
3723974
3739762
3743702
3743715
3744312
3746713
3747214
3749969
3751936
3755784
3764084
3770393
3770536
3772972
3783624
3785165
3786141
3786388
3787840
3789118
3791630
3804322
3814269
3815876
3817560
3821654
3821714
3823102
3823109
3824086
3826459
3834225
3838044
3839658
3842471
3855302
3859608
3861731
3862853
3864960
3865030
3866470
3872647
3876567
3876669
3876916
3877652
3880254
3883701
3885884
3886215
3891347
3892607
3893263
3894145
3899082
3903234
3915028
3918750
3919628
3921588
3921642
3929994
3937271
3937372
3937917
3942834
3944913
3945431
3945778
3952378
3956345
3957059
3959036
3961153
3966895
3967765
3978035
3980202
3981096
3981892
3983214
3983468
3992187
3996680
4005660
4005892
4008539
4010514
4016792
4016989
4020930
4029854
4032716
4034765
4037149
4043771
4044445
4048706
4065799
4069142
4069354
4069783
4072040
4076444
4076562
4077513
4083723
4085391
4086692
4086945
4092067
4092758
4095120
4095380
4099731
4102439
4107396
4107453
4108242
4108925
4112471
4115309
4115388
4120819
4122201
4124191
4125954
4133055
4136945
4141778
4141811
4145541
4148277
4152326
4153053
4154618
4157082
4157949
4161317
4165848
4177789
4179464
4185609
4186531
4186989
4187020
4188821
4190550
4191406
4191563
4191569
4205009
4207463
4213256
4214353
4216636
4218435
4226331
4232975
4239358
4240586
4245148
4248334
4254190
4256036
4258204
4262292
4265595
4268106
4281575
4283156
4285024
4285811
4286119
4291722
4300561
4301107
4303456
4311113
4322327
4322495
4323977
4324394
4329741
4329879
4331794
4336669
4337266
4340859
4341383
4349557
4350016
4355717
4358727
4359401
4361978
4362228
4362421
4362967
4365378
4367410
4369932
4376353
4382363
4383530
4385694
4387268
4391767
4400685
4413722
4418705
4424725
4425507
4428598
4430053
4433704
4433801
4450172
4453508
4454828
4471111
4480496
4480607
4481605
4484002
4485436
4486770
4492810
4493439
4496355
4497381
4497555
4510567
4512916
4517381
4522223
4536599
4536896
4539173
4539789
4541509
4544403
4546202
4552084
4555103
4555544
4561034
4561191
4561863
4568509
4569021
4570353
4572733
4575455
4575598
4576267
4584218
4585048
4586034
4586584
4588417
4590848
4598430
4605943
4607450
4609862
4623658
4623903
4624239
4631036
4631053
4631617
4634833
4635450
4636314
4638176
4639707
4643684
4647818
4648776
4650613
4650980
4652664
4654605
4657438
4658591
4660732
4667067
4682369
4693216
4699285
4702705
4703790
4712532
4713373
4721901
4728889
4735279
4736567
4738972
4741022
4750799
4754249
4755258
4756757
4757600
4758889
4760705
4761938
4765329
4765393
4770937
4772163
4775084
4777680
4779226
4779551
4779598
4781688
4782256
4782286
4785121
4799037
4799853
4804921
4806365
4809215
4811830
4813459
4817861
4820453
4822896
4824110
4828475
4829481
4831422
4832053
4832196
4833517
4833691
4834770
4836710
4837494
4842224
4844258
4848437
4857124
4858427
4859585
4861114
4861151
4863412
4867901
4867962
4869594
4869998
4871481
4875218
4876148
4877112
4877698
4881297
4882061
4883720
4887953
4889613
4893392
4898399
4899885
4903425
4906168
4914642
4916055
4921550
4922728
4923414
4926994
4931159
4932324
4933365
4944511
4949098
4950082
4952539
4955406
4958990
4961183
4965184
4967204
4969112
4972798
4972840
4974753
4975299
4975877
4978306
4983876
4995792
4996012
4998588
5000524
5001778
5010036
5014618
5015422
5017241
5020317
5021285
5022546
5022624
5023219
5024332
5030161
5032353
5032592
5040732
5041920
5042328
5045647
5046166
5048896
5049259
5050800
5053352
5054323
5058944
5070029
5071415
5074854
5077070
5079178
5081605
5083151
5096446
5096538
5097862
5104744
5107916
5108426
5108982
5108985
5110809
5110966
5114994
5116565
5121721
5127926
5128246
5130330
5133538
5135553
5136407
5136638
5138302
5142823
5144508
5145880
5159827
5162789
5166363
5166746
5167314
5170079
5175014
5179117
5190188
5198684
5204013
5204481
5215275
5217979
5218414
5220388
5220569
5221862
5225497
5228216
5228346
5228844
5239057
5249112
5251779
5252909
5255003
5261627
5269749
5274127
5275668
5280862
5287905
5290239
5296073
5299000
5305256
5310576
5312564
5319283
5321151
5322843
5324850
5332691
5340558
5345299
5353775
5354338
5354886
5357595
5357902
5360044
5370453
5374368
5380672
5383798
5384450
5384594
5387318
5391883
5392573
5397183
5410707
5413410
5413946
5414785
5419605
5430393
5431803
5433964
5442956
5447231
5450552
5460792
5461835
5462013
5463501
5465596
5468716
5469068
5469241
5469531
5469655
5470938
5478538
5478544
5480609
5489296
5503067
5509897
5510521
5511905
5513977
5517918
5518128
5519089
5519199
5520542
5521436
5522186
5522582
5523636
5525060
5535922
5540549
5541052
5541828
5560407
5563806
5573411
5575659
5576310
5577638
5580563
5581794
5588290
5588935
5596883
5603607
5604020
5605426
5606152
5612634
5614647
5615554
5618729
5619473
5621450
5623867
5628936
5629581
5630716
5630842
5632187
5644598
5645451
5647575
5647866
5648663
5651790
5652997
5654111
5655681
5657324
5660472
5664718
5673307
5673759
5678354
5679925
5682198
5683828
5685888
5690328
5693218
5694271
5696212
5697884
5702507
5703805
5706587
5710670
5711471
5713133
5714743
5715118
5716201
5716620
5721453
5729234
5733743
5734506
5737756
5738715
5741070
5743756
5744898
5751331
5752317
5754193
5766349
5767743
5769850
5777002
5777340
5779434
5781383
5788495
5792326
5792620
5792918
5793597
5799833
5800298
5802967
5803788
5805662
5805806
5807988
5812272
5812387
5813318
5816846
5823480
5825858
5832274
5841305
5853023
5853560
5853963
5854819
5857825
5861715
5863219
5863244
5868224
5871443
5874476
5876789
5878157
5880271
5881185
5881481
5882590
5882745
5882947
5884269
5885518
5888128
5899760
5900840
5907930
5913207
5913536
5916760
5917004
5919754
5929494
5931088
5940569
5944242
5946583
5946961
5947835
5949593
5951287
5955235
5955272
5960856
5961764
5963252
5975060
5975186
5977775
5978166
5978544
5985113
5993821
5995512
5996337
5997103
6001889
6003114
6008592
6012674
6013971
6016458
6017791
6021309
6023320
6023587
6024533
6028111
6029607
6030784
6031335
6032534
6037947
6043012
6044335
6045489
6055073
6056963
6059718
6061731
6062933
6064631
6066182
6066624
6067054
6068373
6070464
6072258
6074033
6082557
6085056
6088502
6089776
6090029
6090322
6096942
6100426
6100627
6103667
6113933
6119375
6126422
6127865
6129173
6130921
6135002
6138756
6138998
6144078
6145026
6145725
6146801
6147347
6147569
6149130
6152307
6153935
6154985
6155415
6156273
6158645
6159123
6161920
6163180
6164061
6165372
6166862
6167967
6171037
6175512
6175612
6176962
6184806
6194166
6194515
6195192
6205108
6208446
6211328
6214382
6214449
6215877
6217753
6218856
6219600
6224975
6226238
6228269
6229063
6232334
6237139
6239098
6244242
6246076
6250109
6250613
6256319
6258907
6264382
6264982
6265116
6265825
6267529
6268564
6269295
6270321
6273941
6277609
6280014
6284804
6288811
6290296
6294378
6294518
6297280
6297673
6298125
6303084
6303408
6305239
6306888
6308124
6312767
6318405
6319546
6321042
6322672
6324594
6325463
6326433
6327622
6331317
6336837
6339068
6349469
6349526
6349747
6351097
6363309
6363467
6364766
6364962
6368697
6371802
6372560
6374155
6374853
6377253
6380448
6389549
6397431
6406928
6407275
6408870
6412157
6415016
6415190
6416971
6417546
6417731
6420018
6425993
6434216
6438231
6445467
6446417
6446774
6451899
6453316
6453500
6463038
6463109
6464480
6466375
6469164
6471006
6472105
6476659
6481177
6484954
6485350
6487049
6489131
6490133
6491159
6493114
6498558
6505381
6510477
6511798
6514629
6517236
6522778
6525126
6526396
6528438
6528902
6529139
6530528
6532088
6538490
6546514
6547396
6550724
6552947
6559146
6559363
6570630
6573908
6574588
6580732
6585830
6587319
6588914
6589851
6590346
6590849
6592276
6593205
6594554
6595604
6598332
6601763
6603263
6605203
6605543
6608179
6614615
6616239
6619350
6621042
6623699
6625931
6627666
6630294
6636965
6639040
6639074
6639694
6641052
6647255
6647911
6649874
6652143
6653099
6654166
6657233
6660810
6665011
6666034
6666966
6667078
6669428
6671893
6672309
6680964
6683570
6688971
6690555
6699201
6706111
6706208
6707579
6710240
6715688
6719938
6719979
6724108
6724199
6728278
6731996
6732240
6735270
6736518
6743906
6745021
6745207
6750040
6756301
6759898
6761635
6762713
6767642
6775436
6777548
6782736
6791574
6792167
6792474
6792535
6793435
6795812
6798053
6799979
6800778
6800832
6801718
6804411
6806587
6808388
6812522
6819634
6822044
6823870
6825432
6828503
6828961
6831469
6833428
6834804
6847127
6848107
6850731
6856043
6860019
6860882
6861055
6863432
6864501
6864907
6867189
6876212
6879440
6881046
6881454
6882235
6882321
6892612
6894349
6897388
6899053
6905389
6907043
6907488
6916866
6920482
6920643
6921191
6921786
6924440
6928895
6929247
6929375
6935527
6941845
6942703
6947599
6948223
6950018
6950134
6952410
6952638
6954647
6959813
6961579
6962589
6966624
6969467
6971375
6972269
6973769
6977095
6986045
6987934
6988016
6990632
6993918
6994203
7000979
7009636
7011103
7015445
7017789
7029343
7034949
7038226
7038430
7044564
7046364
7049154
7054543
7058403
7063453
7067561
7070861
7072264
7078325
7080152
7089583
7089689
7091221
7094533
7100896
7102746
7108549
7109937
7111192
7116481
7120007
7129034
7134192
7139433
7141477
7143846
7147747
7148789
7148937
7150100
7151913
7152682
7154651
7155201
7157990
7162122
7164105
7164402
7167188
7172435
7188842
7195681
7197411
7202783
7203643
7204260
7206408
7208430
7208666
7210495
7210540
7214245
7216303
7217870
7223568
7226030
7227803
7238883
7239002
7243649
7251710
7260359
7263649
7263899
7265984
7267265
7272453
7276640
7278507
7279388
7281509
7284791
7285329
7285551
7290661
7296260
7297470
7298718
7301369
7304955
7305838
7310528
7312576
7313092
7329709
7332763
7335136
7339227
7342344
7343887
7351244
7353989
7355351
7366322
7368713
7373960
7376846
7380518
7384266
7387798
7388121
7389424
7390900
7399299
7399932
7401234
7402162
7406859
7408726
7410430
7410914
7415721
7418474
7419329
7421349
7425334
7425966
7430382
7430477
7432533
7438089
7441410
7443611
7446284
7446374
7446684
7447402
7452791
7454289
7460540
7461610
7474204
7479271
7483361
7486893
7489660
7490388
7490689
7492140
7497013
7500055
7501157
7503118
7505367
7511519
7514487
7517407
7524305
7526830
7527442
7532262
7533330
7537490
7538138
7538257
7545633
7547722
7548389
7549447
7549636
7550208
7552169
7553908
7554401
7555460
7555565
7555989
7562982
7563213
7567349
7568836
7578817
7579755
7582452
7585216
7592856
7593924
7595772
7597056
7602675
7603503
7605164
7605653
7610560
7611128
7611435
7612284
7612384
7615413
7616595
7618045
7618542
7626066
7628053
7628326
7628687
7629111
7630221
7632715
7643230
7650120
7652332
7656157
7661424
7662828
7663154
7664265
7665070
7666345
7676191
7689685
7694686
7695266
7696166
7699167
7701941
7709301
7709964
7712936
7713449
7714434
7714984
7715493
7716060
7718036
7718543
7724647
7725082
7727664
7732937
7733197
7734561
7744816
7748254
7754620
7756913
7758434
7759791
7771359
7771727
7775015
7778168
7783197
7783571
7785805
7786024
7787295
7789618
7791131
7795613
7796103
7797785
7799512
7804224
7805591
7812885
7815805
7816795
7818943
7822755
7823079
7823212
7823263
7829684
7831221
7835482
7840697
7844699
7846689
7848022
7848889
7849035
7853829
7861158
7861436
7866265
7871191
7887660
7889865
7891243
7891316
7897757
7901270
7920690
7922059
7923627
7924339
7926133
7926364
7927035
7928378
7931048
7935555
7939169
7939792
7939841
7940211
7952443
7952709
7954672
7955751
7956195
7960992
7961501
7962596
7964208
7966101
7969984
7974194
7981057
7982429
7988196
7989099
7990067
7990194
8004322
8016881
8018003
8022269
8033587
8035995
8041696
8051048
8055121
8055596
8055760
8056177
8056869
8059490
8060260
8061267
8063772
8065867
8066743
8066909
8073392
8074020
8074093
8074664
8080034
8082260
8083438
8083668
8084015
8084969
8086240
8086952
8087434
8088511
8091811
8094355
8097860
8098262
8099859
8101524
8104912
8106732
8112472
8112585
8114812
8118958
8121672
8123552
8130412
8133747
8134805
8135791
8135869
8138642
8141732
8144110
8144425
8145326
8145470
8155108
8158697
8161723
8163326
8163582
8164371
8164392
8176243
8177124
8185478
8188021
8188088
8191637
8192117
8194756
8199558
8206112
8210184
8214729
8216280
8228558
8230430
8235551
8241608
8241911
8243901
8246919
8247048
8252222
8253682
8256519
8264308
8267221
8267259
8277331
8277950
8280466
8282971
8286957
8294954
8295132
8295656
8298978
8301374
8303408
8304131
8307398
8307728
8309861
8312383
8312643
8314675
8316187
8318653
8323000
8324118
8330752
8331159
8333469
8345783
8351273
8351440
8353634
8355628
8357347
8360816
8362831
8366920
8374167
8374773
8375424
8376116
8382958
8383715
8385590
8386798
8395400
8397278
8399502
8399517
8404047
8406141
8406201
8406865
8411204
8418216
8418560
8419205
8423156
8423659
8425161
8429809
8431431
8432226
8432453
8433436
8438697
8440380
8444177
8444630
8444679
8445453
8445910
8446756
8447600
8448298
8455784
8456170
8456696
8458401
8461463
8474397
8476630
8478947
8480289
8482391
8488097
8497197
8497566
8497585
8497820
8505782
8506019
8512716
8517860
8519085
8519962
8522272
8529625
8530586
8534501
8538104
8540483
8540690
8540790
8543833
8552068
8562092
8565798
8566894
8570110
8575477
8581844
8582072
8584239
8586262
8587263
8587300
8591826
8595489
8607866
8609227
8610290
8612272
8614339
8615371
8616800
8623438
8624470
8625232
8625572
8626537
8630572
8639377
8639486
8642519
8644520
8647793
8655197
8655987
8658299
8658756
8662817
8668479
8669585
8677818
8685754
8686182
8690280
8692797
8695459
8698517
8698867
8705094
8706899
8711525
8714706
8714966
8716482
8720502
8721703
8721986
8724878
8726862
8728932
8729692
8740709
8741931
8742457
8743552
8743980
8746139
8746624
8747297
8748987
8749100
8751544
8756612
8757102
8760096
8764593
8767367
8768972
8770768
8787317
8794648
8795284
8800725
8804832
8808297
8816165
8822708
8824646
8825251
8827210
8828874
8831423
8832614
8832669
8833897
8833913
8835742
8836229
8837060
8837641
8837756
8839160
8840357
8850258
8850291
8852078
8854274
8860055
8866117
8866380
8869652
8871488
8871682
8872932
8874110
8874250
8877453
8878051
8879274
8882035
8884085
8887011
8888426
8892576
8894438
8896813
8896878
8896962
8897440
8898664
8904258
8907212
8908328
8909279
8912485
8914354
8922986
8923145
8928095
8928617
8935732
8939506
8939727
8939801
8950883
8956988
8957322
8962615
8962894
8965399
8966754
8966809
8967620
8971184
8972615
8972761
8973689
8978168
8984090
8984612
8985848
8987871
8990909
8992910
8996664
8999756
8999779
9001388
9002529
9005001
9007595
9007846
9008086
9009684
9010472
9021037
9023232
9024012
9024336
9029759
9032337
9034884
9036246
9042862
9044005
9044321
9047061
9049335
9053042
9053604
9054505
9056710
9058572
9059880
9062578
9065625
9071617
9073244
9074101
9075084
9080109
9080614
9083327
9084261
9091545
9092896
9093238
9094555
9094999
9095519
9101107
9101359
9105551
9106766
9112021
9112616
9114295
9115049
9119238
9120663
9127419
9128351
9128406
9134476
9135094
9142934
9145788
9148860
9156867
9161951
9163353
9165296
9166505
9170609
9177532
9178165
9181656
9186402
9193969
9195849
9196370
9196854
9197976
9199120
9203650
9210531
9214095
9214484
9217514
9218131
9218769
9222228
9223419
9224208
9230022
9230788
9231237
9231553
9231929
9238105
9238981
9241987
9246734
9247849
9257002
9258819
9258964
9260724
9269154
9270385
9270596
9280410
9303415
9304530
9305564
9306951
9308235
9308956
9310612
9317435
9321668
9321682
9326093
9327343
9327906
9329524
9336441
9337629
9341323
9344133
9346836
9349986
9350846
9351330
9356488
9356807
9364204
9370759
9375731
9381647
9385061
9385390
9385532
9385615
9387391
9387856
9389493
9389870
9393063
9394484
9397702
9398569
9400642
9400694
9401718
9407630
9409701
9411789
9411951
9418315
9421488
9425509
9429994
9433458
9434990
9435922
9437945
9438236
9441886
9453429
9453997
9454079
9464160
9477933
9483865
9486276
9487149
9488058
9489547
9491290
9496082
9497407
9500823
9502060
9504802
9507876
9510739
9511418
9511531
9514526
9514869
9515122
9519645
9520865
9524876
9527118
9531123
9533516
9533656
9534005
9534423
9534612
9534920
9535286
9536116
9538542
9540841
9544201
9548780
9549465
9552300
9555990
9560640
9561842
9562780
9563661
9572191
9577126
9577912
9585860
9590701
9597559
9599000
9602488
9605385
9615353
9620357
9629205
9629521
9630134
9630392
9631564
9631595
9632623
9634267
9639294
9645500
9654833
9655769
9656256
9658030
9661373
9663104
9669003
9673497
9677796
9678114
9687584
9688036
9702425
9706925
9713875
9716784
9719071
9720834
9722827
9724754
9726622
9732397
9734275
9735217
9735334
9735507
9736079
9737346
9742402
9743144
9743204
9748984
9748999
9760193
9763196
9767907
9768026
9769159
9771591
9772641
9779818
9780076
9789558
9794971
9808266
9808959
9812964
9813631
9814919
9818248
9824980
9828991
9835769
9837480
9839836
9849513
9851091
9854571
9857862
9869565
9871537
9872946
9873618
9874184
9874272
9883403
9889944
9890061
9892857
9906096
9908061
9910115
9928364
9932607
9936379
9939485
9942159
9950026
9950825
9952945
9958823
9958851
9960679
9963231
9969207
9971956
9974032
9974677
9974838
9984387
9989870
9994838
9998299
10001871
10013701
10027452
10027703
10029061
10029203
10030342
10032009
10032121
10034952
10039243
10040273
10040352
10044921
10045489
10050594
10055492
10064922
10070182
10071613
10076690
10077816
10086201
10087199
10089639
10091260
10099153
10102487
10105932
10108986
10111496
10111783
10115333
10117772
10117898
10118279
10118433
10123524
10124123
10126312
10126958
10127573
10131387
10144691
10146341
10146697
10151053
10151312
10154657
10155127
10160612
10168343
10177386
10181999
10186134
10189460
10189875
10191063
10193641
10195528
10200618
10204445
10207420
10214629
10215420
10215569
10218005
10233915
10243642
10245032
10246064
10252025
10256965
10259568
10261640
10264846
10268787
10269364
10271996
10272028
10272030
10272879
10277849
10278922
10279209
10279566
10288726
10288890
10291574
10295109
10298517
10299045
10299958
10303284
10303919
10304619
10304751
10310694
10312013
10313554
10315785
10315997
10327881
10330345
10341430
10344738
10345122
10345387
10345642
10346013
10350796
10358596
10361573
10362965
10367129
10389050
10391781
10391901
10392150
10392278
10394607
10397465
10398598
10399012
10399671
10402345
10402681
10407088
10407276
10409443
10412792
10414607
10419332
10421677
10425805
10431237
10432457
10437201
10437496
10440135
10442485
10443103
10445234
10447360
10447856
10450155
10457963
10457991
10458804
10460696
10461183
10463148
10465383
10466860
10469077
10469121
10478971
10481202
10483831
10492519
10494377
10494875
10495595
10495902
10496166
10496814
10500745
10503051
10509749
10511595
10511816
10512278
10512334
10514424
10515142
10515506
10517723
10518224
10519750
10529471
10531175
10535845
10541624
10549237
10555277
10556393
10559343
10560008
10564481
10565479
10568692
10569059
10569094
10569843
10575832
10575908
10577952
10578325
10578636
10579537
10595085
10596882
10599001
10608457
10609811
10612129
10612650
10617351
10621464
10621655
10622217
10625781
10626032
10629553
10632877
10635986
10641481
10641661
10642268
10645602
10661477
10662107
10662909
10665844
10668596
10671292
10671485
10672483
10677532
10678762
10678883
10679514
10682474
10683440
10691833
10693508
10698267
10699750
10704546
10707209
10708086
10716440
10717318
10722028
10725105
10725275
10737709
10743179
10745298
10748314
10750818
10754619
10756945
10762902
10765139
10776534
10780984
10792310
10794461
10795070
10797414
10797620
10805534
10812617
10816011
10816041
10817038
10819399
10823813
10826612
10828067
10829668
10830941
10834403
10835624
10841587
10844744
10844927
10845075
10851182
10851646
10854978
10855774
10855892
10860694
10862279
10876957
10877841
10879376
10880856
10881582
10884590
10890018
10894640
10896565
10899059
10908425
10912907
10913019
10914049
10922913
10926589
10927743
10932001
10941662
10942770
10944262
10947517
10949402
10953407
10955014
10955765
10955868
10960322
10963572
10964393
10966938
10971397
10972908
10976276
10980660
10992600
10994998
10995399
10996348
10997619
10998738
10999719
11011499
11013010
11016525
11019963
11020812
11025177
11025764
11026131
11027490
11033084
11037031
11040169
11040242
11043126
11043193
11045507
11047512
11053289
11055834
11056283
11057146
11057330
11058883
11065541
11072748
11080015
11081496
11086807
11088934
11090581
11092631
11103830
11104730
11105432
11110458
11111160
11115814
11118052
11127120
11128067
11136934
11137768
11145780
11146491
11147654
11150694
11151554
11155157
11159954
11161036
11161278
11162211
11164430
11173844
11173866
11174902
11175779
11181830
11182488
11187246
11191607
11192591
11192706
11201806
11202801
11216410
11217629
11220405
11230025
11232706
11233444
11235127
11235340
11240213
11240705
11240824
11243373
11246206
11247804
11248882
11252520
11254885
11256609
11259439
11266324
11266787
11273759
11278373
11281064
11282177
11282914
11283791
11284075
11287207
11289866
11293548
11293683
11294129
11295315
11295909
11297350
11301480
11314437
11317727
11318323
11324233
11328727
11333280
11335831
11340234
11343703
11343735
11345264
11345706
11352379
11354294
11355015
11356331
11357711
11366765
11377066
11381404
11383178
11383425
11383714
11385102
11387692
11389399
11389544
11391714
11392834
11393021
11393790
11399522
11401667
11402633
11403224
11403272
11404694
11406581
11414337
11414835
11417207
11420561
11421703
11430563
11433686
11434998
11438077
11439745
11443544
11444086
11444269
11444660
11453221
11455120
11460613
11461545
11466291
11466685
11468475
11475736
11479067
11482178
11485759
11490460
11490605
11492555
11492820
11494186
11495134
11495460
11501550
11504272
11504405
11506351
11506961
11507947
11508780
11509788
11510896
11513985
11514857
11515106
11516685
11522053
11522130
11524760
11526689
11530402
11534414
11535691
11537017
11542568
11543379
11547265
11548332
11549147
11557811
11562658
11564310
11567379
11570978
11571906
11572677
11575627
11579050
11580510
11583546
11587354
11587917
11603535
11603800
11604818
11611571
11615437
11615562
11618603
11618629
11620096
11620120
11629069
11630176
11632708
11633230
11640547
11646627
11647555
11647571
11651464
11657501
11658449
11659475
11664451
11666563
11667186
11668798
11669225
11679576
11685669
11689554
11692381
11695884
11697743
11705839
11706132
11707273
11708136
11714790
11716735
11718486
11719116
11719851
11720149
11724933
11727176
11731810
11731878
11736161
11743560
11745621
11752182
11754875
11757780
11760693
11771792
11772951
11772970
11776392
11779622
11781037
11788198
11789125
11798615
11802950
11804846
11812222
11812935
11816462
11817887
11820682
11821402
11823641
11828577
11832741
11835328
11837608
11840746
11841385
11844384
11844625
11845933
11846902
11847492
11847994
11848147
11850773
11851241
11852990
11854094
11855333
11856870
11862557
11867935
11869257
11870567
11872171
11875952
11878435
11881160
11885493
11890126
11890180
11890195
11890496
11896724
11912476
11913111
11913783
11919596
11920808
11927125
11937897
11942950
11946237
11947152
11947313
11947401
11948457
11954709
11957336
11962433
11962573
11964644
11968570
11972633
11982882
11983839
11988308
11994206
11995051
12000295
12003623
12003837
12004416
12005500
12006530
12007748
12021019
12024558
12026534
12028415
12032701
12041542
12041624
12041790
12053681
12055789
12056390
12059752
12063617
12063704
12063915
12068761
12070293
12075307
12076764
12077266
12082831
12083259
12086597
12089533
12093226
12095018
12095639
12097309
12097353
12097929
12101840
12103419
12107018
12115507
12121538
12123839
12127298
12128028
12129971
12133290
12136744
12137129
12140722
12141302
12144805
12146514
12147303
12151704
12152567
12153242
12153319
12153681
12154125
12160822
12162766
12173573
12175552
12175829
12176682
12183979
12189511
12191883
12193390
12195839
12196437
12196776
12199316
12201019
12201027
12202337
12203517
12204126
12206644
12206683
12208385
12213304
12214305
12215292
12222013
12224002
12228572
12229968
12233325
12234380
12236523
12237267
12238784
12244843
12246309
12254231
12257946
12260695
12260887
12261589
12262354
12264249
12265757
12266999
12267672
12269971
12270805
12283158
12286732
12289949
12290899
12291522
12291773
12303277
12307677
12309004
12314581
12315377
12315723
12319326
12320108
12321988
12325104
12325210
12326012
12327406
12327473
12333269
12343869
12343991
12349428
12353341
12353748
12356246
12359078
12359126
12370117
12375345
12375970
12377601
12379055
12379689
12385292
12388195
12394166
12398881
12398971
12401708
12404067
12405294
12407273
12407530
12414923
12420790
12424702
12432080
12434218
12435061
12443617
12445802
12447187
12448038
12452757
12459798
12464394
12466164
12470521
12474034
12476564
12482769
12485498
12486231
12487869
12494300
12494305
12501305
12509466
12509946
12510736
12515721
12516639
12517622
12518434
12521632
12524227
12527731
12528325
12533976
12537231
12538724
12540371
12542183
12544214
12553061
12553209
12559569
12565336
12568272
12571826
12578182
12579017
12584436
12587941
12592931
12594639
12596559
12603415
12609377
12614843
12616651
12619250
12620011
12623724
12627816
12632144
12635003
12635257
12637240
12639113
12639865
12641285
12641939
12643964
12646400
12651124
12657338
12659061
12661828
12663455
12664687
12667266
12669015
12671039
12680622
12685943
12691764
12694003
12694129
12700473
12703669
12712143
12715112
12715495
12716395
12720524
12720654
12726328
12728891
12729170
12730306
12731126
12734595
12736302
12736588
12737409
12738144
12742742
12746354
12747894
12764756
12776976
12780104
12781707
12786174
12787135
12795103
12797794
12805021
12809486
12811454
12814003
12815198
12816587
12816630
12817356
12817435
12818492
12822277
12824747
12825038
12831969
12834682
12835651
12840218
12840679
12848176
12850838
12853893
12856776
12857741
12859486
12860220
12865657
12874304
12874987
12876325
12877741
12879222
12885149
12885485
12886566
12890059
12890374
12893939
12898501
12907216
12909073
12909711
12920723
12922901
12924796
12925513
12930924
12931296
12934402
12937945
12944377
12946428
12948256
12949168
12951910
12953668
12958138
12964291
12964331
12965792
12967411
12970046
12972180
12974347
12978754
12978961
12982997
12983181
12984152
12984358
12985982
12991923
12995007
12995855
12996099
12997169
12997843
12998659
13003695
13006114
13006749
13011009
13019951
13038246
13038791
13039943
13044180
13044590
13045026
13052084
13056889
13062417
13064595
13064678
13067195
13069216
13072216
13073042
13075465
13076244
13076493
13078850
13078974
13081534
13084559
13086490
13090655
13099561
13102172
13102187
13103739
13117002
13119314
13122658
13122734
13122916
13124284
13127687
13140539
13142686
13145955
13150248
13150535
13150818
13155050
13157505
13158095
13164272
13165255
13165430
13166566
13167255
13169901
13170431
13172079
13177931
13184965
13190806
13192138
13193056
13193943
13197064
13197881
13213476
13216460
13219982
13223650
13230860
13231361
13235684
13236535
13241351
13249284
13260095
13260261
13262483
13263247
13266140
13268793
13273268
13273501
13276582
13276948
13277973
13292062
13294100
13296799
13297219
13299527
13305105
13305167
13306056
13308808
13316622
13320850
13323373
13327668
13330002
13330290
13331417
13335738
13341574
13342311
13344249
13344577
13344995
13345769
13346334
13347168
13349117
13349414
13349552
13349810
13351222
13355747
13356977
13357250
13363744
13366632
13368945
13369475
13373023
13374878
13375593
13375695
13379890
13383890
13384122
13384602
13384797
13414943
13417346
13423078
13423133
13427586
13428469
13432260
13432480
13434293
13436538
13446191
13448358
13451533
13454287
13458010
13461521
13461749
13464040
13464886
13470900
13473222
13474685
13476149
13483897
13486418
13487597
13488871
13490220
13500353
13501706
13506685
13509983
13512395
13513933
13515390
13517307
13517759
13521897
13523803
13524142
13531711
13532281
13532358
13532892
13532905
13537088
13552021
13554471
13556868
13561785
13561831
13564959
13567567
13571178
13573488
13573991
13575611
13575628
13579151
13581584
13586546
13590575
13590786
13590943
13597238
13598365
13599625
13603088
13610705
13612579
13614303
13620039
13624176
13630078
13631660
13634053
13636641
13640053
13641387
13642100
13642834
13644432
13645145
13645236
13645656
13647908
13648937
13649201
13650499
13657549
13659964
13663282
13675834
13678677
13684282
13685427
13687032
13688623
13688779
13692678
13695068
13701945
13702600
13707594
13709315
13710257
13710357
13711688
13716420
13716688
13717383
13722168
13723537
13734533
13735022
13735801
13736729
13737384
13741093
13745573
13747956
13752031
13757556
13759477
13760496
13764229
13767944
13768123
13769519
13769604
13774107
13774907
13779081
13779740
13782451
13783133
13783708
13791705
13792350
13798599
13803786
13805573
13808132
13812443
13813711
13813983
13816731
13816788
13817059
13818167
13818198
13825350
13826634
13827198
13827573
13833554
13839718
13854499
13856199
13859275
13862537
13864050
13864198
13866978
13878936
13880890
13883413
13885474
13890029
13898026
13900970
13901775
13910581
13910645
13914095
13916226
13917948
13918451
13927288
13936534
13942112
13950127
13952922
13955840
13956129
13956838
13958916
13961017
13962426
13966847
13967449
13971728
13973260
13978238
13986611
13986703
13988607
13989907
13996009
13996711
13997960
13999305
14000496
14001553
14003932
14004432
14004448
14005832
14009949
14016967
14019520
14020904
14021859
14028334
14029337
14033414
14041225
14042100
14042293
14044981
14046392
14047314
14049106
14049592
14050562
14050840
14054899
14056805
14066652
14067317
14067698
14068477
14075629
14077024
14079167
14083977
14084067
14088894
14091702
14092427
14093982
14094458
14096373
14098939
14102928
14104010
14105280
14109487
14116375
14118475
14122713
14124971
14128151
14128789
14133404
14135485
14136239
14137241
14138948
14139338
14144707
14155938
14156422
14165096
14170532
14171775
14175269
14177286
14177438
14178447
14181803
14182969
14183195
14195349
14197136
14197808
14198017
14198856
14201457
14203032
14204996
14205345
14207539
14209799
14217306
14217311
14220015
14225811
14227542
14228262
14237699
14242454
14246325
14247419
14247741
14250446
14254427
14256850
14257536
14259820
14260790
14266926
14266938
14267311
14270808
14272657
14272907
14273832
14274880
14279186
14284038
14286446
14290736
14292291
14292469
14293270
14302288
14305070
14309250
14316621
14326606
14327560
14327968
14331012
14331852
14335948
14338064
14339473
14346836
14348551
14349211
14351158
14352930
14363307
14368815
14369627
14373490
14375264
14379145
14381629
14384607
14391194
14395570
14395884
14400042
14409533
14415061
14419198
14427037
14430951
14432394
14435272
14440594
14440616
14445228
14445540
14446137
14448663
14449144
14452672
14472796
14492735
14495497
14500226
14504473
14506911
14507020
14509954
14516407
14537336
14540587
14545190
14545240
14545972
14547502
14547969
14553009
14561360
14571181
14571378
14571496
14574867
14578570
14578714
14581085
14582332
14583817
14591863
14593400
14598305
14600657
14601756
14602191
14602771
14603389
14603637
14605067
14616594
14617221
14620793
14627634
14629902
14630420
14635144
14639028
14640586
14645103
14646921
14649290
14650252
14654915
14655321
14656961
14667207
14671488
14672108
14672178
14679833
14693823
14698515
14702435
14706250
14721519
14734993
14735278
14744400
14748081
14750711
14751480
14751799
14752437
14752637
14757245
14757288
14763329
14764416
14764872
14773909
14778206
14779248
14783671
14785090
14786254
14787105
14788762
14790739
14802663
14803946
14807218
14810012
14810844
14813368
14818028
14818062
14819783
14825432
14828726
14830352
14831100
14837810
14839722
14839969
14841091
14841360
14841989
14842278
14843270
14843808
14844797
14845258
14846539
14847280
14851118
14856630
14859055
14859704
14862484
14865908
14871291
14871952
14873448
14873451
14876295
14879919
14880569
14881309
14883762
14885849
14886406
14886833
14889045
14889447
14890691
14895640
14900887
14902560
14906006
14907647
14908442
14910933
14911351
14914393
14915627
14920272
14925968
14929682
14933749
14938244
14944654
14945572
14947503
14950217
14951116
14952306
14952663
14957063
14957212
14957731
14959080
14973016
14980261
14985135
14985875
14995395
14995561
15000760
15007636
15018847
15022319
15024959
15025255
15029297
15032947
15033545
15034398
15038586
15042447
15048459
15058429
15059566
15061002
15070391
15073334
15079132
15081373
15091462
15091465
15092882
15093739
15094699
15096678
15097672
15100567
15106023
15111014
15111756
15116665
15117306
15120291
15120998
15124470
15126070
15130754
15136701
15143837
15153621
15155575
15159605
15160930
15168307
15168875
15183479
15187886
15197302
15200161
15204738
15206254
15209453
15213524
15218520
15220453
15222282
15222679
15224457
15226923
15227364
15227675
15227937
15231567
15232109
15234430
15241601
15244052
15258502
15259505
15267300
15272382
15272842
15277093
15277583
15281160
15292041
15293231
15295153
15295283
15295974
15297918
15298669
15299138
15301281
15305778
15306082
15306807
15306876
15308205
15310481
15317588
15319077
15327634
15328404
15331842
15332910
15333206
15344119
15348375
15349371
15352692
15362266
15362351
15363829
15364356
15370505
15373762
15375667
15379721
15384641
15386766
15390571
15392120
15396783
15398835
15401329
15402426
15403060
15405875
15408417
15409976
15419290
15420963
15421355
15422071
15423884
15424942
15427779
15429991
15432008
15433678
15434629
15436272
15436770
15437341
15438323
15440154
15442493
15443272
15446975
15452993
15460108
15460157
15460374
15462280
15463760
15470866
15473279
15475915
15481268
15484973
15485817
15488206
15490372
15492784
15493637
15497873
15499045
15502275
15504806
15510464
15514962
15518536
15522641
15523559
15528099
15528831
15532130
15533406
15533917
15534275
15535282
15541246
15544847
15553876
15554258
15556175
15571019
15571524
15573696
15579281
15579558
15580128
15581613
15582368
15582426
15582839
15587572
15591140
15591457
15598974
15601728
15603544
15607048
15609040
15618506
15619999
15620916
15623819
15632894
15636069
15636150
15638756
15641589
15645381
15652775
15653791
15657204
15659182
15666038
15666535
15667554
15667809
15684283
15687576
15694640
15697123
15697350
15697620
15703659
15706830
15714666
15715561
15716789
15719974
15720242
15722963
15723201
15725476
15725686
15729010
15736800
15736959
15739687
15743109
15745453
15747137
15750408
15750973
15752386
15756442
15756874
15764024
15766630
15767952
15768294
15768459
15779475
15779537
15780874
15789048
15789783
15790624
15792069
15813290
15821566
15822181
15822474
15835974
15837286
15839138
15840713
15841932
15847396
15849131
15852016
15856518
15859922
15860194
15862521
15863274
15870247
15871097
15873997
15884972
15887171
15887226
15895228
15897710
15898038
15903978
15906423
15908727
15913237
15922795
15927298
15927997
15930155
15930897
15933871
15938406
15947871
15948735
15950408
15951719
15965928
15967488
15971773
15973434
15973735
15974638
15975730
15983739
16001643
16002708
16006268
16007470
16009261
16012934
16017596
16018075
16022764
16023655
16030257
16042269
16045783
16046248
16047039
16051454
16054800
16057380
16057593
16061089
16061625
16067869
16068230
16071455
16072284
16075949
16077461
16090240
16090260
16094660
16095673
16098757
16103833
16106083
16106385
16107966
16111708
16116141
16120822
16121459
16123546
16123630
16126398
16130800
16132754
16133917
16139604
16144838
16145329
16156120
16158301
16160627
16161064
16161235
16162788
16163624
16170772
16170900
16172395
16179733
16186082
16190964
16194970
16205503
16210356
16211396
16212589
16213217
16214593
16215992
16217468
16217513
16224663
16228292
16230404
16231869
16236284
16237302
16237558
16239053
16242982
16249890
16253020
16254416
16256667
16259836
16260860
16264287
16264986
16266595
16271093
16287649
16289458
16290604
16291021
16291670
16291774
16295202
16304907
16306851
16313921
16321754
16326578
16327752
16337888
16339025
16341139
16347422
16347549
16349173
16349233
16349925
16350459
16350768
16353387
16354731
16358237
16359059
16360459
16361060
16369419
16369953
16373328
16376001
16377034
16377229
16377984
16378080
16378913
16383112
16383571
16384638
16389127
16389540
16392226
16402763
16404446
16405109
16406246
16409198
16411966
16414772
16421274
16426358
16435105
16436565
16443990
16444152
16445915
16446670
16446751
16447411
16449574
16451309
16454484
16455394
16456076
16456768
16460317
16460541
16464336
16465564
16466443
16467214
16467701
16468656
16469263
16471746
16474359
16478697
16487408
16487980
16493731
16498715
16499331
16500275
16500743
16501995
16505154
16507083
16512119
16516357
16517733
16518816
16519985
16520707
16524794
16529123
16530312
16530603
16532480
16537902
16539676
16546824
16552245
16559302
16561919
16564709
16564840
16569524
16580653
16584906
16585979
16586231
16586714
16600870
16604391
16604815
16605182
16607487
16607759
16608359
16612798
16620162
16620734
16626437
16634152
16635757
16635871
16647358
16662301
16666967
16667409
16682098
16685715
16687738
16699126
16701051
16703256
16703951
16708765
16709114
16717377
16726530
16728960
16729475
16729538
16730845
16735635
16739873
16740769
16741206
16743175
16745908
16746680
16748237
16748692
16749269
16752970
16755567
16759125
16763386
16769596
16771327
16773106
16774506
16775237
16778733
16779590
16784829
16785459
16787291
16789892
16790596
16802925
16806843
16815657
16818020
16818753
16820648
16821060
16821101
16822025
16824517
16826981
16827891
16831663
16835092
16837431
16840704
16843094
16845387
16845664
16846292
16848109
16852772
16855474
16858920
16865885
16869528
16873897
16875370
16876623
16882292
16893573
16893977
16896019
16904930
16908621
16910361
16917822
16918408
16926499
16928060
16932659
16934752
16937429
16937459
16940542
16942032
16942332
16946177
16946306
16948962
16953418
16957810
16959432
16960707
16960784
16962677
16963527
16963815
16967446
16976284
16978390
16978453
16985138
16987856
16993890
16998848
17003722
17004557
17009423
17012854
17012905
17014053
17014279
17018698
17019347
17019990
17021476
17025026
17036819
17044513
17054226
17054356
17055930
17059095
17069335
17076818
17076871
17078100
17080791
17083129
17084627
17085708
17088265
17089026
17098641
17098694
17099295
17104283
17104519
17105632
17107540
17107848
17110155
17113061
17116343
17118485
17118956
17121542
17122956
17123361
17124199
17125620
17127420
17127672
17130356
17130518
17131081
17132235
17135025
17137546
17139132
17140374
17140751
17142260
17144201
17144859
17148768
17150595
17151006
17151550
17153928
17155246
17156668
17158403
17163206
17163284
17169539
17172074
17174395
17176589
17177360
17188671
17188681
17188884
17189234
17192970
17205327
17205715
17205781
17206290
17207258
17208491
17210222
17212755
17217629
17220438
17224650
17228654
17228899
17231024
17234617
17237413
17237545
17239329
17242426
17242710
17242758
17247283
17261116
17261798
17262679
17265457
17267896
17268012
17268397
17270876
17280191
17281746
17282020
17287316
17290698
17290786
17293940
17301613
17303985
17308152
17308875
17310844
17317068
17317716
17320680
17328078
17329028
17332373
17333913
17336741
17339892
17341983
17342723
17345716
17345925
17351747
17352793
17357044
17357791
17358106
17363955
17367094
17375498
17378973
17380372
17380723
17381169
17381199
17387221
17388621
17389959
17390112
17390151
17395091
17399683
17399874
17401466
17408556
17409600
17410029
17410974
17419375
17424426
17425129
17430301
17433363
17434026
17442089
17443809
17450833
17455078
17457749
17459054
17464073
17465261
17473334
17476112
17480930
17489173
17489201
17489706
17493308
17493496
17501100
17501360
17509257
17509695
17517984
17524140
17530210
17530893
17532916
17544537
17545590
17548231
17553658
17560999
17569861
17570503
17571139
17571454
17574087
17576795
17577164
17578671
17582553
17583610
17584761
17588990
17594165
17594786
17595586
17597212
17598508
17600207
17606649
17608495
17614340
17618332
17619518
17624731
17627863
17628417
17630846
17638940
17640176
17644274
17646781
17649349
17652810
17658569
17660264
17670465
17673300
17676898
17679289
17679400
17680440
17682892
17684580
17685730
17690927
17695147
17699697
17703601
17703824
17704277
17706689
17712208
17713664
17716279
17719091
17720409
17722361
17722460
17723420
17730148
17735430
17740338
17741025
17741702
17752098
17754526
17754848
17755087
17761632
17765038
17769581
17778192
17779312
17785740
17786533
17786766
17787429
17787590
17790055
17791476
17792310
17793116
17795996
17798544
17801287
17803615
17813633
17814189
17814948
17819089
17819346
17821099
17823481
17825104
17841612
17845345
17846822
17849049
17849379
17850777
17856366
17861407
17863013
17864643
17865774
17865900
17868897
17870366
17870982
17877273
17879344
17880022
17880727
17882453
17882622
17885015
17885962
17886152
17886600
17887436
17888348
17890160
17891827
17892939
17893243
17901730
17902133
17903762
17905441
17908225
17910920
17911688
17913131
17919438
17924579
17926088
17932183
17935457
17936495
17937409
17938456
17947883
17955081
17965270
17965969
17966985
17968767
17975962
17977948
17980317
17981566
17982481
17983615
17985208
17994621
17997244
17999453
18003957
18004613
18007222
18011442
18012121
18013286
18013495
18013876
18014419
18024935
18029387
18029782
18030910
18031660
18032972
18038211
18050155
18050444
18055880
18057615
18058860
18059845
18062495
18063114
18065033
18066171
18068068
18071090
18077293
18078608
18079451
18086789
18088162
18090552
18098133
18100149
18109813
18117045
18118173
18119548
18122274
18125864
18131027
18132150
18133660
18137653
18142774
18146305
18147923
18150744
18152080
18152572
18159191
18168831
18169532
18175593
18177927
18181542
18183021
18188050
18190511
18192775
18195316
18199182
18202772
18203060
18206809
18210560
18210838
18212396
18216678
18218345
18218441
18219701
18220698
18224772
18226232
18229066
18229797
18231381
18237595
18237973
18247646
18251671
18252050
18255766
18269893
18274671
18274892
18277395
18278097
18280589
18280788
18285293
18285638
18285812
18290173
18290449
18291192
18291633
18297668
18302511
18303041
18304462
18305160
18323239
18325191
18327076
18329208
18334374
18337679
18339676
18343571
18344582
18349103
18349514
18351808
18354011
18359407
18359628
18362275
18362931
18364883
18370114
18374952
18375934
18379751
18390291
18395425
18396221
18397593
18397954
18402465
18410477
18417280
18418481
18420625
18423110
18427751
18431239
18436098
18438669
18438848
18443567
18449612
18454772
18458534
18464470
18464536
18466871
18467963
18478429
18478649
18480341
18485080
18486637
18488328
18492544
18495512
18496898
18498974
18499224
18502697
18502699
18508450
18512323
18512655
18518374
18518960
18519054
18520419
18523402
18525862
18526354
18526412
18527867
18528250
18530463
18533130
18533716
18535754
18536572
18537323
18539021
18539776
18540175
18544168
18544263
18546650
18549609
18549879
18553128
18559943
18562175
18564411
18578477
18578818
18591318
18591803
18592851
18594087
18594131
18598414
18607670
18609148
18609361
18610224
18620570
18622585
18625868
18625972
18629181
18630801
18631035
18633738
18633907
18644405
18650327
18653082
18654707
18654727
18658453
18662942
18664424
18666894
18681141
18681347
18684350
18686899
18687864
18694725
18702775
18703972
18707278
18709138
18709295
18710652
18716201
18719752
18721092
18722551
18723031
18724019
18725602
18726342
18746311
18747476
18749976
18756018
18758061
18758917
18763269
18766880
18771368
18772981
18774014
18776333
18778080
18779513
18787042
18801506
18802644
18804199
18804929
18809319
18809706
18809741
18812460
18817253
18819155
18821687
18831349
18831430
18838991
18841138
18843964
18846524
18855070
18867848
18869267
18872703
18875093
18875732
18877564
18877663
18878549
18880983
18883907
18886587
18891279
18894414
18895167
18908347
18908917
18912346
18916608
18919193
18920078
18922270
18925491
18927079
18928636
18932029
18932651
18935325
18938824
18938976
18941695
18962429
18962560
18964286
18964352
18968835
18974563
18975841
18976265
18987497
18989969
18990157
18992851
18998005
18998880
19000586
19009082
19009960
19012828
19014972
19016091
19016962
19017299
19018398
19018927
19022433
19026417
19030848
19031637
19036479
19038453
19044203
19045305
19047143
19051039
19054451
19059732
19060568
19060650
19062985
19065055
19065374
19067226
19067721
19071443
19072608
19073269
19073972
19083260
19084285
19092570
19093223
19094800
19095967
19101182
19104032
19110220
19111922
19113180
19115119
19118030
19122331
19122747
19124586
19128160
19128284
19133439
19133619
19135437
19140168
19145192
19145995
19147309
19152092
19160063
19163533
19164629
19171233
19172794
19172988
19173630
19174327
19175324
19176646
19182081
19185243
19187705
19189733
19192709
19200303
19201057
19210127
19213149
19215499
19223937
19225427
19228178
19236076
19238378
19239208
19240263
19246553
19249160
19250546
19250579
19252157
19252346
19254528
19255135
19261476
19263850
19267535
19268480
19269259
19273194
19276808
19279151
19280256
19283455
19284901
19285555
19286036
19298360
19301218
19301857
19304602
19308968
19310947
19311172
19313411
19316490
19320059
19320157
19323046
19326423
19327920
19331355
19334782
19338922
19341598
19346255
19346505
19347491
19349786
19350189
19352290
19353137
19353344
19356267
19356987
19362856
19369127
19375289
19375573
19378746
19384480
19387692
19389653
19393097
19403572
19406218
19408427
19413779
19416708
19416946
19418961
19423633
19424315
19424495
19429555
19429707
19431771
19432985
19433008
19439194
19439859
19442422
19447968
19449774
19453158
19453299
19460626
19462075
19471765
19472757
19489935
19492102
19494864
19495402
19501232
19501875
19510975
19517116
19517852
19522975
19523744
19532239
19534672
19538721
19542771
19544190
19555653
19559446
19561141
19568465
19571475
19573933
19576239
19576558
19577163
19580038
19580380
19581423
19583323
19584144
19587220
19588697
19594812
19596629
19598769
19599224
19604162
19606285
19608438
19609378
19610636
19613347
19614243
19616999
19624348
19628494
19630459
19632177
19632754
19635418
19635619
19635672
19636574
19645358
19653828
19655863
19659307
19669906
19677245
19686690
19687505
19691842
19695735
19706660
19708119
19713212
19718132
19720655
19722971
19723430
19732029
19733961
19736341
19739656
19742501
19747970
19751314
19755145
19760614
19761455
19762862
19764789
19767214
19772905
19773488
19775176
19776330
19776612
19777321
19782333
19793821
19798172
19801234
19803256
19813410
19822507
19825306
19825862
19828059
19830587
19842716
19844309
19844716
19846454
19852640
19854817
19860539
19864204
19865908
19867434
19870780
19872219
19872932
19874421
19877112
19878341
19881489
19882542
19886642
19886713
19887997
19888608
19892705
19892967
19893408
19896858
19898223
19898361
19904614
19905852
19911416
19914430
19917500
19926158
19926950
19936174
19939135
19939570
19939735
19942106
19942299
19949036
19953250
19960317
19960340
19968551
19969291
19972115
19972920
19973530
19989018
19989514
19999249
20000918
20009129
20012389
20012398
20012877
20020733
20024583
20028409
20037648
20039453
20044641
20045459
20045557
20048846
20049413
20053163
20054064
20054433
20055392
20055668
20058267
20058433
20063427
20064843
20066193
20070137
20072962
20079306
20081846
20082739
20084752
20084900
20090172
20091349
20095389
20097718
20100625
20101659
20104025
20104693
20108939
20110131
20110919
20112240
20116322
20119824
20120980
20123615
20125986
20126710
20127364
20127432
20129702
20132197
20138928
20139392
20139705
20142515
20151862
20154268
20154616
20157128
20159206
20159576
20160862
20167095
20169730
20176351
20178714
20179063
20186554
20188005
20188227
20188995
20194672
20196949
20197630
20198846
20201081
20202082
20202121
20202888
20204289
20212428
20213458
20219031
20219273
20225670
20229616
20230807
20234040
20236578
20237419
20238578
20243132
20243390
20244985
20245646
20249807
20255975
20261849
20263699
20264194
20265667
20266662
20275867
20279376
20282552
20287578
20288410
20297568
20297999
20298209
20301581
20302040
20306942
20308088
20309635
20310324
20315105
20316515
20321859
20330660
20333784
20335643
20336911
20348813
20354486
20354880
20357949
20360065
20362736
20365455
20368618
20369601
20382162
20386927
20390409
20391719
20391869
20396479
20401369
20401787
20403794
20405756
20409410
20420203
20422147
20426103
20426244
20426637
20426921
20429924
20430085
20433042
20434878
20436464
20443595
20445778
20447469
20456580
20466442
20466529
20470419
20476082
20478729
20485504
20488405
20493438
20509565
20509719
20510414
20513296
20515624
20518659
20520511
20521987
20522012
20523097
20523670
20524043
20526956
20535896
20542729
20545238
20547392
20547472
20551405
20552320
20553678
20557171
20567898
20569611
20570586
20574023
20582774
20584740
20586611
20590649
20593112
20593841
20594836
20595623
20600142
20600226
20609623
20611286
20617203
20617484
20632516
20634519
20639391
20641257
20644849
20646951
20648910
20653188
20655640
20655854
20659223
20661994
20666854
20670121
20673873
20676583
20678062
20683796
20688378
20695191
20697105
20701307
20702570
20702865
20703621
20706247
20713038
20713276
20719567
20720419
20721673
20731997
20735013
20735492
20737353
20737686
20737796
20739966
20745918
20747519
20748303
20749044
20749768
20753709
20754015
20757088
20763987
20764080
20764633
20768755
20769819
20773079
20774624
20778430
20778748
20783108
20786214
20788166
20790264
20791425
20798181
20799162
20804160
20813871
20823188
20826919
20827931
20831095
20834582
20841141
20852665
20854092
20858954
20859653
20860775
20863518
20864005
20865412
20868994
20870851
20875635
20881460
20885489
20886388
20887364
20888818
20894755
20896660
20899376
20900518
20905047
20908735
20909322
20915719
20916553
20916905
20917369
20919510
20920996
20923320
20924154
20924908
20927671
20929609
20930052
20930505
20931130
20941328
20941426
20942956
20945169
20946214
20952542
20954845
20956083
20959122
20959292
20964590
20965684
20976407
20989945
20990472
20992854
20996151
21003269
21017149
21017960
21021681
21023578
21027303
21032676
21032988
21033398
21034335
21037175
21038574
21043139
21046012
21048907
21052220
21053918
21054321
21056498
21057867
21065254
21065483
21069440
21069805
21071001
21074326
21082776
21087004
21089846
21096602
21097412
21101991
21102488
21104146
21104562
21105703
21108588
21111756
21114964
21115091
21115610
21119588
21120713
21121078
21121335
21123191
21123547
21127849
21129419
21132083
21133720
21134295
21135552
21139893
21146312
21146410
21147313
21150311
21152355
21153317
21154630
21155264
21156431
21159985
21161683
21170881
21172583
21178813
21187627
21187892
21197715
21199253
21199593
21201167
21201561
21208004
21208638
21208695
21213213
21213580
21219015
21225289
21227253
21228399
21229770
21229955
21236094
21236931
21237076
21239535
21241717
21242681
21245977
21247763
21248748
21251709
21258438
21261885
21262291
21263136
21272271
21273423
21275472
21276941
21278094
21288048
21289138
21290862
21292178
21292347
21296609
21302385
21306275
21310100
21311962
21314012
21314135
21315505
21320918
21320993
21323236
21327659
21331570
21338517
21339165
21340119
21346774
21346963
21349747
21351310
21352377
21352741
21352948
21358655
21365176
21367361
21372873
21373265
21374672
21379613
21379865
21382063
21384555
21387972
21388276
21392936
21395056
21396186
21401072
21406095
21406261
21407852
21410015
21411166
21412914
21415648
21417093
21428746
21430133
21430287
21431623
21434435
21437073
21438725
21444846
21445751
21447195
21447929
21451199
21452376
21454472
21454663
21458995
21459491
21460642
21464989
21467409
21468408
21469637
21473725
21474843
21478098
21488156
21488462
21498145
21499413
21500574
21500800
21502301
21505273
21510352
21511783
21515661
21521913
21526940
21532917
21535063
21537153
21543406
21550712
21554128
21556961
21558451
21560588
21563738
21566439
21579190
21580995
21592789
21596846
21597918
21602996
21603761
21604485
21605880
21609947
21616017
21618313
21623197
21625338
21627395
21629342
21631341
21638772
21639354
21639527
21642430
21644288
21648548
21649920
21651706
21658052
21665352
21670287
21673646
21675554
21675608
21679950
21684989
21692962
21693230
21696397
21698756
21701932
21702434
21703659
21704297
21706064
21706177
21711654
21714506
21714800
21718507
21723484
21724095
21724920
21732639
21735564
21737747
21737786
21738568
21743846
21744875
21746707
21748879
21752761
21756802
21759276
21761091
21765318
21767249
21775417
21776926
21788665
21801896
21804156
21812451
21812947
21816257
21816367
21818064
21824450
21824847
21826132
21833282
21836643
21837786
21841332
21844551
21846029
21846266
21847984
21848048
21852902
21857324
21857608
21865471
21865558
21875188
21878957
21880545
21882467
21884458
21884724
21887520
21896551
21903748
21905421
21912449
21912779
21917469
21919867
21925344
21925909
21945142
21950493
21951353
21953270
21955995
21959816
21959846
21962576
21966900
21975821
21977494
21981387
21987160
21987234
21987588
21988708
21989314
21993957
21996203
21999679
22000928
22002198
22003728
22004890
22010485
22010510
22016251
22017140
22017983
22019500
22024187
22024500
22026402
22027903
22028249
22029421
22029920
22029973
22030720
22033474
22035206
22039934
22041814
22042990
22043302
22043848
22044511
22063145
22063247
22064577
22064857
22067134
22071443
22072477
22078934
22085165
22086622
22090295
22094045
22095833
22098014
22099420
22100586
22105333
22115033
22126524
22127012
22128238
22131373
22134425
22136435
22137779
22137934
22141250
22141919
22147560
22156648
22159417
22164020
22183837
22183902
22189680
22194910
22198730
22202242
22211934
22217778
22220848
22222089
22223363
22226179
22232435
22237195
22241448
22245434
22246019
22250513
22251752
22257420
22257457
22264436
22264658
22264921
22275916
22282943
22285432
22287547
22287934
22288836
22291976
22292405
22294146
22297850
22298347
22299048
22299492
22306955
22311069
22316169
22316721
22317262
22325896
22327101
22331548
22333186
22338475
22339817
22340254
22341521
22346806
22349494
22349513
22350533
22357246
22359887
22360296
22368562
22368898
22371382
22374081
22375113
22376064
22376071
22379801
22392742
22393987
22396145
22396862
22399669
22400265
22400429
22405133
22405803
22408753
22411701
22411881
22414023
22414214
22422878
22425175
22426746
22436339
22439102
22444872
22447451
22450255
22451465
22455840
22456916
22462698
22468213
22472413
22475722
22478612
22481893
22485994
22486722
22492112
22493052
22498829
22507052
22509119
22513563
22514395
22515267
22519098
22521535
22522865
22523308
22525203
22527048
22527874
22528594
22533038
22534648
22535380
22535803
22538219
22539360
22545750
22549795
22558521
22566793
22568373
22572548
22578541
22580628
22580713
22580792
22582914
22584406
22584552
22585964
22587514
22587605
22591979
22600746
22610943
22614403
22615207
22615889
22617629
22617750
22618563
22619467
22620325
22624702
22625943
22627128
22627931
22628497
22629273
22633087
22633106
22641029
22652759
22656025
22658510
22661435
22672482
22672545
22674361
22683627
22683657
22688488
22690881
22691250
22691944
22693226
22694631
22695685
22704637
22709315
22717533
22721539
22723252
22726028
22732404
22734214
22745885
22749247
22751466
22751984
22755794
22758893
22759554
22760574
22761130
22764173
22764345
22764505
22766833
22772217
22773996
22779442
22783608
22784622
22784811
22785370
22787570
22788138
22789835
22791444
22791850
22792774
22792870
22793059
22795147
22802710
22807047
22809536
22810280
22821074
22823733
22825184
22825591
22827116
22833198
22834332
22836271
22838644
22839558
22839789
22844660
22844819
22846693
22847177
22853791
22854519
22857345
22857900
22858620
22867214
22867748
22868449
22869417
22870443
22873464
22873961
22874954
22875977
22879371
22879742
22884027
22884195
22884571
22885530
22888210
22893783
22897900
22900718
22902752
22908012
22910449
22912917
22921587
22927186
22927648
22927889
22928483
22936613
22939805
22940653
22944678
22945402
22945405
22946332
22948069
22949592
22950990
22956667
22959187
22960146
22961430
22963048
22965307
22966104
22971175
22990411
22999264
23002293
23003064
23003750
23004404
23004428
23009090
23009911
23013407
23014692
23015998
23020035
23021976
23022533
23028244
23029892
23032925
23034673
23037498
23038990
23040805
23048089
23053715
23059797
23061439
23064716
23079549
23081151
23083229
23085469
23085549
23088973
23103033
23104003
23106556
23110959
23118703
23121941
23123218
23123260
23128588
23132701
23133988
23134227
23134528
23136297
23137061
23142040
23143923
23144296
23144739
23145081
23167436
23168720
23173285
23175208
23187233
23191079
23193053
23193705
23195939
23196413
23197263
23202182
23204608
23211654
23223161
23230787
23231928
23234755
23239666
23245721
23248765
23252541
23262319
23264169
23265886
23266030
23266060
23280434
23282294
23297591
23298241
23298971
23300638
23302440
23304693
23318067
23323575
23324287
23329867
23331639
23337640
23342851
23347944
23348403
23350475
23352496
23353138
23356260
23357316
23357903
23358670
23359044
23361479
23365534
23371712
23378635
23379300
23380612
23382061
23382498
23389783
23396995
23407712
23413069
23413287
23416038
23425455
23425810
23429437
23429439
23438140
23444126
23445310
23447303
23447590
23459849
23459860
23460166
23463622
23467008
23472831
23473227
23476978
23478773
23483524
23483887
23489797
23502254
23509799
23510824
23515317
23521832
23524961
23529434
23532997
23533590
23542835
23547603
23547820
23552936
23553404
23553505
23553787
23553975
23557119
23562630
23563468
23564519
23567614
23568305
23578001
23581637
23582376
23591893
23595833
23596296
23602632
23604943
23605687
23614903
23621979
23622198
23623099
23624276
23626243
23626937
23627032
23649997
23653054
23653995
23656765
23662805
23664654
23668379
23669164
23670416
23670767
23674063
23676017
23678157
23681401
23681508
23686727
23689529
23690444
23691044
23693625
23693852
23693893
23697821
23698668
23699184
23700828
23701721
23708009
23711299
23715724
23718484
23730620
23732079
23736780
23736818
23746398
23748987
23759555
23768674
23773635
23773896
23775061
23776379
23777812
23781768
23783642
23785951
23791368
23802602
23803721
23803824
23809761
23811254
23813403
23816135
23817450
23818667
23820652
23820697
23826019
23832063
23834755
23840118
23844607
23849758
23854123
23854418
23854763
23857842
23868216
23868870
23869806
23876531
23878654
23881320
23886656
23887020
23890946
23891743
23895803
23899430
23902182
23904841
23905571
23907681
23911457
23911633
23913761
23913784
23914631
23916195
23917367
23917694
23919398
23922370
23923135
23923450
23926097
23927394
23927725
23929182
23932241
23932273
23933286
23934849
23935870
23940561
23945845
23949119
23953208
23954104
23960406
23960426
23962007
23964988
23965726
23970059
23971604
23974967
23975132
23975920
23977733
23990835
24000691
24003055
24005251
24005409
24006959
24014113
24017372
24017915
24018509
24019026
24020556
24024317
24024353
24028157
24029410
24029775
24034461
24035940
24040106
24042123
24042342
24045762
24050057
24050835
24054091
24057191
24057255
24062632
24066929
24069800
24070232
24075472
24087734
24092293
24093693
24095162
24096596
24103758
24108788
24109120
24121002
24122029
24125685
24127016
24128639
24130938
24131189
24134319
24136807
24139453
24141285
24144903
24145322
24149480
24154793
24159492
24161641
24162709
24165164
24165569
24168962
24169224
24172186
24177547
24189927
24192191
24195452
24195794
24197557
24199184
24207203
24208360
24209472
24211044
24214056
24214129
24215409
24217473
24223329
24223630
24230270
24231918
24238978
24239404
24252645
24252891
24257258
24259407
24260340
24262673
24266800
24266965
24274024
24275534
24276144
24276597
24277073
24283024
24291221
24293054
24293585
24299601
24302145
24305529
24306998
24308012
24309634
24309791
24311814
24313563
24313695
24314365
24321901
24327178
24329467
24333073
24337476
24337917
24338776
24347454
24352257
24353057
24353286
24354699
24355297
24356579
24369545
24372798
24376568
24378927
24380388
24381104
24386184
24386265
24388822
24389017
24393755
24398244
24400961
24402173
24402204
24406826
24407967
24408784
24410555
24411180
24418491
24429463
24431824
24435039
24440355
24441557
24442129
24445841
24449481
24450570
24459021
24459245
24460717
24462840
24465145
24465849
24465871
24466883
24473091
24476708
24481513
24485033
24489644
24489745
24492202
24496226
24497335
24498113
24498294
24504580
24509468
24520550
24525518
24526533
24526745
24530732
24531582
24534111
24538617
24540951
24541048
24541952
24550324
24550891
24559731
24561640
24562619
24564395
24568197
24568597
24571211
24574960
24576611
24578033
24579598
24581594
24584297
24586407
24589487
24592020
24594272
24600123
24601413
24601528
24605987
24608329
24610756
24611001
24614173
24615506
24617226
24620128
24620143
24621551
24625005
24626226
24628598
24629362
24629669
24633382
24636089
24643976
24644952
24649605
24650990
24654786
24655601
24655686
24657295
24660386
24668796
24669373
24669477
24669888
24670265
24671615
24675541
24679034
24679484
24679975
24692919
24693009
24707385
24712148
24723733
24724479
24726066
24734114
24735487
24738120
24739819
24740806
24742486
24745510
24749738
24754336
24756802
24759885
24760663
24761972
24767736
24776130
24777431
24786176
24788469
24788747
24789487
24792288
24793685
24795246
24795833
24799127
24801673
24801883
24802279
24802619
24803622
24803629
24809076
24812584
24822973
24832362
24836247
24841625
24841936
24843640
24845894
24847958
24850582
24855487
24857612
24861404
24863004
24868099
24871018
24878027
24886792
24887026
24891552
24894806
24912276
24913523
24914547
24915696
24915820
24916256
24922124
24923330
24924520
24929055
24932762
24934360
24935242
24936171
24939426
24939824
24942795
24943738
24944670
24947339
24947622
24947921
24950584
24961033
24961374
24962906
24971154
24972299
24973129
24979371
24982303
24987875
24988932
24998431
24998983
25000378
25007093
25008245
25008424
25011943
25013988
25018627
25019848
25021573
25025237
25025545
25032865
25040045
25040169
25043023
25043347
25049219
25054312
25057843
25061408
25063546
25067542
25067867
25071459
25072853
25076620
25077524
25079657
25082745
25083087
25083690
25087349
25090718
25091764
25092790
25097946
25100060
25100102
25104515
25106547
25107811
25110217
25116458
25116509
25119137
25120257
25123291
25127240
25127454
25134704
25135538
25136747
25136750
25140224
25145386
25146371
25147107
25148419
25150640
25152869
25154631
25159065
25161908
25167039
25168695
25169264
25170296
25173665
25186673
25189362
25194049
25198735
25198911
25201454
25202455
25214842
25215146
25221314
25221937
25237434
25239447
25247281
25249838
25251038
25265048
25267529
25270900
25276857
25282072
25295123
25299213
25300849
25303939
25306241
25309514
25315203
25316359
25319623
25320178
25320615
25321837
25321973
25323384
25323673
25325481
25327027
25335157
25337728
25338092
25339040
25341562
25343199
25345856
25345997
25348375
25348379
25349162
25349945
25354557
25356789
25358164
25360817
25363052
25370087
25377192
25378692
25379537
25380649
25382154
25384277
25384999
25390091
25392210
25397625
25406040
25418050
25419300
25419302
25420221
25426784
25430384
25434101
25438349
25438693
25439675
25445802
25449597
25456104
25456660
25457017
25460517
25460998
25463014
25464888
25475242
25475595
25479698
25480174
25481259
25481469
25482732
25486248
25486672
25488074
25491938
25492971
25496004
25503036
25504341
25505596
25507086
25511629
25515888
25516288
25528171
25531645
25535272
25539358
25544231
25544296
25546133
25549771
25553004
25556269
25557281
25562609
25565743
25566890
25567206
25569293
25571275
25571767
25577945
25584397
25587368
25588788
25589499
25590053
25603184
25606309
25609208
25614369
25629643
25631656
25634200
25637789
25641841
25656006
25656388
25660870
25662522
25663963
25663972
25665247
25665638
25667534
25670472
25675842
25680665
25682845
25686164
25689648
25693457
25704321
25705074
25705520
25708447
25713630
25714623
25715892
25718290
25720479
25720575
25731353
25732827
25732910
25733299
25735623
25738761
25739021
25739771
25742017
25743632
25744301
25746091
25746905
25748792
25752395
25759690
25771382
25772660
25775715
25777595
25782912
25791888
25793499
25793585
25794521
25798935
25802092
25802475
25805624
25806239
25809513
25812367
25814010
25817294
25820372
25826495
25826671
25830820
25836098
25837366
25840163
25840558
25840805
25841027
25841333
25848392
25852264
25855946
25856371
25859945
25865224
25869706
25871208
25871433
25876158
25876729
25879764
25881790
25882656
25888344
25888379
25889014
25895000
25895651
25897305
25901018
25903457
25906653
25918794
25923173
25924838
25925726
25926061
25930072
25930783
25934394
25934839
25936955
25937491
25940456
25940662
25943448
25946972
25949157
25950963
25955831
25958294
25959215
25960124
25968556
25971358
25972819
25975294
25977367
25979318
25979474
25981205
25983063
25984336
25985823
25988365
25989436
26005967
26006866
26007895
26010056
26010754
26012031
26018100
26018698
26022544
26029279
26032345
26033527
26035989
26038901
26040591
26041183
26045396
26049380
26049866
26050757
26053932
26056970
26058247
26061319
26065263
26065718
26074308
26074926
26079349
26079706
26080535
26080779
26082238
26083094
26085901
26090467
26096642
26098286
26099838
26101216
26102218
26104802
26111204
26118412
26118972
26118985
26120949
26123502
26127914
26133403
26136518
26149523
26154634
26154736
26159371
26160737
26167068
26167334
26173241
26177525
26180305
26181731
26184209
26190713
26192406
26192607
26194349
26205199
26205560
26212651
26213658
26216258
26221980
26224078
26224454
26230719
26231366
26237617
26238721
26244642
26247398
26251128
26258747
26259062
26259298
26263121
26266515
26268657
26269483
26271777
26277037
26287594
26291342
26291429
26297411
26302695
26314961
26321148
26321658
26322898
26339100
26343531
26350399
26354548
26355858
26362238
26370702
26373925
26374174
26380009
26382710
26383378
26389764
26394163
26396981
26399874
26407826
26410446
26410979
26418036
26419780
26421276
26422278
26427208
26428817
26430067
26430711
26438889
26439030
26439634
26449505
26450264
26452209
26452628
26459556
26463469
26465260
26468408
26469492
26476301
26477449
26477666
26480630
26480954
26481611
26487213
26490349
26490745
26492112
26499310
26500738
26501581
26501797
26517673
26518988
26519501
26522236
26525854
26531810
26534443
26536676
26537160
26537862
26541545
26552506
26552601
26555741
26556238
26557831
26561814
26563275
26573420
26575553
26576996
26579162
26579768
26582405
26585466
26589001
26589378
26591343
26597638
26598585
26598886
26601077
26607165
26609117
26614872
26615086
26615137
26615988
26626972
26631119
26636391
26639521
26641059
26645706
26645881
26650200
26651930
26658795
26659740
26663294
26664292
26664984
26665624
26667327
26667565
26668008
26668021
26668270
26669693
26670801
26681435
26681542
26683142
26684685
26687971
26695848
26699804
26700148
26708384
26714056
26714873
26724525
26725792
26726439
26728971
26737264
26737982
26738011
26738496
26738615
26742109
26750004
26751224
26753972
26755636
26757302
26758975
26759168
26760839
26767791
26768791
26769326
26773252
26773864
26777934
26780672
26781029
26781410
26786216
26789858
26794900
26795593
26802111
26806208
26806901
26808649
26809729
26814313
26819927
26820210
26821776
26823089
26823224
26824975
26825704
26826579
26828256
26828877
26832977
26834358
26845096
26846250
26853323
26861054
26861960
26864228
26868786
26869763
26870568
26871842
26877992
26881443
26885818
26889612
26890482
26894374
26895840
26897668
26898497
26898652
26900687
26901770
26908698
26911246
26912468
26913680
26918467
26920437
26922043
26925033
26927703
26937158
26937560
26944204
26946537
26947149
26949485
26953857
26958163
26958201
26960216
26965368
26970907
26972969
26979902
26980102
26983377
26994978
27000528
27001118
27003475
27004189
27004566
27004761
27004938
27005759
27006449
27008644
27009064
27010143
27019786
27019969
27027600
27029473
27033883
27036138
27044350
27044379
27048478
27050035
27054072
27056654
27060606
27065593
27066701
27069277
27072201
27076634
27077232
27081711
27082950
27087527
27090146
27092175
27093305
27095887
27096139
27098676
27104347
27105017
27106615
27113235
27118882
27120150
27124301
27124740
27125754
27126385
27142003
27142384
27143945
27147853
27152724
27153295
27153597
27155731
27166400
27168201
27171989
27174499
27174568
27175625
27178259
27179383
27186665
27192205
27197625
27197734
27203515
27203779
27204397
27204785
27216759
27217619
27226385
27235842
27237814
27238118
27239127
27245763
27255880
27256111
27262529
27264768
27266673
27270317
27272342
27273694
27275938
27277202
27279757
27284694
27292951
27297781
27303584
27308291
27308317
27309115
27318907
27322450
27328358
27328685
27332407
27335088
27336702
27339044
27344178
27347723
27353515
27353731
27355627
27355851
27365379
27368076
27368551
27370973
27374678
27375498
27385164
27390814
27395573
27402215
27403259
27404323
27407128
27410275
27410840
27414965
27419897
27421333
27421461
27424730
27428544
27430637
27432449
27442057
27447281
27449027
27457146
27461455
27464210
27465527
27465602
27466095
27470135
27471467
27472607
27473262
27477676
27479407
27480338
27482035
27483079
27483141
27483170
27487074
27490806
27494535
27497728
27502453
27504712
27513692
27515649
27518619
27519334
27519602
27520191
27527953
27528600
27529603
27530596
27532992
27534089
27535077
27537162
27538520
27543206
27545651
27548930
27550801
27557011
27560145
27565214
27566489
27578197
27578216
27581004
27588944
27592039
27592097
27595425
27596105
27598246
27598841
27601013
27605931
27611701
27613772
27615228
27624320
27629406
27630519
27637694
27639678
27639986
27640207
27641676
27647628
27648213
27648472
27649585
27649665
27651085
27652675
27655884
27658040
27660239
27663642
27665173
27665202
27668545
27675442
27676993
27677668
27679291
27682200
27691166
27696480
27704293
27707422
27711331
27714158
27734097
27736170
27739755
27743659
27747076
27748110
27751217
27754237
27758891
27762491
27766564
27769613
27778840
27780017
27781515
27781604
27784894
27788771
27789059
27789404
27789917
27790927
27794052
27798046
27804867
27807447
27811891
27812749
27820741
27829838
27833622
27834980
27843623
27848289
27848658
27850667
27851266
27856267
27864627
27869348
27875914
27877677
27879689
27885379
27897027
27897297
27904837
27911929
27930439
27945254
27945374
27948599
27950899
27958088
27966507
27969002
27973071
27973567
27973856
27974537
27979312
27980083
27980228
27980414
27980650
27981036
27981657
27981870
27985314
27987037
27988235
27989300
27992021
27995153
27995810
27997870
27998609
27999186
27999330
28002078
28002086
28004576
28009679
28010418
28014140
28015064
28018773
28019015
28026594
28027676
28030534
28030876
28032995
28034275
28037774
28040409
28040542
28041237
28041625
28045523
28046893
28058988
28059145
28064184
28070844
28080592
28083087
28087140
28087258
28089453
28089961
28090011
28105059
28110176
28110908
28112775
28113681
28122511
28133585
28134959
28147176
28158789
28162842
28163974
28164540
28166046
28169702
28170817
28173407
28174185
28181658
28183416
28184462
28185609
28189578
28192125
28195935
28200085
28207328
28213481
28222626
28224214
28231169
28235099
28235886
28236347
28236837
28244765
28246973
28247612
28248303
28250077
28261815
28262071
28263496
28266628
28269912
28272737
28273216
28278224
28284493
28285582
28287282
28287404
28295811
28298344
28298717
28299347
28305818
28307835
28309927
28312230
28314629
28314952
28315690
28317017
28323220
28324281
28326462
28327831
28330832
28331329
28332775
28333411
28339059
28339982
28340900
28347067
28349838
28350633
28354766
28362951
28363462
28364594
28365843
28366084
28375406
28377943
28378512
28380910
28381675
28381889
28382185
28382447
28384101
28385554
28388531
28390065
28390526
28399557
28401073
28401224
28405432
28407826
28408142
28411480
28421224
28429150
28430294
28430949
28437154
28439084
28441720
28442037
28442452
28443081
28445129
28445432
28447802
28448491
28452467
28453172
28455543
28455633
28464882
28465127
28466627
28470088
28473859
28480393
28482379
28482648
28484474
28492111
28494010
28496628
28505958
28509099
28511379
28512951
28513919
28514128
28521894
28530213
28531016
28532246
28533698
28533855
28535831
28536629
28539571
28540249
28541972
28542288
28544553
28545358
28554974
28558333
28562700
28562812
28564289
28570554
28572922
28575920
28577072
28578985
28584839
28591669
28596158
28599660
28601624
28601855
28603616
28615765
28621260
28622495
28622918
28626314
28628797
28630499
28630628
28632331
28632970
28636774
28640021
28641747
28644470
28657974
28658938
28659791
28667168
28673775
28676120
28676276
28677387
28679389
28680992
28686940
28689494
28690026
28691623
28691686
28695048
28695108
28696036
28699162
28701172
28707109
28712698
28712833
28719184
28719215
28719824
28725356
28730127
28732504
28732809
28733034
28733227
28734820
28739738
28741534
28743267
28743631
28745386
28746135
28748005
28750049
28754014
28755298
28758022
28758644
28758880
28761543
28763539
28768322
28773416
28774025
28776292
28779467
28782036
28784670
28792990
28793981
28798063
28798438
28798537
28803356
28809988
28813132
28815215
28819210
28820101
28825011
28825039
28825357
28828426
28833386
28836291
28839400
28841643
28843106
28846474
28847856
28851272
28851503
28853201
28853754
28855566
28856536
28869333
28875589
28878212
28879706
28880376
28882310
28882767
28890424
28890594
28891174
28892232
28894357
28899401
28902175
28903250
28905411
28912499
28913535
28918232
28920499
28930018
28933090
28935435
28936339
28937560
28938447
28941585
28945808
28947520
28956316
28960634
28961611
28962810
28971940
28973273
28973489
28978716
28982235
28982576
28983557
28983793
28984192
28985824
28986515
28987281
28990992
28993970
28994758
28995168
28999664
29001139
29002770
29003090
29003603
29006734
29007084
29008160
29008431
29010573
29013236
29013619
29016860
29017972
29022149
29022261
29029291
29029651
29031839
29032023
29037938
29038740
29039857
29063922
29069070
29070215
29071563
29072565
29074083
29074591
29078336
29080046
29082686
29083775
29084592
29085276
29091010
29091028
29097006
29098941
29101186
29102231
29105601
29111809
29115816
29117905
29118392
29118720
29119685
29125212
29126442
29129599
29131077
29132539
29135903
29137961
29139545
29143499
29147268
29147807
29149311
29156854
29158650
29161672
29170045
29170830
29172836
29175981
29177527
29177571
29178996
29180514
29190164
29197147
29198092
29201597
29205578
29206685
29209445
29209647
29212099
29215609
29218110
29221015
29223817
29228880
29232275
29235227
29238912
29242660
29243204
29243824
29244398
29250367
29256010
29256771
29262736
29264137
29272649
29274822
29278437
29282051
29284713
29286851
29288601
29291232
29291991
29292342
29292413
29301346
29302672
29307641
29314739
29318267
29323305
29334964
29335649
29337612
29339516
29342362
29345211
29349880
29351845
29352404
29365656
29366254
29367295
29368540
29370205
29372006
29372364
29374333
29376409
29378633
29383100
29384441
29385946
29394878
29406403
29409316
29423837
29427426
29429766
29434280
29437892
29439343
29442675
29446349
29451181
29461202
29479112
29479500
29481696
29491576
29497491
29498217
29505028
29509968
29512740
29525084
29525905
29539280
29540974
29541973
29549578
29559979
29561971
29565097
29571549
29572814
29586803
29600646
29600673
29600834
29603023
29605175
29606874
29621263
29624127
29625430
29631337
29634153
29636033
29638913
29639091
29651709
29654536
29655201
29656543
29657442
29657538
29664175
29665343
29676686
29677622
29689389
29693816
29696331
29699487
29700460
29702956
29705943
29707218
29707632
29713402
29715530
29717726
29719810
29725056
29728256
29728720
29731455
29732124
29733336
29734753
29746095
29746711
29747061
29747071
29747658
29748083
29753113
29758251
29758493
29774356
29774707
29780221
29782946
29785743
29786723
29788277
29789299
29789440
29793001
29793779
29795308
29796313
29798247
29800570
29805009
29805620
29807782
29808311
29808964
29810182
29811338
29817941
29822859
29826417
29829432
29829976
29843932
29846707
29847987
29848208
29849498
29852676
29863706
29868527
29871663
29872963
29877234
29878553
29885168
29885795
29889578
29889872
29892302
29894063
29897330
29897644
29899055
29903122
29904942
29905552
29913434
29916169
29920992
29922197
29924242
29925835
29926764
29931585
29932949
29934786
29934853
29938925
29939586
29940813
29941851
29945450
29948173
29948214
29949518
29951491
29951917
29967266
29975611
29978573
29980639
29982515
29985579
29986012
29988337
29990812
29993191
29996892
29997945
29999542
30000458
30002919
30007856
30009150
30010954
30015351
30022339
30032656
30035913
30040130
30043034
30043256
30044449
30046639
30056362
30058433
30062310
30064352
30065308
30066726
30066829
30067525
30067659
30067756
30073672
30084243
30084444
30085613
30089713
30091768
30094499
30094928
30095758
30099577
30101564
30102913
30107548
30113041
30115148
30115900
30116293
30123832
30136417
30141112
30145436
30145444
30148619
30149348
30156353
30156405
30161042
30163640
30164137
30172241
30177493
30182826
30182958
30192664
30193826
30195864
30197257
30197568
30200176
30203792
30215494
30220772
30226942
30237491
30250522
30251972
30252206
30255029
30255864
30260311
30260922
30262847
30265094
30270061
30271469
30275956
30276278
30278399
30282121
30287546
30289347
30290734
30296747
30297497
30299226
30299750
30304940
30305427
30310971
30313471
30319059
30319564
30322667
30336432
30338869
30339008
30339068
30341054
30344697
30347394
30351614
30356132
30356541
30359052
30359494
30359931
30360537
30370720
30371793
30374330
30374661
30376098
30379221
30381137
30381912
30383620
30384661
30385849
30388076
30389793
30391016
30391397
30395438
30395988
30399875
30401458
30402237
30406878
30409709
30410351
30413008
30413645
30414121
30414606
30417472
30419721
30422616
30425656
30426312
30426981
