62
222
274
374
412
558
727
763
785
913
1105
1213
1354
1478
1500
1533
1561
1668
1672
1725
1735
1739
1741
1821
1872
2144
2194
2221
2561
2722
2859
2958
3015
3103
3250
3326
3337
3635
3751
4058
4306
4353
4620
4655
4681
4819
4895
4941
5178
5239
5241
5365
5389
5620
5649
5817
5843
5980
6009
6195
6267
6335
6337
6377
6384
6566
6657
6689
6693
6850
6946
6962
7006
7113
7254
7287
7342
7349
7531
7564
7757
7842
8108
8195
8472
8481
9099
9154
9211
9245
9297
9494
10139
10234
10250
10256
10392
10475
10591
10842
11143
11334
11413
11450
11624
11672
11819
11899
12182
12248
12261
12332
12345
12408
12907
12943
13035
13295
13347
13419
13563
13573
13587
13588
13682
13806
13947
14040
14043
14103
14160
14207
14245
14336
14443
14473
14981
15084
15384
15403
15484
15597
15759
15799
15801
15846
15923
15936
15993
16055
16192
16197
16285
16447
16477
16758
16860
16875
16983
17014
17015
17026
17052
17072
17292
17421
17607
17701
17744
17765
17771
17877
17980
18116
18187
18236
18263
18294
18413
18468
18619
18665
18693
18707
18753
18817
19004
19178
19223
19283
19396
19461
19884
19913
19935
19946
19984
