136
144
376
396
440
489
517
614
698
749
754
950
1069
1114
1154
1218
1250
1423
1446
1610
1621
1692
1731
1872
1875
1892
2109
2127
2152
2154
2397
2452
2456
2713
2822
2897
2905
2959
3075
3102
3291
3296
3522
3646
3761
3770
3779
3976
3993
4016
4256
4258
4350
4575
4597
4841
4849
5023
5087
5111
5178
5231
5286
5359
5548
5620
5715
5824
5845
5859
5862
6107
6165
6229
6361
6362
6480
6796
6860
6875
6987
7091
7331
7351
7357
7397
7406
7430
7561
7641
7842
7883
7907
7920
7980
8068
8085
8211
8656
8790
8914
8945
9023
9024
9173
9236
9615
9667
9680
9687
9692
9859
9915
10128
10133
10536
10727
10926
11232
11335
11592
11614
11753
11763
12237
12263
12308
12353
12468
12496
12990
13052
13057
13097
13143
13145
13146
13194
13388
13481
13485
13632
13679
13692
13728
13774
13782
14028
14036
14138
14177
14222
14362
14502
14526
14543
14796
14800
14844
14908
14926
15051
15284
15309
15333
15368
15377
15474
15527
15658
15709
15945
16010
16112
16201
16301
16372
16475
16485
16572
16586
16640
16659
16889
16895
17030
17157
17279
17383
17504
17512
17609
17916
17993
18116
18268
18355
18381
18433
18507
18575
18588
18672
18777
18877
18941
19261
19323
19603
19762
19867
20053
20129
20134
20364
20423
20462
20674
20811
21063
21193
21274
21377
21386
21658
21693
21719
21857
21972
21981
22032
22036
22160
22270
22325
22433
22466
22519
22554
22620
22651
22746
22791
22972
23217
23399
23460
23519
23640
24446
24614
24883
24961
25024
25030
25302
25545
25567
25668
25675
25745
25759
25775
25797
26003
26106
26282
26332
26630
26830
27007
27185
27229
27323
27415
27495
27567
27658
27737
27795
27838
27912
27925
28022
28530
28710
28744
28812
28860
28908
29084
29105
29225
29268
29392
29934
29999
30106
30130
30199
30302
30470
30863
30943
31110
31204
31240
31244
31400
31417
31550
31606
31807
31852
31922
31956
32125
32221
32382
32507
32629
32704
32992
33096
33396
33434
33482
33498
33499
33604
33715
33815
33865
33917
34216
34257
34282
34351
34409
34411
34530
34545
34734
34906
35037
35040
35092
35152
35179
35264
35420
35614
35661
35944
36060
36408
36429
36589
36670
36707
36851
37219
37244
37519
37535
37556
37754
37854
37996
38339
38395
38438
38484
38684
38703
38856
39183
39201
39223
39421
39458
39597
39710
39729
39758
39969
40102
40125
40141
40204
40353
40386
40583
40598
40607
40613
40690
40692
40764
40849
40960
41074
41091
41358
41380
41416
41544
41553
41651
41808
41943
42148
42202
42463
42596
42698
42970
43062
43125
43348
43504
43526
43548
43609
43623
43672
43709
43726
43871
44020
44027
44194
44306
44459
44550
44570
44705
44858
44878
45109
45362
45481
45530
45875
45981
46049
46080
46430
46501
46739
46754
46798
46811
46817
46872
47062
47207
47362
47464
47469
47606
47655
47658
47711
47731
47767
47801
47956
48056
48100
48150
48349
48359
48430
48436
48551
49052
49205
49220
49243
49786
49798
49810
49861
49888
50130
50181
50465
50499
50646
50681
50819
50841
51243
51291
51329
51400
51469
51511
51627
51665
51693
51701
51740
51751
51797
51835
51965
52119
52130
52250
52504
52596
52635
52705
52778
52868
52883
52924
53143
53238
53435
53458
53512
53800
53809
53938
53947
54027
54103
54104
54117
54316
54364
54773
54781
54849
55055
55058
55061
55138
55177
55395
55435
55951
56050
56088
56112
56113
56160
56221
56515
56612
56675
56777
56790
56970
57037
57221
57317
57339
57342
57365
57412
57467
57471
57796
58188
58398
58442
58461
58535
58584
58884
58957
58965
59057
59929
60059
60192
60283
60377
60476
60511
60521
60598
60729
60785
60802
60840
60946
61055
61085
61209
61258
61282
61324
61711
61741
61837
61842
61904
61952
62047
62155
62179
62609
62678
62803
62860
62875
62920
63090
63114
63165
63168
63180
63185
63190
63273
63342
63346
63382
63492
63522
63800
64035
64223
64466
64492
64522
64560
64578
64885
65009
65043
65141
65180
65204
65220
65322
65615
65722
65763
65791
65829
65851
65920
66085
66375
66469
66470
66562
66718
66759
66812
66981
67010
67191
67290
67302
67481
67569
67730
67900
68052
68087
68112
68161
68231
68256
68379
68392
68479
68523
69180
69485
69651
69760
69763
69868
70040
70152
70202
70636
70690
70767
70850
70909
70910
70962
71254
71275
71605
71654
71670
71686
71887
71923
71973
71990
72082
72177
72313
72420
72571
72648
72677
72747
72871
73197
73247
73267
73417
73450
73597
73713
73720
73864
74176
74184
74281
74779
74782
74804
74812
74819
75213
75242
75330
75525
75527
75787
75931
75958
76085
76240
76336
76363
76371
76408
76450
76476
76554
76568
76657
76984
76991
77104
77205
77224
77410
77463
77570
77589
77630
77677
77728
77944
78050
78094
78147
78281
78370
78418
78621
78676
78710
78784
78963
79032
79050
79279
79286
79504
79673
79716
79728
79748
79791
79850
79914
79918
79997
80296
80449
80554
80733
80759
80803
80823
80876
81062
81164
81374
81446
81651
81765
81769
81809
81899
81986
82010
82226
82240
82373
82500
82651
83003
83206
83299
83308
83363
83364
83434
83830
83858
83860
83940
84090
84314
84429
84583
84645
84806
85268
85360
85361
85537
85590
85597
85793
85871
85933
86466
86469
86552
86653
86725
86747
86768
86794
86903
87141
87171
87176
87373
87406
87412
87417
87590
87661
87681
87755
87921
88042
88117
88346
88553
88640
88959
89075
89174
89182
89243
89286
89294
89375
89627
89665
89785
89822
89999
90106
90122
90329
90330
90349
90360
90484
90519
90560
90607
90641
90678
90825
91002
91081
91119
91134
91163
91320
91445
91459
91476
91525
91587
91611
91702
91708
91822
92066
92117
92162
92707
93038
93108
93115
93195
93272
93616
93650
94001
94031
94146
94196
94228
94296
94400
94662
94668
94885
94949
95001
95043
95212
95228
95467
95512
95564
95570
95661
95844
96120
96184
96251
96259
96314
96333
96454
96696
96705
96724
96874
96880
96883
96936
97010
97111
97117
97178
97221
97295
97345
97490
97789
97945
97978
98009
98677
98685
98811
98835
98851
99146
99193
99196
99312
99480
99505
99620
99669
99689
99708
99716
99799
99859
99877
99894
99903
