229
315
423
515
538
698
743
966
1155
1193
1231
1442
1691
1703
1991
2095
2263
2509
2539
2565
2852
3268
3315
3327
3539
4082
4103
4317
4380
4407
4533
4795
4865
5346
5626
6171
6249
6367
6452
6500
6561
7275
7379
7498
7552
7743
7868
7903
7930
8251
8315
8666
8680
8984
9149
9169
9683
10434
10599
10963
11381
11721
11959
12671
12756
13275
13386
13447
13681
14032
14301
14512
14516
14523
14560
14597
14758
15088
15291
15371
15724
15993
16004
16158
16429
16688
16774
16935
17093
17502
17563
18071
18297
18326
18350
18473
19080
19504
19557
19932
