582
1250
5496
6688
7476
8797
12879
16381
17537
20172
22543
24532
25574
29997
31416
32580
33431
35088
37065
46341
49110
53713
69729
70465
75588
76357
84852
87285
97291
99149
99647
100367
100674
100938
101586
105517
107823
114791
125391
125513
130701
135659
140533
141368
143226
144930
145965
146696
147722
151342
155454
155903
156766
156950
158503
165161
172368
183987
184622
185294
189550
192925
195598
196631
196826
197581
197677
198510
202709
205317
205538
208041
208743
211235
211434
215939
216284
216458
220819
221095
221838
222279
223818
224191
224634
224976
247507
247527
249108
252089
252827
257160
258705
262068
262233
263021
264834
277936
284754
288710
288851
289244
289528
292531
292692
295649
297485
299071
306202
313463
315146
315809
316946
319898
322666
326796
327663
327835
332997
334493
334750
337772
347062
349743
350481
352164
352377
357250
357742
357861
364630
374427
376682
384894
384923
389022
390579
394616
395789
397840
399668
400580
403322
405080
411203
413648
416927
418798
425008
428142
431274
437676
449962
450625
453597
454110
455095
455645
456154
456721
458697
459204
465455
469858
470299
471158
478052
483232
492787
498427
503155
505035
506211
506523
507069
507732
516091
517239
517456
520420
520744
521401
528288
536511
538578
543022
543854
544726
549280
551299
559484
560082
576104
577706
579784
590001
591139
592694
593424
595713
608721
611410
614948
618469
618893
619260
621565
621837
622437
626876
634466
640423
645638
651951
654473
656110
658767
658908
661286
661290
662073
662856
667468
670977
672992
673846
674077
675741
680262
681947
683313
687108
693615
694171
694528
698028
698509
700525
702399
706050
708684
716894
721059
722224
723265
734411
738333
745927
746681
750712
751026
755184
764675
770203
772656
773580
777289
777531
785110
786192
788990
790338
791340
792858
793366
797111
798821
801461
802550
803367
804051
809785
809803
812158
816439
817059
817129
824784
828390
833669
838151
839653
839878
843397
843842
845958
846494
849459
849665
852451
855975
858160
859966
864834
865989
866275
867096
867831
872429
876041
877581
881267
882007
891527
891693
896892
902788
904625
904992
906676
908617
911450
912603
914744
921079
924398
928027
930139
931604
936019
937130
937260
937951
939895
940646
941115
943258
947755
948059
948784
948853
950182
958208
958742
959443
960411
961437
964458
964955
965948
966971
970365
970736
973927
974868
977638
983678
985527
989252
990037
991289
991640
996404
996626
996889
1007884
1013152
1014003
1018819
1026752
1033906
1035360
1038562
1038913
1039420
1043796
1044125
1044641
1046583
1052762
1053250
1054476
1057611
1060663
1062673
1064017
1064172
1067488
1068157
1069452
1070995
1078352
1081097
1082459
1092064
1092548
1101222
1106658
1107901
1111395
1115060
1116895
1117646
1122311
1123172
1123553
1124547
1126402
1127555
1127572
1127771
1128723
1134291
1136663
1140830
1141553
1143522
1146127
1152297
1160439
1164057
1170013
1172646
1174879
1175363
1176065
1179748
1184324
1185905
1187773
1188560
1188868
1194471
1203310
1203856
1207230
1208505
1220213
1220232
1223620
1227772
1239566
1243288
1244166
1251698
1252439
1255735
1256343
1256869
1257776
1261290
1264284
1265960
1268294
1268391
1269295
1277667
1278234
1287074
1289807
1290130
1290868
1292195
1298398
1299459
1301640
1303009
1306010
1306507
1307953
1308589
1321481
1322600
1322703
1328640
1330133
1336771
1338842
1340930
1341092
1347456
1350629
1359020
1359673
1361250
1362417
1365679
1378447
1378449
1379368
1385931
1389531
1392542
1394212
1395163
1396806
1397304
1397875
1398857
1400688
1403027
1403806
1407509
1413092
1413410
1417770
1420876
1422828
1424926
1426087
1430732
1433786
1436159
1440250
1443354
1445660
1445979
1446584
1449459
1449801
1450844
1452744
1453565
1456641
1458118
1463082
1464956
1466680
1472443
1479986
1481782
1484804
1499191
1504244
1507531
1508446
1508607
1508695
1509751
1510475
1510874
1514867
1514962
1517349
1520308
1520578
1524448
1524714
1526677
1527756
1528200
1532997
1533506
1534601
1536213
1538106
1540918
1545837
1548263
1555309
1566778
1568813
1572257
1580110
1584015
1587893
1589606
1592849
1592895
1593540
1596049
1600478
1607161
1608621
1616046
1616208
1617971
1618726
1618807
1619467
1621630
1623365
1628612
1630150
1630490
1632064
1632458
1638901
1639535
1639592
1648710
1650061
1654529
1677050
1683571
1685756
1687815
1689006
1689795
1695609
1696375
1696824
1697140
1697516
1703692
1704568
1707574
1708544
1710921
1713162
1715088
1715887
1715941
1716827
1719520
1721696
1723497
1728249
1729129
1740278
1741346
1745350
1745595
1747720
1751313
1754109
1754241
1756513
1766494
1767432
1770129
1772893
1775959
1781024
1782347
1783501
1800424
1803862
1809737
1810534
1814594
1818221
1820973
1826552
1827120
1827427
1828276
1828376
1831405
1832587
1834037
1834534
1848080
1850066
1852435
1853684
1854599
1855733
1857326
1866103
1871087
1871703
1872647
1873115
1874367
1877526
1890087
1892562
1893984
1895549
1897545
1900248
1902358
1905438
1907971
1910223
1919668
1924750
1925210
1929461
1929951
1933613
1934386
1935115
1938530
1941504
1944518
1955842
1956410
1956492
1980275
1980960
1982923
1984827
1987673
1990522
1995191
1997156
1997715
2002633
2004720
2004805
2004884
2007006
2008498
2008644
2010056
2011606
2011697
2016071
2033905
2036636
2036756
2037005
2037133
2039462
2042115
2045527
2050808
2051644
2051726
2054061
2056131
2058060
2063839
2071452
2072593
2076335
2080768
2085449
2086086
2088173
2088257
2091025
2101089
2101493
2106337
2110602
2110733
2112459
2112525
2117008
2121709
2124523
2127103
2131207
2132662
2133222
2133360
2136963
2145718
2146028
2152095
2153761
2155811
2167010
2167910
2168612
2175534
2184999
2185863
2187536
2188847
2193377
2203077
2221300
2222519
2225295
2231441
2235452
2242230
2243941
2247169
2256890
2258594
2264235
2264630
2265758
2266508
2267820
2273059
2285777
2288019
2292024
2294417
2294557
2294906
2295324
2295513
2295821
2296187
2297448
2298986
2300947
2301295
2301960
2304577
2307168
2307293
2312821
2314445
2315082
2315618
2318598
2323729
2325385
2325954
2326986
2336549
2336800
2338158
2338300
2339439
2341106
2341218
2344049
2347876
2357261
2357372
2358370
2361193
2363496
2364734
2367773
2367943
2373241
2374335
2381451
2382729
2383153
2394385
2396857
2397085
2400975
2409567
2411605
2413478
2415228
2421334
2422827
2423744
2426647
2435722
2438897
2438978
2439097
2439536
2440550
2441181
2456799
2457180
2458741
2462632
2463302
2466252
2469200
2469380
2471522
2471713
2475929
2481732
2486439
2486465
2487263
2498254
2499535
2504723
2508910
2510777
2511658
2513779
2517061
2517599
2517821
2524057
2527463
2532006
2541424
2542881
2546554
2550304
2552092
2554273
2555679
2556845
2562134
2564508
2568193
2569138
2569917
2573852
2577466
2579809
2580914
2582888
2590654
2592557
2593913
2593944
2593987
2596578
2598456
2599398
2599515
2599688
2600260
2601527
2606583
2607325
2607385
2613165
2613180
2620866
2620931
2626709
2630896
2633995
2634656
2635676
2636232
2639275
2639447
2639607
2641935
2647319
2649319
2650248
2655069
2656433
2658270
2658337
2662409
2663070
2668723
2672507
2673865
2682508
2684906
2691109
2692424
2693267
2700605
2701978
2705808
2707113
2712132
2713320
2721393
2724647
2728332
2732080
2732624
2733244
2733818
2736138
2739522
2740991
2742005
2743627
2743784
2745807
2747556
2747688
2748358
2756462
2759882
2760967
2769275
2769738
2776710
2781324
2788587
2790826
2792731
2796375
2798400
2799752
2801996
2803260
2804220
2807682
2814418
2821377
2827189
2828477
2830882
2832932
2843072
2843547
2843711
2844128
2844820
2847441
2848211
2849218
2851723
2853818
2854694
2854860
2856413
2864636
2868651
2874774
2878428
2889221
2891380
2891534
2892870
2895682
2898320
2899972
2906093
2906998
2908442
2909176
2915217
2915715
2918087
2921441
2922583
2933540
2934242
2938896
2941134
2950440
2950472
2950474
2951323
2956293
2957366
2957653
2958010
2967170
2967334
2975573
2976934
2977997
2979979
2982046
2983078
2985437
2990357
2992482
2996287
2997836
3002499
3010833
3012705
3017826
3019412
3019975
3020523
3023232
3023539
3025681
3041719
3046543
3047717
3064696
3065315
3067831
3070336
3071308
3077040
3077095
3081548
3082431
3086222
3086442
3088255
3090500
3093812
3095692
3102552
3106181
3107131
3107488
3112613
3114030
3114214
3123403
3124024
3124824
3126450
3127746
3129445
3135887
3141672
3146154
3146266
3147296
3156160
3160153
3162864
3163546
3164121
3172118
3172763
3181419
3181768
3182445
3192361
3195699
3197503
3197922
3202080
3207393
3212092
3214241
3216189
3217620
3221498
3227750
3227768
3230324
3231043
3240267
3240934
3241992
3242181
3242753
3244714
3246453
3246946
3248005
3248110
3248534
3255527
3255758
3259894
3263421
3270065
3276448
3277676
3282238
3282779
3284855
3285105
3288578
3288580
3294331
3302067
3309275
3309835
3309848
3311812
3314365
3320182
3321235
3325335
3325406
3326690
3327301
3331398
3331660
3332101
3333897
3335920
3336921
3336958
3341484
3345147
3350808
3355858
3359966
3363266
3364669
3365306
3365336
3371358
3372758
3374096
3374249
3374288
3379228
3383820
3384011
3384416
3384527
3385567
3388019
3389707
3390857
3396054
3400274
3404824
3405828
3406257
3408514
3412918
3413036
3413987
3420197
3422001
3427846
3431838
3433024
3434653
3440181
3442359
3442442
3444959
3446980
3449980
3450806
3456143
3456177
3457898
3463547
3466841
3470681
3471587
3473855
3478413
3479390
3480195
3481469
3489677
3491970
3492248
3492988
3495789
3497186
3498747
3499334
3502628
3505900
3509294
3511436
3512262
3514556
3519983
3523656
3525997
3526375
3527249
3529007
3530701
3534649
3534686
3535849
3537787
3538141
3539538
3540125
3540993
3541630
3549601
3553603
3558470
3568710
3569592
3570974
3572679
3575317
3575672
3579398
3580442
3581422
3588817
3596743
3597887
3598542
3606387
3610946
3612346
3613815
3615249
3622411
3628671
3634593
3637348
3638852
3645273
3651283
3652450
3654614
3656188
3659745
3661562
3661707
3663467
3671897
3673128
3673339
3685596
3686950
3689268
3689789
3694490
3698603
3698794
3699356
3708060
3709014
3709422
3712466
3713306
3717402
3719518
3720927
3721706
3726290
3731904
3732187
3733753
3735066
3735201
3736952
3737681
3738556
3740233
3740854
3744954
3748351
3749900
3749975
3755349
3759971
3762830
3763004
3764785
3765360
3765545
3767832
3778427
3787074
3787757
3789095
3790511
3791992
3798500
3800844
3812398
3818004
3818896
3820939
3821795
3826147
3829758
3834246
3835859
3836892
3839773
3841724
3841880
3843611
3845469
3846742
3848229
3850771
3853288
3853577
3859013
3860748
3861993
3862978
3865628
3866247
3868166
3869304
3871201
3877001
3882845
3885915
3887156
3888430
3891246
3898796
3904291
3905526
3905949
3909345
3911828
3913530
3913659
3915459
3919924
3921892
3924441
3925636
3927025
3927068
3927794
3927873
3928930
3932715
3935185
3935690
3937739
3939208
3940361
3950315
3951405
3953129
3954129
3956623
3957720
3958354
3961169
3963711
3965270
3970235
3970394
3989071
3991137
4005865
4006498
4007800
4008728
4013425
4015292
4016996
4017480
4025702
4027592
4028196
4034549
4038368
4040190
4054137
4058955
4061462
4064030
4067491
4073250
4077480
4079211
4079931
4089368
4098587
4104357
4106428
4107884
4112837
4113890
4116531
4121958
4126161
4126465
4131125
4133245
4134375
4139261
4144284
4144450
4148396
4154252
4156098
4159687
4167477
4167636
4170364
4173786
4176130
4177814
4181235
4181416
4182709
4186344
4189063
4189193
4189691
4199904
4203052
4209927
4213203
4220118
4221492
4233621
4234472
4239191
4246232
4250828
4252598
4257235
4259599
4261795
4261953
4263503
4269870
4273822
4278809
4279917
4284987
4288500
4291030
4296992
4298146
4298428
4299137
4304149
4315637
4317958
4319942
4320250
4320471
4321940
4327892
4328477
4328736
4329849
4329929
4331349
4332939
4338874
4343560
4343736
4346279
4347280
4359748
4360378
4361180
4364115
4366867
4369563
4369756
4370754
4374297
4375362
4378922
4380124
4381915
4385588
4390250
4390729
4391782
4392155
4392785
4399256
4401273
4403365
4405668
4406543
4408184
4408979
4411470
4411888
4414930
4416164
4420809
4428781
4431139
4434808
4449279
4449333
4457685
4464962
4465063
4465608
4470702
4471737
4474729
4475497
4476819
4477114
4477501
4477779
4479232
4480289
4480899
4487553
4489164
4489250
4490186
4494600
4497757
4498140
4501289
4501904
4503896
4511008
4514839
4515133
4515431
4516110
4519578
4520594
4524007
4525985
4532841
4533338
4534357
4534612
4539534
4541407
4542159
4543579
4544233
4546258
4548694
4553418
4555218
4555900
4556781
4559559
4561998
4562114
4562499
4564978
4579849
4581450
4588693
4593604
4599659
4602703
4606336
4610523
4613154
4613399
4615417
4620134
4620972
4622023
4625118
4625809
4635505
4639141
4639880
4641663
4643544
4647830
4656671
4656753
4656919
4663815
4673492
4675070
4678550
4683303
4687753
4698558
4715089
4715988
4717017
4719178
4719876
4721153
4727166
4728258
4733941
4735368
4740854
4741717
4748371
4750316
4752067
4752697
4753432
4753730
4758514
4760757
4764003
4764210
4766813
4770513
4771981
4772453
4773272
4776481
4777483
4777649
4778052
4781867
4787395
4791794
4794612
4795076
4795771
4800585
4800934
4809197
4813636
4816328
4821691
4826180
4831331
4835668
4836606
4843139
4843160
4843304
4846197
4848667
4851072
4852020
4854988
4857234
4858347
4859084
4859961
4860245
4863377
4866036
4869718
4869853
4870299
4871485
4872079
4876832
4880085
4883855
4886214
4887675
4888391
4893367
4897082
4897261
4898657
4898742
4903245
4904045
4908219
4909583
4913402
4915016
4917829
4929342
4930572
4930693
4931324
4934284
4935250
4943327
4954191
4954944
4955390
4958317
4963500
4966709
4969517
4970242
4971797
4972273
4974188
4976754
4979172
4980392
4985136
4985431
4988070
4990420
4991038
4993169
4995295
4995791
4998090
5000027
5015948
5016989
5020626
5021767
5026717
5027603
5032360
5033071
5035902
5036171
5041304
5047622
5048480
5053376
5054000
5055795
5055911
5061061
5062535
5062618
5063007
5065331
5068469
5068729
5069479
5072004
5072371
5077806
5084080
5086044
5087190
5088561
5088746
5090583
5094752
5098205
5103140
5106095
5107679
5113430
5117314
5118872
5123389
5125207
5127576
5128538
5139564
5143678
5148778
5149330
5149871
5157477
5162348
5162919
5163221
5165355
5176024
5177825
5182363
5184171
5186770
5187531
5191244
5195336
5199664
5202523
5202777
5205631
5211044
5227232
5227453
5230100
5230756
5232708
5237939
5243898
5247620
5253045
5258898
5262349
5266724
5270518
5271388
5274194
5276197
5281069
5282935
5286527
5288629
5288958
5292601
5296970
5298443
5299696
5307702
5308559
5313798
5314428
5316260
5318861
5319565
5327616
5330210
5330461
5330701
5332299
5333087
5343652
5345847
5346627
5346951
5356529
5358600
5362477
5364519
5365475
5366893
5366996
5367692
5367826
5367923
5372678
5375528
5381716
5383418
5385258
5385546
5389295
5393046
5393324
5394882
5399164
5400831
5400927
5402187
5403184
5407665
5410148
5410375
5410645
5416684
5419855
5420830
5424049
5425527
5425764
5427482
5427546
5432400
5433575
5435190
5435859
5437649
5438463
5440350
5443953
5449464
5455427
5458584
5458767
5458915
5463552
5465127
5467091
5467440
5469634
5471894
5479401
5479406
5482110
5486050
5491601
5492412
5496298
5497365
5498180
5506844
5508141
5509132
5513214
5513589
5513688
5518507
5525139
5528283
5530366
5533074
5535068
5536787
5540256
5542271
5546360
5548877
5549201
5549334
5549385
5555806
5557343
5561604
5564637
5567398
5569448
5572374
5573789
5577939
5579801
5583518
5586643
5589542
5594703
5603570
5605263
5605464
5607206
5618554
5622057
5623916
5632012
5632305
5633733
5639101
5639178
5641808
5643737
5647450
5651462
5652739
5655142
5656573
5658525
5659274
5660230
5661026
5667264
5672344
5675299
5676591
5683236
5684710
5685320
5687503
5687834
5692966
5694226
5694882
5695764
5703244
5706171
5712427
5720558
5720823
5721841
5728594
5732460
5732585
5738854
5743845
5744587
5749496
5750137
5753122
5753829
5757301
5758770
5764302
5766674
5768181
5770630
5771228
5771567
5774107
5775810
5775818
5777128
5778308
5778917
5782924
5782952
5783333
5787412
5792115
5794051
5803864
5812279
5824289
5828342
5837053
5837625
5842371
5843270
5844460
5844817
5849217
5849366
5849885
5851234
5855122
5857184
5864117
5864317
5868087
5872771
5878718
5884764
5886130
5892461
5892727
5898634
5912075
5913586
5917101
5920539
5921388
5924724
5925590
5930905
5931569
5933250
5934308
5936976
5937196
5944274
5945210
5945697
5947471
5950814
5952545
5963161
5968162
5968742
5969642
5972643
5975417
5977341
5977493
5978502
5981858
5983024
5983250
5995404
5997191
5997863
5998072
5998911
6002802
6003925
6005435
6009428
6012538
6012944
6014584
6028045
6032545
6039495
6044482
6047242
6059378
6060837
6065457
6070496
6078469
6078737
6081904
6085057
6085107
6085839
6087369
6087836
6092876
6101227
6108224
6109344
6115772
6116565
6116798
6117461
6117622
6120087
6121508
6122342
6123148
6125226
6132067
6134335
6134853
6146828
6147181
6151284
6151760
6152845
6153055
6154318
6158793
6159363
6159440
6159974
6159987
6164170
6184747
6186646
6192139
6193071
6195766
6197069
6198227
6199756
6199793
6202054
6202661
6204386
6208050
6208358
6215678
6222489
6222999
6223555
6223558
6225382
6225539
6229567
6231138
6236294
6242499
6242819
6244903
6250393
6250795
6257439
6259772
6260384
6262560
6262900
6265536
6271972
6273596
6276707
6278399
6281056
6283288
6285688
6286821
6287235
6287894
6290568
6290904
6295311
6295499
6297666
6301015
6303286
6310042
6310974
6311029
6317099
6317717
6330321
6330406
6331884
6332411
6338560
6341817
6343722
6348438
6349881
6352759
6358081
6358103
6362715
6363027
6363624
6366150
6366631
6367669
6368784
6371374
6372152
6379625
6381383
6382429
6383576
6387545
6390092
6391884
6406049
6406431
6419915
6423396
6426890
6428180
6428295
6432754
6435096
6437523
6437768
6440940
6442273
6443993
6447674
6448477
6449707
6451159
6451316
6453292
6454090
6457032
6457710
6459433
6459749
6462014
6462819
6465019
6465034
6469564
6471658
6471718
6472382
6476721
6483733
6484077
6484722
6491892
6492081
6494865
6496428
6497495
6497859
6498066
6501246
6501370
6504224
6504548
6510420
6515513
6519044
6524068
6524302
6528828
6532082
6537507
6538958
6539365
6540890
6546972
6548106
6550045
6552418
6553332
6553563
6562727
6563350
6572838
6573060
6573524
6574321
6579490
6581708
6583517
6586576
6593244
6594626
6596616
6598379
6605255
6614173
6627163
6631590
6634796
6644580
6646534
6654357
6655248
6661850
6674428
6684133
6686077
6693147
6700654
6703676
6706026
6714464
6715954
6720550
6721923
6724556
6726255
6727242
6728922
6731946
6739133
6739801
6740671
6742859
6745888
6746194
6746982
6750925
6758157
6759285
6760660
6763386
6766976
6769388
6770426
6775153
6780730
6781566
6782480
6782547
6786096
6786576
6789215
6794017
6798763
6800919
6803118
6806521
6808052
6808081
6811424
6815271
6818104
6819702
6820780
6824418
6826783
6828507
6831337
6839414
6840889
6842520
6842840
6843353
6846484
6846834
6847910
6848181
6850323
6853124
6855613
6857728
6858115
6859017
6862157
6862586
6864327
6868031
6868528
6869229
6869673
6871401
6873148
6874581
6882110
6890948
6897010
6897273
6900545
6902381
6902575
6903825
6905003
6905143
6908346
6908944
6912100
6915631
6917249
6920070
6921406
6921898
6924121
6925405
6927023
6929282
6930079
6935150
6938942
6943389
6944000
6945925
6948172
6953139
6954547
6959034
6959356
6960321
6963938
6965961
6977349
6979274
6981342
6984830
6986596
6991074
6992723
6998337
7001088
7006236
7018371
7021505
7022652
7022968
7025055
7027037
7027529
7033707
7035572
7038321
7038513
7039215
7039980
7041875
7043383
7044625
7045298
7047597
7048431
7056874
7065798
7068660
7070709
7072068
7073935
7074841
7083671
7091083
7096527
7103350
7108446
7109767
7112598
7118180
7120432
7122900
7137302
7137590
7139061
7141047
7154818
7161045
7164910
7183166
7186193
7195849
7196575
7203386
7208326
7211098
7214656
7217358
7220804
7228205
7228962
7230837
7232045
7240647
7242525
7246764
7250839
7256364
7258285
7259304
7263177
7263423
7267790
7269939
7270872
7273205
7277332
7277497
7280766
7281016
7282002
7284297
7284700
7286801
7287648
7287855
7290778
7291498
7292818
7297468
7298670
7299608
7300489
7309019
7313850
7315570
7322594
7326839
7332200
7337204
7346052
7346368
7346981
7347239
7348411
7348442
7351938
7357537
7358747
7359995
7362646
7366232
7367115
7372396
7383607
7387079
7397830
7407719
7412996
7413325
7416549
7416793
7419866
7420655
7425497
7427471
7433221
7434323
7436161
7439846
7442126
7445264
7445903
7448902
7449143
7450451
7451420
7452010
7452512
7452665
7455291
7455759
7457508
7458612
7459613
7460504
7463679
7466717
7467994
7471066
7475010
7475465
7482243
7482793
7485582
7489714
7491697
7491994
7494780
7496675
7502712
7503660
7504686
7509662
7511774
7512397
7513726
7516538
7517856
7519808
7519907
7520867
7527595
7533164
7533669
7536772
7550380
7551221
7559749
7566737
7573459
7574188
7579574
7585808
7599978
7603711
7605188
7606761
7609493
7610808
7612025
7614010
7614055
7619377
7626316
7629187
7629619
7634859
7644811
7649183
7653489
7653527
7655542
7660694
7675597
7683527
7683896
7683915
7684150
7692112
7692349
7699046
7702301
7704836
7707157
7709351
7710122
7718608
7730209
7741134
7741302
7742784
7743201
7747857
7752675
7760918
7760946
7761451
7764205
7767698
7768148
7768639
7781583
7781673
7784512
7785877
7786015
7792268
7793506
7799070
7802084
7807524
7813039
7817239
7820548
7826755
7828653
7831873
7832150
7832399
7834795
7835296
7846670
7851781
7851883
7861398
7864672
7868761
7869657
7875078
7876753
7881512
7882995
7887791
7890454
7891331
7899178
7900287
7901065
7901246
7907532
7912420
7920457
7920538
7923095
7923290
7928028
7932517
7935234
7936446
7936477
7938798
7950592
7954649
7955721
7977381
7986272
7986773
7987437
7987599
7990529
7992015
7994339
7995173
7995927
7998690
8000628
8001071
8001524
8002149
8005398
8005463
8005547
8006025
8007249
8012843
8015797
8016913
8017864
8021070
8022939
8024760
8027448
8027467
8028487
8035200
8037841
8038250
8044421
8045400
8047176
8050978
8051378
8053992
8057741
8067088
8067429
8079929
8080414
8083956
8087387
8087438
8088586
8088812
8093231
8093880
8094654
8107885
8110145
8113519
8113579
8121239
8124131
8124589
8129964
8131312
8133764
8135330
8139376
8144906
8148520
8150442
8153683
8154871
8158565
8161375
8164078
8167228
8168088
8168572
8172790
8173746
8174813
8177880
8181457
8185658
8186681
8188420
8192914
8197467
8200018
8204552
8208800
8209144
8210126
8226771
8226977
8229980
8232529
8233494
8243791
8243988
8244106
8247477
8251180
8251324
8253695
8254942
8258335
8268075
8269669
8279301
8281679
8282997
8284419
8286154
8290957
8291035
8297424
8300478
8302988
8303275
8306825
8309264
8309390
8309771
8309925
8315016
8315615
8321792
8324952
8325338
8327674
8329828
8343726
8349047
8352327
8354790
8356439
8363532
8366118
8367179
8368790
8369214
8374299
8374757
8374822
8377407
8379460
8383949
8384514
8388639
8393571
8395007
8395135
8398404
8402218
8404311
8408602
8410898
8415782
8417923
8419980
8421927
8429446
8430605
8430624
8434046
8443461
8443514
8444743
8447434
8449772
8451270
8452351
8473531
8474922
8476553
8477799
8486650
8487642
8497488
8499600
8504788
8513626
8514219
8514526
8514587
8516260
8517159
8518135
8519589
8525526
8527431
8530147
8531289
8534939
8535265
8541355
8544077
8544210
8546156
8546766
8547752
8548585
8549593
8550701
8553790
8554662
8554911
8556137
8560267
8567787
8578968
8584082
8590930
8592349
8595785
8598175
8598814
8600646
8600745
8601631
8604419
8605203
8605944
8606668
8610609
8610915
8613988
8617279
8619222
8622541
8625995
8626380
8629973
8630553
8634056
8638282
8639014
8642313
8643589
8644100
8644458
8645465
8651429
8655030
8655569
8656426
8657409
8662434
8662939
8665652
8666586
8672466
8674921
8675326
8678719
8678981
8681943
8688555
8690671
8693342
8696061
8699224
8700207
8719032
8719083
8721711
8722831
8725865
8729814
8730028
8746368
8751131
8759014
8759157
8761593
8768735
8769031
8773073
8776723
8777321
8778174
8782362
8786223
8794498
8795479
8800477
8810188
8814495
8825302
8827281
8827558
8828411
8835854
8839397
8845305
8845632
8849354
8850786
8862744
8864698
8867221
8869282
8874200
8875343
8875659
8878399
8880673
8884380
8884942
8885843
8889805
8890887
8892157
8896364
8903252
8905352
8909932
8910589
8912649
8913388
8913965
8914109
8916857
8916865
8919355
8924458
8925197
8930107
8933521
8933850
8933992
8934075
8935851
8936316
8937953
8938330
8941523
8942944
8946162
8947029
8949102
8949154
8950178
8952196
8955619
8957079
8960115
8963923
8964486
8972849
8974897
8975413
8990675
8992629
8994769
8998013
8998120
9003339
9006141
9007056
9007656
9010237
9010464
9010505
9017164
9017667
9019169
9023817
9025439
9026234
9026461
9027444
9041361
9043528
9045774
9048955
9049215
9050731
9054751
9055952
9056235
9059127
9061111
9063181
9063941
9072082
9075051
9075434
9076334
9080463
9080593
9084137
9085820
9095255
9097723
9101994
9103313
9109928
9110555
9114338
9114632
9119138
9121937
9122493
9124690
9127218
9134596
9147757
9149792
9149902
9154985
9158903
9164661
9170632
9175347
9175437
9176797
9179522
9183343
9183373
9186103
9190427
9196701
9201506
9203465
9208346
9209523
9211619
9211810
9216142
9216638
9217789
9222136
9224556
9225555
9227971
9228486
9241954
9242743
9247144
9248007
9248682
9248759
9249121
9249565
9256262
9265559
9269649
9271285
9273618
9290711
9294054
9305284
9310000
9315672
9316489
9326141
9327408
9329999
9330250
9333771
9337095
9340204
9345745
9352016
9355160
9360432
9363562
9365100
9369747
9369922
9374241
9375971
9378748
9379052
9380061
9386697
9396814
9397045
9399159
9405267
9407249
9410145
9411261
9414818
9420183
9421141
9423546
9428336
9432343
9433828
9437910
9438050
9440812
9441205
9441657
9446097
9448645
9451388
9453716
9463734
9464290
9465049
9466583
9469722
9478126
9481601
9483000
9483351
9493305
9500598
9502584
9502863
9505368
9506723
9506778
9507589
9511153
9512584
9512730
9513658
9518137
9521904
9522699
9526832
9535017
9535528
9536660
9537909
9538150
9557024
9560442
9562216
9562463
9562752
9564140
9566730
9568437
9568582
9570752
9571872
9572059
9572828
9583727
9585713
9585982
9587808
9595445
9597344
9599962
9602455
9607125
9608463
9610123
9614657
9614991
9622692
9623952
9625505
9632320
9634552
9636788
9647067
9651808
9664790
9665650
9666267
9668415
9670437
9670673
9672502
9672547
9676252
9678310
9679877
9685991
9687664
9694692
9695022
9705996
9710761
9713546
9713603
9713874
9714982
9715013
9722165
9723449
9724013
9724388
9730369
9737824
9742161
9747372
9747560
9755164
9755424
9761075
9762025
9765370
9766910
9769738
9772889
9774980
9775720
9780934
9781891
9786360
9794722
9804500
9806350
9816039
9816785
9818372
9824508
9824871
9830781
9840122
9840268
9840813
9842268
9843256
9850482
9854538
9860055
9860877
9861701
9870178
9871171
9871534
9873134
9875803
9875861
9876274
9881007
9884575
9884892
9902104
9902360
9903785
9908176
9920116
9922514
9922915
9923864
9925135
9926254
9927235
9930750
9933552
9938615
9942010
9945359
9947699
9952213
9956112
9957971
9959239
9971141
9976814
9977208
9982800
9983490
9988100
10008912
10009796
10011331
10012811
10013537
10015413
10015744
10017181
10020304
10022220
10022995
10024703
10025744
10026932
10029159
10030876
10038067
10038519
10053263
10054648
10058929
10063061
10067176
10070153
10070739
10078830
10080391
10084990
10088182
10095193
10099022
10101361
10104416
10104682
10107478
10116509
10120622
10135073
10135376
10137366
10140384
10140513
10147026
10149830
10151040
10155415
10156491
10166472
10166717
10167053
10173850
10173867
10174472
10174723
10177853
10180341
10182987
10184819
10196491
10197606
10198640
10200027
10201311
10202032
10203688
10208046
10210674
10217345
10219420
10219454
10220074
10221432
10227635
10228291
10230254
10232931
10236548
10241353
10244873
10249484
10249585
10252042
10265619
10265923
10267835
10269026
10270083
10272462
10272962
10272978
10274362
10278479
10285497
10288050
10289434
10290389
10293393
10301050
10305516
10309604
10310722
10313977
10324035
10324341
10327369
10327521
10329433
10331984
10333564
10336230
10342783
10345537
10347353
10350857
10352849
10362042
10362803
10372418
10372471
10373072
10377348
10379243
10379960
10385371
10385743
10388849
10392392
10401127
10401309
10402122
10402263
10412140
10413588
10414480
10420347
10424663
10430134
10433228
10435048
10436700
10438141
10438150
10439425
10439816
10441712
10444650
10451284
10455773
10459275
10461239
10461470
10463231
10479632
10479790
10481089
10481285
10485020
10488125
10488883
10491810
10493276
10495104
10495933
10496088
10498123
10499206
10506134
10508682
10509904
10511116
10514524
10516826
10520099
10525788
10526944
10530208
10535192
10537049
10537687
10548699
10549733
10550156
10550786
10550861
10554691
10556183
10557982
10558015
10565717
10573183
10574776
10575183
10576921
10583107
10586661
10587080
10594008
10597921
10599712
10602860
10603944
10607722
10610796
10613659
10614338
10614451
10617446
10617789
10618042
10622565
10623785
10627715
10636373
10637165
10648805
10650568
10652580
10658270
10665972
10667824
10668319
10672041
10673206
10673867
10674570
10683858
10684883
10686826
10690109
10690213
10693422
10695042
10695276
10697979
10698148
10707663
10710717
10710784
10712212
10714088
10715191
10715935
10721310
10722573
10724604
10725398
10729030
10731023
10732127
10733119
10736890
10737733
10742436
10742665
10746622
10746987
10748183
10751508
10757893
10758892
10762250
10763193
10765598
10769616
10770492
10770943
10771082
10778570
10782568
10783411
10787998
10788091
10789052
10792632
10798130
10809655
10814497
10815388
10820298
10820326
10820644
10823713
10828673
10831578
10834197
10834803
10839446
10841692
10845168
10846417
10847687
10848151
10848846
10853631
10855000
10860344
10861312
10862545
10864276
10866809
10871683
10874492
10878880
10879457
10882121
10882322
10882375
10883277
10892061
10897517
10897750
10900831
10901197
10902222
10916760
10918893
10920336
10922502
10923108
10925956
10927355
10931920
10934793
10937688
10939165
10943042
10943330
10943675
10944188
10945198
10948323
10952317
10959138
10961953
10963656
10963894
10964337
10964350
10964599
10966022
10967130
10977764
10977871
10979471
10981014
10984300
10987465
10987801
10990285
10992984
10994016
10994967
10994974
10998704
11018691
11019230
11026002
11026098
11032735
11033903
11039611
11040466
11042798
11050219
11056194
11060803
11062882
11066506
11067156
11067896
11070349
11072436
11072993
11073420
11076064
11076103
11077805
11082724
11083725
11084712
11091433
11093422
11097992
11099809
11101922
11105074
11109446
11109450
11115068
11119598
11126479
11130043
11130432
11133462
11134079
11134717
11140903
11143215
11146559
11146635
11146817
11148185
11151588
11155632
11156256
11157640
11159712
11163653
11163863
11164824
11164934
11166277
11167171
11167921
11168317
11169371
11170795
11172880
11175515
11182136
11184499
11184848
11192339
11194278
11194320
11196233
11196779
11197357
11199786
11205356
11216694
11216786
11218110
11224992
11230350
11234605
11236546
11237794
11249231
11251404
11255019
11258633
11261295
11263433
11266758
11270986
11273828
11283251
11283612
11286837
11287666
11290857
11299129
11300709
11304884
11312987
11320102
11320151
11320368
11322274
11323754
11331692
11331849
11332521
11339167
11339679
11341011
11343391
11346113
11346256
11346925
11352040
11352741
11359434
11365325
11365874
11369025
11369274
11375109
11377810
11378478
11380498
11380550
11385187
11387785
11388282
11392976
11393669
11397674
11398341
11399629
11402958
11407875
11409106
11415602
11416247
11422929
11424556
11432575
11433732
11434844
11436416
11439428
11439501
11440781
11442845
11449274
11452030
11453555
11453630
11459172
11459203
11466317
11469316
11476304
11482523
11487484
11487745
11488910
11490228
11491661
11495617
11497491
11499800
11505217
11507936
11514389
11526735
11538438
11549931
11557176
11561053
11568431
11570569
11571412
11579968
11582153
11583822
11585924
11591630
11597376
11598101
11598903
11601302
11605039
11620570
11625884
11633697
11636381
11636793
11644208
11645949
11649161
11650347
11652949
11656999
11658418
11672587
11674768
11677094
11677531
11677702
11679255
11680091
11685981
11689713
11693442
11696635
11706996
11712063
11716153
11719685
11722452
11724866
11727720
11729363
11732647
11735725
11740854
11747457
11752375
11755933
11758304
11759330
11764486
11766600
11766642
11771055
11773087
11774351
11776757
11781276
11781871
11783766
11783955
11784831
11786338
11788387
11789653
11792790
11798955
11800569
11802911
11808045
11811590
11817382
11817598
11819494
11819718
11825454
11825571
11828367
11834309
11834594
11841370
11850027
11851494
11859414
11861402
11868121
11871167
11875076
11877903
11888365
11889020
11894014
11895735
11896677
11896777
11898108
11902840
11906763
11909526
11915296
11917100
11917945
11923189
11926517
11926731
11927310
11928394
11929424
11930642
11937129
11937777
11940741
11947274
11948195
11949104
11957536
11960338
11961799
11964274
11965756
11967150
11969257
11976409
11976747
11978841
11982107
11988517
11989435
11991366
11998056
12000774
12009004
12009496
12009684
12015265
12015677
12015736
12015765
12015990
12017054
12017928
12017991
12018510
12020872
12021357
12023539
12024787
12026215
12029629
12033519
12038352
12038385
12042115
12044851
12048900
12049627
12051902
12057780
12057808
12059636
12062188
12066308
12070518
12077381
12078753
12085427
12085644
12090760
12091228
12091329
12091611
12091799
12094943
12098182
12100248
12102124
12105188
12105621
12107946
12110421
12112800
12113932
12118015
12118816
12120478
12122088
12122463
12123546
12123965
12128798
12133737
12137626
12138013
12139317
12141792
12142463
12142691
12145548
12149268
12153652
12153936
12161799
12161886
12167967
12168435
12179229
12181933
12182368
12184647
12185383
12186695
12188916
12191145
12192907
12197341
12206922
12207105
12214736
12216609
12221629
12222912
12226184
12228978
12229810
12232334
12234096
12235397
12235650
12240772
12241463
12243825
12244085
12248436
12250671
12253097
12255396
12258756
12263335
12264020
12266855
12270280
12281622
12282238
12282588
12282598
12283185
12283610
12292300
12294117
12296257
12296712
12301650
12303773
12305926
12306866
12308124
12309726
12310630
12311851
12312738
12315876
12320099
12321811
12336608
12337490
12338010
12339085
12356130
12356780
12357510
12357686
12358123
12359345
12359481
12360892
12361181
12362989
12364535
12372665
12375236
12375600
12376431
12377216
12379222
12382367
12383913
12383957
12385382
12386900
12389675
12391509
12395542
12396046
12401752
12404340
12409815
12410415
12410549
12412904
12412970
12415305
12416397
12427952
12429692
12431204
12438838
12441252
12443185
12445014
12445411
12447189
12449655
12450096
12450407
12450669
12452558
12452684
12455273
12455664
12456042
12462611
12476606
12481115
12481878
12485128
12486087
12488442
12492772
12493576
12495395
12498471
12499439
12500700
12500778
12501373
12502486
12508315
12509688
12513001
12527576
12542902
12546811
12547758
12549402
12552867
12553583
12554027
12561661
12561751
12563396
12567140
12573959
12575444
12576465
12578492
12579675
12583114
12585330
12587438
12589865
12591411
12611480
12613193
12614168
12617605
12628121
12628631
12629871
12638953
12639459
12643007
12644661
12649763
12651903
12653765
12654690
12657063
12662014
12662464
12662547
12665357
12666091
12666638
12671966
12673172
12675608
12680561
12689472
12693163
12694903
12702561
12704226
12707614
12709434
12715174
12715287
12717514
12721660
12721959
12723760
12726354
12726749
12730615
12733781
12737216
12748577
12753008
12760743
12764262
12764603
12765584
12765820
12766219
12767851
12768542
12769308
12773019
12775997
12776785
12777195
12779899
12784839
12787442
12789514
12792720
12796661
12797238
12797825
12799282
12802341
12802373
12803386
12804949
12805970
12810661
12813679
12814714
12816133
12822921
12824543
12825168
12826607
12828085
12829547
12832911
12834969
12836553
12840507
12844276
12844815
12847523
12854566
12856900
12858360
12860043
12863840
12864293
12864342
12865116
12865573
12866419
12867263
12867961
12875447
12879943
12882066
12884732
12890068
12890432
12895593
12898725
12899279
12901708
12909802
12911038
12913333
12914115
12917206
12918661
12922312
12922409
12932017
12936062
12947896
12948180
12951353
12957087
12960775
12976780
12992678
12993156
12995953
12997213
12998094
12999405
13000895
13002000
13005070
13009545
13009645
13013537
13017787
13017828
13021957
13022048
13031937
13033005
13034853
13036137
13041756
13042584
13044245
13044734
13047914
13049716
13051969
13065343
13070873
13073097
13073829
13076164
13086786
13087736
13092920
13100351
13100933
13101106
13104009
13105867
13110127
13111499
13114725
13120153
13124775
13126700
13129194
13134884
13145622
13146776
13147238
13149857
13151201
13154707
13155529
13156929
13157530
13165889
13166792
13167471
13168636
13168845
13169226
13169769
13180285
13183986
13186244
13189424
13190062
13194677
13196758
13197512
13198514
13200221
13200611
13202501
13209139
13210171
13210933
13211273
13212238
13219754
13219841
13223731
13229394
13234286
13238784
13242358
13246463
13247381
13255052
13255448
13259199
13260994
13268784
13278289
13280109
13286942
13289451
13291605
13291685
13295618
13296533
13297891
13301384
13303559
13304871
13305837
13306025
13307250
13309447
13309899
13310580
13312034
13318767
13328718
13328988
13336528
13341506
13347659
13347699
13349160
13350779
13353414
13361128
13365013
13369209
13371005
13372738
13373102
13374857
13375606
13377476
13379520
13383485
13384769
13387433
13388702
13391100
13393289
13393385
13400192
13401932
13402053
13402866
13403770
13404628
13409005
13410246
13411431
13412234
13412800
13413576
13417390
13417409
13426037
13429806
13431394
13433316
13437324
13438413
13440113
13440235
13448642
13451906
13454314
13460015
13469367
13473587
13474177
13476534
13477248
13477625
13477820
13477997
13478818
13479508
13481703
13482123
13483202
13488624
13493602
13494142
13502169
13505179
13505853
13508430
13508680
13508873
13509419
13511830
13513862
13516374
13526575
13529410
13533008
13538715
13543200
13546664
13548196
13549128
13551151
13551442
13555092
13559409
13569157
13571652
13575705
13575823
13576434
13580349
13583952
13586331
13586538
13586638
13589681
13594084
13594205
13595614
13597204
13602647
13606507
13607391
13607647
13609956
13613440
13614665
13615542
13617852
13625205
13626779
13628834
13631565
13631994
13632824
13636643
13638630
13639979
13644614
13646155
13649526
13654165
13654677
13662622
13663493
13665201
13666832
13667642
13670566
13674999
13675597
13680076
13681315
13685892
13688511
13695298
13697876
13700423
13701785
13708348
13709680
13710820
13711475
13715889
13717620
13718551
13720248
13721292
13721354
13721383
13722423
13722738
13723639
13723783
13733421
13738024
13740217
13744218
13746238
13748146
13756815
13758331
13758482
13762690
13765084
13765400
13768738
13773293
13776981
13777568
13783965
13784799
13785151
13785615
13788201
13794547
13803189
13804326
13806440
13812723
13812850
13814474
13814534
13815226
13815760
13817461
13820996
13824404
13824932
13825845
13829171
13829806
13830506
13830638
13835000
13837359
13838586
13840565
13840822
13848215
13854082
13867592
13870073
13871787
13873516
13874372
13874529
13874535
13887975
13890429
13896176
13900069
13913945
13914168
13914621
13917033
13922552
13924008
13928823
13932336
13945033
13950475
13957522
13958965
13960273
13962021
13970803
13971594
13971743
13974179
13987411
13997658
14000401
14008178
14010379
14011591
14017908
14026451
14029207
14032937
14040556
14040871
14041107
14044710
14050885
14052529
14054081
14055459
14056461
14059045
14061071
14065356
14071169
14073704
14075493
14076709
14078776
14079330
14083702
14089254
14099086
14099669
14099714
14101922
14104659
14106279
14115486
14127140
14130986
14132960
14133612
14135846
14136320
14137665
14138901
14138945
14143228
14152528
14155282
14159005
14162516
14162744
14165035
14165881
14174583
14176138
14176412
14181708
14185090
14185178
14188332
14199852
14200207
14203834
14203836
14210344
14213268
14215948
14220640
14223775
14224528
14233507
14236833
14245783
14247672
14247754
14250370
14254809
14258720
14265667
14266315
14267269
14269985
14272064
14272582
14272929
14279529
14283496
14284210
14286187
14288304
14305102
14306740
14311558
14314921
14315290
14317299
14317898
14322899
14331259
14335980
14341237
14342352
14362781
14363653
14379457
14379977
14381923
14388836
14400117
14400521
14404245
14408624
14410289
14411177
14411512
14415523
14416234
14422135
14424273
14428269
14428594
14432186
14433580
14437837
14437891
14437906
14438207
14444435
14453580
14466611
14468061
14468295
14471118
14476617
14480489
14484171
14484596
14486987
14488096
14488251
14488453
14489775
14491024
14493634
14505266
14506346
14511529
14511865
14512946
14516439
14516754
14520319
14524881
14532570
14534689
14537705
14540209
14544010
14546336
14549327
14549581
14558300
14562793
14573528
14578812
14591078
14595471
14596937
14604859
14616011
14624507
14627483
14629844
14633059
14638375
14642960
14652687
14654077
14655109
14661832
14665745
14666152
14668650
14671482
14671530
14680938
14681841
14682809
14682936
14691967
14692105
14694020
14698895
14699492
14703085
14703609
14711783
14712242
14718336
14719339
14723416
14728427
14732247
14735759
14746876
14747512
14752953
14757060
14760525
14764121
14765363
14765740
14767249
14769190
14769848
14773757
14775584
14775995
14778721
14779759
14780673
14781720
14791147
14798345
14804574
14808424
14812250
14820926
14827568
14828612
14829676
14832481
14837677
14839028
14839370
14840687
14841131
14841651
14847239
14847491
14854843
14855536
14862054
14866151
14866844
14868592
14872698
14873341
14882441
14892381
14894789
14899079
14900634
14900812
14901613
14906272
14907963
14917074
14922878
14927738
14931005
14934757
14937467
14938946
14944680
14948542
14950040
14956291
14957361
14965589
14967980
14973227
14976113
14979683
14980085
14981329
14986278
14991525
14993198
15001275
15001499
15002971
15005094
15007399
15008103
15008125
15009137
15017896
15018880
15021337
15024204
15029234
15033738
15033751
15033876
15035614
15035891
15036592
15040020
15042915
15047212
15047618
15048463
15057598
15075156
15080304
15087031
15087235
15088854
15102718
15107626
15108313
15108990
15119386
15121814
15122136
15122375
15132680
15138936
15142167
15147104
15155361
15158850
15160947
15164254
15166020
15167390
15169177
15173174
15175240
15175572
15187454
15188481
15192137
15193468
15195091
15200224
15208063
15210860
15212185
15219562
15220130
15242094
15242476
15244393
15250375
15256480
15256814
15263200
15265234
15269413
15275861
15287474
15291527
15292659
15293225
15294731
15306533
15312023
15312190
15321376
15322192
15327260
15328704
15332016
15337857
15339189
15340107
15340994
15344115
15344932
15348947
15356095
15361516
15368573
15374821
15378327
15385598
15386394
15387766
15388127
15392638
15400650
15408228
15417474
15426920
15427856
15443944
15444765
15457087
15457702
15457995
15471495
15472807
15474659
15479368
15481062
15482061
15489666
15493712
15497286
15497669
15498237
15501002
15505937
15510040
15514567
15515793
15518714
15521310
15522856
15523181
15523228
15525318
15525886
15525916
15528751
15535207
15536039
15545197
15545628
15545838
15549210
15549669
15553071
15562679
15565971
15566423
15571018
15572589
15574862
15576492
15578552
15582992
15592015
15592096
15599657
15602321
15602473
15604537
15605751
15605774
15611960
15612625
15615188
15626576
15629440
15630743
15636650
15640803
15641948
15643553
15645144
15645300
15649199
15651589
15656670
15669255
15682380
15682391
15682697
15686153
15689539
15689627
15692320
15695225
15698138
15712351
15714148
15716267
15728126
15734965
15736695
15737982
15745495
15747002
15749414
15756422
15758569
15759065
15760713
15763651
15767196
15768277
15769382
15770197
15774877
15787021
15802902
15803866
15804719
15815796
15817277
15822588
15824715
15830174
15831584
15833745
15842737
15847012
15854243
15856256
15864090
15866647
15867847
15877013
15880375
15882594
15883112
15888875
15892403
15897441
15907782
15919500
15920037
15920440
15921296
15924302
15928192
15930653
15931549
15934305
15941654
15945800
15947765
15954557
15955102
15956254
15960491
15960901
15961337
15968395
15973264
15975194
15977830
15978147
15978562
15979191
15981239
15981542
15983912
15984601
15988577
15989282
15990405
15994464
15996370
16019930
16023441
16026274
16030066
16040108
16050305
16053765
16054569
16055731
16062838
16064327
16069734
16075101
16081468
16081696
16094645
16111256
16113493
16127351
16129459
16130060
16133422
16137287
16137374
16137585
16142605
16145962
16147017
16149160
16149904
16151421
16155113
16156625
16169404
16169424
16175692
16178319
16183416
16183556
16185627
16188263
16202036
16207968
16210379
16212045
16217587
16219935
16221205
16223247
16223711
16223948
16225337
16228254
16232254
16232486
16232966
16233161
16259597
16262581
16268271
16269712
16273200
16276097
16287332
16300976
16304724
16308256
16308579
16309882
16311358
16319012
16322150
16322223
16325107
16325174
16327488
16329493
16335270
16340294
16343778
16343979
16347019
16361485
16363450
16365504
16369882
16370528
16371143
16374957
16388261
16389911
16390267
16391472
16394004
16402297
16403015
16403044
16403529
16403648
16407142
16415752
16415779
16415940
16418129
16420281
16421980
16428790
16430935
16431901
16432492
16432540
16433962
16435849
16447990
16449982
16453108
16461435
16463401
16465272
16469310
16471773
16472502
16473497
16474284
16478803
16478887
16497225
16497327
16498657
16498937
16501214
16503388
16504335
16513202
16514036
16523142
16524636
16525306
16527240
16527697
16535354
16535524
16536104
16537162
16539287
16544331
16546569
16550574
16552181
16552932
16553035
16557489
16560739
16561560
16575156
16579848
16583768
16589236
16603363
16606083
16606716
16610207
16614953
16622520
16624400
16624921
16625405
16626527
16628784
16633108
16633116
16636291
16637020
16646330
16648728
16654205
16654770
16669723
16673663
16673676
16674273
16676674
16677175
16679930
16681897
16684795
16684909
16687252
16695147
16706027
16709332
16711329
16714041
16716718
16716748
16719831
16721321
16721621
16725466
16725595
16728251
16732707
16737099
16740206
16741848
16745125
16760362
16765719
16765937
16768688
16770303
16773888
16777792
16781209
16782243
16785350
16786924
16787993
16788399
16790681
16799704
16801073
16802055
16805872
16816412
16819894
16820226
16825945
16826531
16826625
16827990
16830973
16833228
16836153
16848711
16865115
16867300
16868147
16868663
16870307
16871200
16877488
16880778
16884932
16885210
16890039
16894965
16902335
16905746
16908125
16915003
16922209
16922751
16925072
16932243
16934694
16941549
16942726
16946766
16949095
16952002
16953036
16957427
16957999
16963702
16973262
16977016
16977258
16982338
16983286
16983985
16985061
16985607
16985829
16987390
16990567
16992195
16993245
16993675
16994533
16996760
16997353
17006598
17007757
17008525
17009968
17016275
17021416
17022925
17029020
17030838
17031616
17033145
17034150
17036084
17038407
17042846
17043457
17045619
17046148
17046801
17048019
17049985
17052449
17053316
17056684
17061215
17068087
17073488
17075072
17079968
17083997
17084208
17084365
17090660
17091787
17093047
17096510
17103071
17105553
17105881
17111821
17114266
17116570
17122130
17123128
17125568
17127189
17135082
17138416
17142748
17143393
17144528
17144654
17145999
17158410
17159263
17161387
17161678
17162475
17165299
17167161
17168469
17171167
17174214
17180206
17182064
17188001
17193590
17193725
17200076
17200107
17200716
17205872
17206256
17206521
17206776
17207147
17211930
17219730
17220375
17222662
17224425
17226418
17228345
17230213
17235339
17238317
17244904
17250188
17256340
17259308
17262228
17269126
17275893
17276389
17279699
17279809
17281506
17285636
17289874
17290770
17291207
17293176
17295909
17296681
17298238
17298693
17299270
17302971
17305568
17307686
17314461
17317362
17322395
17335141
17335360
17336261
17337438
17339405
17340099
17340194
17347538
17349481
17350690
17354794
17362079
17371133
17381434
17385007
17392074
17392097
17400308
17401048
17404008
17405150
17411583
17412569
17414445
17426080
17427817
17429340
17430738
17436415
17438935
17443505
17445325
17450058
17452716
17460231
17462134
17462864
17464974
17468750
17468926
17471054
17471077
17471924
17473488
17474660
17474987
17476691
17479663
17480428
17480743
17483390
17484687
17486520
17486622
17492853
17497277
17498099
17498468
17499926
17501210
17505775
17507698
17517588
17519994
17520342
17522854
17524932
17525302
17526588
17536731
17542374
17543135
17549100
17550501
17553493
17554820
17560397
17561193
17561539
17565142
17565924
17567804
17570920
17571026
17571828
17573222
17573289
17576848
17578976
17581172
17583256
17588502
17591702
17592166
17594901
17595570
17596782
17599785
17600154
17600848
17602130
17603535
17604589
17611385
17612172
17612633
17613123
17621051
17623259
17623898
17624589
17626363
17626828
17629951
17631263
17634342
17636010
17639809
17640351
17640534
17640925
17647222
17648722
17649567
17650679
17652184
17654307
17655029
17660121
17662240
17667016
17670466
17671475
17672974
17673817
17675106
17676922
17678155
17681546
17681610
17686242
17686998
17689846
17691547
17696907
17705658
17708003
17712730
17712986
17714919
17722254
17722648
17724438
17731699
17733116
17740068
17741068
17741603
17745529
17746141
17749186
17750393
17751507
17753077
17754720
17757868
17762114
17771666
17772828
17778423
17778448
17787697
17808136
17809809
17810201
17810917
17812730
17813788
17816625
17818837
17819300
17820209
17821698
17823441
17828233
17829558
17832974
17834211
17836948
17837734
17845682
17850523
17853469
17853874
17854712
17856133
17857933
17858185
17860869
17861031
17861594
17862748
17865538
17868059
17869303
17869684
17873725
17874275
17878162
17879745
17880524
17886765
17889518
17890373
17892393
17896378
17897010
17901426
17901521
17903577
17918458
17923250
17928433
17930991
17934088
17934372
17934420
17938945
17951350
17951525
17952661
17953350
17955996
17956526
17958174
17964026
17976046
17976472
17988904
17990223
17991764
17993995
17994207
18000556
18004006
18006137
18007859
18008362
18014665
18015173
18015223
18030271
18035388
18038190
18038564
18040798
18041017
18042288
18044611
18046124
18050606
18051096
18052778
18054505
18059217
18061257
18063707
18066104
18071021
18071067
18074195
18080133
18088255
18092633
18094174
18099062
18101384
18102847
18104311
18112059
18119735
18122199
18133284
18140348
18140689
18142221
18150469
18151614
18152444
18154159
18159012
18160052
18161245
18161873
18163249
18164648
18166124
18166169
18176457
18182331
18184181
18184676
18186149
18187144
18193272
18194106
18195315
18195318
18198792
18203954
18209596
18216139
18218077
18218682
18220641
18222305
18224854
18226045
18226100
18227328
18227344
18233055
18233493
18241782
18247938
18251858
18264986
18266777
18270044
18276183
18283477
18286397
18287387
18289535
18292596
18294157
18304695
18309127
18309267
18321926
18322696
18326134
18327202
18327498
18337262
18337884
18338120
18340783
18342779
18347562
18352656
18353265
18355532
18358707
18359358
18361567
18366919
18369848
18370086
18372101
18376773
18377455
18377635
18381603
18390417
18390682
18400540
18404378
18406816
18407028
18412164
18415081
18415942
18419928
18427040
18429450
18431276
18432838
18435909
18436367
18442270
18447247
18447858
18448683
18456402
18459327
18465545
18470773
18471398
18473029
18474483
18475117
18480720
18484083
18492849
18502306
18507241
18514296
18514654
18525533
18527872
18531145
18533535
18535828
18536105
18536733
18538550
18553675
18554678
18560597
18561225
18561298
18561869
18567239
18569465
18570643
18570873
18571220
18572174
18573025
18574124
18574559
18575139
18575757
18576005
18577435
18588962
18589589
18596578
18597415
18597560
18600019
18602201
18603165
18606461
18611103
18613666
18613945
18615081
18615901
18619370
18621634
18626772
18627014
18639416
18640320
18642453
18645541
18645883
18646486
18650145
18653514
18655646
18670915
18676382
18676743
18683834
18684841
18687441
18693163
18695261
18697262
18697551
18698260
18700338
18702439
18703848
18708269
18708871
18713150
18714682
18718746
18720043
18722530
18723863
18727381
18729392
18729659
18730605
18734183
18735679
18736856
18737407
18738606
18745633
18747479
18747700
18748162
18748218
18750308
18751026
18751390
18753607
18754108
18760375
18763504
18767977
18772671
18777474
18778274
18778503
18779916
18780514
18781796
18803644
18806937
18814823
18819983
18823745
18827751
18828499
18835209
18837121
18837368
18838490
18838759
18839388
18839677
18840669
18841207
18842196
18842657
18843938
18844679
18848517
18849275
18852451
18852953
18854178
18854816
18856583
18856696
18862173
18865025
18865319
18865475
18866694
18872158
18873893
18876778
18883270
18884294
18887721
18888420
18890029
18894527
18900144
18901129
18903053
18906288
18916712
18920380
18927590
18928091
18934200
18936975
18938255
18938476
18939766
18942944
18948023
18948387
18949477
18950043
18950400
18950417
18955143
18956426
18956525
18958408
18960630
18976709
18976829
18982681
18984920
18985046
18991390
18994586
18997075
18997417
18999536
19000816
19004315
19006950
19007083
19007778
19008166
19016872
19027443
19027644
19028813
19032835
19034161
19039130
19047234
19049597
19050330
19052225
19052637
19052678
19053602
19056094
19058558
19059468
19063240
19065763
19066190
19076541
19082634
19086519
19088848
19092997
19094307
19100687
19109151
19113701
19114098
19115383
19122533
19125894
19127037
19133300
19135634
19135922
19137049
19141370
19147206
19147943
19151345
19152259
19153888
19154187
19156503
19160614
19162532
19164167
19166586
19167020
19170429
19170901
19173106
19173620
19175234
19189400
19201130
19204396
19220045
19224174
19228176
19230166
19231499
19232366
19232512
19237306
19243212
19243756
19256315
19258683
19261681
19262833
19264746
19270600
19284618
19285840
19286366
19287461
19287889
19291521
19309881
19312044
19313195
19314943
19317677
19319122
19330775
19332985
19333161
19337310
19342588
19343856
19346653
19347048
19347295
19347517
19347823
19353570
19354771
19356915
19359400
19366012
19366271
19369616
19370086
19375571
19384687
19389723
19393961
19395337
19396425
19397492
19401981
19402394
19405080
19410470
19410879
19413390
19413832
19414269
19414875
19425058
19426131
19427980
19432424
19433282
19441274
19449081
19449242
19449790
19450385
19453039
19457494
19457846
19457974
19460917
19466043
19473721
19474964
19482775
19486568
19488263
19495587
19498597
19500305
19500672
19500707
19501456
19507445
19507521
19509565
19509938
19510249
19511150
19521829
19522086
19523839
19526221
19527844
19537259
19542708
19542938
19545900
19552381
19555818
19556593
19558159
19559016
19560815
19566697
19569716
19570157
19578215
19578813
19582659
19589394
19592460
19593642
19596104
19597425
19598037
19602857
19603925
19608085
19608733
19608852
19616228
19620700
19626686
19627870
19629863
19630150
19633937
19634256
19641653
19648208
19653180
19656327
19656830
19658257
19659186
19660535
19661585
19664313
19667744
19669244
19673453
19673495
19675071
19675974
19676104
19687391
19689089
19689492
19691669
19693038
19702362
19707639
19708592
19715269
19718547
19719227
19725371
19730469
19731958
19733553
19734490
19735217
19741095
19743413
19744923
19746171
19749671
19751542
19754805
19755012
19759502
19761029
19766227
19768961
19771077
19779150
19784473
19787325
19793367
19798021
19801621
19805694
19808743
19818547
19821244
19821719
19824141
19827846
19828666
19836272
19843817
19844842
19849335
19850517
19851220
19856392
19859454
19860117
19869664
19872287
19874496
19879000
19879656
19882265
19887377
19888258
19896612
19900858
19902604
19910723
19915032
19917787
19919104
19919179
19919672
19931061
19933013
19934898
19937030
19939788
19940212
19941614
19945478
19946511
19949544
19956576
19958054
19960015
19963459
19973934
19978506
19982739
19982753
19987164
19988414
19988977
19990595
20002098
20006849
20009211
20010129
20017844
20020547
20021083
20021922
20026742
20033338
20033825
20034656
20035237
20035352
20036756
20037953
20047854
20047887
20049674
20051870
20058391
20058898
20060080
20061299
20062586
20064207
20069038
20076387
20077217
20078203
20078753
20080586
20083017
20089466
20090314
20090558
20091628
20092302
20093118
20098154
20100573
20101208
20105468
20107771
20110167
20112201
20112924
20116191
20116521
20118654
20121176
20121436
20123468
20124382
20129107
20131452
20135580
20139831
20140292
20147789
20150451
20153506
20156389
20157354
20159099
20159833
20169313
20173940
20174443
20175219
20182132
20186139
20188228
20188715
20189043
20190008
20195535
20196765
20199508
20201045
20206732
20212110
20213432
20215124
20215835
20216998
20220038
20220898
20224501
20229298
20230380
20230622
20231555
20233774
20235850
20235962
20238312
20240777
20241193
20249848
20250997
20253596
20253762
20258756
20260172
20261522
20265466
20268440
20270606
20273018
20273871
20278107
20279279
20282509
20285040
20287414
20291132
20291376
20294406
20295654
20303042
20304157
20304343
20320456
20324699
20330938
20333249
20333993
20343209
20346544
20346855
20348559
20350813
20352877
20355501
20360406
20362531
20365206
20365220
20370851
20376893
20385496
20385847
20391361
20394086
20396883
20397863
20399417
20400439
20400580
20405719
20406749
20412322
20412564
20423478
20424084
20424735
20425427
20432644
20437198
20437456
20439051
20439712
20443873
20447988
20452306
20453283
20454482
20463612
20464945
20465161
20472701
20474370
20482581
20485841
20485850
20486329
20489264
20490099
20490234
20492060
20497881
20499299
20507402
20508436
20514893
20519066
20522095
20522866
20523552
20524206
20524230
20528892
20529713
20533209
20534494
20535800
20537858
20544480
20545154
20553037
20554578
20555554
20555801
20557253
20558531
20561043
20579143
20582652
20585828
20589673
20589883
20590279
20590619
20591622
20591629
20597076
20600584
20610973
20613182
20613847
20615159
20616608
20617045
20624330
20631542
20632516
20635186
20639693
20643307
20643930
20643979
20644349
20658340
20660877
20661446
20663844
20664609
20664823
20665119
20665381
20667035
20668488
20671465
20672999
20673460
20676477
20677131
20677199
20679469
20681964
20688695
20689159
20689472
20692282
20695223
20696392
20697114
20701201
20705530
20706719
20707010
20708887
20714309
20721392
20722400
20722887
20725185
20727310
20727377
20736929
20738883
20740046
20745733
20750967
20751458
20758075
20758095
20761821
20766310
20767792
20770262
20776154
20785712
20790215
20790914
20793072
20793814
20796788
20800491
20802151
20805930
20810937
20812423
20815963
20819102
20820199
20822482
20824281
20840503
20842650
20845919
20850276
20859239
20859514
20860670
20862286
20862316
20868823
20869287
20872619
20873415
20873533
20878335
20879920
20893028
20896984
20897328
20903538
20906158
20913450
20918159
20921557
20927252
20927580
20927998
20928772
20929337
20930171
20932120
20932417
20932555
20932813
20934225
20938750
20939980
20940253
20948881
20951630
20953706
20954351
20954512
20964061
20972086
20982124
20985858
20986089
20987159
20996813
21001796
21008391
21008962
21011997
21014023
21014889
21020577
21020612
21021247
21026783
21030855
21035400
21036951
21043803
21047180
21048677
21052112
21055539
21059679
21062355
21065777
21072384
21074729
21074885
21075996
21077998
21079532
21082748
21083365
21084229
21086091
21087622
21091599
21095733
21097199
21097378
21100897
21102942
21107581
21113964
21117695
21118707
21121871
21125358
21133793
21138083
21139913
21142195
21142621
21145998
21154660
21160262
21166562
21167377
21167462
21169071
21172162
21180572
21181149
21181253
21181664
21182041
21183391
21186041
21197016
21199215
21199270
21205647
21207784
21210934
21213635
21226386
21231582
21232845
21233140
21233896
21236522
21243313
21243551
21247346
21248806
21251640
21252371
21253955
21260754
21266170
21271017
21271715
21271782
21273226
21275212
21278936
21279544
21286677
21288970
21290491
21291848
21300553
21301923
21314018
21314175
21319214
21324153
21325428
21325505
21327398
21328248
21328536
21332167
21341005
21343111
21343174
21349086
21349994
21351482
21365354
21366224
21376494
21378661
21379555
21380351
21381898
21384729
21385371
21388028
21388665
21389141
21389626
21392492
21394741
21397636
21400676
21401332
21402001
21409255
21410930
21417075
21417997
21418455
21418486
21422493
21424308
21435135
21435345
21435691
21445234
21445756
21446992
21449015
21452053
21454054
21457808
21460900
21460923
21462532
21463673
21468053
21468203
21468616
21470653
21471409
21471657
21473288
21475143
21479582
21480062
21486457
21490975
21494752
21495148
21496847
21498929
21499931
21500957
21505995
21510673
21518891
21522925
21524340
21531501
21532428
21541918
21543473
21544511
21548110
21550833
21550874
21552178
21554151
21554577
21566813
21568765
21574520
21574734
21574785
21575636
21581413
21591425
21595488
21604683
21605081
21608052
21608995
21609927
21612596
21612879
21613178
21615841
21625312
21628569
21632786
21635690
21635912
21637105
21639295
21643246
21652528
21652554
21654021
21654045
21662994
21664101
21666633
21667155
21671816
21672038
21672806
21678483
21680760
21681441
21682657
21684892
21685893
21685932
21686699
21688100
21694305
21695996
21696821
21697587
21702373
21703598
21709076
21712851
21714456
21714570
21726057
21730715
21732315
21737410
21740329
21747338
21752622
21754773
21755382
21757726
21757932
21765846
21772929
21779612
21779832
21782408
21784344
21785598
21793856
21800718
21808024
21811440
21814273
21822700
21828350
21834945
21835747
21836864
21845133
21847013
21852330
21866493
21869100
21870486
21870519
21872097
21872286
21874468
21875075
21880148
21881026
21885736
21888813
21888983
21893461
21893785
21895616
21897265
21898501
21903144
21905581
21907441
21907598
21908955
21914504
21918055
21919395
21920854
21921334
21922322
21923905
21924645
21928950
21937994
21938245
21949749
21953284
21957290
21970260
21972734
21974549
21978776
21980707
21988875
21990189
21990219
21991216
21993577
21997991
22000790
22002245
22003846
22005119
22008581
22013570
22020909
22030354
22031169
22036955
22042207
22047540
22047672
22048387
22048412
22053392
22056611
22059644
22061957
22063325
22065439
22066353
22067863
22071017
22073500
22081887
22083994
22084221
22085019
22085280
22086495
22087649
22091907
22101568
22102676
22104168
22107423
22107677
22107886
22115652
22123561
22126387
22128947
22137493
22147045
22148986
22149543
22155254
22156902
22159935
22161683
22164508
22166000
22167842
22173288
22177454
22178468
22178657
22179216
22181416
22181984
22183681
22185290
22185696
22186620
22186716
22186905
22188993
22191025
22191828
22193142
22197925
22205896
22209366
22210462
22220491
22220650
22225600
22226122
22229746
22231438
22233445
22241286
22245978
22246265
22246548
22250780
22253235
22253825
22260002
22263013
22264138
22264503
22264760
22266616
22266972
22271274
22272844
22275508
22277145
22277720
22278977
22284638
22285651
22288735
22293811
22296061
22296363
22297901
22301007
22303681
22311548
22312347
22313586
22314571
22317532
22324261
22327390
22328168
22331424
22334524
22334588
22339965
22358477
22358792
22363672
22372045
22372137
22374041
22375341
22381443
22382145
22383394
22385878
22390163
22391824
22392125
22393028
22394120
22397973
22403233
22404664
22409741
22410867
22416362
22421185
22423365
22426684
22430168
22437539
22439285
22444420
22452632
22460629
22460807
22461331
22471914
22475273
22479640
22479752
22481229
22486710
22486894
22487865
22488071
22489695
22495636
22502730
22503317
22503684
22505043
22510637
22514430
22518691
22524901
22526632
22528411
22529811
22530542
22535941
22536069
22537564
22544902
22551251
22558431
22566731
22567858
22571270
22572604
22573317
22574051
22575649
22576362
22576453
22576873
22579125
22580154
22580418
22581716
22588766
22592983
22594013
22594092
22598661
22599229
22604334
22610091
22610592
22610918
22611050
22617370
22617651
22617768
22619480
22621081
22621568
22622975
22626557
22628414
22633198
22639023
22648189
22648251
22649588
22657762
22658497
22659338
22660783
22663332
22663917
22668411
22669650
22675318
22675355
22682878
22686347
22686379
22687908
22688350
22695023
22696938
22697659
22698975
22719039
22722587
22726113
22735140
22740298
22751376
22756197
22759333
22761900
22762953
22764894
22766566
22771189
22772487
22779168
22788515
22796214
22799397
22801798
22802378
22810338
22810827
22811606
22812534
22813189
22816898
22821378
22823455
22824170
22824438
22825027
22832789
22833436
22834439
22835432
22837828
22838925
22839913
22841998
22843356
22845126
22845554
22848892
22851828
22855521
22857313
22857934
22861464
22861926
22865032
22865692
22866256
22867516
22868933
22886932
22889229
22890800
22898926
22905428
22910512
22917910
22917981
22919352
22921247
22924036
22925878
22926977
22935667
22944529
22945171
22945807
22946122
22948755
22950991
22954607
22966309
22971070
22975477
22984893
22987752
22996201
23003979
23007144
23017384
23019364
23019402
23028982
23031571
23035808
23039668
23049781
23051742
23056168
23058103
23060348
23061393
23064763
23070793
23071411
23075834
23076191
23077020
23077264
23078723
23079579
23082386
23095069
23103414
23107104
23107248
23107278
23121652
23123512
23124899
23125277
23134950
23138975
23139354
23151472
23151977
23154149
23159734
23160011
23160581
23162066
23171558
23172156
23173197
23174442
23176107
23177908
23178266
23180235
23182311
23184535
23186416
23187791
23190444
23192679
23199714
23206928
23209390
23211163
23226127
23226305
23226493
23228742
23231329
23237339
23238272
23256886
23259948
23261970
23272124
23284715
23287214
23290660
23291934
23292187
23292480
23297010
23300925
23307229
23310355
23311007
23311151
23313875
23315023
23316153
23318735
23318987
23321524
23328261
23332755
23337054
23337372
23345171
23345177
23347242
23356920
23359430
23359499
23360556
23363190
23364314
23371596
23373607
23375487
23378367
23378545
23391163
23393990
23394655
23395997
23397904
23412425
23416092
23416160
23420443
23427842
23429903
23441446
23447423
23449569
23451659
23453958
23458027
23458523
23458812
23459493
23464268
23465039
23465184
23465370
23466660
23468903
23470366
23473734
23475116
23478532
23478763
23480461
23481014
23482826
23483796
23490358
23491767
23492439
23493005
23493093
23502224
23507712
23509608
23516984
23517697
23520280
23520449
23524711
23530487
23534377
23545165
23545864
23546880
23548662
23553892
23554703
23558424
23560321
23564046
23569419
23569731
23570141
23571078
23572586
23576267
23578897
23579666
23579985
23580623
23580823
23585431
23585474
23587698
23589865
23594272
23594479
23599087
23599892
23600502
23615990
23616486
23621432
23623036
23626817
23629300
23632025
23636358
23644734
23646946
23650771
23656038
23657442
23657768
23658879
23659684
23660959
23663557
23664017
23664060
23666837
23677768
23679155
23685168
23685918
23687647
23688171
23692920
23694125
23698572
23700210
23705499
23706841
23707278
23708545
23715670
23718631
23719066
23719231
23721602
23721795
23728532
23735629
23735795
23738017
23738781
23741674
23744327
23746632
23748345
23751121
23757497
23759307
23770349
23770529
23771136
23774470
23779504
23782284
23783710
23786188
23792994
23804686
23805964
23809265
23809345
23812769
23826829
23827799
23830352
23832256
23835554
23837966
23839504
23840961
23842878
23843330
23847468
23849374
23849713
23859280
23862251
23863671
23864382
23864936
23876836
23878480
23883507
23889713
23899260
23900694
23902028
23908068
23908697
23911613
23912639
23912813
23917495
23920899
23921171
23923498
23924251
23931224
23932074
23934138
23934182
23934758
23938669
23940248
23943847
23951951
23952517
23952535
23954675
23955615
23962582
23969460
23976866
23979296
23979811
23979874
23981181
23988013
23999098
24004402
24006054
24009123
24012722
24013650
24014421
24018948
24019435
24024979
24027479
24033174
24033886
24039466
24041238
24047239
24052450
24053095
24053359
24053977
24054365
24066339
24072518
24073076
24080305
24083167
24084396
24091923
24096891
24097906
24098118
24102105
24102955
24105484
24121358
24126024
24126466
24134498
24135393
24136621
24139806
24140074
24142795
24143033
24145308
24145518
24150300
24150668
24153956
24157109
24166396
24169158
24173887
24178134
24180572
24180681
24190686
24193759
24194874
24200109
24203585
24207321
24208327
24210268
24210899
24211042
24212363
24212537
24213616
24215556
24216340
24222072
24223413
24224918
24232319
24234181
24236231
24236354
24237724
24243137
24243212
24245455
24247891
24249575
24253669
24253729
24255117
24255124
24256101
24258474
24267495
24268570
24270731
24277819
24278855
24282456
24283972
24287171
24291242
24296284
24296520
24297633
24299541
24299849
24302156
24305062
24308344
24310486
24310957
24313543
24316671
24324415
24327653
24328930
24328972
24334685
24336698
24337605
24340780
24341524
24343501
24345918
24356104
24357767
24363684
24363965
24380823
24382429
24382837
24383618
24383704
24393995
24395732
24398771
24400436
24403224
24406479
24407972
24409619
24411431
24413462
24416399
24416655
24418150
24422079
24428987
24432117
24433513
24435764
24436092
24436657
24438070
24442126
24442558
24449708
24452314
24453636
24453978
24454143
24459451
24460196
24462549
24465104
24465446
24471170
24472868
24477972
24486777
24486886
24489919
24491920
24495783
24499933
24507176
24513305
24514791
24518341
24526255
24526374
24531021
24539082
24540548
24541187
24544991
24548238
24549964
24552687
24554343
24555875
24560889
24562346
24562848
24569736
24570501
24571225
24572620
24576687
24580663
24588244
24590260
24604068
24604946
24607814
24609958
24611077
24611948
24612285
24613384
24613913
24617419
24621403
24624175
24630103
24632409
24637375
24648426
24648454
24649267
24651159
24651646
24653611
24655846
24658556
24660254
24669452
24671154
24679648
24681692
24684061
24687962
24689004
24689152
24690315
24692128
24692897
24696326
24698034
24699954
24706810
24712772
24722680
24724395
24725055
24727002
24732583
24733828
24735986
24736703
24739510
24740106
24740270
24747431
24747494
24749310
24758576
24758606
24763437
24775080
24780431
24781291
24785952
24793904
24796524
24797057
24798736
24800723
24800996
24801357
24801781
24802891
24805385
24815900
24819861
24821793
24824173
24827488
24830333
24835802
24839146
24844562
24845392
24848371
24850322
24857017
24858398
24860532
24860777
24864852
24872256
24873046
24875358
24875815
24879876
24885538
24886644
24896038
24898311
24898499
24900290
24905522
24911323
24920628
24923941
24927393
24927742
24927828
24931097
24934482
24936258
24936768
24939386
24939618
24948112
24948994
24952322
24954545
24960744
24960961
24973078
24973088
24973291
24973641
24977377
24989734
24990122
24990188
24993205
24993670
24996339
24997160
24999034
24999178
25001360
25002901
25003202
25004653
25009526
25012568
25013670
25015631
25018359
25019500
25020317
25022088
25022713
25030024
25041438
25047801
25049651
25055454
25056842
25058097
25064490
25064658
25065034
25065993
25068673
25074246
25078363
25079978
25083695
25088275
25090753
25091069
25093501
25102301
25103569
25104730
25104956
25106457
25109429
25116931
25119613
25120468
25131610
25134498
25136811
25137341
25140889
25142744
25143459
25143561
25146810
25149472
25152530
25152880
25159107
25160912
25165130
25169129
25169787
25171186
25171443
25175852
25178728
25185563
25185889
25187054
25188311
25191448
25192020
25195732
25199372
25200461
25209670
25212602
25218174
25219231
25221728
25226696
25230157
25233729
25242136
25242277
25242881
25252752
25253511
25254960
25263761
25268843
25272454
25274764
25275267
25276887
25276904
25280427
25282860
25288105
25289533
25290376
25290592
25306468
25307783
25308296
25320182
25320467
25330682
25340287
25342535
25343186
25344514
25350012
25350074
25350963
25353715
25361529
25365757
25368280
25377113
25377135
25378171
25379048
25385099
25385757
25387944
25395788
25401545
25402228
25404251
25417666
25418986
25437813
25438688
25438881
25441569
25442980
25443902
25445694
25446180
25447150
25453866
25454014
25460374
25466323
25466974
25468628
25472341
25474780
25477976
25491577
25491580
25492997
25493854
25494814
25496793
25497787
25500682
25508123
25511413
25512009
25520226
25526487
25530084
25531821
25532899
25537828
25543477
25546892
25547091
25552139
25553020
25553818
25559634
25559686
25565246
25565634
25567830
25577710
25582855
25589765
25589862
25591233
25593894
25595948
25604991
25609604
25613739
25617065
25617480
25621927
25624388
25626652
25629193
25633059
25636086
25637537
25640869
25644543
25649375
25659463
25661655
25664876
25666464
25668021
25671414
25672036
25674710
25678209
25678361
25685906
25692889
25693834
25697339
25702506
25706619
25707906
25708145
25708446
25710215
25710979
25715958
25719750
25719970
25721662
25726401
25727958
25729649
25733865
25736833
25738146
25738816
25740414
25747034
25752681
25753949
25759707
25761630
25762644
25763625
25766032
25769294
25778089
25779142
25780739
25781655
25784116
25789053
25790347
25792151
25799602
25804879
25807168
25807510
25808300
25813285
25814203
25815186
25815998
25819196
25821791
25825295
25825889
25832327
25833773
25834427
25834908
25847232
25850090
25850729
25853039
25857127
25860430
25862941
25875147
25876606
25881699
25886619
25889142
25891458
25891917
25898416
25898443
25900901
25901399
25901506
25902612
25907243
25907564
25911386
25919432
25920969
25925874
25927540
25938813
25944195
25944601
25948166
25954585
25954683
25955586
25958584
25960628
25961590
25962903
25963537
25964704
25968781
25970587
25973971
25974112
25981439
25982888
25985510
25987362
25988838
25988863
25989948
25990521
25990894
25993807
26002575
26005586
26011472
26011899
26014189
26018902
26020380
26020593
26021456
26031802
26034893
26036342
26043595
26054775
26056222
26057939
26061067
26062731
26077107
26077404
26079681
26080297
26082017
26086396
26088833
26088972
26089032
26091018
26094661
26097358
26101578
26106482
26116452
26117589
26119025
26126981
26127791
26132370
26132867
26134525
26134941
26136082
26138967
26142135
26145343
26145470
26145989
26155368
26156545
26158043
26158132
26161586
26169526
26172621
26172679
26176007
26176687
26178828
26179423
26181595
26182112
26184071
26185447
26197770
26198750
26201973
26203663
26204255
26208468
26212452
26225440
26226687
26227711
26228860
26228984
26229420
26234606
26237667
26241202
26241579
26243544
26249839
26250786
26251087
26253278
26262543
26262697
26263392
26266274
26268602
26270652
26282176
26283603
26288465
26289164
26290286
26296442
26297403
26305371
26308062
26314314
26315012
26317412
26320607
26329708
26334406
26335329
26336247
26342414
26345169
26345464
26345809
26348888
26359262
26359916
26360852
26366934
26368007
26368259
26368742
26396601
26412844
26416095
26422233
26422725
26422783
26424238
26424621
26426834
26429501
26430087
26432125
26432943
26433694
26435392
26437575
26439465
26442220
26444233
26445435
26447133
26448684
26449126
26449556
26450875
26452966
26454760
26456535
26457910
26461384
26465011
26469097
26476253
26479035
26483215
26490586
26495129
26497784
26498002
26498070
26501413
26503243
26506369
26508202
26510408
26511090
26511268
26512756
26514851
26517971
26518323
26518496
26518786
26518910
26520193
26528805
26530528
26533295
26534922
26536154
26538733
26540482
26542506
26553274
26554735
26557974
26558815
26567124
26578474
26579326
26580580
26589674
26602054
26604318
26607579
26607921
26624595
26633255
26642752
26643099
26644694
26645548
26646074
26647779
26650841
26663775
26666008
26668325
26670576
26671587
26676108
26676519
26678813
26681016
26683150
26693527
26697594
26703730
26703742
26704115
26707612
26709461
26709711
26710636
26711684
26715990
26729080
26732619
26736124
26739383
26739926
26740520
26741037
26742567
26746328
26746364
26750168
26751421
26751786
26757072
26758213
26759709
26761339
26763261
26764130
26765100
26766289
26769984
26771456
26774472
26774951
26776812
26777145
26777255
26779425
26785377
26786515
26798038
26807877
26810606
26811339
26812977
26819408
26819413
26826940
26842888
26845503
26847132
26851534
26854126
26856569
26857783
26860750
26869224
26870637
26876132
26877310
26877996
26880919
26883587
26894354
26897665
26905043
26907781
26908138
26908519
26913325
26916967
26921293
26921473
26923291
26928022
26932941
26937207
26948041
26952998
26953055
26953844
26954527
26958073
26960911
26960990
26970135
26980159
26983865
26984961
26986898
26990844
26992035
26995268
26997806
26998647
27001416
27004206
27004337
27009021
27020150
27022368
27024402
27029662
27032099
27034567
27043237
27044114
27044500
27045121
27045334
27048778
27050501
27051699
27052764
27055485
27058262
27066277
27069072
27077033
27078253
27081001
27082665
27084331
27086004
27086197
27087333
27088748
27089944
27096624
27099908
27100271
27102473
27102817
27104569
27109028
27110539
27113907
27118288
27130508
27133636
27135239
27135609
27137069
27139906
27147695
27150608
27150646
27154315
27154750
27157332
27162605
27162865
27164229
27167210
27172699
27175814
27178768
27184490
27188155
27189859
27191385
27194731
27196170
27196883
27198372
27201063
27202292
27204869
27211593
27212006
27213412
27214138
27216760
27222524
27230918
27232219
27236414
27236736
27236917
27238244
27241467
27241613
27242748
27245823
27249452
27249614
27250968
27252980
27258654
27259366
27259848
27260925
27264225
27266769
27270274
27270676
27272145
27273360
27278615
27279210
27280889
27281643
27285832
27286964
27289658
27294812
27295687
27297393
27306618
27320291
27320694
27322323
27324002
27326786
27335989
27348548
27351875
27357344
27358185
27359592
27361519
27363944
27369635
27370218
27375295
27377402
27378154
27378547
27387640
27390576
27394130
27402318
27402379
27404011
27404415
27405898
27409635
27410565
27411529
27412115
27415714
27416478
27418137
27419644
27422110
27426457
27427575
27434209
27434616
27436926
27443379
27444437
27445423
27445501
27448274
27451364
27455135
27457548
27460184
27465537
27469242
27470086
27474447
27482497
27483694
27492139
27494874
27499697
27500902
27502947
27503504
27507375
27508469
27508791
27511496
27515477
27517900
27518586
27520870
27526888
27528004
27530954
27531619
27536092
27537090
27540920
27541930
27542600
27543702
27546662
27553400
27554719
27555540
27556977
27560239
27560922
27561862
27561872
27562223
27563407
27572338
27580832
27591713
27592903
27598346
27603432
27604545
27620448
27622797
27627262
27636607
27637177
27640606
27644868
27647453
27649160
27649529
27651036
27654918
27655975
27657126
27661355
27662638
27663417
27663666
27666023
27666147
27668707
27671732
27673663
27677828
27679086
27680341
27681831
27686374
27690633
27691033
27704202
27705014
27708877
27710651
27714532
27716253
27716997
27727791
27732170
27733277
27736037
27736239
27738691
27742201
27744702
27754550
27757691
27759971
27761543
27763710
27763800
27773049
27773294
27774794
27778255
27782026
27785033
27788314
27792415
27793143
27798533
27799473
27804828
27807095
27816614
27819686
27823988
27824689
27830750
27833084
27836699
27838178
27845535
27847279
27848775
27849777
27854707
27856316
27857566
27858210
27861422
27871178
27873117
27873941
27875240
27880796
27881631
27887050
27890555
27894341
27898939
27901405
27904488
27905266
27911315
27911777
27912018
27912612
27920742
27923934
27924782
27928807
27929531
27929534
27940798
27942607
27943753
27944170
27944819
27944923
27955409
27963345
27963773
27967871
27968688
27975619
27978332
27979301
27985065
27986490
27989285
27990005
27992244
27997180
28001344
28007941
28015635
28025348
28025478
28029447
28029562
28030493
28034021
28040655
28043033
28058576
28069423
28082694
28084861
28087623
28088161
28099238
28099790
28101185
28107900
28117347
28120014
28121144
28123238
28126905
28127596
28129835
28131788
28132770
28136471
28142092
28142412
28151557
28153145
28160100
28166694
28172114
28172223
28178007
28181521
28181986
28182777
28187192
28190538
28193118
28193331
28196827
28197363
28207535
28211475
28211938
28217178
28221456
28223908
28224122
28227491
28237985
28241275
28241525
28247370
28251676
28253799
28254921
28257028
28257098
28258538
28263312
28264791
28268957
28270974
28271193
28274613
28280632
28283743
28287324
28292025
28292170
28294120
28294385
28295751
28296537
28299855
28312407
28315250
28322854
28323830
28328483
28329868
28338384
28340211
28349642
28349748
28351280
28358201
28359855
28360300
28369678
28370322
28373478
28374451
28376947
28379934
28381209
28381623
28389274
28392787
28399423
28399593
28403975
28404040
28405877
28409515
28412748
28416013
28417025
28420367
28426398
28428699
28432158
28434831
28435214
28438455
28439567
28443744
28443856
28450886
28451246
28453434
28453618
28457367
28461081
28465148
28468343
28470284
28471191
28472600
28475608
28475643
28477547
28478846
28479604
28479797
28484788
28486912
28487120
28487173
28488333
28489558
28491694
28494978
28497803
28498282
28503290
28512072
28520233
28521377
28523636
28532616
28534573
28536547
28543831
28549457
28555940
28556241
28562881
28564529
28567152
28569712
28570061
28572441
28573197
28574974
28576575
28577693
28581202
28583030
28586073
28592021
28594575
28595107
28596704
28596767
28600129
28600189
28601117
28604243
28606885
28609463
28611350
28616440
28620267
28623242
28623985
28628122
28634024
28635606
28637999
28648478
28650516
28653215
28653635
28655943
28657424
28660278
28663350
28671357
28676441
28684521
28684616
28687756
28688253
28689846
28693829
28695290
28697093
28701459
28703438
28703663
28705902
28708981
28712550
28712648
28716797
28718767
28720373
28723363
28726033
28731959
28735447
28740306
28742877
28743056
28747775
28752557
28755108
28755822
28760183
28762456
28766565
28771190
28774964
28775185
28775259
28788320
28795133
28797047
28798022
28799201
28800475
28801824
28811957
28813310
28827394
28828556
28830594
28831987
28832298
28839012
28846638
28847779
28853013
28857773
28862026
28867986
28868079
28868632
28872754
28873818
28877078
28878623
28880818
28883035
28883079
28892929
28895160
28897789
28909101
28911163
28917428
28918075
28924326
28925430
28930492
28942163
28943632
28944248
28950539
28952610
28953288
28953993
28961187
28962860
28966753
28972526
28972600
28972954
28975427
28977188
28980455
28980769
28982180
28986247
28988067
28988677
28991651
29001598
29005040
29009296
29010292
29013613
29022889
29024450
29024644
29025286
29025983
29026980
29028302
29033737
29036899
29039361
29041389
29048206
29056984
29063064
29063992
29064008
29068339
29070425
29073133
29074327
29080253
29080422
29082815
29083762
29083952
29084400
29085236
29086148
29087960
29089627
29090739
29091043
29098578
29102498
29102600
29102847
29103583
29106185
29110054
29111364
29111514
29116124
29121014
29121432
29123439
29124831
29125040
29130862
29131908
29136159
29136906
29137221
29152247
29153616
29155184
29155896
29157690
29157921
29158592
29171633
29173352
29174957
29176753
29193302
29197348
29198471
29201484
29202226
29202510
29203077
29204094
29204095
29213576
29215907
29219196
29221829
29223022
29229341
29232748
29234125
29241914
29250117
29250356
29258496
29259684
29260092
29263411
29263930
29266660
29267023
29268564
29271116
29272087
29274102
29280446
29282986
29283879
29285892
29286040
29288693
29294985
29296222
29296625
29298045
29302204
29314627
29319814
29321601
29324160
29328471
29329739
29330011
29333490
29336121
29336880
29337231
29337302
29346570
29346798
29348807
29353973
29355739
29356749
29360784
29363627
29365535
29366429
29369135
29370045
29370727
29371419
29374968
29375192
29378987
29380215
29381094
29381865
29382352
29383307
29383914
29386397
29389010
29391717
29396488
29398865
29399170
29399395
29399588
29401181
29405568
29405727
29407601
29408085
29414699
29415427
29418253
29418808
29419528
29422807
29423970
29428267
29429176
29433068
29434428
29443320
29460459
29465302
29465832
29467253
29467951
29480960
29481905
29485459
29486457
29487149
29488748
29489078
29490476
29496065
29501106
29502712
29504342
29505473
29505599
29510318
29510983
29511364
29512143
29519295
29520690
29522833
29527643
29527733
29530940
29534076
29534472
29535839
29544504
29545650
29547197
29547886
29552667
29554077
29559545
29560072
29562454
29565751
29572869
29582471
29583181
29587378
29589775
29596376
29597768
29601932
29612327
29612342
29613750
29617204
29618425
29620797
29621561
29621868
29625581
29628288
29633492
29634519
29638734
29644494
29644568
29650036
29652461
29653110
29655890
29659314
29664697
29665358
29666854
29666857
29675522
29685924
29688867
29694665
29696906
29704007
29706307
29713496
29721915
29725063
29729998
29733357
29735265
29735319
29741184
29742805
29745590
29746024
29749681
29755377
29759333
29759691
29760519
29769933
29771946
29774490
29778079
29782757
29783646
29784489
29786006
29790693
29791006
29792908
29794409
29794755
29795927
29796426
29796479
29797226
29799980
29809332
29811943
29811958
29813510
29825045
29825432
29825467
29828186
29832979
29834881
29837413
29840753
29847843
29848887
29849316
29850261
29858662
29870055
29871755
29874831
29878093
29879606
29879754
29883148
29883187
29883969
29889247
29890276
29892108
29894280
29898162
29898911
29901937
29903540
29903796
29904585
29904606
29918655
29920460
29925648
29926466
29926564
29929853
29930420
29934170
29935071
29935440
29936399
29949294
29952450
29957304
29963989
29964381
29965788
29970729
29970981
29973179
29975671
29982254
29983419
29985919
30001231
30003436
30004814
30004887
30011088
30019085
30022029
30022834
30031640
30036626
30037085
30039157
30041178
30041820
30044942
30045998
30046585
30047352
30047726
30050161
30054216
30059697
30061928
30072329
30072386
30072607
30073957
30075977
30083875
30086177
30087007
30088062
30092753
30097114
30098098
30098213
30107313
30108308
30117578
30119088
30119698
30120151
30120627
30126578
30132093
30133299
30134489
30139024
30142731
30144329
30145211
30146140
30147901
30150333
30151383
30158560
30158818
30173365
30176368
30181079
30181198
30186866
30187953
30188409
30197446
30203570
30203774
30209908
30211708
30214498
30219887
30227309
30228860
30229535
30231158
30234067
30239702
30240187
30240860
30242550
30242663
30245107
30250175
30250665
30253659
30258156
30260209
30270766
30274514
30274601
30282998
30286572
30289789
30290739
30292802
30296123
30298324
30300997
30301087
30301397
30302115
30304205
30306144
30309055
30313356
30313772
30315611
30319185
30319309
30321533
30323970
30325300
30325743
30327638
30329483
30330309
30331029
30335473
30337083
30337815
30338238
30340654
30341795
30344695
30350007
30353983
30354846
30355019
30358252
30359517
30373506
30385427
30387260
30387791
30393807
30396089
30396321
30398968
30400943
30407221
30407418
30418337
30418435
30419965
30422178
30423223
