609
1460
6276
14209
21626
22567
25337
31377
33226
36951
37736
38988
39339
44844
46859
47713
47944
49608
54129
55814
57049
57422
57865
58207
79433
83228
89735
90291
90648
94148
94629
96645
98519
100635
111516
112706
118301
120746
124025
125896
132106
135240
139917
147511
148265
151503
151948
154064
154600
157565
157771
160557
164081
166266
168072
172940
182099
183957
184455
185175
185482
185746
186394
190325
192631
196075
209083
211772
214654
219612
224486
225321
236912
238514
240592
242797
243199
244443
249392
254639
256312
261283
263302
271487
272085
278695
282976
283596
283666
291321
294950
295359
297870
298312
298749
299355
309538
310611
316762
317250
318476
321611
324663
326673
328017
328172
331488
332157
334579
334801
335064
346059
353306
355561
363773
363802
367901
369458
373495
375105
375125
376706
379687
380425
384758
386303
389666
389831
390619
392432
402284
406621
417567
419700
421143
423309
423915
428480
439080
439202
443906
448071
449236
450277
461423
462994
466508
466973
467764
472179
475525
478105
478318
481814
482350
485909
491866
497081
503394
505916
507553
510210
510351
512729
512733
513516
514299
518911
520720
521139
525297
530610
535309
537458
538681
542299
548255
550888
553121
553605
554307
557990
567664
569347
570010
571147
574099
576867
577785
578071
578892
579627
584225
587837
589377
600069
601207
602762
603492
605213
605949
611072
611841
620336
622769
624767
625216
626079
626263
627816
634474
641681
643431
647387
647528
647921
648205
651208
651369
654326
656162
657748
664879
673145
675826
676564
678247
678460
683333
683825
683944
686822
687136
691294
700785
706313
710450
718289
722747
724052
729071
730259
738332
740448
743217
747820
766295
766516
769019
769721
772213
772412
776917
777262
777436
781797
782073
782816
783257
785528
786012
794686
800122
801365
804859
807901
808943
813366
814785
815949
816800
818457
820434
830277
835457
845012
855461
856609
856826
859790
860114
860771
866152
868203
870031
870943
873685
875443
882883
883546
886518
887031
888016
888566
889075
889642
891618
892125
899942
908453
914855
922633
927912
932394
933896
934121
938067
941506
943722
945830
948257
949803
963219
967622
968063
968922
975103
976940
977307
978991
980932
983765
984918
987059
993394
996716
996846
997537
999481
1000232
1000701
1002844
1007341
1007645
1008370
1008439
1009768
1013396
1014136
1023656
1023822
1029021
1036988
1039622
1048622
1055229
1057574
1057730
1058841
1060843
1062735
1064278
1071635
1074380
1075742
1087120
1095343
1097410
1101854
1102686
1103558
1118466
1119469
1121949
1124763
1127343
1131447
1132902
1133462
1133600
1146391
1153963
1157592
1159704
1161169
1165584
1166540
1170825
1176638
1179173
1180962
1182178
1184245
1184799
1189171
1189873
1194781
1195468
1196145
1206541
1208969
1209291
1209530
1215284
1216559
1228267
1228286
1231674
1235826
1247620
1251342
1252220
1259752
1260493
1263789
1264397
1264923
1265830
1269344
1272338
1274014
1276348
1276445
1277349
1285721
1286288
1295128
1297861
1298184
1298922
1300249
1306452
1307513
1309694
1311063
1314064
1314561
1316007
1316643
1329535
1330654
1330757
1336694
1338187
1344825
1346896
1348984
1349146
1355510
1358683
1367074
1367727
1369304
1370471
1378564
1384940
1384942
1385861
1392424
1396024
1399035
1400705
1401656
1403299
1403797
1404368
1405350
1407181
1409520
1410299
1414002
1419585
1419903
1424263
1427369
1429321
1431419
1432580
1437225
1440279
1442652
1446743
1449847
1452153
1452472
1453077
1455952
1456294
1457337
1459237
1460058
1463134
1464611
1469575
1471449
1473173
1478936
1486479
1488275
1491297
1505684
1510737
1514024
1514939
1515100
1515188
1516244
1516968
1517367
1521360
1521455
1523842
1526801
1527071
1530941
1531207
1533170
1534249
1534693
1539490
1539999
1541094
1542706
1544599
1556593
1563886
1569239
1571274
1574718
1582571
1586476
1590354
1592067
1595310
1595356
1596001
1598510
1602939
1609622
1611082
1618507
1618669
1620432
1621187
1621268
1621928
1624091
1625826
1631073
1632611
1632951
1634525
1634919
1641362
1641996
1642053
1648882
1655403
1657588
1660185
1665250
1666573
1667727
1679603
1680483
1691632
1695937
1704648
1705220
1717239
1720677
1723190
1727194
1727439
1729564
1733157
1735953
1736085
1753414
1753729
1757880
1767861
1768799
1771496
1774260
1776410
1778024
1780366
1785500
1789045
1794837
1795053
1796949
1797173
1815503
1816300
1820360
1823987
1826739
1832318
1832886
1833193
1834042
1834142
1837171
1838353
1839803
1840300
1853846
1855832
1858201
1859450
1860365
1861499
1863092
1871869
1876853
1877469
1878413
1878881
1880133
1883292
1895853
1902234
1909442
1910002
1910015
1911979
1914532
1924174
1929256
1929716
1933967
1934457
1938119
1938892
1939621
1943036
1946010
1949024
1957882
1960579
1961054
1963476
1967181
1968001
1984743
1985428
1987391
1989295
1992141
1994990
1999659
2001624
2002183
2008753
2011507
2015230
2018741
2018969
2021260
2022106
2038519
2041250
2041370
2041619
2041747
2044076
2046729
2050141
2055422
2056258
2056340
2058675
2060745
2061760
2067206
2071372
2072386
2072575
2073134
2075334
2075902
2077599
2079208
2079614
2080538
2080634
2080823
2082911
2084381
2088123
2092556
2097237
2097874
2099961
2100045
2102813
2112877
2113281
2118125
2122917
2122982
2124819
2128457
2131690
2134955
2135967
2150574
2153558
2154577
2163332
2163642
2169709
2170109
2171491
2173196
2175834
2176189
2179915
2180959
2181939
2186967
2196432
2197296
2198969
2200280
2202501
2204153
2205594
2205603
2206878
2207269
2209165
2212103
2218070
2222158
2223276
2226531
2236589
2236895
2242730
2246741
2253519
2255230
2258458
2268179
2269883
2275524
2275919
2277047
2277797
2279109
2284348
2297066
2299308
2303313
2305706
2305846
2306195
2306613
2306802
2307110
2307476
2308792
2315607
2317839
2320075
2329180
2332693
2339329
2339499
2342192
2348229
2349177
2350203
2355179
2357291
2357914
2364479
2369303
2370477
2382098
2392136
2395870
2396101
2397171
2405124
2405521
2406806
2413956
2417317
2418460
2428984
2433074
2434710
2437028
2440918
2449510
2451548
2453421
2455171
2465228
2469012
2470370
2479013
2481496
2481925
2484182
2488586
2488704
2489655
2495865
2498938
2500126
2503820
2506630
2509333
2512483
2513343
2513827
2519887
2522662
2523942
2524163
2525453
2528631
2532995
2540761
2542664
2544020
2544051
2544094
2544928
2545595
2546653
2546842
2547414
2549375
2551114
2551607
2552666
2552771
2553195
2560188
2560419
2564555
2572211
2573572
2574635
2576617
2578684
2579716
2582075
2586995
2589120
2592925
2594474
2599137
2607786
2608037
2609395
2609537
2610676
2612343
2612455
2615286
2627200
2627819
2630335
2632840
2635906
2636608
2641262
2643500
2654350
2654415
2660193
2670568
2672440
2677561
2681550
2682603
2686703
2686774
2688058
2688669
2692766
2693028
2693469
2696635
2702163
2704341
2704424
2706941
2708962
2711962
2712788
2714488
2722711
2726726
2732893
2735196
2736434
2739473
2739643
2744941
2746035
2756468
2759888
2760973
2773178
2775417
2777322
2780966
2782991
2784343
2786587
2787851
2790813
2797457
2803840
2805068
2809630
2809969
2810408
2811422
2812053
2827671
2828052
2829613
2832699
2836070
2840709
2841221
2849166
2850037
2851745
2853376
2856315
2858121
2861505
2861646
2868973
2870422
2871405
2871435
2877457
2878857
2880195
2880348
2880387
2885327
2889919
2890110
2892628
2893103
2893267
2893684
2894376
2896997
2897767
2898774
2901279
2903374
2904250
2904416
2907266
2913069
2917776
2917802
2918600
2932706
2937188
2937300
2938330
2947194
2952168
2952838
2955788
2958736
2958916
2961058
2961249
2965816
2966148
2978030
2979057
2982713
2984044
2985667
2990387
2990885
2993257
2996611
2997753
3009630
3017627
3017805
3018329
3022144
3025606
3032342
3039301
3044987
3045937
3046294
3051419
3052836
3053020
3059055
3059518
3066490
3071104
3073166
3078216
3082324
3085624
3087027
3087874
3087985
3089025
3091477
3093165
3094315
3099512
3103732
3108282
3110767
3112198
3116076
3122328
3122566
3124642
3124892
3128365
3128367
3134118
3137769
3139262
3140179
3143082
3152157
3155332
3155413
3157846
3157878
3157880
3158729
3163699
3164772
3165059
3165416
3174576
3174740
3178664
3180544
3187404
3192850
3193471
3194271
3195897
3197193
3198892
3205334
3207112
3214396
3220022
3224841
3226295
3229497
3229848
3230355
3234731
3235060
3235576
3237518
3239412
3245144
3245199
3249652
3250535
3254326
3254546
3256359
3258604
3261043
3264697
3275490
3280495
3281783
3284188
3286238
3296285
3296668
3299909
3301021
3305198
3305310
3312340
3312700
3314888
3315072
3316493
3319204
3319886
3320461
3328458
3329103
3332637
3333938
3334191
3339313
3340004
3342366
3342626
3346977
3354635
3354984
3355661
3365577
3368915
3371394
3380779
3380890
3381888
3383917
3385339
3386904
3388900
3391603
3393713
3396793
3399326
3401578
3408096
3411502
3416045
3424297
3424331
3426052
3431701
3434995
3438286
3441971
3445719
3446263
3446883
3447457
3450505
3456350
3460342
3461528
3461724
3467927
3469242
3470085
3477423
3478796
3482157
3483438
3488626
3492813
3494680
3495561
3497682
3500964
3501502
3501724
3510106
3512399
3512677
3513417
3516218
3517615
3519176
3519763
3523057
3528660
3532773
3534060
3534299
3534600
3536369
3537133
3542112
3544288
3547961
3550302
3550680
3551554
3553312
3555006
3558954
3558991
3560154
3562092
3562446
3563843
3564430
3565298
3565935
3573906
3577908
3582775
3593015
3600663
3602017
3604335
3604856
3609557
3613670
3613861
3614423
3616415
3622836
3628846
3630013
3632177
3633751
3640332
3646254
3649009
3649905
3651722
3651867
3653627
3662057
3663288
3663499
3670256
3672306
3683505
3684405
3685107
3695186
3696140
3696548
3699592
3700432
3704528
3706644
3708053
3714808
3722734
3723878
3724533
3734632
3736132
3736977
3738089
3739594
3741717
3742439
3747531
3749650
3753025
3757609
3763223
3763506
3765072
3766385
3766520
3768271
3769000
3769875
3771552
3772173
3776273
3779670
3781219
3781294
3786668
3791290
3794149
3794323
3796104
3796679
3796864
3799151
3809746
3818393
3819076
3820414
3821830
3823311
3829819
3832163
3843717
3849323
3852983
3855102
3858118
3860622
3864423
3866749
3871015
3872966
3873122
3874853
3876711
3877984
3879471
3882013
3884530
3884819
3890255
3891990
3893235
3894220
3896870
3897489
3899408
3900546
3902443
3908243
3914087
3917157
3918398
3919672
3922488
3930038
3935533
3936768
3937191
3940587
3943070
3944772
3944901
3946701
3951166
3953134
3955683
3956878
3958267
3958310
3959036
3959115
3960172
3963957
3966427
3972645
3977646
3978226
3979126
3982127
3984901
3987619
3990507
3992820
3993350
3996898
3998753
3999468
3999570
4002078
4002237
4020914
4022980
4037708
4038341
4039643
4040571
4045268
4047135
4048839
4049323
4057545
4059435
4060039
4066392
4070211
4072033
4085980
4089838
4094806
4098267
4101839
4106941
4108153
4114470
4123126
4128896
4130967
4132423
4137376
4138429
4141070
4146497
4150700
4151004
4155664
4157784
4158914
4163800
4168823
4168989
4172935
4178791
4180637
4184226
4192016
4192175
4194903
4198325
4200669
4202353
4205774
4205955
4207248
4210883
4213602
4213732
4214230
4224443
4227591
4234466
4237742
4244657
4246031
4258160
4259011
4263730
4270771
4275367
4277137
4281774
4284138
4286334
4286492
4288042
4293729
4297642
4298049
4300547
4303379
4303427
4312413
4315926
4318456
4324418
4325572
4325854
4326563
4331575
4343063
4345384
4347368
4347676
4347897
4349366
4355318
4355903
4356162
4357275
4357355
4358775
4360365
4366300
4370986
4371162
4373705
4374706
4387174
4387804
4388606
4391541
4394293
4396989
4397182
4398180
4401723
4402788
4406348
4407550
4409341
4413014
4417676
4418155
4419208
4419581
4420211
4426682
4428699
4430791
4433094
4433969
4435610
4436405
4438896
4439314
4442356
4443590
4448235
4456207
4458565
4462234
4476705
4476759
4485111
4492388
4492489
4493034
4498128
4499163
4502155
4502923
4504245
4504540
4504927
4505205
4506658
4507715
4508325
4514979
4516590
4516676
4517612
4522026
4525183
4525566
4528715
4529330
4531322
4538434
4542265
4542559
4542857
4543536
4549281
4554694
4568953
4570826
4571578
4572998
4573652
4575677
4578113
4582837
4584637
4585319
4586200
4588978
4591417
4591533
4591918
4594397
4609268
4610869
4617489
4622620
4624276
4624845
4625877
4633828
4634688
4635305
4637453
4639475
4639711
4641540
4641585
4645290
4647348
4648915
4652877
4652958
4655515
4655710
4660448
4664937
4667654
4668866
4668897
4672343
4678184
4679516
4680434
4681321
4684442
4685259
4694546
4697568
4699918
4708356
4709846
4714889
4715746
4720985
4721615
4723447
4726048
4726752
4740284
4744711
4747162
4747229
4750778
4751258
4753897
4758699
4775239
4775359
4780287
4791389
4798230
4800498
4801016
4804875
4814580
4816524
4823594
4828276
4829566
4829681
4834140
4836482
4838909
4839154
4842326
4843659
4845379
4849191
4850182
4854264
4854639
4854738
4859557
4866189
4869333
4871416
4872879
4872929
4873661
4875191
4875658
4880698
4889049
4899582
4901481
4906974
4907906
4916320
4918285
4920339
4923767
4940298
4941197
4942226
4944387
4945085
4946362
4948259
4949062
4950292
4951744
4951901
4953877
4954675
4957617
4958295
4960018
4960334
4962599
4963404
4969024
4969594
4969671
4970205
4970218
4974401
4990255
4994442
4997073
4997318
4999336
5005609
5006232
5018066
5020826
5032962
5034421
5040518
5041891
5044524
5046223
5047210
5048890
5051914
5058298
5058532
5063058
5066312
5074978
5079478
5086428
5089739
5090249
5090805
5090808
5092632
5092789
5096817
5098388
5103544
5109749
5110069
5112153
5113630
5114743
5115480
5116357
5116641
5119773
5122432
5126114
5126249
5126695
5127881
5128475
5129181
5132824
5137193
5138666
5139919
5146711
5151582
5152153
5152455
5154589
5165258
5167059
5171865
5171893
5172274
5176353
5181056
5182992
5192441
5192674
5195755
5196121
5197146
5203816
5203940
5206794
5207118
5212990
5218083
5221614
5223398
5225775
5228016
5229942
5230741
5230795
5231681
5234374
5236550
5238351
5239918
5242679
5244729
5247655
5249070
5253220
5255082
5257377
5257392
5261922
5264016
5264076
5264740
5269079
5276091
5276435
5277080
5281908
5283382
5283465
5283854
5286178
5289316
5289576
5290326
5292425
5292713
5296462
5300213
5300491
5302049
5306331
5307998
5308094
5309354
5310351
5314393
5317118
5320939
5320969
5323699
5328023
5333832
5336321
5338436
5338823
5339725
5342865
5343294
5345035
5348739
5349236
5349937
5350381
5360835
5362346
5365861
5369299
5370148
5373085
5381500
5393510
5399014
5400106
5405789
5407216
5415967
5417087
5423515
5424308
5424541
5425204
5425365
5427830
5429251
5430085
5430891
5432405
5442189
5444143
5456693
5457046
5461149
5461625
5462710
5462920
5464183
5470372
5470457
5471935
5472462
5478611
5481868
5483773
5496110
5498181
5502058
5504100
5505056
5506474
5506577
5507273
5507407
5507504
5510197
5511890
5512091
5513833
5524407
5527261
5528904
5532188
5535266
5542108
5545830
5551255
5554847
5570421
5574136
5574315
5575711
5575796
5580299
5581099
5585273
5586102
5588285
5588616
5593748
5595008
5595664
5596546
5599295
5602250
5603542
5610187
5611661
5614397
5617928
5619546
5622367
5623703
5624195
5626144
5627259
5629849
5630627
5638100
5639858
5640904
5642051
5646020
5648567
5650732
5654901
5658354
5663289
5666244
5667828
5676103
5676994
5683596
5695617
5701149
5703521
5705028
5707477
5708075
5708414
5710954
5712657
5712665
5713975
5715155
5715764
5717446
5718730
5720348
5722607
5723404
5728475
5733927
5735921
5737640
5741109
5743124
5747213
5749647
5750585
5757118
5757139
5757283
5760176
5762646
5765051
5765999
5768967
5770967
5771373
5773013
5782717
5784442
5788106
5788414
5795734
5802471
5805690
5807168
5807405
5809123
5809187
5814041
5815505
5821056
5821867
5825753
5826820
5827635
5836299
5838220
5839663
5842541
5847863
5847885
5852497
5852809
5853406
5855932
5856413
5859377
5859746
5861755
5862354
5867355
5875715
5880436
5882162
5885981
5887595
5890408
5898324
5898664
5901300
5907736
5909360
5912471
5914163
5916820
5919052
5924897
5928150
5931920
5934279
5935740
5936456
5938348
5940504
5942703
5946106
5947637
5947666
5951009
5954412
5955107
5959921
5960270
5968533
5972373
5983896
5994532
5994783
5998304
6001628
6004737
6005335
6016199
6016952
6017398
6020325
6025508
6027016
6028057
6031694
6032835
6037785
6038671
6043428
6044139
6046970
6047239
6052188
6053311
6054821
6058814
6061472
6064960
6066726
6071204
6072853
6078467
6081970
6082869
6084059
6084416
6088816
6088965
6089484
6090833
6100747
6104861
6109961
6110513
6111054
6119597
6123090
6123540
6124031
6136975
6137065
6139371
6144189
6152432
6152460
6152965
6153447
6154012
6158137
6163069
6164505
6164633
6167902
6171716
6173809
6182775
6188096
6190540
6193134
6193385
6193625
6195223
6196011
6206576
6208771
6209551
6209875
6213841
6216080
6216206
6222550
6225746
6231129
6236406
6236735
6239959
6240203
6250696
6255825
6261753
6264059
6269025
6276848
6277577
6282963
6289197
6294310
6298440
6308571
6308821
6309807
6312102
6312505
6314606
6315453
6315660
6318583
6319303
6322916
6323705
6328547
6330521
6336271
6337373
6339211
6361886
6363277
6364908
6366154
6366981
6368984
6373856
6375722
6379314
6381416
6385571
6390562
6391304
6396213
6396854
6399839
6400546
6404018
6405078
6406564
6408888
6409722
6410476
6413239
6415177
6415620
6416073
6416698
6422686
6429328
6430372
6431436
6434241
6439538
6443447
6446274
6456463
6466203
6467797
6483217
6483270
6484499
6487190
6489528
6491026
6492107
6495840
6499705
6513840
6514922
6516192
6520399
6527287
6529387
6535361
6538124
6543894
6546685
6547007
6547188
6548515
6551738
6551884
6553019
6556094
6559723
6559885
6561239
6563251
6576562
6576903
6589403
6589888
6599165
6601332
6606378
6608630
6611098
6620479
6623406
6629662
6632386
6633118
6636417
6637693
6638204
6638562
6639569
6645533
6649134
6652818
6655952
6657099
6657415
6659502
6661484
6661976
6668154
6675745
6677164
6680600
6682990
6683629
6685461
6685560
6686446
6689864
6693287
6694747
6697783
6701591
6702154
6710277
6711233
6712300
6715367
6718944
6723145
6724168
6724889
6729160
6730479
6737094
6737721
6741504
6741798
6752049
6752337
6753808
6754975
6766576
6770198
6771197
6774555
6775498
6777903
6781921
6782797
6783248
6783387
6791120
6804891
6809516
6822747
6825007
6828635
6832178
6838086
6838413
6842135
6845900
6846557
6848617
6849356
6849933
6850077
6852825
6852833
6855323
6860426
6861165
6863552
6866936
6868405
6869419
6871041
6871198
6873221
6874970
6875102
6875772
6878245
6881299
6883809
6884096
6887646
6890085
6890211
6890592
6890746
6895837
6896436
6900458
6903266
6903991
6905546
6906022
6907937
6910503
6915012
6915655
6924755
6931008
6932374
6938705
6938971
6944878
6950201
6954085
6955643
6960160
6961978
6964347
6965309
6970056
6970263
6972866
6976566
6978034
6978506
6979325
6982534
6983536
6983702
6984105
6987920
6988744
7000702
7002656
7005179
7007240
7009425
7014278
7015318
7016511
7017139
7018515
7019914
7021390
7021435
7029127
7032308
7032568
7034084
7038104
7039305
7039588
7042480
7044464
7046534
7047294
7050241
7051104
7057758
7059703
7061454
7062084
7062819
7063117
7067901
7070144
7075655
7076493
7077544
7080639
7081330
7091026
7094662
7095401
7095567
7098153
7099214
7100825
7101249
7106334
7106792
7106857
7109442
7111495
7117553
7118452
7119428
7120882
7126819
7128724
7131440
7132582
7136448
7137581
7137995
7138654
7141328
7141664
7146071
7146259
7148426
7151775
7155297
7161467
7172055
7175486
7175537
7176685
7176911
7181330
7181979
7187157
7192672
7196872
7200181
7204589
7204835
7209202
7211351
7212284
7214617
7218744
7218909
7219612
7222095
7222322
7222592
7228631
7231802
7232681
7233438
7235313
7236521
7245123
7247001
7257687
7258679
7265667
7266533
7271848
7272512
7274193
7275251
7277919
7278139
7285400
7287083
7296518
7303676
7308680
7317528
7317844
7318457
7318715
7319887
7319918
7320835
7320987
7321996
7325352
7326518
7326744
7338898
7340685
7341357
7341566
7342405
7343070
7343130
7350790
7353682
7354140
7359515
7360863
7363315
7364881
7370460
7374378
7382188
7384232
7386601
7390502
7391544
7391692
7392855
7394668
7395437
7398315
7402563
7402907
7403889
7411360
7414499
7422903
7426378
7427777
7428128
7429521
7438439
7447208
7450333
7453232
7458393
7466206
7471245
7479218
7479486
7482653
7485553
7487004
7487411
7488936
7495018
7496152
7498091
7500464
7501378
7501609
7512094
7520985
7521486
7522150
7522312
7525540
7527101
7537639
7542071
7542211
7552470
7552691
7555338
7555994
7557946
7563177
7569460
7570569
7571347
7571528
7577814
7582702
7588116
7593484
7593561
7596191
7598120
7601833
7605845
7607122
7613701
7613890
7616674
7618237
7619304
7619668
7619875
7632089
7637200
7637302
7643497
7645610
7648762
7653134
7653138
7666179
7666347
7667829
7668246
7675615
7676596
7681594
7691305
7697119
7698484
7698622
7704875
7706113
7711677
7714691
7718867
7719049
7719862
7720003
7729880
7732689
7736600
7743547
7744195
7745149
7758802
7759024
7759488
7760285
7765454
7767672
7769481
7772540
7776631
7781125
7785678
7788229
7790891
7791513
7791749
7794412
7796408
7801191
7806285
7806894
7809161
7812336
7813232
7815924
7821287
7825776
7830927
7835895
7836445
7839234
7843366
7845349
7845646
7848432
7854451
7856563
7861751
7870589
7871182
7871489
7871550
7876416
7877557
7879053
7880683
7882605
7883474
7884444
7885633
7889328
7891371
7893233
7895283
7895406
7896776
7902189
7902264
7904507
7907067
7910442
7913115
7914148
7914343
7915098
7915194
7916027
7920226
7920511
7923046
7925367
7927561
7928332
7938562
7940282
7947306
7951551
7953326
7956028
7959474
7968618
7972693
7978218
7980139
7981158
7990277
7998622
8000848
8014009
8016044
8016154
8019704
8025234
8028848
8030770
8037343
8039241
8042461
8042738
8042987
8045383
8045884
8047783
8051400
8053423
8064811
8066736
8077018
8087238
8087741
8089243
8093891
8095513
8096308
8096535
8097518
8102620
8114414
8118471
8119543
8122082
8125006
8127686
8132378
8135513
8136266
8148915
8149583
8150453
8152641
8155670
8155976
8156764
8166572
8169541
8169924
8170824
8174953
8175083
8181011
8187329
8188187
8193083
8193707
8195502
8195618
8201525
8201927
8208571
8210904
8211516
8214381
8225592
8229064
8235480
8238931
8243306
8247100
8247970
8253258
8257708
8269051
8274495
8281318
8286414
8287735
8290566
8295301
8299033
8302762
8305955
8310661
8315033
8319339
8319377
8321392
8326544
8335819
8336545
8343356
8348296
8351068
8358280
8361554
8365643
8366539
8373573
8373624
8376252
8377372
8380406
8384355
8384569
8388228
8389903
8394662
8396145
8400941
8403604
8404481
8411928
8414616
8414635
8415655
8422368
8425009
8425418
8432299
8432718
8439646
8443559
8445350
8448498
8449582
8451708
8452004
8456046
8459696
8460294
8461147
8465335
8469196
8478587
8481747
8482133
8484469
8486623
8495833
8496375
8498696
8505867
8508318
8512260
8514376
8517047
8519766
8522929
8523912
8528084
8528868
8529609
8530333
8534274
8534580
8537653
8541862
8544495
8545688
8552007
8555414
8556791
8559243
8574190
8581422
8582550
8583925
8586651
8590241
8597664
8598823
8598842
8602264
8605868
8606194
8612284
8615006
8615139
8617085
8617695
8618681
8619514
8620522
8621630
8624719
8625591
8625840
8629940
8633078
8633151
8636035
8636102
8638416
8640421
8646198
8661774
8666304
8673185
8676749
8677138
8680168
8680785
8681423
8683833
8684812
8686588
8690390
8690790
8693404
8697153
8699212
8700432
8705176
8705471
8708110
8710460
8711078
8713209
8715335
8715831
8718130
8720279
8725427
8744218
8747951
8749428
8763582
8768345
8771163
8773895
8775210
8776427
8778412
8778457
8783779
8794783
8797410
8802507
8802647
8804718
8806569
8810652
8811453
8813115
8814725
8815100
8816183
8816602
8821435
8823528
8825482
8827622
8830866
8830973
8836192
8838994
8839909
8840509
8843090
8843317
8843358
8849157
8850460
8851618
8853147
8853184
8855445
8857913
8859233
8874198
8874263
8874347
8874825
8876049
8881643
8884597
8885713
8886664
8889870
8891739
8892501
8897185
8903132
8916167
8919194
8924669
8925174
8928277
8944671
8949070
8951888
8953295
8955042
8956475
8964004
8972212
8973687
8975318
8975638
8976151
8979282
8979632
8980708
8980979
8983121
8989320
8989463
8991899
8998926
9000975
9002444
9003597
9013551
9014641
9016365
9018777
9028747
9029884
9031320
9037668
9040131
9041780
9049571
9051619
9052135
9068984
9069825
9078353
9085341
9092948
9094178
9094299
9094930
9097890
9098856
9106944
9115868
9118730
9120779
9125680
9126049
9126068
9126303
9134265
9134502
9141199
9147406
9147635
9151592
9151957
9153153
9156478
9162991
9163883
9169750
9174066
9179537
9182631
9192487
9197252
9201433
9204304
9204736
9209976
9219385
9220353
9221586
9223317
9225850
9230724
9233533
9242497
9242800
9244790
9247808
9247937
9257423
9258124
9264817
9270708
9271257
9273140
9274992
9276468
9276493
9277578
9278151
9278524
9281437
9288873
9289296
9289926
9290001
9293831
9295323
9297122
9297155
9304857
9307664
9308453
9312854
9313717
9314392
9314469
9314831
9315275
9321972
9326302
9326459
9327131
9333777
9334289
9335621
9338001
9340723
9340866
9341535
9342510
9348481
9353196
9353286
9363265
9363448
9371079
9372952
9377877
9387655
9389505
9391465
9391769
9392778
9399414
9409531
9409762
9412553
9412832
9415337
9416692
9416747
9417558
9421122
9422553
9422699
9423627
9428106
9441898
9444728
9446830
9452536
9458579
9465957
9468095
9468938
9477494
9479679
9481224
9483076
9483571
9487293
9488458
9489119
9489822
9499110
9500135
9501158
9501919
9511534
9511587
9512188
9515370
9520642
9523772
9525310
9529957
9530132
9534451
9536181
9543771
9544223
9558961
9559795
9561004
9561007
9564481
9569643
9579555
9580301
9581888
9598745
9599284
9606245
9607090
9612334
9615662
9615876
9616455
9617539
9618569
9619787
9623295
9624726
9626678
9627427
9628383
9629179
9635417
9640703
9656745
9658300
9658574
9663870
9667252
9667340
9670494
9674639
9681682
9684016
9687955
9692210
9694151
9695399
9712546
9716892
9717009
9719805
9726447
9732325
9732353
9734181
9736733
9741251
9743954
9744490
9745329
9750149
9760491
9762084
9762491
9764229
9770415
9774306
9777060
9778876
9782380
9784372
9796259
9805959
9814213
9814799
9822890
9824451
9829050
9834202
9835485
9838757
9841551
9842383
9844907
9852289
9857356
9861446
9864978
9867745
9874259
9876245
9876514
9878340
9885977
9887876
9890494
9891402
9891459
9891730
9892838
9892869
9900021
9901305
9901869
9902244
9908225
9911751
9915801
9917220
9927776
9929403
9937422
9938579
9939691
9941263
9944275
9944348
9945628
9947692
9954000
9955382
9957372
9959135
9975085
9978566
9982034
9983808
9984055
9984344
9985732
9988322
9990029
9990174
9992344
9993464
9993651
9994420
10001476
10004550
10007413
10008092
10008205
10011200
10011543
10011796
10016319
10017539
10022838
10022928
10024573
10028317
10035136
10036621
10037642
10039669
10044655
10046512
10047150
10058162
10059629
10062084
10062489
10065882
10066144
10069106
10078539
10079924
10084205
10088337
10092452
10094542
10095397
10097729
10105150
10111125
10115734
10125276
10126160
10127695
10129175
10129901
10136800
10138151
10142619
10148848
10150039
10151096
10153475
10153975
10153991
10155375
10159492
10166510
10169063
10170447
10171402
10179902
10179997
10183137
10183634
10185227
10189210
10190671
10193977
10196317
10200831
10204390
10221483
10224826
10225928
10234839
10238530
10240270
10246705
10247400
10252185
10253554
10261480
10261611
10263337
10263403
10267886
10272831
10277501
10278839
10280499
10285033
10285367
10293068
10294328
10297507
10299315
10301914
10302675
10306388
10310480
10314808
10317667
10317921
10321584
10323315
10324035
10333472
10341251
10343244
10344348
10345340
10349111
10349954
10352504
10354042
10356003
10356351
10357016
10359633
10362224
10362349
10367877
10369501
10370138
10370674
10372327
10372933
10377576
10379822
10383298
10384547
10385817
10387850
10389316
10391144
10391973
10392128
10394163
10395246
10402174
10404722
10405944
10407156
10413335
10413803
10424597
10427301
10427736
10432663
10432851
10440455
10440715
10445473
10448275
10453338
10456733
10466808
10467053
10467389
10474186
10474203
10474566
10482838
10484418
10488593
10495146
10495298
10497210
10499761
10501341
10504007
10512265
10523790
10527291
10530345
10530412
10531840
10533716
10534819
10535563
10540938
10542201
10544232
10545026
10548851
10549742
10554652
10554680
10554998
10558067
10563027
10565932
10570730
10570845
10571776
10575304
10581938
10584316
10588872
10593361
10596863
10598827
10599058
10600819
10606754
10609159
10613949
10617956
10619441
10623523
10623663
10626425
10626818
10627270
10630760
10642463
10654528
10654832
10657083
10661733
10662935
10663873
10664754
10673284
10679152
10679807
10684801
10686522
10687464
10687564
10688895
10693627
10699646
10701409
10703421
10709111
10719829
10723718
10724105
10725409
10727884
10728555
10728783
10731640
10735360
10746952
10747208
10748633
10753493
10756041
10758784
10761112
10771130
10771686
10772445
10772924
10772976
10777613
10780211
10780708
10786888
10793341
10806397
10807021
10808405
10810477
10814418
10814628
10815589
10815699
10817042
10817936
10818686
10819082
10820136
10821560
10824636
10826698
10833631
10833831
10838081
10838123
10840036
10840582
10841160
10843589
10849159
10858774
10860634
10860791
10862148
10867697
10871248
10872588
10874047
10874527
10875515
10877098
10877838
10878597
10878655
10879068
10883801
10887369
10887686
10897162
10898029
10898201
10903363
10904859
10905116
10908138
10912445
10932569
10933084
10950668
10950952
10958815
10958902
10961985
10962710
10963512
10965911
10969648
10985358
10987670
10991014
10991090
10991272
10992640
10996043
10999448
10999860
11007275
11009016
11012228
11013414
11013795
11018714
11021140
11028186
11035512
11036307
11040440
11048625
11049136
11050268
11051517
11051758
11067752
11069465
11070440
11073877
11081977
11083376
11087941
11090814
11093709
11104920
11106139
11108915
11113060
11113126
11115461
11116553
11125605
11126341
11127653
11129874
11132103
11133865
11138299
11145652
11146186
11146887
11147855
11148881
11151902
11152399
11153392
11154415
11157809
11158180
11159347
11161982
11168603
11170966
11171315
11178806
11190147
11190305
11191604
11191800
11195535
11198640
11199398
11202770
11210427
11214511
11216023
11228802
11228822
11232681
11232773
11234097
11240979
11243947
11244198
11247328
11249816
11252462
11254294
11260431
11261388
11265857
11274023
11274272
11280107
11282808
11283476
11286236
11287165
11291986
11293350
11295187
11295254
11299326
11299987
11303081
11308753
11309570
11319222
11320489
11323696
11324032
11326516
11329215
11330247
11331198
11331205
11334935
11344566
11345143
11347807
11348008
11348061
11348963
11357747
11361418
11361514
11368151
11369319
11375277
11377703
11380002
11383362
11387941
11388626
11391461
11395042
11396901
11398169
11410071
11415744
11416138
11421865
11424621
11426146
11426221
11431763
11431794
11438908
11440748
11446856
11448838
11451734
11452850
11456407
11461772
11462937
11463300
11469210
11479339
11485401
11485664
11488936
11490772
11490966
11492216
11493394
11493534
11496737
11497335
11505086
11507259
11510874
11514488
11517150
11519288
11522063
11528215
11531183
11534103
11541001
11551012
11551394
11553311
11557122
11558299
11560395
11560586
11564918
11565414
11566565
11570912
11573332
11574331
11576827
11583815
11592349
11593299
11596644
11598184
11601012
11604163
11606254
11606994
11611554
11616359
11618318
11624027
11627644
11632449
11635969
11640580
11640681
11643138
11647713
11647859
11648404
11649859
11650847
11658073
11662129
11665014
11668891
11669179
11669524
11670037
11671047
11674172
11678166
11684987
11688979
11689485
11693033
11694687
11699789
11701929
11703791
11704716
11707089
11712260
11716488
11719330
11725419
11737359
11739757
11740158
11741107
11742378
11743497
11744478
11746806
11760971
11761353
11765665
11765996
11767433
11770556
11772472
11773247
11774955
11775996
11777184
11779411
11781128
11784464
11791579
11791628
11791845
11793751
11795231
11804172
11805977
11811165
11811983
11812081
11815370
11815937
11819687
11820588
11820957
11821916
11822890
11823675
11825681
11828826
11830372
11830416
11831841
11833359
11836976
11843987
11847816
11850155
11854847
11855990
11856306
11859046
11861320
11865027
11865589
11866490
11867616
11867770
11869106
11871918
11874556
11876208
11882329
11883234
11884678
11885412
11889264
11893262
11894105
11898692
11898785
11899746
11903326
11910603
11912591
11919310
11920202
11921915
11924691
11931067
11932877
11942458
11942950
11943138
11948719
11949131
11949190
11949219
11949444
11950508
11951382
11951445
11951964
11954326
11954811
11956993
11958241
11959669
11961963
11962979
11966392
11968370
11975226
11975723
11976742
11976997
11981733
11982100
11987535
11993809
11995773
11996919
11998290
11998475
12001485
12002716
12009212
12009857
12024266
12025381
12026415
12027802
12029086
12029807
12031463
12038190
12038640
12038723
12041533
12042267
12042814
12048142
12049348
12051784
12057159
12059054
12059771
12065182
12065554
12068660
12072203
12077608
12080236
12086907
12088982
12089016
12089636
12090994
12097197
12097853
12099816
12105432
12106122
12110732
12127369
12129550
12131876
12132313
12132484
12134037
12134873
12142728
12148999
12157516
12160234
12165237
12165930
12169935
12170602
12171890
12175219
12186690
12191121
12200260
12203203
12209001
12211242
12218627
12219405
12222661
12225761
12225825
12231202
12238678
12239188
12240428
12248949
12253889
12256492
12258564
12261770
12265711
12266288
12270056
12273569
12285631
12289540
12290487
12292131
12295596
12296312
12296756
12302069
12303463
12305570
12312722
12313060
12315154
12317166
12320479
12335393
12336061
12340307
12341499
12342287
12343608
12347690
12351192
12352348
12354983
12357354
12361269
12374300
12375750
12375984
12378807
12381768
12382572
12384391
12387467
12388435
12389696
12389774
12390369
12391482
12397311
12402687
12405443
12409173
12416792
12417107
12417343
12420283
12422084
12424678
12425073
12428939
12432105
12435540
12441252
12442992
12444504
12452138
12453229
12455295
12457171
12460235
12460668
12462993
12465468
12467847
12473906
12474554
12477518
12488390
12492899
12493662
12496912
12497871
12500226
12503762
12510172
12511090
12513021
12514403
12516237
12520270
12520774
12526480
12529068
12534543
12535143
12535277
12536093
12547435
12548051
12548401
12548411
12548998
12549423
12553740
12556839
12557500
12558520
12559076
12562119
12562291
12562451
12564779
12570163
12571015
12577618
12582536
12586094
12592541
12592758
12597874
12598342
12598443
12598725
12598913
12602057
12604553
12605579
12610735
12612849
12612891
12617304
12619336
12620600
12623006
12628430
12632640
12639503
12640875
12645327
12649583
12650579
12653900
12660186
12662119
12663948
12664345
12666123
12668589
12669030
12669341
12669603
12672081
12673002
12673911
12682343
12685145
12686606
12689081
12693157
12695565
12699855
12701410
12701588
12702389
12706696
12708311
12708980
12710770
12711584
12713471
12717074
12727611
12730621
12731295
12733872
12734122
12734315
12734861
12737272
12739304
12741510
12742967
12746026
12746058
12747071
12748634
12749655
12754346
12757433
12760952
12761293
12762274
12762510
12762909
12764541
12765232
12765998
12769709
12772687
12773475
12773885
12783431
12784313
12784833
12785908
12788908
12790775
12791681
12800511
12808501
12808627
12811216
12811607
12811985
12818554
12829213
12830248
12831667
12838455
12840077
12840702
12841818
12842722
12843943
12844830
12847968
12852191
12853903
12862631
12869464
12871973
12874127
12874207
12878140
12879055
12880413
12883906
12884905
12885220
12886121
12886265
12895903
12899971
12900566
12902461
12902650
12903526
12905033
12907082
12908348
12911485
12919571
12929076
12930759
12932561
12934814
12948188
12960313
12964082
12965670
12967592
12969194
12970506
12971472
12971660
12972885
12975082
12975534
12976215
12977669
12984402
12990396
12993320
12997753
12998351
13002830
13004069
13008646
13011265
13020324
13024280
13024624
13034087
13038572
13042036
13043568
13044500
13046523
13046814
13050464
13056725
13059303
13061850
13063212
13069925
13074175
13074216
13078345
13078436
13081821
13089252
13089834
13090007
13092910
13094768
13099028
13100400
13102821
13104550
13105406
13105563
13105569
13119009
13121463
13127210
13131103
13145947
13147036
13148736
13148858
13157265
13160272
13171010
13172164
13173261
13175485
13176217
13178552
13189174
13190124
13196291
13199979
13200566
13206963
13207797
13208149
13208613
13218052
13221055
13225766
13225885
13226546
13227290
13238084
13243028
13244165
13246279
13252562
13252689
13254313
13254373
13255065
13255599
13257812
13263240
13267862
13269787
13272281
13282213
13283694
13289005
13291132
13297134
13297530
13301281
13303076
13309687
13311945
13315125
13315763
13320378
13322459
13323213
13324215
13325922
13326312
13328413
13330096
13333893
13334346
13334395
13335169
13335626
13336472
13337316
13338014
13345500
13346053
13347793
13347914
13348727
13349631
13350489
13354866
13356107
13357292
13358095
13358661
13359437
13363251
13363270
13370149
13374194
13391960
13394233
13394421
13396212
13401444
13402188
13412389
13415224
13418822
13427912
13428703
13428852
13431288
13444947
13447306
13448533
13450512
13450769
13458162
13464029
13471049
13473172
13475838
13481174
13481538
13485003
13485287
13488460
13494194
13502090
13505222
13505776
13508205
13516299
13517535
13521634
13527787
13527827
13529288
13530907
13533542
13534816
13536294
13537756
13541120
13543178
13544762
13548716
13552485
13553024
13558891
13558978
13562868
13568531
13569570
13577269
13580452
13582853
13583433
13587899
13588489
13590846
13591560
13591937
13592132
13592309
13593130
13593820
13596015
13596435
13597514
13602936
13607914
13608454
13613656
13615995
13619268
13621658
13623951
13624228
13624856
13626673
13630900
13631682
13634773
13636228
13639879
13639976
13656683
13659839
13664693
13667716
13670124
13675825
13685177
13688686
13689092
13689937
13699072
13704338
13708836
13712410
13716515
13717433
13719515
13726153
13727185
13727947
13728287
13729252
13736409
13750841
13754756
13758359
13760738
13760945
13761045
13764088
13775350
13777831
13778379
13780935
13781654
13791818
13793873
13796604
13797033
13797863
13801682
13803669
13805018
13809653
13811446
13813242
13814975
13815339
13817094
13817843
13819713
13821757
13825722
13827006
13829077
13831696
13833040
13836546
13837368
13838768
13839369
13847728
13854961
13856029
13857877
13859161
13864780
13865608
13867269
13867758
13869827
13870506
13871671
13871880
13872261
13872804
13883320
13885929
13888122
13892123
13894143
13896051
13899632
13909879
13912622
13920399
13921025
13925084
13926990
13935812
13936290
13939087
13940347
13941228
13942539
13944029
13945134
13948204
13952679
13952779
13955986
13956209
13956662
13959074
13964593
13966049
13970447
13972089
13975366
13985113
13986570
13990243
13993993
13995781
13997962
13999368
14000534
14002349
14004052
14004290
14004733
14004746
14004995
14006418
14007526
14018160
14018267
14019867
14021410
14024696
14026232
14030122
14034955
14034988
14038718
14041454
14045503
14046230
14047884
14054059
14055703
14057255
14058633
14059635
14062219
14065262
14066186
14069895
14070137
14077716
14078798
14083149
14091522
14091614
14093518
14094818
14100920
14101622
14102871
14105170
14105753
14105798
14108006
14110743
14112363
14121570
14133224
14137070
14139044
14139696
14141930
14142404
14143749
14144985
14145029
14149312
14156960
14159047
14159132
14159211
14161333
14162825
14162971
14164383
14165933
14166024
14170398
14178085
14181709
14182359
14183099
14185552
14187639
14188196
14188623
14198836
14199191
14202818
14202820
14211989
14214285
14219169
14221310
14223367
14225314
14238026
14245271
14250687
14252766
14253284
14253631
14260231
14264198
14264912
14266889
14269006
14273093
14273147
14273162
14273463
14279691
14290664
14294536
14298218
14298643
14301842
14302127
14308903
14317560
14319027
14321991
14333272
14333676
14340328
14340532
14342151
14358404
14362783
14364448
14365336
14365671
14369682
14370393
14374116
14380872
14381804
14381859
14387929
14388547
14398418
14400556
14404552
14404877
14408469
14409863
14417134
14418249
14430052
14431110
14432096
14432174
14434947
14438037
14443826
14446676
14452864
14454566
14468716
14469236
14471182
14483499
14484502
14488579
14493129
14494371
14494748
14496257
14498198
14498856
14502765
14504592
14505003
14506002
14506805
14508119
14512902
14520873
14524343
14525439
14528067
14530310
14531773
14535141
14536523
14539939
14540170
14541868
14542421
14544233
14545203
14554441
14555077
14560518
14564625
14568090
14571838
14572174
14573255
14576748
14577063
14580628
14585190
14591288
14592514
14595435
14598031
14599577
14599902
14599949
14602039
14602607
14602637
14605472
14613859
14615357
14621608
14622678
14631216
14635168
14640155
14641263
14644353
14646396
14647252
14651604
14655215
14659703
14661316
14662349
14663419
14664528
14664683
14664885
14666207
14667456
14670066
14681698
14682778
14686955
14687812
14688795
14693820
14694325
14697038
14697972
14707855
14709672
14711812
14712267
14717205
14719328
14721481
14722421
14723679
14727889
14729355
14737277
14741093
14744487
14746629
14747455
14749749
14756955
14758306
14758648
14759965
14760409
14760929
14766517
14766769
14770272
14770526
14779245
14783738
14794069
14797889
14801401
14809062
14813922
14817189
14820941
14823651
14825130
14830864
14833066
14833204
14835119
14839994
14840591
14844184
14844708
14852882
14853341
14854988
14858314
14867264
14869153
14869235
14871851
14874426
14875411
14877335
14880570
14889744
14895028
14907294
14910010
14912371
14915586
14920902
14930311
14938807
14944833
14945526
14952044
14956141
14956834
14958582
14961247
14963638
14968885
14971771
14975130
14991298
14991522
14992994
14995117
14997422
14998126
14998148
14999160
15007919
15008903
15011360
15014227
15019257
15023761
15023774
15023899
15025637
15025914
15026615
15030043
15032938
15042713
15046598
15066593
15071741
15073295
15077742
15078353
15080278
15082525
15087492
15088900
15093387
15093709
15095384
15096965
15098833
15099620
15099928
15105531
15114370
15114916
15119824
15120286
15120527
15121121
15129251
15132443
15133291
15137316
15138040
15138043
15140689
15145626
15153883
15157372
15159469
15162776
15164542
15165912
15167699
15171696
15172054
15174077
15175078
15175115
15179641
15183304
15188871
15189055
15190026
15190232
15191856
15197797
15210747
15211382
15212054
15227015
15241041
15243343
15246616
15252305
15253461
15256725
15257781
15259106
15266483
15267051
15282493
15283638
15285243
15286834
15286990
15290889
15293279
15297728
15307336
15315518
15317187
15325398
15328658
15328667
15329146
15333207
15338749
15341097
15342367
15344409
15344873
15345110
15346499
15348637
15350131
15350801
15352735
15353192
15360849
15361019
15361599
15362657
15364782
15369826
15372531
15376059
15381097
15400975
15400986
15401292
15404748
15408134
15424838
15427992
15428607
15428900
15442400
15443712
15445564
15449366
15455471
15455805
15460132
15467280
15472701
15479758
15485082
15486523
15490011
15492908
15505586
15505667
15513228
15517976
15519670
15520669
15528274
15531689
15532141
15536736
15538307
15540580
15542210
15544270
15548710
15552651
15558018
15564385
15564613
15569389
15579586
15583046
15583850
15587504
15588407
15589375
15589502
15601859
15603269
15605430
15614422
15618697
15625794
15629084
15629680
15638297
15641096
15641652
15643849
15646377
15655306
15656202
15658958
15666307
15670453
15672418
15677084
15679321
15693362
15696724
15698943
15699461
15707101
15707608
15708790
15710009
15711296
15712917
15717748
15718019
15718910
15722085
15725123
15726400
15729472
15733416
15733871
15740292
15743649
15744704
15746847
15747591
15749108
15753797
15755678
15759964
15768805
15768887
15769053
15784313
15786110
15788229
15792400
15793232
15802390
15802821
15803031
15806403
15806862
15810920
15814668
15818200
15818523
15819826
15821302
15827873
15828445
15834148
15847474
15848410
15864498
15865319
15878264
15879060
15880432
15880793
15885304
15893316
15901955
15904063
15904664
15908026
15911891
15911978
15912189
15918388
15921221
15925013
15938631
15951162
15953855
15956760
15959673
15973138
15976002
15977305
15983212
15993841
15999331
15999498
16001117
16003047
16005683
16006000
16006415
16007044
16009092
16009395
16011765
16012454
16016430
16017135
16019170
16024127
16024184
16024973
16025656
16029202
16032040
16032119
16034786
16042299
16043806
16046218
16052399
16066172
16072104
16074515
16076172
16088757
16097943
16099956
16107790
16110347
16111547
16117012
16118237
16119114
16121424
16128777
16130223
16133797
16134180
16134748
16137513
16142448
16146551
16155242
16158748
16165211
16167046
16167797
16172462
16173323
16173704
16174698
16176553
16177706
16177723
16177922
16178874
16179787
16186622
16186948
16188113
16189370
16194860
16198860
16199092
16199572
16199767
16215730
16217877
16218373
16220021
16222959
16226504
16227585
16228690
16229505
16236315
16236493
16236681
16238930
16241517
16247527
16248460
16251443
16253710
16263229
16266301
16268389
16280002
16284055
16285187
16285753
16287259
16293525
16294578
16296175
16297091
16299552
16304489
16305783
16307587
16311155
16315479
16315487
16318662
16319391
16326358
16338076
16338613
16339016
16339872
16342878
16346768
16348296
16349278
16353095
16363635
16367818
16371823
16373430
16374181
16374284
16378738
16381988
16382809
16384907
16387584
16387614
16390697
16392187
16392487
16396332
16396461
16399117
16403573
16407965
16414981
16418921
16418934
16419531
16421932
16422433
16425188
16427155
16428463
16430608
16431574
16432165
16432213
16433635
16435522
16452011
16456703
16460623
16465431
16466378
16475245
16476079
16486076
16488474
16493951
16494516
16509788
16511780
16514906
16523918
16524039
16525448
16527038
16532481
16536341
16537225
16537481
16539790
16546862
16547407
16548559
16552796
16553206
16553642
16560700
16564530
16565163
16568654
16573400
16580967
16582847
16583368
16583852
16584974
16586841
16587165
16587298
16587349
16593770
16595307
16599568
16609367
16609394
16609555
16611744
16613896
16615595
16624499
16638626
16656160
16656262
16657592
16657872
16660149
16660599
16661668
16662074
16664356
16673379
16674768
16676037
16678435
16680624
16680720
16688358
16689004
16689619
16693433
16706737
16708387
16708743
16720151
16725508
16725726
16728477
16729974
16730306
16736025
16736611
16736705
16738070
16741053
16746237
16749542
16751539
16756372
16756486
16758829
16766724
16775601
16777567
16779438
16783476
16785939
16786668
16787663
16788450
16792969
16793053
16796332
16798864
16807157
16807875
16807904
16808389
16808508
16812002
16819873
16822279
16822627
16825139
16827217
16827587
16828873
16837102
16837610
16837660
16852708
16857825
16858853
16861317
16862184
16865552
16870083
16876955
16882356
16883940
16888895
16894832
16900421
16900556
16906907
16906938
16907547
16913233
16916987
16917229
16922309
16923257
16923956
16925032
16925578
16925800
16927361
16930538
16932166
16933216
16933646
16934504
16936639
16937023
16937288
16937543
16937914
16942697
16950497
16952073
16952851
16954380
16955385
16957319
16959642
16964081
16964692
16966854
16967383
16968036
16969254
16970844
16971612
16973055
16979362
16984503
16986012
16992107
16993939
16996917
17003504
17008709
17012947
17013843
17014280
17016249
17018982
17019754
17021311
17021766
17022343
17026044
17028641
17032638
17038080
17045127
17046570
17047878
17049626
17052741
17053386
17054521
17054647
17055992
17068403
17069256
17071380
17071671
17072468
17076169
17079094
17086582
17088869
17090632
17092625
17094552
17096420
17102408
17102686
17107515
17112441
17127899
17130972
17132087
17137322
17140798
17142339
17144201
17145509
17148207
17151254
17157246
17166849
17167114
17168132
17174885
17178751
17178876
17186556
17187052
17190362
17190472
17192169
17196091
17196684
17205929
17207229
17216906
17218484
17221964
17228907
17245311
17252282
17254494
17258319
17263586
17264990
17265316
17266427
17267232
17268507
17276697
17276759
17278096
17286270
17287005
17287846
17289291
17290163
17294192
17294403
17294560
17300855
17301982
17303242
17306705
17313239
17317472
17317486
17321897
17323147
17323710
17325328
17332046
17338821
17341722
17346755
17359501
17359720
17360621
17361798
17363765
17364459
17364554
17371898
17373841
17375050
17379154
17386439
17395493
17405794
17409367
17416434
17416457
17424668
17425408
17428368
17429510
17435943
17436929
17438805
17450440
17452177
17453700
17455098
17460775
17463295
17467865
17469685
17474418
17477076
17484591
17486494
17487224
17489334
17493110
17493286
17495414
17495437
17496284
17497848
17499020
17499347
17501051
17504023
17504788
17505103
17507750
17509047
17510880
17510982
17517213
17521637
17522459
17522828
17524286
17525570
17530135
17532058
17536399
17539984
17543888
17547305
17548339
17551446
17556587
17562230
17562991
17568956
17570357
17573349
17574676
17580253
17581049
17581395
17584998
17585780
17587660
17590776
17590882
17591684
17593078
17593145
17596704
17598832
17601028
17603112
17608358
17611558
17612022
17614757
17615426
17616638
17619641
17620010
17620704
17621986
17623391
17624445
17631241
17632028
17632489
17632979
17640907
17643115
17643754
17644445
17646219
17646684
17649807
17651119
17654198
17655866
17659665
17660207
17660390
17660781
17664824
17669383
17670783
17672252
17673686
17680848
17686039
17689489
17690498
17691997
17692840
17694129
17695945
17697178
17700569
17700633
17705265
17706021
17708869
17710570
17715930
17724681
17727026
17731753
17732009
17733942
17741277
17741671
17743461
17750722
17752139
17759091
17760091
17760626
17764552
17765164
17768209
17769416
17770530
17772100
17773743
17776891
17781137
17790689
17791851
17797446
17797471
17804109
17807387
17808067
17814211
17819309
17820798
17822393
17823330
17829094
17830767
17831159
17831875
17833688
17834746
17837583
17839795
17840258
17841167
17842656
17844399
17849191
17850516
17853932
17855169
17857906
17858692
17866640
17871481
17874427
17874832
17875670
17877091
17878891
17879143
17881827
17881989
17882552
17883706
17886496
17889017
17890261
17890642
17894683
17895233
17899120
17900703
17901482
17907725
17908123
17911094
17912037
17912969
17915638
17915921
17916220
17918883
17934857
17939649
17944832
17947390
17950487
17950771
17950819
17955344
17967749
17967924
17969060
17969749
17972395
17972925
17974573
17980425
17992445
17992871
18005303
18006622
18008163
18010394
18010606
18016955
18020405
18022536
18024258
18024761
18033321
18034498
18038538
18040867
18043774
18044808
18049234
18049608
18051842
18052061
18053332
18055655
18057168
18061650
18062140
18063822
18065549
18070261
18072301
18074751
18077148
18082065
18082111
18085239
18091177
18099299
18103677
18105218
18110106
18112428
18113891
18115355
18123103
18130779
18133243
18144328
18151392
18151733
18153265
18161513
18162658
18163488
18165960
18173900
18176995
18177053
18180381
18181061
18183202
18183797
18185969
18191863
18196169
18198292
18199414
18201521
18201591
18203031
18209518
18211191
18218219
18218549
18225666
18232209
18234147
18234752
18236711
18238375
18240924
18242115
18242170
18243398
18243414
18249125
18249563
18257852
18264008
18267928
18281056
18282847
18286114
18292253
18299547
18302467
18303457
18305605
18309092
18311925
18313523
18314601
18318239
18320604
18322328
18325158
18336218
18336988
18340426
18341494
18341790
18353645
18357059
18357388
18357530
18357613
18359389
18359854
18361491
18361868
18365061
18366482
18369700
18370567
18372640
18372692
18373716
18374995
18377204
18382556
18385485
18385723
18387738
18392410
18393092
18393272
18397240
18406054
18406319
18416177
18420015
18422453
18422665
18427801
18430718
18431579
18435565
18442677
18445087
18446913
18448475
18451546
18452004
18457907
18462884
18463495
18464320
18472039
18474964
18481182
18486410
18487035
18488666
18490120
18490754
18496357
18499720
18508486
18517943
18519241
18530216
18532415
18532470
18542197
18542467
18550007
18557396
18559768
18563935
18564658
18566627
18572594
18573222
18573295
18573866
18579236
18581462
18582640
18582870
18583217
18584171
18585022
18586121
18586556
18587136
18587754
18588002
18589432
18600959
18601586
18607099
18608300
18610444
18612929
18619702
18622265
18622544
18623680
18624500
18627969
18630022
18630588
18630606
18632746
18633686
18640653
18647531
18650559
18651463
18653596
18656684
18657026
18657629
18661288
18664657
18667859
18671380
18671804
18672171
18674476
18674748
18675348
18679787
18686557
18686918
18694009
18695016
18697616
18703338
18705436
18707437
18707726
18708435
18710513
18712614
18714023
18718444
18719046
18723325
18724857
18728921
18730218
18732705
18734038
18737556
18739567
18739834
18740780
18744358
18745854
18747031
18747582
18748781
18755808
18757654
18757875
18758337
18758393
18760483
18761201
18761565
18763782
18764283
18770550
18773679
18778152
18781267
18786427
18790189
18797099
18798123
18801550
18802249
18803858
18808356
18816043
18816949
18819217
18823775
18824752
18825557
18826831
18828940
18830159
18835623
18837358
18840243
18843869
18847045
18847547
18848772
18849410
18851177
18851290
18856767
18859619
18859913
18860015
18860763
18867473
18869385
18869632
18870754
18871023
18871652
18871941
18872933
18873471
18874460
18874921
18876202
18876943
18880781
18884519
18888187
18895397
18895898
18901438
18906092
18909692
18913765
18916814
18921462
18926265
18927065
18927294
18928707
18929305
18930587
18940297
18941335
18946062
18951639
18952475
18967196
18968834
18973652
18987729
18991022
19013792
19016108
19016450
19018569
19019849
19023348
19025983
19026116
19026811
19027199
19035905
19046476
19046677
19047846
19051868
19053194
19058163
19066267
19068630
19069363
19071258
19071670
19071711
19072635
19075127
19077591
19078501
19082273
19084796
19085223
19095574
19101667
19105552
19107881
19112030
19113340
19119720
19128184
19134599
19136115
19136266
19140474
19142868
19143184
19146522
19153061
19155395
19155683
19156810
19161131
19166967
19167704
19171106
19172020
19173649
19173948
19176264
19180375
19182293
19183928
19186347
19186781
19190190
19190662
19192867
19193381
19194995
19209161
19220891
19224157
19239806
19243935
19247937
19249927
19251260
19252127
19252273
19257067
19262973
19263517
19275235
19275905
19277503
19284123
19289770
19291038
19304113
19305335
19305861
19306956
19307384
19314089
19314450
19317675
19318504
19321974
19324137
19325288
19327036
19329770
19331215
19342868
19344115
19345269
19349527
19359188
19360296
19361788
19365043
19370366
19371203
19371348
19373807
19375989
19376953
19380249
19384730
19384989
19388334
19388804
19394289
19403405
19408441
19412679
19414055
19415143
19416210
19420699
19421112
19423798
19429023
19444292
19447907
19452351
19453209
19461201
19466328
19469108
19470534
19473012
19481674
19487548
19489398
19489893
19491366
19492361
19496499
19500292
19501987
19509311
19512321
19514029
19514396
19514431
19515180
19521169
19521245
19523289
19523662
19523973
19524874
19535553
19535810
19537563
19539945
19541568
19549309
19552686
19554183
19557618
19561045
19565185
19567861
19570170
19571969
19577851
19580870
19581311
19589369
19589967
19593813
19600548
19603614
19604796
19607258
19608579
19609191
19614011
19615079
19619239
19619887
19620006
19627382
19631854
19637840
19639024
19641017
19641304
19645091
19645410
19652807
19659362
19664334
19667481
19667984
19669411
19670340
19671689
19672739
19675467
19678898
19680398
19684607
19684649
19686225
19687128
19687258
19698545
19700243
19700646
19702823
19704192
19713516
19718793
19719746
19729034
19744436
19750314
19752632
19754142
19755390
19758890
19760761
19764024
19764231
19768721
19770248
19775446
19778180
19780296
19788369
19793692
19796544
19804449
19814176
19815566
19816598
19832070
19832638
19832720
19847367
19854912
19855937
19860430
19861612
19862315
19867487
19870549
19871212
19880759
19883382
19885591
19890095
19890751
19893360
19898472
19899353
19907707
19911953
19913699
19921818
19926127
19928882
19930199
19930274
19930767
19942156
19944108
19945993
19948125
19950883
19951307
19952709
19956573
19957606
19960639
19967671
19969149
19971110
19974554
19985029
19989628
19992110
19992438
19998378
20000823
20003127
20012178
20016929
20019291
20020209
20027543
20030347
20031557
20035932
20037008
20039215
20039702
20040533
20041114
20041229
20042633
20043830
20053731
20053764
20055551
20057747
20063069
20066553
20066754
20069794
20083308
20084138
20085124
20085674
20087507
20089938
20096387
20097235
20097479
20098549
20099223
20100039
20105075
20107494
20108129
20112389
20116763
20120232
20120264
20121793
20122235
20128908
20130823
20131544
20132860
20133404
20138129
20140474
20144602
20148853
20149314
20156811
20159473
20162528
20165411
20166376
20168121
20168855
20178335
20182962
20183465
20184241
20191154
20195161
20197250
20197737
20198065
20199030
20204557
20205787
20208530
20210067
20215754
20221132
20222454
20224146
20224857
20226020
20229060
20229920
20233523
20238320
20239402
20239644
20240577
20242796
20244872
20244984
20247334
20249799
20250215
20258870
20260019
20262618
20262784
20267778
20269194
20270544
20274488
20282000
20289923
20293641
20293885
20296915
20298163
20305551
20306666
20306852
20322965
20327208
20333447
20335758
20336502
20345718
20349053
20349364
20351068
20353322
20355386
20358010
20362915
20365040
20367715
20367729
20373360
20379402
20388005
20388356
20393870
20396595
20399392
20400372
20401926
20402948
20403089
20408228
20409258
20414831
20415073
20425987
20426593
20427244
20427936
20435153
20439707
20439965
20441560
20442221
20446382
20450497
20454815
20455792
20456991
20466121
20467454
20467670
20474584
20483830
20487311
20488146
20488281
20490107
20495928
20497346
20505449
20506483
20512940
20517113
20520142
20520913
20521599
20522253
20522277
20526939
20527760
20531256
20532541
20533847
20535905
20542527
20543201
20551084
20552625
20553601
20553848
20555300
20556578
20559090
20577190
20580699
20583875
20587720
20587930
20588326
20588666
20589669
20589676
20595123
20598631
20609020
20611229
20611894
20613206
20614655
20615092
20622377
20629589
20630563
20633233
20637740
20641354
20641977
20642026
20642396
20653636
20654451
20654536
20656145
20659236
20667646
20668223
20668327
20668738
20669115
20670465
20672440
20673609
20674331
20678418
20682747
20683936
20684227
20686104
20691526
20693118
20693138
20696864
20701353
20702835
20705305
20708942
20709596
20709664
20711934
20714429
20721160
20721624
20721937
20724747
20733523
20734531
20735018
20737316
20739441
20739508
20746691
20748039
20749041
20750559
20751067
20754812
20756522
20759162
20760251
20761068
20761752
20767486
20767504
20771571
20781129
20785632
20786331
20788489
20789231
20792205
20795908
20797568
20801347
20806354
20807840
20811380
20814519
20815616
20817899
20819698
20835920
20838067
20841336
20845693
20854656
20854931
20856087
20857703
20857733
20864240
20864704
20868036
20868832
20868950
20873752
20875337
20881148
20885876
20887756
20888932
20889244
20889790
20890453
20894060
20896680
20903972
20908681
20912079
20920589
20922297
20924217
20931073
20937035
20939893
20941308
20948469
20949396
20958886
20963879
20966253
20969938
20970883
20971662
20975597
20979211
20981554
20982659
20989098
20994081
21000676
21001247
21004282
21006308
21007174
21012862
21012897
21013532
21019068
21023140
21027685
21029236
21037762
21043211
21043441
21046403
21052884
21056321
21057096
21058662
21059068
21061348
21064486
21065125
21068124
21068365
21069673
21070642
21071232
21071734
21071887
21074513
21074981
21076730
21077834
21079132
21082348
21082965
21083829
21085691
21087222
21091199
21095333
21096799
21096978
21100497
21102542
21107181
21113564
21117295
21118307
21121471
21124958
21133393
21137683
21139513
21141795
21142221
21145598
21154260
21159862
21168913
21171450
21172019
21174417
21175182
21175396
21175692
21175954
21177608
21179061
21182038
21183572
21184033
21191667
21198722
21199080
21208377
21210514
21213664
21216365
21229116
21234312
21235575
21235870
21236626
21239252
21246043
21246281
21250076
21251536
21254370
21255101
21256685
21263155
21266566
21268945
21275823
21284370
21286663
21288184
21289541
21298246
21299616
21311711
21311868
21316907
21321846
21323121
21323198
21325091
21325941
21326229
21329860
21338698
21340804
21340867
21347030
21347210
21347817
21351151
21358580
21359450
21369720
21371887
21372781
21373577
21375124
21377955
21378597
21381254
21381891
21382367
21382852
21385718
21387967
21390862
21393902
21394558
21395227
21397136
21398025
21398868
21400385
21405072
21405385
21407287
21408788
21409134
21410306
21410805
21410858
21411605
21414359
21419257
21421072
21431899
21432109
21432455
21441998
21442520
21443756
21445779
21448817
21450818
21454572
21457664
21457687
21459296
21460437
21467906
21470137
21480538
21480595
21480816
21482166
21483899
21488417
21492194
21492590
21494289
21496371
21497373
21498399
21503437
21508115
21516333
21523527
21526276
21528352
21528997
21529158
21538707
21542792
21543830
21547429
21550152
21550193
21551497
21553470
21553896
21566132
21568084
21573839
21574053
21574104
21574955
21580732
21590744
21594807
21604000
21606753
21607608
21609628
21613613
21614245
21618661
21618756
21620812
21629190
21632447
21636664
21639568
21639790
21640983
21643173
21643858
21648819
21649080
21650245
21651563
21652996
21656952
21658826
21661135
21666552
21667970
21667996
21669463
21669487
21678436
21679543
21682075
21682597
21690360
21701390
21702990
21708085
21711004
21718013
21725845
21726169
21728000
21729649
21730885
21735528
21740266
21740486
21743062
21744998
21746252
21754510
21757438
21761444
21775143
21782482
21791927
21792742
21795461
21797341
21802658
21812779
21815933
21818416
21826803
21828910
21829137
21829935
21830196
21836168
21843474
21846890
21849723
21853952
21863415
21865106
21865931
21866697
21871483
21872708
21878186
21882222
21884373
21884982
21887326
21887532
21895446
21902529
21906333
21906509
21910658
21915936
21917204
21920001
21920396
21920643
21920865
21921171
21928452
21931059
21932445
21932478
21934056
21934245
21936427
21937034
21940131
21940156
21945136
21948355
21951388
21953701
21955069
21957183
21958097
21966754
21977613
21980087
21981902
21986129
21988060
21996228
21999502
22000380
22005090
22008167
22008337
22011607
22011873
22014669
22023700
22025581
22025803
22026571
22032248
22034525
22035206
22036422
22038657
22039658
22039697
22040464
22041865
22052110
22052912
22054029
22061824
22063429
22063543
22075030
22086828
22093667
22095397
22099438
22104690
22110023
22110155
22110443
22110652
22118418
22126327
22129153
22131713
22140259
22149811
22151752
22152309
22158020
22159668
22162701
22164449
22167274
22168766
22171522
22177301
22184914
22190602
22194452
22198278
22212396
22212555
22217505
22218027
22221651
22223343
22225350
22233191
22237883
22238170
22238453
22242685
22245140
22245730
22251907
22254918
22256043
22256408
22256665
22258521
22258877
22263179
22264749
22267413
22269050
22269625
22270882
22276543
22277556
22280640
22285716
22287966
22288268
22289806
22292912
22295586
22303453
22304252
22305491
22306476
22309437
22316166
22318011
22318448
22319670
22319806
22321217
22321506
22323314
22324860
22332990
22335561
22335925
22337775
22338966
22339755
22345569
22346335
22346784
22347100
22347476
22353652
22354528
22357534
22362785
22372802
22377087
22378748
22379049
22379952
22381044
22384897
22390157
22391588
22396665
22397791
22403286
22408109
22410289
22413608
22417092
22422723
22423753
22423832
22428401
22428969
22434074
22442484
22448134
22453365
22457626
22463836
22465567
22467346
22468746
22469477
22472216
22482163
22486936
22495236
22496481
22503588
22505077
22508431
22511843
22513177
22513890
22514624
22516222
22516935
22517026
22517446
22519698
22520727
22520991
22522289
22529339
22535476
22536063
22536430
22537789
22543383
22548161
22548289
22549784
22557122
22563471
22575102
22578461
22582828
22582940
22584417
22594853
22595354
22595680
22595812
22602132
22602413
22602530
22604242
22605843
22606330
22607737
22611319
22613176
22617960
22623785
22627468
22632884
22637731
22638429
22638496
22639940
22641926
22645650
22646258
22651011
22651596
22656090
22657329
22662997
22663034
22668486
22670882
22672916
22673639
22676906
22677236
22679369
22681891
22682151
22684183
22704617
22708165
22711691
22720718
22725876
22736954
22741775
22744911
22747478
22748531
22750472
22752144
22756767
22758065
22764746
22776902
22786650
22789145
22793198
22793316
22799442
22799931
22800710
22801638
22802293
22806002
22810482
22812559
22813274
22813542
22814131
22821893
22822540
22823543
22824536
22826932
22828029
22829017
22831102
22832460
22834230
22834658
22837996
22840932
22844625
22846417
22847038
22850568
22851030
22854136
22854796
22855360
22856620
22858037
22879757
22880919
22882957
22884350
22884661
22888476
22894978
22900062
22907460
22907531
22908902
22910797
22913586
22915428
22916527
22925217
22934079
22934721
22935357
22935672
22938305
22940541
22944157
22955859
22960620
22965027
22974443
22977302
22985751
22993529
22996694
23006934
23008914
23008952
23018532
23021121
23039874
23043789
23050093
23053219
23053871
23054015
23056739
23062932
23065394
23067167
23082730
23082736
23084801
23101449
23102047
23103088
23104333
23105998
23107799
23108157
23110126
23112202
23114426
23115619
23117499
23120379
23120557
23133175
23136002
23136667
23138009
23140018
23143878
23153991
23155952
23157350
23161844
23166143
23166461
23171542
23171610
23175893
23183292
23185353
23194549
23195587
23196501
23197548
23206975
23214173
23216364
23220433
23220929
23221218
23221899
23226674
23227445
23227590
23227776
23230470
23232076
23232484
23233265
23233351
23243642
23245379
23248418
23250083
23258501
23261000
23264446
23265720
23265973
23266266
23270198
23272141
23275460
23278914
23279299
23282892
23283472
23286975
23289267
23289645
23299318
23303343
23303722
23307243
23310305
23312327
23322481
23329485
23331995
23332064
23333121
23335755
23336879
23344161
23346927
23361448
23374118
23374623
23376795
23382380
23382657
23383227
23384712
23386674
23388049
23390702
23392937
23399972
23406677
23412654
23414800
23416890
23419852
23421261
23421933
23422499
23422587
23431718
23438245
23440180
23442425
23443470
23446840
23449855
23452233
23453551
23454973
23456708
23461511
23461589
23468106
23469236
23471818
23472070
23474607
23481617
23481761
23481791
23496165
23498025
23502699
23509609
23509706
23511077
23513738
23515924
23517568
23522595
23528801
23538944
23550636
23551914
23559333
23560144
23563865
23565762
23569487
23574860
23575172
23575582
23576519
23581894
23586635
23596814
23598019
23602466
23604104
23609393
23610735
23611172
23612439
23617483
23618917
23620251
23626291
23626920
23629836
23630862
23631036
23640444
23643415
23644835
23645546
23646100
23660776
23662672
23670048
23670761
23673182
23674786
23678567
23681050
23683775
23688108
23692170
23697308
23697550
23715583
23718318
23723141
23724346
23726391
23728435
23730602
23735009
23735216
23739604
23739773
23744035
23749811
23753701
23761054
23761220
23763442
23764206
23767099
23769752
23775560
23775721
23776269
23776864
23779518
23783973
23784325
23784453
23791510
23791572
23792461
23795213
23803027
23807255
23809778
23810809
23812196
23818209
23818959
23820688
23821212
23824041
23827339
23829751
23831289
23832746
23834663
23835115
23839253
23841159
23841498
23845631
23845675
23846251
23850162
23851741
23855340
23866133
23869094
23869529
23869694
23872065
23872258
23878995
23881720
23881800
23885224
23899284
23900254
23902807
23909130
23910038
23911526
23925505
23926503
23928943
23930564
23938457
23941791
23945667
23946472
23947082
23962570
23963066
23968736
23972417
23975047
23975816
23976135
23976773
23976973
23981581
23981624
23987707
23990137
23990652
23990715
23992022
23998854
24009939
24015243
24016895
24019964
24023563
24024491
24025262
24029789
24030276
24035820
24038320
24044015
24044727
24050307
24052079
24058080
24063291
24063936
24064200
24064818
24065206
24077180
24083359
24083917
24091146
24094008
24095237
24102764
24107732
24108747
24108959
24112946
24113796
24116325
24132199
24136865
24137307
24145339
24146234
24147462
24150647
24150915
24153636
24153874
24156149
24156359
24161141
24161509
24164797
24167950
24177237
24179999
24184728
24188975
24191413
24191522
24193603
24193755
24195819
24197033
24197056
24203242
24203907
24206470
24211794
24212158
24213248
24213814
24214171
24214188
24218914
24220197
24220296
24222179
24224401
24232059
24233400
24234905
24242890
24246393
24248252
24256348
24256641
24256944
24258628
24262722
24262782
24264170
24264177
24265154
24267527
24276548
24277623
24279784
24286872
24287908
24291509
24293025
24296224
24300295
24305337
24305573
24306686
24308594
24308902
24311209
24314115
24317397
24319539
24320010
24322596
24325724
24333468
24336706
24337983
24338025
24343738
24345751
24346658
24349833
24350577
24352554
24354971
24365157
24366820
24372737
24373018
24390872
24391490
24395913
24396270
24397099
24397343
24398802
24399658
24402465
24407982
24411237
24412730
24414377
24416189
24418220
24423410
24424616
24425806
24430341
24434048
24435646
24436528
24437457
24440710
24441411
24447472
24449806
24453421
24454900
24456918
24457378
24457421
24460198
24474314
24475237
24476155
24482322
24491428
24497693
24501781
24505084
24507595
24521410
24527702
24528939
24529342
24530762
24534921
24550739
24563298
24564737
24567037
24574226
24582645
24584977
24585540
24586088
24588797
24589104
24591246
24615387
24616037
24616767
24619096
24622377
24626478
24627206
24632596
24633536
24642049
24649675
24650816
24654255
24654459
24660593
24662393
24665183
24670572
24675022
24677637
24679266
24683668
24686260
24688703
24689917
24696672
24698395
24701162
24702789
24704021
24706600
24708349
24710373
24714810
24717600
24717731
24722415
24733544
24734314
24745587
24750969
24751375
24761256
24761955
24762971
24764753
24767024
24775682
24776474
24782971
24785408
24786738
24787181
24789076
24790921
24791747
24792467
24796911
24798521
24799253
24799676
24802092
24803233
24805944
24807822
24808764
24808881
24809054
24809626
24810893
24815949
24816691
24816751
24822531
24822546
24826789
24830926
24836828
24838410
24840803
24849301
24857462
24859047
24859686
24863490
24866737
24868463
24871186
24873293
24876304
24882190
24882617
24884907
24888023
24893149
24900827
24902070
24909900
24919505
24921753
24922404
24923732
24928123
24933310
24935097
24937656
24941967
24943235
24943507
24948124
24950210
24952918
24954112
24963688
24976531
24977023
24977081
24978536
24978919
24981132
24983799
24984385
24986423
24987241
24987992
24989690
24991429
24992898
24993514
24999805
25001876
25002554
25003259
25007176
25009613
25009752
25009812
25011798
25015441
25018138
25022358
25029135
25037185
25038382
25044600
25049443
25049973
25051394
25052092
25062008
25065722
25069789
25078216
25080998
25085178
25092549
25095397
25096652
25098142
25102685
25106944
25107344
25126993
25129006
25131550
25135139
25140553
25140773
25142465
25147204
25148761
25150452
25154668
25157636
25162760
25162821
25164453
25164857
25166340
25170077
25171007
25171971
25172557
25176156
25176920
25178579
25182327
25183092
25183816
25185211
25189278
25194911
25196052
25196869
25198640
25199265
25206576
25218963
25219428
25222097
25222918
25224792
25224936
25227118
25235043
25244540
25244887
25246482
25251475
25253936
25256200
25258741
25262607
25265406
25265932
25267637
25270699
25283633
25285866
25288183
25302300
25304467
25307229
25307767
25320707
25320913
25323916
25326465
25327430
25336652
25338949
25340520
25356320
25358525
25359903
25359976
25365339
25367293
25368456
25374143
25379377
25379868
25387107
25388134
25392349
25398109
25398183
25398887
25399273
25399894
25400107
25403551
25405274
25406472
25407537
25410258
25416353
25418180
25427611
25427717
25429249
25430948
25437084
25437096
25437469
25440966
25442815
25443065
25443990
25445038
25449344
25455342
25455483
25456087
25465958
25466717
25470957
25474372
25474571
25479619
25480500
25481298
25487114
25487166
25489704
25495969
25496616
25502867
25503971
25505709
25506037
25506455
25507229
25507794
25508628
25510577
25510874
25511012
25511270
25512682
25517207
25518437
25518710
25526696
25530846
25538089
25550997
25552507
25553117
25553570
25554046
25559997
25562822
25562837
25564245
25567699
25568920
25571292
25572056
25572363
25576076
25578783
25583142
25589090
25591644
25592176
25593773
25593836
25597198
25597258
25598186
25601312
25603052
25608816
25617210
25618511
25622436
25625452
25625931
25627792
25628125
25628235
25630405
25636357
25639987
25641433
25642087
25642568
25654892
25657750
25658389
25660591
25666313
25669978
25671682
25673208
25676554
25677993
25678706
25680195
25682886
25684115
25686099
25687860
25691127
25691441
25692852
25696919
25698739
25699349
25701728
25704864
25705260
25706627
25715182
25716880
25726078
25727780
25734281
25734853
25738565
25742205
25743294
25749102
25750248
25751795
25752484
25757265
25758675
25764335
25765600
25779589
25787137
25788073
25788560
25790334
25793677
25795408
25800539
25811720
25816834
25817800
25826601
25838362
25841029
25842159
25844253
25848746
25853107
25854091
25854206
25863306
25864301
25867431
25868846
25870042
25876722
25880006
25880369
25882571
25882915
25884480
25885659
25886933
25888282
25898415
25899768
25905114
25912695
25914711
25924818
25925828
25926498
25927600
25930560
25937298
25938617
25939438
25940875
25944137
25944820
25945760
25945770
25946121
25947305
25955696
25973549
25974365
25979433
25980877
25985465
25988203
25988560
25988941
25993747
25997389
26009257
26010129
26013700
26014410
26018607
26021004
26031574
26031977
26033606
26035285
26038069
26049539
26051888
26056353
26067079
26068299
26071047
26072711
26074377
26076050
26076243
26083934
26090917
26091862
26095367
26104828
26106096
26107257
26107483
26108984
26111956
26116315
26117094
26117343
26119700
26119824
26122384
26125409
26127340
26131505
26132813
26143620
26145599
26145876
26146729
26153533
26153702
26156095
26157042
26157232
26157680
26158516
26159428
26161240
26162907
26164019
26164323
26172788
26174463
26180608
26181530
26181988
26182019
26188257
26190090
26190621
26196637
26199973
26200268
26200613
26203692
26214066
26214720
26215656
26223611
26226543
26232115
26233172
26238373
26240480
26241232
26241625
26259288
26264639
26265499
26276187
26276739
26278134
26284849
26287663
26294082
26294180
26295083
26298081
26300125
26301087
26302400
26303034
26304201
26312910
26328411
26334010
26335220
26336468
26339119
26342705
26343588
26347560
26349020
26351857
26359646
26362559
26362597
26363203
26365142
26368053
26372354
26372770
26374609
26378183
26378307
26382056
26383631
26385595
26385944
26388138
26390398
26397905
26397910
26400614
26406510
26414507
26417451
26418256
26427062
26427419
26427597
26429085
26431180
26434300
26434652
26434825
26435115
26435239
26436522
26440894
26441263
26442770
26446652
26447709
26448860
26453089
26455552
26460323
26462700
26463005
26463230
26463423
26465016
26469974
26472233
26481213
26483170
26488417
26489896
26494062
26496079
26496298
26499718
26503044
26504985
26505892
26507301
26510309
26510344
26512248
26513547
26514305
26514498
26519489
26521613
26521821
26521874
26523034
26524259
26527183
26529845
26532903
26533253
26539480
26541285
26545279
26545535
26547030
26550959
26557867
26560997
26562393
26564644
26567447
26574171
26574584
26575990
26576716
26583344
26584320
26588973
26590358
26597656
26601230
26604447
26605397
26606133
26607837
26608872
26609603
26610629
26614249
26618811
26619934
26622947
26623689
26623973
26624540
26625557
26625558
26635039
26637370
26642781
26643216
26645798
26651071
26651331
26652695
26658252
26663566
26671379
26677831
26679278
26680995
26684123
26687293
26689225
26691605
26694920
26697765
26703234
26706578
26710044
26712980
26716534
26721594
26725860
26739725
26740547
26741371
26749848
26750841
26751204
26752804
26756433
26758420
26758693
26759054
26759478
26760588
26763082
26773597
26777184
26782496
26786472
26787335
26787508
26790087
26794453
26796432
26796657
26798896
26801975
26805544
26805642
26808035
26810501
26814848
26815966
26822600
26823007
26825317
26829290
26831984
26837138
26838013
26839719
26844456
26847612
26848585
26851081
26854068
26855343
26855757
26865005
26870282
26872571
26875643
26876308
26876689
26877468
26884620
26886015
26888158
26892968
26893058
26900633
26904553
26904655
26904902
26905638
26908240
26911197
26911762
26913175
26917231
26917663
26924813
26927419
26928741
26929083
26929248
26934230
26942276
26943813
26948718
26952660
26952810
26953223
26955260
26956016
26956264
26957895
26959750
26964189
26964669
26972101
26974850
26975042
26975744
26976509
26978404
26979912
26981154
26981827
26984126
26984960
26994505
26994595
27003844
27004089
27005589
27009050
27012821
27017663
27017666
27019083
27019940
27020900
27022879
27023873
27026768
27030338
27037742
27038532
27040844
27041301
27045362
27051024
27052130
27054873
27056322
27063575
27069277
27079033
27080972
27081796
27083095
27086687
27097244
27100992
27101079
27106205
27108783
27110670
27115760
27119587
27122562
27124128
27124337
27130159
27131205
27135456
27136203
27136518
27142191
27143882
27152993
27162194
27163155
27171123
27173814
27186217
27186365
27192725
27199360
27200692
27201832
27202487
27206901
27208632
27209563
27211260
27212304
27212366
27212395
27218696
27228001
27231314
27234766
27235115
27235201
27236797
27240796
27241454
27242853
27243110
27247519
27253695
27255441
27260576
27267845
27270906
27274441
27274818
27276783
27283078
27284025
27284326
27286517
27290847
27292012
27294512
27304970
27305362
27306769
27311710
27311962
27314160
27316652
27331154
27334693
27336235
27339047
27340365
27342317
27342416
27343376
27350104
27360529
27361099
27364528
27368790
27371375
27378703
27378801
27380331
27382544
27383589
27391082
27396551
27397392
27398799
27400726
27403151
27408842
27409425
27417111
27418826
27419486
27421433
27423665
27424512
27425028
27426672
27427565
27433853
27437143
27440715
27442140
27444935
27445655
27447894
27452830
27456994
27460636
27461647
27466168
27466579
27468873
27471076
27474083
27475393
27475543
27480153
27485043
27485461
27487468
27493050
27494704
27495149
27504527
27513713
27513867
27514562
27517444
27519772
27521783
27524637
27527709
27535716
27540800
27543275
27551749
27553162
27558657
27559835
27560521
27563161
27572306
27573894
27580849
27586366
27586534
27586910
27587869
27590549
27596122
27600239
27605862
27610948
27612061
27629395
27630764
27632332
27633044
27634838
27635069
27635740
27642209
27643154
27646708
27647706
27648398
27651617
27653651
27657830
27669145
27677943
27682221
27684673
27684887
27688256
27691739
27693773
27699033
27701470
27703938
27712608
27715962
27719573
27721883
27722386
27724006
27724023
27727546
27729979
27735351
27746875
27748302
27753164
27753863
27754985
27763491
27765235
27766731
27767733
27772663
27774272
27775522
27776166
27783184
27784735
27785410
27787033
27789942
27795637
27798268
27799027
27799378
27799449
27808750
27817555
27817664
27820697
27822698
27824781
27826973
27830194
27831782
27833339
27836732
27837354
27840028
27843527
27843679
27847970
27850652
27851507
27864119
27864971
27866225
27878367
27878755
27880951
27890831
27902268
27905519
27909909
27909939
27910936
27913297
27917711
27920510
27921965
27923566
27924839
27928301
27933539
27940352
27942266
27944689
27951052
27952902
27958705
27960093
27961348
27965748
27967280
27972294
27973751
27974253
27979853
27982019
27984431
27985284
27989520
27990692
27993922
27996453
27998709
28001141
28002191
28009368
28009626
28017216
28017914
28020314
28023509
28032610
28035194
28036357
28040654
28041563
28045455
28046815
28048745
28050231
28053781
28063914
28065306
28069470
28082789
28085900
28089481
28094182
28094327
28096277
28096542
28097908
28101251
28101902
28103556
28107269
28109708
28112904
28124726
28126696
28128302
28131292
28133962
28139822
28140152
28141550
28147139
28152180
28153786
28155416
28156547
28156673
28161303
28162113
28166692
28167189
28168847
28169263
28170404
28173289
28176457
28179665
28179792
28180311
28187182
28191942
28196195
28198296
28198528
28201175
28203150
28209428
28209625
28213283
28216309
28217912
28218168
28218957
28218978
28231062
28232952
28235707
28237720
28238922
28240620
28242171
28242613
28243043
28244362
28246453
28248247
28250022
28252562
28255845
28255949
28259158
28260778
28261012
28263715
28263884
28272833
28272872
28274574
28279493
28280494
28281481
28288202
28290191
28294761
28304267
28308207
28308670
28320697
28323987
28324237
28325809
28326048
28334188
28335376
28335784
28339103
28339622
28342352
28342715
28344256
28346808
28347779
28351664
28357744
28358672
28358688
28361893
28362420
28364802
28368099
28375217
28387635
28387815
28389633
28394364
28402087
28408348
28411945
28413682
28414760
28419689
28432755
28434915
28437409
28438506
28439140
28441955
28444497
28446056
28450108
28452659
28453373
28457734
28460007
28464116
28466118
28468678
28469027
28471407
28472163
28473940
28475541
28476659
28480168
28481996
28492156
28502180
28505886
28506982
28509756
28511234
28511447
28512310
28522656
28523859
28523898
28524680
28529958
28530987
28532819
28534991
28538873
28541006
28548096
28549140
28549569
28550514
28558915
28570308
28572008
28575084
28578346
28579859
28580007
28587191
28590965
28591186
28591260
28604225
28605100
28605293
28607981
28609392
28610314
28612106
28612592
28613562
28618045
28618923
28621791
28623935
28625054
28625925
28626262
28627361
28627890
28631396
28635380
28637366
28638794
28639637
28639853
28655729
28657044
28657557
28667213
28673469
28676787
28680172
28681948
28682458
28685076
28685308
28694484
28706704
28709832
28711435
28713199
28716734
28720142
28720670
28721583
28724909
28725544
28726244
28726376
28745184
28754985
28755048
28756864
28766130
28766160
28770991
28772798
28779142
28781682
28782575
28784588
28784736
28787870
28800014
28803189
28812232
28816845
28820980
28824306
28824721
28827728
28828115
28828150
28830869
28835662
28837564
28840096
28842305
28848268
28851425
28851608
28851756
28854293
28856252
28857628
28869951
28870931
28871538
28871839
28873290
28878163
28881205
28882307
28884268
28891481
28908030
28908912
28912240
28914463
28920662
28920879
28931913
28934568
28934786
28934854
28938197
28940027
28943153
28944986
28947192
28951065
28952071
28954012
28954643
28954786
28956107
28956281
28957360
28959300
28960084
28964404
28969315
28975370
28978414
28983717
28984547
28987526
28989477
28996172
28997553
28999687
28999932
29004122
29004957
29010376
29013881
29017106
29019835
29020568
29022206
29028637
29028642
29040254
29042063
29043209
29043626
29044275
29044379
29048290
29053225
29056584
29058492
29058546
29067135
29067594
29069666
29071687
29072329
29075451
29076507
29077094
29077861
29078235
29080670
29084725
29086908
29094923
29097718
29099784
29103068
29105893
29106372
29111380
29118749
29120310
29120504
29121146
29121843
29122840
29124162
29129597
29132759
29135221
29137249
29138523
29139235
29139717
29140794
29144094
29146638
29150143
29150545
29154653
29155898
29158056
29158773
29161580
29162176
29162340
29166813
29174657
29178389
29181057
29191824
29195135
29200161
29203878
29208458
29210936
29211252
29213684
29219497
29221922
29222571
29225351
29228775
29234158
29234819
29236315
29236318
29237884
29237911
29240369
29240867
29240974
29242080
29246711
29247032
29252918
29260870
29263490
29264023
29277205
29278452
29279476
29280625
29280749
29281185
29286912
29289419
29291987
29295448
29301207
29304968
29306246
29306670
29317902
29320374
29323353
29323363
29323566
29323916
29327652
29340009
29340397
29340463
29340786
29353166
29355430
29358691
29359033
29360042
29366388
29373036
29374641
29376437
29392986
29397813
29403302
29406417
29410755
29412420
29415808
29417628
29423368
29423481
29425708
29429854
29437695
29440306
29440321
29441873
29452446
29454859
29457495
29462848
29466553
29467397
29468506
29469957
29473289
29476963
29481795
29492473
29495961
29500820
29503391
29503570
29508289
29514647
29516570
29517584
29518565
29520972
29524234
29531344
29532559
29537814
29538409
29540088
29540842
29545031
29546158
29550029
29551123
29551445
29554150
29558131
29560554
29561240
29563524
29567161
29567852
29570091
29572044
29573026
29576727
29582348
29584201
29587522
29589723
29592396
29592486
29592796
29593514
29596698
29600644
29601835
29605068
29607606
29608447
29609300
29613759
29615270
29618638
29633848
29634812
29635665
29642147
29656523
29656820
29659097
29659713
29661433
29664581
29665066
29665739
29667429
29667542
29669986
29675054
29675544
29678538
29683035
29687133
29688754
29691539
29691973
29695630
29701326
29705282
29705640
29706468
29713207
29714880
29718773
29724546
29724620
29724974
29727428
29732026
29734492
29737575
29738353
29744911
29746027
29748977
29749642
29754115
29755113
29758594
29761912
29774464
29777307
29787507
29787535
29788348
29790240
29790727
29792692
29794927
29804476
29807617
29809897
29811469
29820106
29820128
29821164
29822041
29828092
29828750
29830848
29831593
29833946
29836501
29836843
29842567
29844265
29856137
29864073
29864501
29868599
29869597
29869848
29881352
29888207
29893627
29893736
29900343
29900571
29902580
29907746
29909512
29910522
29914557
29917400
29919308
29920202
29920767
29920926
29922800
29923284
29929898
29930626
29933452
29934007
29934727
29939536
29941226
29941818
29946031
29950015
29952678
29953785
29956545
29956747
29959199
29962709
29965210
29966545
29967335
29972320
29973238
29974221
29975033
29978231
29980826
29984330
29984924
29989318
29991535
29991579
30001429
30003660
30006289
30006535
30007994
30013087
30018007
30020530
30022846
30023305
30030399
30033803
30034075
30036402
30037155
30044128
30044978
30049222
30049905
30051928
30063409
30070340
30073053
30074022
30078665
30082139
30085766
30089852
30094766
30095067
30101707
30103355
30112544
30114582
30117281
30117701
30120009
30122550
30123362
30127225
30128999
30132880
30144154
30144439
30164832
30173138
30174315
30175813
30175902
30177856
30188233
30195588
30196661
30196913
30197396
30213648
30221342
30231055
30231185
30234804
30235714
30236396
30237088
30240637
30240861
30244656
30245884
30246763
30247534
30248021
30248976
30249583
30252066
30254679
30259227
30259320
30259873
30263995
30265059
30268319
30269864
30272406
30274774
30277772
30278924
30280837
30286691
30292988
30299019
30301320
30304779
30308463
30311722
30312265
30312859
30313376
30314906
30318667
30318703
30322507
30323760
30324125
30324978
30325097
30329744
30337805
30338282
30346180
30348482
30349312
30350367
30360164
30361625
30364864
30365705
30373094
30373291
30373409
30376780
30380483
30380627
30382998
30384245
30390463
30391550
30392006
30401043
30416741
30427588
