7166
9152
11521
12770
13685
14819
16412
27337
27343
29408
40084
41034
41391
46516
47933
48117
67840
67942
69272
69552
71829
72707
75144
76474
76917
78812
80657
81483
82203
86647
88257
88989
89412
91828
92969
96312
99815
101674
109770
110063
113714
113973
117318
117788
123273
135671
146242
146443
147612
154557
159548
160290
165199
165840
168825
169532
173004
175611
184996
185107
186105
188823
190266
193144
198466
198488
203100
203412
204009
206535
207016
210989
214878
215265
216569
219044
219715
219943
222800
226520
228052
230781
231514
233152
239583
239588
240582
248281
251464
253865
254445
263835
266838
271549
271668
275189
275624
278206
283479
283739
285103
295449
296265
301333
302777
312865
317686
320822
322427
324578
325187
327531
327737
335651
342734
345799
346260
353757
356419
359474
362357
363322
365067
365801
370165
374415
374456
378585
378676
385568
387119
387794
389417
392326
397308
401579
402898
409513
410140
413923
414217
415251
417118
418024
426854
433872
439843
444558
444648
447058
462327
468168
468618
468701
471511
472245
472792
478120
479326
481762
487652
489780
491976
494060
499306
502506
502970
505705
506374
507586
519839
525190
526050
529452
531860
537561
546913
550696
551204
551254
566302
571419
572636
577774
578016
590657
592271
594613
599747
603292
609084
609300
611196
611420
619660
622395
627218
628423
630468
633151
633520
635529
636128
641129
649489
654210
660033
660425
661832
666773
667025
669223
671715
678130
680886
682411
682486
688028
688059
695173
698960
704490
708104
710026
717996
719357
720420
722402
724469
725501
730044
731742
732145
734322
735691
743595
746733
746806
749690
749757
752071
754076
759853
764197
765385
769079
771889
774592
777742
778602
779086
788725
789661
797759
801668
804495
815618
822139
824324
825294
826078
826819
827543
831484
831790
834863
853216
861580
864607
871330
877937
880282
880438
881549
883551
891917
892015
893545
895758
896803
911040
911328
912799
917514
927241
928631
929663
937024
941096
945641
947192
956149
957843
958842
966447
971991
973196
977643
979281
984570
985912
986349
987616
996625
998125
998970
1000082
1001587
1003710
1004432
1009524
1011643
1021296
1026264
1027279
1027491
1031478
1032328
1034857
1038351
1039087
1044210
1044979
1053474
1055907
1061363
1062243
1073392
1081660
1086981
1091358
1100916
1105419
1106118
1108276
1109018
1111992
1118217
1126339
1130717
1132258
1139709
1139929
1142505
1144441
1145695
1153953
1158085
1168325
1169411
1172465
1174975
1175262
1178812
1181251
1181377
1181758
1181912
1187003
1187602
1196399
1199758
1204125
1204237
1205714
1216853
1218204
1222672
1236736
1238701
1240755
1250615
1258541
1259685
1260340
1266315
1267942
1275961
1277118
1278230
1279802
1282814
1282887
1284167
1286231
1292130
1292748
1297171
1297528
1298357
1298601
1300060
1300916
1303723
1309142
1313007
1328719
1329834
1339688
1340667
1342443
1346245
1346645
1349259
1353008
1366855
1371618
1374595
1376286
1377111
1377877
1382663
1383888
1389366
1393274
1393723
1394586
1394770
1396323
1402981
1410188
1412840
1419988
1425409
1432466
1432646
1434359
1437135
1443511
1445321
1451277
1452763
1455087
1455921
1456675
1459438
1461376
1461819
1462272
1462897
1469356
1477406
1478603
1483832
1486395
1486674
1487810
1488630
1492099
1497546
1497830
1505693
1505780
1512413
1524659
1525550
1530460
1530488
1530806
1533875
1538835
1541740
1547854
1550106
1552574
1557437
1559931
1561028
1561662
1564477
1567019
1568578
1573199
1573421
1574189
1579866
1582143
1582824
1584040
1586275
1587276
1587315
1588082
1589483
1596967
1598198
1604694
1605339
1611106
1612175
1612581
1614863
1623886
1629451
1636757
1640173
1643006
1646887
1659918
1661368
1661602
1664425
1666455
1668378
1669392
1670373
1672780
1676042
1682466
1683317
1688133
1696066
1702902
1702941
1704643
1709562
1710563
1711550
1718271
1720260
1724830
1727290
1729244
1730407
1736094
1741328
1741819
1753023
1754696
1755088
1755804
1757617
1758675
1761512
1763724
1769354
1771593
1773498
1777142
1779167
1780519
1782763
1784027
1786462
1788951
1791066
1791453
1792355
1795495
1795924
1797665
1801369
1801866
1802567
1803011
1805650
1806033
1809274
1810386
1814563
1814675
1821705
1822065
1824253
1824437
1826320
1831173
1832213
1833406
1834034
1835410
1836809
1838285
1838330
1847850
1849581
1850301
1859738
1866122
1866224
1872455
1876879
1877701
1878070
1878705
1878956
1882086
1884574
1887220
1889052
1892713
1902960
1905703
1913480
1917173
1920307
1921454
1921770
1923857
1925839
1926331
1932509
1935469
1936842
1939475
1941174
1942161
1943841
1946865
1952459
1955890
1955941
1957089
1957315
1961734
1962383
1967184
1967454
1974994
1977664
1978794
1981376
1981628
1984165
1993400
1993892
1994080
1999661
2000073
2000132
2000161
2000386
2001450
2002324
2002387
2002906
2005268
2005753
2007935
2009183
2010611
2013568
2015080
2027859
2027879
2035692
2039461
2041049
2042971
2045873
2051729
2053575
2058126
2062416
2064246
2066528
2066954
2073326
2073924
2077770
2084505
2087571
2088753
2091215
2091561
2100706
2102294
2109249
2116074
2116562
2117788
2120923
2123975
2125985
2127329
2127484
2130800
2131469
2133434
2141200
2143103
2144459
2144490
2144533
2148873
2153850
2154461
2155286
2163005
2165930
2173322
2175085
2177097
2182787
2190503
2190955
2195550
2197121
2199394
2201024
2203084
2207524
2210980
2223124
2235725
2236344
2238860
2241365
2245534
2246102
2246409
2247258
2247358
2250387
2251569
2253019
2253516
2260598
2267705
2269194
2277100
2278192
2283875
2285302
2291545
2293397
2294873
2294898
2295983
2296556
2296929
2299842
2309963
2309973
2310176
2310526
2314262
2326619
2327007
2327073
2327298
2327737
2328751
2329382
2345000
2345381
2346942
2349804
2354765
2355026
2356191
2357509
2358942
2362898
2364772
2367081
2372498
2374422
2375463
2379100
2380241
2385191
2386077
2390834
2391545
2394376
2394645
2397061
2397356
2397701
2400780
2411154
2411808
2412744
2418872
2419033
2419581
2420176
2422830
2427285
2427637
2427765
2435018
2435686
2436556
2438744
2441773
2442079
2442867
2447651
2447827
2451976
2457254
2458522
2461319
2461714
2461961
2462183
2462489
2469352
2471533
2473859
2474296
2474467
2476020
2476856
2483660
2494260
2494382
2498136
2500159
2501160
2501197
2505723
2509386
2516778
2519228
2521625
2526542
2526588
2529716
2530233
2530931
2533331
2536526
2545627
2552453
2552538
2554016
2554543
2560692
2563949
2565854
2570835
2571980
2573585
2575176
2575332
2579231
2581621
2586362
2587167
2587777
2603265
2603761
2611243
2611908
2612289
2613068
2620220
2621615
2623758
2628568
2628658
2631306
2631684
2641357
2645382
2645761
2648281
2656071
2656230
2658958
2662380
2664724
2666408
2672189
2674268
2674786
2675133
2681733
2685700
2686414
2688391
2690508
2698495
2700957
2702730
2714748
2718105
2719160
2721303
2722047
2723564
2728312
2732034
2737459
2739798
2741954
2744153
2747556
2749087
2749116
2752459
2757435
2762033
2764499
2767582
2768360
2771532
2773202
2774153
2775796
2776294
2776865
2777847
2779678
2782017
2782796
2786499
2790320
2790606
2791427
2792162
2796760
2800372
2801912
2804688
2806675
2806948
2807309
2807733
2808843
2811337
2821852
2832445
2840790
2843248
2845187
2848098
2852399
2852815
2854654
2858228
2858352
2860163
2861230
2865719
2866132
2868818
2874625
2875175
2877964
2882096
2884079
2884376
2887162
2889207
2889486
2891991
2893346
2893401
2894212
2897776
2899207
2899353
2900281
2904760
2916311
2917010
2918026
2919808
2929015
2929368
2933471
2933947
2935032
2935242
2936505
2938168
2940690
2942327
2944984
2945125
2947503
2947507
2948290
2949073
2953685
2955229
2957109
2959989
2960167
2972785
2975612
2976277
2977619
2979567
2980449
2983777
2986000
2992199
2992416
3004264
3011379
3011428
3011645
3013551
3015031
3021223
3021508
3028284
3036941
3038408
3042378
3052162
3054116
3057527
3068800
3074182
3074588
3075979
3078375
3080409
3081132
3084399
3084729
3086862
3089384
3089644
3091676
3096861
3103674
3105588
3108128
3108394
3111190
3120221
3123531
3129683
3132651
3135571
3142469
3148959
3152119
3152505
3154841
3156995
3163390
3164281
3167456
3170494
3171771
3174843
3178787
3179242
3184694
3187791
3188075
3188123
3192648
3205681
3205707
3207174
3207198
3216147
3217254
3219786
3220308
3227917
3229858
3230415
3236126
3237774
3240807
3242555
3245380
3246872
3251487
3251955
3262749
3265453
3265888
3268613
3269395
3272486
3273941
3277592
3277689
3294396
3297552
3302406
3308923
3318442
3321723
3325824
3326552
3331942
3332882
3336647
3338631
3338939
3339160
3340629
3346581
3347166
3347425
3348538
3348618
3350038
3351628
3354506
3357126
3364418
3369127
3372525
3379836
3380551
3380819
3381408
3389170
3389817
3390820
3391813
3394209
3395306
3396294
3398379
3399737
3400369
3401538
3402260
3406347
3410676
3411865
3412156
3414033
3419455
3422045
3428082
3429030
3430056
3435032
3437144
3437767
3441704
3441769
3447547
3454062
3455100
3456014
3457061
3466488
3473686
3476390
3478751
3481966
3487282
3490820
3491194
3493428
3493647
3494918
3497241
3498754
3503236
3503726
3505408
3507135
3511847
3513200
3522005
3522114
3525147
3527148
3536245
3536413
3537895
3538312
3543483
3548972
3552087
3560243
3562821
3565368
3566730
3569757
3574482
3576827
3580955
3587347
3591299
3596286
3597394
3602220
3605831
3608141
3608644
3610264
3610281
3613804
3616237
3624239
3630319
3631247
3631263
3640693
3644202
3647378
3651484
3653708
3654440
3656775
3667397
3668347
3677700
3681474
3681695
3681769
3692026
3696311
3697972
3698273
3699176
3700268
3706187
3711554
3717921
3718149
3722075
3723356
3728544
3732731
3734598
3735479
3737600
3740882
3741420
3741642
3747303
3749840
3750409
3752807
3753572
3753786
3754082
3754344
3755998
3757451
3760428
3761962
3762423
3765810
3776991
3782105
3783473
3784484
3789005
3789416
3791710
3793913
3801683
3802346
3805318
3805831
3806816
3807366
3807875
3808442
3810418
3810925
3823428
3831377
3832531
3832813
3833522
3838534
3850022
3853466
3863436
3864573
3866009
3876019
3884766
3887088
3888551
3890015
3897763
3901898
3902259
3909350
3910357
3912957
3918679
3920777
3923852
3924662
3929241
3929738
3931396
3931812
3932953
3935838
3939006
3942214
3942341
3942860
3947744
3953021
3953350
3956574
3956818
3962187
3963024
3963169
3965628
3967810
3968774
3972070
3974309
3978057
3981589
3981912
3983215
3984691
4004539
4010730
4011129
4015122
4015217
4017604
4020563
4020833
4024074
4024819
4027172
4029727
4030069
4035793
4037491
4045435
4046269
4047478
4047481
4050955
4056117
4060591
4063997
4068540
4078522
4078883
4082108
4082937
4092112
4093120
4093607
4095905
4098030
4098097
4106387
4107291
4109424
4112512
4112854
4113457
4117116
4120485
4122737
4128768
4131069
4134528
4136951
4143404
4154547
4157030
4157257
4157527
4163566
4166737
4168787
4172472
4176220
4176764
4177384
4177958
4181220
4182156
4182643
4184417
4187760
4189491
4194389
4196129
4196250
4197063
4197967
4198825
4203202
4204443
4205628
4206431
4206997
4207773
4211587
4211606
4214807
4217110
4218348
4221387
4221557
4226855
4227949
4234500
4235447
4244314
4245148
4257399
4258547
4258764
4261728
4262052
4262709
4267197
4273462
4274109
4280360
4281464
4288752
4293179
4296515
4298565
4309764
4310664
4311366
4318004
4320412
4324702
4326257
4326435
4327236
4331607
4335325
4335569
4338599
4339847
4347235
4348350
4348536
4353310
4353953
4363053
4378726
4379888
4381926
4383319
4383630
4389512
4390205
4396723
4400820
4401513
4403261
4404839
4412217
4414355
4415198
4423754
4425939
4428236
4432401
4433566
4434607
4445753
4447665
4449545
4454862
4464624
4467908
4470733
4471212
4476220
4479520
4484460
4487063
4489135
4492341
4496282
4496859
4497415
4503378
4506535
4506718
4506866
4513686
4515224
4515564
4517138
4517532
4523975
4524609
4524666
4528791
4536372
4538388
4548237
4549940
4550178
4550621
4550634
4550883
4552306
4553414
4564048
4564155
4565755
4567298
4570584
4571070
4571737
4572795
4572984
4573556
4575517
4577256
4577749
4578808
4578913
4579337
4586330
4586561
4590697
4593297
4595058
4598325
4598639
4600050
4604117
4605937
4606547
4611607
4617250
4618011
4623976
4625377
4626851
4627214
4633124
4641797
4646035
4646931
4647368
4649337
4652070
4652842
4654399
4654854
4655431
4659132
4661729
4666452
4668104
4671173
4674772
4675700
4676471
4679583
4681456
4682208
4683628
4684282
4686307
4688743
4693467
4696087
4698131
4700500
4704401
4705443
4705591
4706754
4708567
4709336
4710486
4712745
4721725
4723682
4727503
4735455
4738075
4738608
4742316
4742545
4746502
4746867
4748063
4751388
4760396
4763507
4767088
4771789
4771934
4773884
4774149
4775515
4780764
4783691
4789947
4795267
4797255
4803974
4804845
4806529
4810623
4810683
4812071
4812078
4813055
4815428
4824264
4836484
4839612
4841215
4845234
4849912
4858130
4862123
4863139
4866552
4868530
4875386
4875883
4876902
4877157
4886561
4891562
4892142
4893042
4896043
4898817
4902129
4904791
4907849
4908199
4914426
4916231
4922341
4922456
4923387
4926915
4933549
4935927
4939321
4940772
4941179
4942704
4948786
4949920
4951859
4954232
4955146
4955377
4963480
4966441
4966876
4967041
4969412
4969605
4976342
4978007
4978755
4985465
4987377
4987624
4988746
4989015
4989644
4989933
4990925
4991463
4992452
4992913
4994194
4994935
4998773
5001443
5003278
5004029
5008694
5009555
5009936
5010930
5012785
5013938
5013955
5014154
5015106
5015649
5019444
5025951
5026507
5026864
5030364
5030845
5032861
5034735
5042012
5048964
5050689
5054353
5054661
5061981
5074925
5076145
5078893
5080557
5082223
5083896
5084089
5091111
5102841
5106107
5107365
5114649
5120275
5123906
5126372
5130719
5131837
5138471
5138878
5141188
5156117
5167348
5171975
5172478
5173254
5182998
5187822
5188996
5197998
5200752
5202568
5206072
5208064
5218010
5221830
5225342
5236529
5238822
5240343
5241700
5250828
5255287
5256798
5260166
5272331
5272342
5272648
5276104
5279490
5279579
5282178
5282344
5287338
5288754
5290104
5294048
5299493
5306832
5316277
5317092
5320365
5321740
5324393
5326628
5333663
5336186
5349138
5352626
5357485
5360056
5360235
5364954
5370364
5370874
5371430
5371433
5373257
5373414
5377442
5379013
5384169
5390374
5390694
5392778
5394732
5397536
5398746
5403121
5404197
5405977
5408803
5411363
5419909
5431498
5431702
5433321
5451606
5453423
5455563
5456018
5460956
5463079
5465232
5466172
5467430
5477369
5477614
5477950
5484747
5484764
5484972
5485537
5486950
5491006
5491438
5498588
5501194
5502516
5502858
5503023
5509100
5512754
5523547
5525977
5530800
5532980
5536299
5539783
5547117
5549967
5556155
5557857
5559235
5561903
5572670
5575981
5590606
5591241
5591913
5596078
5597297
5602761
5604496
5607381
5613416
5614006
5616363
5617077
5617454
5617649
5617826
5618647
5619337
5621532
5621952
5623031
5625423
5626304
5634658
5638549
5640043
5640713
5642647
5643104
5650761
5650931
5651511
5652569
5654694
5659738
5669592
5673532
5673995
5682948
5684775
5694206
5694312
5695844
5698266
5704441
5706085
5707637
5709015
5710017
5712601
5714617
5714871
5723590
5728083
5738639
5739102
5746074
5750688
5761165
5764306
5766586
5768158
5774810
5775969
5775988
5779410
5782889
5782916
5785374
5785872
5785979
5787085
5791716
5792037
5796426
5798288
5799596
5802294
5805341
5811333
5812898
5815454
5816173
5826491
5827269
5828798
5829803
5831737
5834060
5838499
5839110
5841272
5841801
5842454
5843672
5845730
5859501
5866484
5867288
5869107
5872183
5873151
5874412
5874490
5875085
5876198
5882027
5883944
5884882
5891415
5891436
5891580
5894473
5896943
5899348
5900296
5903264
5907783
5916083
5921168
5926011
5926541
5927962
5928660
5936478
5941162
5947109
5957789
5958930
5960426
5962056
5963978
5964847
5965817
5967006
5970701
5971413
5974569
5975542
5978038
5981025
5982300
5982714
5994398
5995280
5995800
5996875
5999378
6000838
6003675
6011464
6014377
6014415
6019239
6021551
6024895
6024971
6025153
6026521
6029924
6040577
6041692
6042726
6044113
6045397
6046118
6047774
6055431
6063270
6069699
6070876
6074916
6077245
6080152
6081186
6088887
6097778
6098279
6098943
6099105
6103400
6108928
6111106
6111189
6113706
6115727
6118727
6119553
6127128
6127686
6134915
6137777
6139006
6140642
6141765
6144778
6145520
6145804
6146371
6147388
6147389
6156870
6159201
6161822
6162501
6163666
6163875
6164256
6164799
6175315
6179060
6179128
6183411
6190810
6192871
6201603
6205357
6205599
6210679
6211627
6212326
6213402
6213948
6214170
6215731
6218908
6220536
6221586
6222016
6222874
6224257
6225499
6225876
6227385
6229326
6229984
6233893
6235720
6236131
6236671
6237304
6240795
6245541
6253108
6254988
6255509
6255993
6257115
6258145
6263195
6267303
6270603
6272006
6274473
6278478
6280085
6280836
6280939
6285393
6288643
6289464
6292308
6296223
6302527
6305653
6306305
6306449
6309173
6315392
6317856
6328941
6334301
6345202
6348728
6357755
6362913
6367078
6371572
6375871
6376189
6379121
6383077
6383218
6383611
6383895
6386898
6387059
6390016
6391852
6393438
6400569
6412483
6419728
6424058
6425483
6428278
6428998
6431237
6436173
6440337
6443195
6451950
6452260
6458327
6459354
6459838
6468512
6473948
6475191
6478685
6491274
6493226
6495111
6497243
6499567
6500269
6504923
6507161
6517921
6518042
6519451
6521041
6526484
6530344
6531228
6531484
6533793
6537774
6538346
6544049
6554595
6555498
6556466
6556593
6564336
6567953
6569976
6581364
6583289
6587578
6588977
6593542
6596415
6599310
6599792
6599844
6604481
6607079
6607576
6620229
6627362
6627406
6627982
6631893
6633472
6637071
6644922
6659087
6659469
6665930
6666796
6672111
6672775
6674456
6675514
6678182
6678402
6688967
6705232
6705384
6707296
6709847
6711427
6714093
6727409
6732899
6733066
6738478
6738974
6742284
6742394
6744091
6753750
6754491
6757787
6758395
6758921
6759828
6763342
6766336
6767445
6767557
6769907
6772372
6772788
6781443
6786409
6789172
6794942
6796433
6801352
6803778
6810824
6817211
6818196
6820120
6823355
6836025
6843651
6844792
6846868
6849922
6852295
6856386
6863254
6867092
6869530
6869742
6874878
6877795
6878656
6879717
6883800
6884601
6886263
6887873
6888248
6889331
6889750
6894583
6898540
6899015
6899179
6899596
6900288
6902909
6903679
6904686
6907191
6909286
6910162
6910328
6911730
6911760
6917782
6919182
6920520
6920673
6920712
6925652
6930244
6930435
6933260
6934709
6941962
6948866
6949075
6954897
6955943
6960194
6960941
6961256
6965881
6967338
6970397
6970429
6971442
6973005
6974026
6978717
6984780
6986892
6992080
7000918
7001511
7001818
7001879
7002527
7005746
7007224
7007461
7009179
7009243
7014097
7014621
7015530
7017019
7018762
7023554
7024879
7028295
7029532
7035489
7036930
7040418
7043315
7048329
7048855
7050560
7053622
7066556
7068789
7071106
7084433
7084553
7088838
7090459
7093244
7093678
7097335
7103031
7106987
7107345
7108173
7114622
7116693
7118781
7118943
7125307
7128480
7132311
7139423
7141833
7143659
7145221
7148292
7148750
7151209
7151267
7151680
7156413
7159981
7160298
7167168
7170545
7172042
7175477
7178904
7183044
7185720
7193899
7194047
7200407
7204173
7208823
7210025
7210963
7211844
7220374
7223379
7225930
7226644
7231005
7233278
7237387
7237893
7239995
7245701
7260155
7260901
7262488
7273374
7278378
7287226
7287542
7288155
7288413
7289585
7289616
7292681
7297185
7297198
7297323
7299061
7299338
7300039
7303467
7306362
7309793
7313255
7319991
7326950
7332154
7334493
7337766
7340156
7342449
7342726
7343354
7345171
7349616
7355724
7357706
7360602
7361718
7365275
7370640
7373344
7374798
7378000
7378351
7378858
7383234
7383563
7384079
7386021
7389141
7394012
7394583
7394885
7397019
7407688
7409489
7413689
7416449
7428585
7430044
7437791
7441304
7447940
7448110
7451285
7451336
7453964
7455084
7458118
7462067
7462281
7469976
7470200
7471672
7473795
7476100
7476804
7476826
7477838
7484842
7486955
7490107
7494479
7494483
7500466
7502772
7503091
7503696
7506571
7506913
7507956
7509856
7510677
7513753
7515230
7518262
7521583
7523784
7526457
7526547
7526857
7527575
7531280
7535536
7536532
7539853
7552554
7552713
7557663
7558185
7566123
7582527
7584162
7592976
7593241
7604252
7607034
7611214
7618585
7623640
7626415
7627695
7627916
7629206
7632384
7635371
7636831
7639665
7640396
7641980
7660497
7663790
7671374
7672912
7674873
7675221
7675886
7678503
7681094
7681219
7686747
7688371
7689008
7689544
7691252
7692549
7695036
7696369
7699887
7701898
7702165
7703111
7706689
7708185
7709362
7709913
7711112
7716034
7716948
7718577
7718876
7721192
7725303
7727221
7728856
7731275
7731709
7732283
7740555
7742135
7746310
7755620
7760872
7766205
7766337
7773964
7776463
7779909
7781183
7781436
7781729
7787946
7795013
7795036
7803247
7803987
7809710
7818421
7818993
7824027
7824338
7826042
7828296
7830360
7832984
7837889
7840014
7854959
7860837
7863155
7864665
7865913
7879023
7879181
7880480
7880676
7884411
7887516
7888274
7894404
7899164
7903417
7908155
7909105
7912450
7913990
7916818
7919969
7922060
7922800
7928495
7928556
7930188
7930592
7932075
7935812
7936742
7937706
7938292
7941891
7942655
7944314
7947446
7949192
7957311
7961620
7964375
7965692
7965767
7966260
7974193
7980804
7981068
7981686
7982074
7994048
7995073
7996111
8000838
8006415
8007251
8011925
8013155
8013276
8013907
8016867
8017833
8026597
8027082
8027755
8029445
8029558
8032002
8037070
8037560
8040554
8045051
8050615
8054622
8056711
8057198
8057526
8058491
8064018
8065248
8069095
8071129
8076389
8078826
8081294
8089964
8091186
8093020
8097053
8097557
8103263
8105851
8111326
8111926
8112060
8114657
8116135
8116348
8117211
8127557
8128965
8137883
8149357
8159395
8163129
8163360
8164430
8170307
8170922
8171215
8184715
8186027
8187879
8190667
8192061
8194168
8201320
8201658
8203752
8206596
8207638
8212061
8213480
8214644
8215495
8217152
8219129
8233553
8234098
8235250
8239487
8239897
8240333
8247391
8251157
8255687
8262568
8266132
8266521
8269551
8270168
8270806
8273555
8275606
8277434
8278346
8281088
8282846
8287411
8290219
8290944
8292499
8292975
8294890
8297456
8301302
8301957
8306951
8308672
8309614
8309714
8311045
8315777
8323902
8326599
8327074
8329496
8333201
8334021
8347987
8351526
8352262
8354203
8355110
8356519
8359527
8359562
8361466
8362765
8363523
8363716
8368707
8370831
8371039
8371092
8372252
8373477
8376549
8386496
8399507
8399763
8401188
8412715
8419554
8421284
8421815
8423376
8433914
8438346
8438486
8446342
8447668
8452637
8457613
8460736
8462048
8465127
8466795
8470594
8471136
8471319
8471710
8477583
8482324
8490108
8492743
8499364
8501727
8502076
8509567
8513706
8514209
8515711
8520359
8521981
8522776
8523003
8523986
8533297
8535742
8539021
8540892
8547102
8550236
8552449
8553986
8559673
8565051
8566373
8569594
8569744
8570157
8572194
8572950
8573198
8574829
8576684
8581123
8581603
8589045
8590467
8592032
8594028
8596731
8598841
8601921
8604454
8606706
8615138
8616811
8623839
8624169
8626326
8637133
8639112
8639389
8640242
8648000
8652169
8655622
8660557
8663512
8665096
8684832
8685147
8690785
8690817
8690819
8691668
8696638
8697711
8697998
8698355
8707515
8707679
8711920
8712288
8715576
8718729
8727866
8732919
8736206
8737121
8737282
8737370
8738426
8740939
8743086
8743582
8745230
8748168
8751713
8752794
8753899
8754714
8762676
8763017
8764549
8772797
8773942
8774772
8777060
8777838
8781094
8784194
8784258
8789635
8795139
8795637
8798009
8801363
8802505
8811905
8815903
8816746
8821333
8821426
8822387
8825967
8833121
8836426
8838423
8842947
8845457
8845526
8846583
8849217
8850341
8857623
8859656
8860755
8861190
8861770
8862388
8862636
8864066
8875593
8876220
8879519
8885397
8885425
8887253
8889805
8893754
8894340
8902431
8903992
8908591
8913505
8917692
8920323
8920568
8922586
8927238
8930722
8930923
8933963
8941638
8952849
8956321
8965576
8970658
8971118
8975369
8975859
8985298
8986717
8990153
8992543
8993182
8995014
8995113
8995999
9001528
9002257
9007643
9013877
9022859
9026777
9032325
9035280
9036572
9043217
9044691
9044744
9048194
9050325
9052047
9052550
9057370
9060139
9064742
9082503
9087471
9090932
9094504
9110888
9111461
9112056
9113951
9114140
9115016
9116523
9118572
9119838
9122975
9136814
9139887
9141002
9146237
9149713
9157000
9161114
9166214
9166766
9167307
9175004
9180405
9181989
9191100
9196078
9196618
9200498
9200822
9200955
9201006
9207427
9208964
9213225
9223279
9229535
9237706
9240387
9241125
9242808
9243021
9247894
9248386
9248505
9254022
9254056
9255777
9261426
9264720
9267065
9267104
9267886
9273164
9274193
9276025
9278197
9282079
9288577
9296122
9297147
9301640
9309628
9309709
9317270
9319423
9323708
9329521
9332056
9333845
9335061
9337128
9337682
9342054
9354189
9354819
9355621
9358556
9361308
9364004
9364197
9365195
9366924
9367083
9382829
9385068
9385194
9391538
9394734
9400960
9401206
9405573
9407722
9408655
9410988
9415115
9415280
9417362
9419240
9420182
9420299
9420472
9421044
9422311
9427367
9428109
9428169
9433949
9433964
9439492
9440391
9441581
9441938
9446338
9446487
9447006
9448355
9453344
9455611
9465130
9468202
9470314
9472846
9481139
9481857
9481886
9482371
9482490
9485984
9495557
9498847
9499097
9502701
9505324
9507533
9512037
9512693
9515302
9526821
9529432
9529447
9530999
9543507
9547868
9548852
9548967
9558067
9559062
9570757
9573030
9573218
9575009
9580241
9581026
9582310
9583928
9586187
9586984
9592055
9597306
9603085
9610698
9613778
9614885
9617645
9617847
9620299
9623809
9626310
9628822
9629492
9632442
9635390
9635570
9637712
9637903
9640952
9641375
9642005
9642080
9645910
9647402
9649201
9649234
9656936
9665965
9666391
9676014
9676125
9677165
9679617
9681305
9682455
9687652
9691872
9696422
9702561
9706292
9707304
9710468
9713955
9726727
9727795
9729643
9730927
9736546
9737374
9739035
9739524
9741613
9743822
9749174
9752103
9752341
9754356
9759028
9759710
9759890
9766577
9766964
9766999
9769718
9774511
9776413
9778945
9781663
9781701
9791281
9793870
9807506
9812298
9817481
9828624
9829846
9830372
9831467
9831895
9833185
9849716
9850615
9851644
9853805
9854503
9855780
9862199
9863646
9865363
9868491
9870457
9877468
9881297
9883636
9892976
9895840
9897143
9903050
9906909
9907594
9909557
9911461
9914307
9917156
9921825
9923790
9924349
9929593
9930296
9935468
9938530
9939193
9948267
9951296
9952067
9952753
9953407
9953431
9958093
9958914
9962410
9963695
9965001
9966524
9976229
9978173
9985243
9987857
9989072
9994327
9994922
9996601
9997355
10001544
10008017
10010447
10010962
10011025
10012332
10020804
10030109
10033422
10036874
10037223
10037309
10038281
10041205
10045638
10046236
10050715
10051954
10056531
10059150
10060884
10062139
10063629
10068172
10072431
10072831
10087436
10089402
10091273
10095311
10097774
10098503
10099498
10100285
10104804
10104888
10109210
10112364
10114847
10123234
10125341
10125568
10126366
10126627
10134205
10134739
10135440
10136408
10137434
10140455
10140952
10141945
10142968
10146362
10146733
10151226
10152516
10152631
10157090
10159432
10161859
10162104
10165276
10166609
10168329
10171926
10186302
10186599
10188876
10189492
10191212
10196691
10199054
10199787
10201682
10202094
10202135
10203059
10205551
10208015
10208925
10212697
10215512
10219830
10220807
10222006
10231136
10232469
10232685
10237936
10243535
10244745
10245993
10248644
10252230
10253113
10262637
10264535
10267755
10268032
10268281
10270677
10271178
10274701
10277455
10281178
10284689
10284917
10287208
10288054
10301621
10302219
10303260
10304505
10306170
10307971
10308329
10310298
10312374
10314598
10315555
10315881
10321971
10324693
10324826
10326772
10327382
10328368
10329201
10330209
10331317
10334406
10335278
10335527
10339784
10341530
10346665
10354879
10356872
10357976
10358968
10362739
10363582
10365144
10378305
10380340
10380450
10383900
10386264
10388460
10388618
10390168
10395602
10398741
10407145
10410620
10412019
10412370
10413467
10417010
10422918
10423245
10426967
10430520
10433581
10437116
10437493
10439458
10445753
10446700
10447001
10449192
10454929
10459235
10461358
10462480
10464587
10464657
10466097
10473877
10477762
10488598
10489493
10490721
10493906
10494174
10496895
10497133
10499408
10499618
10501750
10502445
10507259
10507608
10515871
10520198
10520910
10526490
10528262
10534263
10539474
10541535
10544095
10544444
10546824
10547580
10549357
10550958
10552076
10555585
10557413
10562205
10562319
10564662
10572557
10581849
10586334
10589798
10591330
10592262
10594285
10594576
10598226
10599315
10599880
10604005
10608937
10610373
10610501
10613770
10617584
10619677
10621841
10622129
10625878
10629629
10629907
10631465
10635747
10637414
10637510
10638770
10639767
10645779
10649690
10656637
10657285
10658239
10662415
10663970
10664244
10669540
10672922
10673010
10676164
10679812
10683206
10685348
10686174
10688468
10695118
10695689
10698724
10700750
10701616
10707304
10707339
10707974
10720153
10724918
10736452
10738619
10741440
10743160
10750184
10754429
10757171
10757663
10757721
10759176
10759559
10761772
10764439
10765025
10767063
10767881
10768632
10770330
10772737
10777407
10778745
10780405
10784939
10785273
10792974
10794234
10796135
10798837
10802283
10811109
10816240
10817896
10818465
10819497
10825004
10831157
10831197
10832658
10834277
10836912
10837786
10837846
10845506
10848398
10848856
10854231
10855579
10858031
10859597
10864063
10866300
10881040
10886107
10890197
10893729
10896496
10902465
10905475
10906149
10908726
10908976
10909169
10909715
10912126
10914158
10922531
10923991
10931416
10931578
10933341
10934096
10934177
10934837
10937000
10938735
10940776
10943957
10944217
10945733
10949753
10950954
10951237
10954129
10956113
10958183
10958943
10969701
10974132
10980020
10981536
10984735
10988806
10991768
10992433
10993745
10995194
10995631
11002916
11010128
11012872
11016341
11016373
11017902
11018344
11025017
11026932
11027653
11028969
11030926
11032821
11033538
11038949
11039321
11042427
11045970
11051697
11052888
11053945
11056324
11056824
11056840
11058224
11062341
11069359
11071912
11073296
11074251
11076085
11076612
11078994
11082291
11089409
11098384
11103292
11103979
11104656
11115052
11117480
11117802
11118041
11123861
11125410
11125485
11130859
11136658
11137228
11137305
11137839
11137852
11142035
11157958
11163880
11166635
11168631
11170874
11172337
11175705
11177087
11180503
11180734
11182432
11182985
11184797
11185767
11195724
11196126
11202770
11205103
11205715
11208678
11208698
11210279
11213260
11213998
11218331
11219876
11223239
11223404
11224192
11226005
11231886
11237872
11239056
11241049
11241336
11245722
11246000
11250829
11255755
11262813
11265030
11265074
11274924
11277155
11279784
11286156
11289178
11291528
11299966
11301456
11318220
11319858
11324676
11327222
11327904
11328785
11331563
11334002
11334118
11334503
11336982
11342788
11349623
11349949
11351114
11352371
11355326
11356115
11360516
11361379
11362054
11362131
11362493
11362937
11369634
11374888
11376220
11377360
11378015
11382429
11384160
11385091
11386788
11387832
11387894
11387923
11389294
11389916
11390152
11392815
11394811
11399594
11404688
11405297
11407564
11410739
11413606
11414641
11417633
11418401
11419723
11420018
11420405
11420683
11422136
11423193
11423803
11431434
11431476
11433389
11433935
11434513
11436942
11442512
11457032
11457221
11460005
11461568
11462635
11462999
11463206
11469524
11471985
11474249
11476790
11480656
11486834
11492896
11493159
11496431
11498267
11498461
11499711
11500889
11501029
11504232
11504830
11505462
11511194
11511249
11515702
11516585
11520376
11520596
11522409
11524654
11528276
11529595
11531136
11533367
11533579
11540360
11540570
11540966
11541306
11542309
11542316
11547763
11551271
11561660
11568286
11587897
11590005
11590606
11593968
11597833
11597920
11598131
11612101
11615352
11625064
11625553
11626332
11627260
11627915
11631624
11636104
11636390
11637760
11649855
11650012
11655051
11661309
11667953
11674336
11675564
11680126
11681239
11683931
11689294
11693783
11698934
11704622
11705246
11706630
11708702
11712643
11712853
11713814
11713924
11715267
11716161
11716911
11717307
11718361
11719785
11723530
11726401
11726833
11732073
11741606
11743250
11748277
11754483
11765127
11773350
11775417
11779861
11780693
11781565
11786277
11791313
11795551
11796927
11798278
11799603
11806980
11807548
11821400
11821496
11828133
11829301
11835303
11844980
11846558
11850038
11855521
11855614
11856167
11860289
11861353
11864613
11866158
11868592
11869893
11870146
11875268
11875959
11878321
11878581
11882932
11885934
11888950
11889429
11891290
11891623
11891733
11893903
11899855
11916385
11917989
11921770
11924253
11926978
11931311
11936723
11938529
11941913
11942054
11949381
11950830
11953267
11954701
11956035
11962075
11962704
11965620
11966646
11966820
11974758
11976232
11976315
11976704
11979028
11982166
11982426
11983176
11987470
11991138
11998348
11998849
12005204
12005936
12009235
12010511
12011022
12011380
12012387
12018351
12021952
12033114
12033320
12036323
12038872
12039837
12049000
12050986
12051255
12053081
12060718
12062617
12065235
12069468
12070731
12071026
12071782
12074408
12081199
12081437
12086008
12089626
12095582
12098215
12100448
12100932
12101634
12105317
12112134
12114008
12115732
12121423
12121542
12126189
12134250
12136072
12142364
12143601
12144004
12145424
12149583
12162922
12165678
12169408
12177027
12177342
12177578
12180509
12182796
12184559
12186552
12188479
12190347
12197049
12202893
12205963
12207204
12208478
12211294
12215139
12221863
12222276
12223682
12224408
12229218
12238823
12241071
12241722
12243050
12245330
12246550
12251294
12251589
12254228
12256578
12257196
12259327
12261453
12261949
12264248
12270204
12271797
12272204
12273942
12280128
12292393
12294106
12295081
12298518
12306804
12306950
12307495
12308950
12309938
12317164
12321220
12323339
12323679
12326315
12332751
12334375
12337486
12339178
12341835
12344067
12351013
12352423
12354584
12363576
12367851
12370698
12373512
12376092
12380196
12381651
12382211
12382349
12388667
12391416
12393492
12394137
12394298
12403847
12413287
12414057
12417495
12418563
12418859
12428128
12439922
12443979
12445051
12447667
12451141
12454768
12458854
12462227
12462812
12467306
12468545
12474213
12474250
12480639
12485133
12489686
12492237
12510375
12516639
12517615
12522268
12523653
12527600
12527650
12528382
12529912
12530379
12535419
12543770
12553909
12555901
12559027
12569682
12570252
12573681
12577943
12580528
12582905
12585147
12589152
12591545
12591685
12592034
12592452
12592641
12592949
12593315
12594195
12595040
12600284
12603612
12603826
12604405
12605489
12606519
12607737
12610416
12610739
12611477
12612804
12619007
12620068
12622249
12623618
12626619
12627116
12628562
12629198
12643916
12647252
12648572
12670747
12670774
12670935
12673124
12675276
12676975
12683396
12694677
12695081
12697475
12697805
12699203
12704792
12709833
12711439
12713069
12714200
12714326
12717131
12722976
12726968
12728154
12735465
12737180
12737840
12739787
12746001
12755247
12759784
12770759
12772958
12773013
12782789
12785732
12791530
12793771
12804615
12805417
12806534
12814911
12815714
12817028
12821811
12829782
12833252
12834348
12837482
12838689
12839803
12841373
12843016
12846164
12850410
12862407
12865822
12866021
12871069
12871950
12872748
12878564
12878616
12884066
12890708
12891752
12892816
12895621
12899547
12908601
12918902
12920188
12931052
12931805
12932251
12935178
12940361
12942142
12956663
12958566
12961731
12971971
12976529
12976621
12977945
12984827
12990046
12993760
12997827
13000556
13002197
13002992
13005483
13005901
13008943
13010177
13014822
13018782
13021150
13024148
13025300
13027213
13033067
13039262
13039594
13045313
13045899
13045993
13047358
13050341
13055287
13055797
13057037
13066726
13068326
13073421
13076340
13083349
13089087
13089423
13090504
13093997
13094312
13097877
13102439
13107874
13109158
13113723
13115646
13122068
13131768
13141476
13144412
13147966
13154421
13154654
13157735
13158101
13159126
13168717
13170058
13171563
13178395
13182341
13183532
13186765
13189303
13190144
13192338
13194200
13196250
13196373
13197743
13203156
13203231
13205474
13208096
13225189
13228532
13232254
13233377
13234887
13238880
13242148
13242479
13243916
13247039
13248955
13249730
13251438
13252479
13253667
13255894
13257611
13261110
13271243
13272106
13278760
13280705
13282456
13283086
13283821
13284119
13288903
13291146
13294615
13295925
13296075
13300685
13305575
13305993
13308000
13309619
13309938
13317335
13323890
13328862
13334926
13334954
13335335
13339414
13344117
13346053
13356929
13369487
13377961
13379374
13384869
13386047
13386733
13390455
13390915
13390958
13393735
13404768
13408143
13410816
13411849
13412044
13412799
13412895
13413728
13417927
13423757
13423900
13426336
13434164
13436226
13443159
13443359
13451574
13452202
13452275
13452846
13458216
13460442
13461620
13461850
13462197
13463151
13465373
13472148
13475049
13480082
13490533
13490834
13497474
13499122
13507316
13508493
13509991
13510080
13519234
13520188
13520596
13523640
13524480
13528576
13530692
13532101
13534766
13554970
13561958
13568036
13579649
13583702
13584834
13585400
13586906
13593522
13595856
13596144
13597271
13601592
13607428
13608165
13613910
13613913
13615330
13616187
13617147
13619126
13620120
13623015
13637211
13638458
13639482
13640631
13640755
13641191
13645691
13647857
13650269
13651122
13655358
13656530
13659760
13662291
13665104
13665248
13665278
13679652
13681512
13687610
13692887
13695176
13701894
13702297
13703926
13705605
13708389
13711477
13713614
13716764
13719465
13732216
13741608
13747258
13753340
13754041
13760734
13766625
13767174
13770198
13775647
13775877
13778839
13785320
13788757
13789532
13791098
13791931
13796970
13804943
13805211
13808378
13812786
13814011
13814888
13817198
13824551
13827422
13828853
13830805
13831554
13832510
13833306
13839544
13847850
13851582
13855311
13858504
13867347
13874555
13875115
13875128
13877092
13879645
13883269
13885701
13886751
13893928
13894186
13905131
13906332
13908476
13910961
13915387
13916316
13921137
13922501
13924338
13924405
13928477
13929138
13937995
13938399
13943243
13944660
13945033
13945476
13945818
13971098
13971734
13977175
13981282
13984747
13989496
13990621
13990986
13991243
13993099
13993455
13997757
13999327
14001991
14003628
14004203
14005460
14007943
14009358
14010554
14017234
14020518
14020881
14023083
14023427
14029794
14030605
14034326
14036223
14039948
14045321
14045633
14046043
14046980
14047372
14047541
14049934
14050881
14051071
14051519
14052355
14053267
14055079
14056746
14057858
14058162
14060364
14060421
14060692
14061800
14061831
14068983
14070267
14070831
14071206
14077187
14079438
14079805
14085240
14091514
14093478
14094624
14095995
14096180
14099945
14100076
14101802
14101868
14106351
14109415
14111232
14111377
14113137
14121567
14122798
14123009
14129003
14140527
14141954
14146816
14147515
14148637
14157592
14157789
14157907
14161278
14164981
14165125
14167496
14168743
14177383
14178036
14179613
14180780
14187434
14189469
14192913
14211974
14214958
14216471
14218414
14219623
14223727
14230462
14233846
14235315
14236329
14237951
14238108
14240131
14241880
14242012
14242682
14250126
14252733
14254119
14254152
14255730
14255919
14258101
14258708
14262081
14266080
14266738
14268137
14268394
14272803
14276498
14283792
14286712
14287702
14289850
14303738
14305885
14309154
14313301
14320344
14322678
14327266
14328339
14328591
14329074
14341504
14348616
14352447
14352741
14353039
14353718
14357143
14357978
14358113
14359939
14365760
14367178
14371347
14374665
14387217
14390060
14397364
14397544
14399362
14404093
14412513
14417011
14420585
14424690
14425608
14427794
14429737
14433056
14436510
14436895
14440488
14441068
14444571
14451913
14452132
14453033
14454210
14456177
14456871
14456966
14465480
14469273
14470968
14478292
14481302
14483934
14487551
14492356
14495876
14500487
14500588
14503045
14508994
14520079
14522467
14529300
14531809
14533963
14534043
14537976
14538891
14540249
14543742
14545803
14549680
14549968
14550313
14550826
14551836
14554961
14558955
14565776
14569357
14570889
14575903
14577360
14577862
14583945
14584786
14593314
14600302
14604318
14607050
14608365
14609582
14611567
14611612
14616934
14623953
14624242
14624951
14627029
14629130
14630539
14634960
14635562
14639841
14641373
14647600
14652405
14654364
14662648
14666909
14673119
14674850
14676629
14678029
14678760
14680689
14680970
14698659
14702568
14703515
14705159
14708624
14709340
14709784
14714318
14720266
14722820
14723352
14724949
14725012
14728374
14728434
14729362
14732488
14736216
14743620
14744410
14746722
14747179
14751240
14756902
14758008
14759682
14760109
14770460
14776553
14780438
14782601
14788964
14790814
14796617
14798005
14799260
14803168
14805313
14806279
14806870
14806918
14808340
14810227
14815116
14815483
14815518
14816267
14822256
14822332
14824376
14824749
14825060
14825961
14838216
14840934
14846593
14854106
14855613
14858025
14864747
14867601
14869244
14872528
14875606
14881575
14884190
14885819
14890221
14892813
14895256
14896470
14898115
14901554
14903770
14905878
14908305
14909851
14922757
14922799
14924375
14925278
14925408
14934810
14939275
14941243
14943792
14944987
14946376
14946419
14947145
14947224
14948281
14952066
14954536
14958617
14959081
14962413
14963209
14963327
14968129
14969714
14978606
14988354
14990849
14994902
14995020
14999380
15000765
15005046
15009178
15013293
15015937
15017542
15019338
15035887
15046615
15056639
15060345
15061441
15062654
15063415
15073030
15073083
15073684
15083391
15084901
15085511
15085964
15086440
15092391
15095676
15098346
15102853
15106467
15107090
15107139
15107509
15119677
15120509
15129667
15130098
15130308
15133680
15134139
15138384
15138623
15146763
15147951
15148359
15151678
15152197
15154927
15155290
15156831
15159383
15160354
15163566
15167716
15174959
15186115
15189987
15193669
15194094
15202591
15204884
15205162
15205902
15208703
15210100
15211661
15212248
15215542
15219304
15222429
15225328
15230489
15243166
15247211
15260408
15260470
15261359
15264111
15271925
15276153
15278676
15280563
15281705
15288138
15289124
15291000
15304047
15307568
15307992
15308359
15310664
15310936
15311536
15315975
15321347
15321953
15326596
15328842
15332318
15333567
15334837
15341367
15346862
15348097
15348520
15351916
15354399
15356101
15356230
15357820
15362227
15371643
15374502
15389174
15392372
15396277
15400155
15401868
15405111
15405157
15405802
15408311
15412740
15416151
15424148
15424326
15424850
15427911
15430588
15430618
15433701
15435191
15435491
15439336
15439465
15442121
15446577
15450969
15451162
15455250
15458553
15461064
15478603
15481535
15487107
15488164
15493096
15493213
15496009
15505305
15510725
15510834
15519133
15526877
15530115
15531392
15531434
15533345
15533687
15535806
15537086
15540585
15543220
15543353
15544048
15544436
15551324
15553032
15554952
15561808
15567770
15574327
15574408
15576965
15577160
15581898
15586387
15589104
15590316
15590347
15592505
15593362
15594345
15599370
15599875
15602588
15603522
15609215
15610643
15611486
15611702
15627578
15628893
15629406
15631576
15640619
15645232
15649367
15652693
15653108
15654014
15667022
15669711
15671194
15683574
15685838
15689099
15689441
15691654
15693019
15693157
15699410
15700648
15706212
15709226
15716829
15716891
15718228
15726402
15727137
15727978
15729423
15739048
15740845
15742964
15745631
15757589
15759543
15762066
15764127
15766858
15773202
15775742
15776635
15778648
15778796
15783338
15785457
15788473
15790977
15794778
15797104
15804573
15820367
15821359
15832230
15836981
15839343
15840261
15846621
15851068
15851679
15853604
15855851
15860818
15862226
15866713
15867035
15879270
15880273
15885882
15894529
15895212
15896550
15897966
15899447
15906350
15911121
15913498
15913803
15914028
15914221
15915814
15921429
15923448
15931633
15932231
15940517
15946622
15946956
15952855
15955714
15955888
15957669
15958244
15958429
15960716
15968312
15974722
15975640
15977571
15984037
15985710
15989603
15995376
15995450
15995804
16001783
16002870
16003326
16012363
16015451
16027052
16031726
16033157
16037035
16043287
16052433
16052587
16053282
16056164
16058492
16061714
16066368
16069968
16074041
16077090
16079305
16086061
16086993
16087048
16093118
16093736
16101267
16101839
16105551
16109191
16110280
16121094
16133653
16134291
16134736
16136852
16137388
16140353
16140559
16143345
16146869
16149054
16150860
16155728
16162806
16164489
16165152
16166289
16169241
16172009
16174473
16177527
16177594
16179022
16180898
16182001
16182745
16188120
16189383
16191414
16192208
16193708
16195763
16198494
16198923
16199753
16203572
16205559
16206908
16211543
16213262
16213987
16214789
16217188
16220925
16233419
16236555
16236951
16238318
16248371
16250186
16261013
16261223
16261569
16276775
16278908
16280351
16282517
16283123
16293955
16299312
16299530
16302281
16306555
16312429
16314279
16314774
16316247
16317242
16320874
16321140
16323103
16324182
16324626
16329423
16329932
16331027
16332639
16334532
16338194
16339923
16340779
16340936
16340942
16354382
16356836
16360770
16360800
16361797
16364158
16368572
16371371
16372826
16374427
16375700
16379162
16381540
16383205
16386593
16388413
16394153
16394266
16396493
16400639
16405165
16405293
16406788
16414126
16420475
16425470
16426243
16426972
16430387
16433361
16436375
16441379
16442544
16445044
16451927
16452851
16456560
16456802
16464381
16465463
16473685
16473851
16476073
16476837
16479730
16482383
16486507
16488205
16497403
16499105
16508201
16513004
16513804
16514033
16515446
16516044
16517326
16526226
16527685
16532778
16537698
16540221
16542537
16542996
16553660
16554054
16555844
16563105
16572103
16572655
16574050
16580765
16583298
16588363
16589686
16590840
16599344
16602715
16607354
16607866
16615811
16616682
16618390
16620021
16623364
16624399
16625818
16632606
16634228
16634853
16639623
16642876
16646646
16649005
16650466
16651182
16655536
16655786
16656772
16659067
16659470
16661571
16662418
16662625
16665548
16666268
16667123
16667307
16668278
16668484
16670108
16676049
16684943
16685888
16689442
16690440
16691132
16694565
16694753
16702357
16702617
16705933
16706261
16706679
16707453
16708018
16708852
16710801
16711098
16711236
16711494
16712906
16717431
16718661
16718934
16726818
16728424
16728832
16729613
16729699
16739990
16741727
16744766
16746431
16749858
16753908
16755327
16769633
16772765
16773319
16775748
16783842
16785078
16786987
16788662
16793421
16794904
16799700
16802363
16803240
16810103
16813922
16815536
16818349
16826676
16827471
16831604
16839789
16840300
16841432
16842681
16842922
16849553
16865104
16865477
16866107
16872578
16874595
16876687
16878990
16884692
16884779
16888669
16894332
16896480
16903102
16903776
16908274
16909018
16919812
16924300
16925001
16931062
16933396
16937011
16938490
16944290
16948772
16948884
16949914
16958778
16972888
16973456
16973538
16985844
16985909
16987746
16991384
16994617
16997882
16998894
17005106
17005323
17010439
17010907
17011008
17011290
17011478
17014622
17019711
17020568
17025807
17026437
17028269
17030870
17031574
17046901
17048800
17054293
17055225
17055776
17058700
17061380
17066072
17069207
17069960
17080482
17081278
17082650
17083011
17087522
17095534
17101230
17105609
17107274
17108162
17108497
17112508
17113219
17121845
17124057
17127882
17133149
17134553
17134879
17135990
17136795
17138070
17140256
17140386
17141077
17143021
17143772
17144241
17146384
17150881
17151185
17151910
17151979
17153308
17158807
17159788
17164786
17174497
17182694
17182951
17184704
17187086
17188709
17205365
17208846
17212871
17213884
17216968
17222044
17224294
17224596
17227702
17230957
17232450
17234097
17235909
17237940
17241236
17241723
17242554
17243135
17243250
17244654
17245851
17255752
17255785
17257572
17259768
17262266
17270489
17274504
17299456
17303412
17303756
17311878
17312242
17313332
17313898
17314255
17314272
17318998
17320281
17320380
17322263
17324485
17331211
17336680
17337521
17338928
17340855
17343280
17348971
17349554
17350280
17364227
17369387
17370440
17374540
17374611
17375895
17376506
17380603
17380865
17381306
17385420
17386103
17388126
17402027
17402425
17405396
17406339
17407271
17409940
17410223
17410522
17413185
17419760
17423620
17433733
17435694
17439356
17440313
17444782
17453549
17457662
17458949
17459188
17459489
17461258
17462022
17467001
17470954
17474232
17474912
17481056
17486154
17487643
17489238
17490175
17491177
17495761
17501375
17501658
17503224
17504537
17504672
17506423
17507152
17508027
17509704
17510325
17514425
17518144
17519949
17525137
17525955
17526053
17529342
17529909
17533659
17534560
17534929
17535888
17542690
17544365
17550510
17551432
17551890
17551921
17556997
17557888
17564490
17582139
17585645
17591760
17599700
17602795
17602853
17606181
17606861
17609002
17609597
17611769
17618200
17622709
17623472
17626722
17627681
17630036
17632712
17636718
17646558
17649252
17654406
17655281
17656987
17661948
17664781
17666379
17667457
17671095
17673460
17675184
17678014
17684127
17688393
17703195
17703336
17703940
17713811
17714570
17718700
17719843
17720159
17722899
17725173
17728880
17729442
17730343
17736386
17748817
17750830
17751737
17754912
17755656
17757633
17760050
17767389
17768373
17770830
17773697
17779267
17779490
17779943
17782355
17787874
17789330
17793203
17794344
17795161
17796932
17797557
17804868
17815113
17815369
17816864
17820793
17827701
17830831
17832227
17834478
17835027
17836731
17837766
17838497
17839523
17843143
17848470
17852748
17855200
17855414
17858783
17862636
17875542
17876345
17877575
17879027
17879184
17881160
17881958
17884900
17885578
17887301
17887617
17889882
17890687
17893005
17900436
17901018
17901191
17904094
17905952
17910212
17911584
17913499
17914391
17920258
17924574
17930045
17933139
17937016
17937488
17939693
17940207
17941821
17951435
17963127
17964405
17966684
17969409
17973230
17973260
17975990
17980314
17993263
18000556
18002459
18002791
18014673
18015700
18019356
18020687
18022310
18025369
18027832
18029481
18038682
18041119
18041258
18041318
18043304
18046947
18049644
18053864
18060584
18064097
18076629
18077426
18081486
18085113
18087865
18090198
18091049
18095768
18102809
18107405
18109175
18112042
18117593
18118404
18122290
18123357
18124172
18132836
18134802
18135089
18135372
18139604
18142059
18142649
18148826
18153658
18154348
18158958
18182335
18182639
18184752
18185488
18186800
18189021
18191250
18193012
18197446
18199332
18204778
18208944
18209958
18210147
18210706
18212906
18213474
18215171
18216780
18217186
18218110
18218206
18218395
18220483
18223688
18225039
18225381
18226698
18227142
18227662
18233250
18233502
18238453
18239193
18248713
18248879
18254078
18260138
18262254
18270327
18275650
18278502
18287420
18294475
18294833
18304394
18304708
18308866
18318357
18323885
18324875
18328746
18329840
18330162
18332867
18336848
18339271
18339957
18342241
18344189
18349007
18357250
18357278
18357783
18359159
18362570
18364949
18371827
18377311
18380637
18389587
18391476
18391558
18394174
18397167
18398014
18398530
18400174
18401067
18407355
18410645
18414232
18419190
18424064
18424899
18426607
18427044
18428266
18428402
18429813
18430102
18431910
18433456
18441586
18444157
18444521
18455271
18457752
18461531
18464790
18465333
18465927
18466444
18467974
18471735
18471771
18475575
18476828
18477193
18479197
18479486
18484922
18486657
18487902
18488887
18491537
18492156
18494075
18495213
18497110
18503269
18507828
18509228
18510697
18512131
18519293
18531607
18532491
18534026
18535506
18536232
18538415
18546259
18549760
18550813
18553454
18558881
18562915
18565379
18566246
18569614
18574145
18581888
18583858
18585464
18588454
18591124
18601728
18603244
18603395
18607603
18609997
18610313
18613651
18617185
18617337
18618346
18621702
18622868
18623094
18635248
18637035
18637707
18637916
18638755
18642098
18643386
18645791
18647841
18656830
18660720
18665553
18665586
18669316
18672052
18676101
18676828
18678587
18683544
18683601
18684390
18685073
18688619
18691457
18691536
18698168
18698239
18699610
18701505
18704294
18706136
18707235
18712090
18715196
18717870
18725737
18726536
18732019
18732478
18734550
18736571
18737213
18740335
18741391
18741978
18742745
18743119
18745554
18749609
18754886
18755189
18757179
18760197
18760326
18768093
18770108
18770962
18771193
18772857
18777378
18779063
18780283
18781631
18782633
18784151
18784659
18788404
18790114
18792754
18793843
18794660
18795344
18801078
18801096
18806386
18807884
18814135
18815205
18822123
18823919
18825652
18826016
18827771
18828520
18830390
18832434
18836399
18837683
18845612
18850595
18859733
18859967
18864493
18867747
18875219
18884959
18886553
18896191
18899705
18900170
18900961
18905376
18908722
18911302
18911515
18915011
18915547
18920438
18922561
18925227
18930563
18930927
18932798
18933989
18934778
18940592
18941358
18941807
18942123
18942499
18948675
18949551
18952557
18953454
18955497
18956353
18960705
18964316
18968804
18970417
18971450
18978222
18978618
18982369
18984164
18988856
18989551
18994336
18995705
19007637
19010399
19015128
19019375
19021813
19021922
19023165
19025017
19025512
19029234
19030399
19031060
19031763
19041051
19042076
19044177
19046058
19050344
19059185
19059267
19059433
19067444
19069137
19069338
19071080
19084010
19084832
19085656
19094133
19095126
19095489
19097089
19102751
19102955
19109089
19110889
19113679
19119068
19129875
19131575
19134651
19137913
19139426
19139574
19143603
19145719
19148390
19151109
19154272
19155255
19159271
19161209
19161563
19162960
19163547
19164415
19165052
19173023
19177025
19182609
19188566
19193781
19200338
19204426
19205544
19208799
19218857
19219163
19221586
19222585
19225943
19226886
19229291
19233309
19234185
19234636
19234775
19241641
19243056
19250217
19251144
19260634
19263180
19264863
19274298
19278617
19280703
19283411
19284605
19299579
19300717
19302272
19303002
19304879
19304894
19306302
19309756
19310977
19313349
19314113
19314420
19318133
19320840
19325884
19339657
19345589
19348000
19352142
19352232
19353877
19357621
19364440
19365925
19366946
19368973
19369556
19376194
19377226
19377988
19378328
19379293
19384305
19389718
19404961
19406893
19409273
19412588
19415433
19420902
19424246
19425344
19426312
19427545
19429276
19431809
19436683
19439492
19443307
19443693
19444314
19444527
19447971
19449694
19450892
19451957
19454678
19455462
19455891
19458148
19462552
19462670
19463621
19469831
19481001
19486371
19489654
19489758
19492967
19494587
19494821
19497524
19497693
19505744
19506412
19510658
19511850
19512638
19513959
19518041
19521543
19522699
19525334
19527705
19533748
19535979
19546380
19546437
19546658
19548008
19558909
19561576
19562706
19564800
19570162
19570785
19580407
19581789
19583494
19586132
19586487
19590213
19591257
19592237
19595078
19600506
19605128
19607053
19609547
19617146
19618429
19621701
19624495
19625327
19627851
19636314
19640404
19642040
19644337
19644588
19656092
19661351
19664089
19664446
19664827
19669633
19673275
19678448
19680305
19680943
19691955
19692789
19696432
19700801
19702274
19703527
19711099
19723039
19725437
19725838
19726787
19728058
19729177
19730158
19732724
19734916
19738137
19739725
19741282
19744675
19745297
19747971
19751470
19751622
19754495
19762910
19774920
19777941
19780489
19783232
19785560
19795578
19796134
19796893
19797962
19798086
19800940
19801264
19807136
19812229
19815760
19818224
19823159
19826518
19828426
19828480
19834837
19836717
19843577
19845054
19846532
19847994
19851358
19853416
19855000
19858954
19862723
19863262
19870572
19883369
19889306
19894895
19895030
19901381
19901412
19902021
19914332
19915793
19919032
19919873
19921211
19930012
19935417
19936182
19936906
19938301
19942368
19950996
19952477
19957788
19959915
19964775
19965605
19968584
19970535
19977230
19978611
19980745
19980990
19984747
19996450
20000022
20000190
20000566
20001525
20004205
20009778
20013895
20015459
20017418
20018794
20031117
20032097
20033185
20033252
20036801
20037281
20039920
20044722
20062052
20064219
20066981
20067519
20070168
20072005
20072372
20074056
20075997
20078830
20079983
20082124
20088459
20091087
20092573
20096123
20107813
20108320
20109502
20110721
20112008
20113629
20118460
20119078
20119846
20121289
20127596
20132737
20134246
20140341
20142019
20144768
20144960
20145662
20146427
20148322
20149830
20151072
20151745
20154044
20154878
20168659
20172579
20172681
20172928
20173664
20176266
20185213
20188182
20188565
20189465
20193594
20193724
20196753
20198624
20201887
20202094
20206584
20208111
20213309
20224871
20226942
20230819
20232861
20233817
20235235
20235338
20236034
20236168
20236265
20238949
20239253
20240262
20246898
20257015
20257246
20265865
20265960
20269100
20269597
20271190
20275173
20276634
20281762
20283608
20283829
20284291
20284347
20286437
20287155
20287519
20289736
20290237
20290310
20292715
20297505
20301512
20302997
20307079
20307219
20309981
20310374
20310826
20313154
20319500
20326841
20327894
20329835
20331507
20336130
20337428
20341563
20346052
20349554
20351518
20351749
20353510
20362093
20372290
20375750
20376554
20377617
20387818
20390653
20394251
20397870
20400229
20401456
20403435
20403692
20411085
20416952
20420511
20421326
20421411
20423020
20426111
20434521
20435098
20435202
20435613
20435990
20437340
20443100
20451962
20452604
20453240
20453555
20456188
20458230
20460532
20463805
20469494
20470650
20473914
20476193
20478144
20478300
20480031
20481889
20483162
20484649
20487191
20494653
20502814
20503673
20506099
20508398
20511758
20516337
20517022
20519857
20523194
20531092
20533394
20534224
20535279
20539308
20540390
20541660
20545867
20552755
20554855
20563220
20566349
20570822
20574031
20574450
20581378
20585291
20587082
20590230
20591314
20594773
20595585
20599448
20601222
20605103
20606370
20613301
20616014
20616983
20622012
20622219
20624822
20628522
20629990
20630462
20631281
20634490
20635492
20635658
20636061
20639876
20643274
20646805
20648423
20651244
20652580
20653072
20656535
20665498
20665773
20666929
20668545
20668575
20673232
20673298
20675633
20676725
20686874
20687773
20688749
20690203
20696140
20698045
20700761
20701903
20706856
20707449
20716694
20721475
20721844
20721863
20722098
20730060
20730297
20736994
20742635
20746863
20749705
20755699
20756161
20759267
20759927
20760491
20761751
20763168
20776501
20779479
20786066
20793320
20793907
20794274
20795633
20801227
20805735
20807670
20809915
20810960
20814330
20820093
20828090
20831034
20831839
20840645
20847405
20849471
20864220
20867477
20871694
20874598
20874820
20876013
20878203
20882218
20885933
20886112
20887508
20887593
20892096
20892896
20897070
20898258
20900836
20902723
20907813
20911640
20914615
20919149
20919546
20920831
20927981
20931342
20932485
20936475
20937231
20940079
20941780
20947140
20955801
20956762
20964730
20967421
20973300
20983056
20984995
20985819
20987118
20996413
20997019
20997670
20998362
21006984
21010512
21015550
21026222
21026709
21028116
21031698
21033555
21038339
21044164
21048332
21049659
21055236
21056032
21056378
21059981
21060763
21062643
21065759
21065865
21066667
21068061
21068128
21073030
21073900
21084170
21086337
21087231
21088027
21088804
21091980
21092482
21093707
21094345
21096112
21096225
21101702
21104554
21104848
21106180
21111459
21115941
21117443
21117668
21126792
21128744
21134499
21134713
21134764
21135615
21144769
21145151
21147068
21151153
21153747
21153998
21154238
21155836
21156624
21167189
21169384
21170164
21170488
21173752
21175218
21183140
21185818
21190336
21194113
21194509
21196208
21198290
21199292
21200318
21205626
21212536
21212633
21214004
21216665
21219543
21223224
21225854
21226623
21226942
21227580
21227780
21232388
21232431
21246154
21246674
21248620
21255711
21257665
21259805
21263049
21263156
21268375
21271177
21272092
21272692
21275273
21275500
21275541
21291635
21302482
21302926
21304887
21308331
21318806
21326233
21326881
21329845
21335299
21335862
21336410
21339119
21339426
21341568
21354153
21355795
21359072
21363998
21365175
21367271
21367462
21371794
21372290
21373441
21377788
21380208
21381207
21387232
21388955
21391722
21393349
21394581
21397160
21398909
21400933
21405672
21407147
21408778
21409098
21409611
21412742
21413092
21414168
21414439
21416581
21420404
21421402
21423842
21425463
21433356
21436690
21443019
21444294
21456002
21456021
21471801
21472451
21473181
21473678
21477090
21482371
21483207
21483289
21485624
21487694
21488540
21492670
21500647
21500826
21504345
21506390
21511029
21512379
21516269
21524861
21526899
21528772
21530522
21535754
21541518
21549912
21551213
21554366
21557778
21559112
21559825
21560559
21562157
21562870
21562961
21563381
21565633
21566662
21566926
21568224
21575274
21577668
21581385
21585965
21588443
21588759
21591191
21594284
21595393
21596171
21596352
21602638
21607526
21611788
21612010
21612474
21613271
21618440
21620658
21622467
21625526
21629126
21629692
21629710
21631850
21632790
21639757
21646635
21651171
21653309
21657305
21657630
21661222
21662616
21668285
21669123
21670174
21673269
21673960
21683656
21687292
21688031
21692270
21701735
21702599
21704272
21705583
21711047
21713392
21718119
21718375
21720308
21729612
21733949
21737554
21738450
21741206
21748555
21752701
21754666
21756535
21761395
21764662
21768414
21771124
21772603
21778337
21782617
21783706
21785406
21785528
21793935
21796729
21797341
21802161
21803229
21807389
21808037
21808156
21815532
21817830
21823102
21826232
21827770
21832417
21832592
21836911
21838641
21842469
21844976
21847544
21851005
21856764
21859651
21862354
21862890
21863729
21868549
21876427
21877732
21882751
21883939
21892012
21902627
21902982
21906609
21906611
21913170
21914775
21914889
21926376
21929098
21933127
21933338
21933495
21939790
21940917
21942177
21945640
21953922
21955401
21959567
21961584
21961803
21965223
21974512
21984009
21984356
21985951
21988964
21996621
22003326
22004986
22008765
22013772
22015258
22018798
22020154
22021953
22027835
22030854
22031295
22042841
22043024
22050655
22052528
22055057
22063823
22073280
22076137
22076294
22076966
22083612
22084124
22085456
22087836
22090558
22090701
22091370
22092334
22092515
22093808
22097443
22100162
22100292
22100790
22111003
22113170
22114917
22116350
22123879
22129924
22135368
22142191
22147287
22148608
22151439
22154024
22158944
22161069
22164874
22166423
22171086
22175254
22176329
22178490
22185578
22186614
22195078
22197375
22198946
22205116
22206154
22209753
22212476
22212517
22213821
22215794
22216220
22223121
22223146
22228126
22231345
22234378
22236691
22238059
22240173
22241087
22241547
22247683
22247695
22248068
22251565
22253414
22253664
22254589
22255637
22259943
22272017
22273826
22274972
22275389
22276038
22276142
22283340
22287739
22290557
22291431
22292142
22293305
22296345
22297205
22300808
22305605
22306687
22306929
22307862
22310081
22316862
22317722
22318339
22320487
22322509
22322745
22324574
22324619
22328324
22330382
22331949
22332346
22334395
22335864
22337017
22346971
22348061
22349785
22353466
22354672
22355862
22360397
22364104
22365702
22366584
22367513
22369554
22370443
22371286
22372803
22377490
22377803
22379705
22381206
22381552
22382724
22383223
22383276
22384023
22386777
22389828
22394152
22394160
22397335
22398064
22407047
22407957
22408639
22409331
22412880
22413104
22416899
22418127
22419006
22419777
22420264
22421219
22421826
22424309
22426922
22427871
22436795
22439657
22441706
22445537
22447277
22448789
22456423
22458735
22459521
22467469
22472310
22476503
22476724
22479227
22479929
22482421
22482620
22487125
22487470
22487644
22492005
22492281
22493024
22493465
22495432
22496336
22497557
22498444
22501582
22505805
22507517
22516454
22519528
22522391
22523070
22523183
22526178
22526521
22526774
22531297
22532517
22534919
22537374
22537779
22541172
22541434
22544396
22552432
22552768
22555252
22557951
22558983
22559934
22559941
22563671
22574308
22576168
22576325
22577682
22583231
22586782
22588122
22589581
22590061
22591049
22592632
22593372
22596820
22597307
22602851
22605351
22613617
22614139
22615375
22617398
22620436
22622437
22626191
22629283
22629306
22630915
22632056
22637928
22644246
22645104
22650000
22650624
22652419
22652535
22656061
22659123
22661145
22671299
22676403
22676704
22678155
22683028
22686070
22687172
22689133
22690938
22693949
22699835
22700262
22702552
22707458
22713960
22719044
22726091
22726817
22733628
22738568
22741340
22752476
22755914
22758747
22762376
22764488
22765953
22770368
22771950
22772595
22773730
22773856
22775201
22787612
22788465
22790589
22790880
22791677
22797727
22799834
22800586
22800979
22807591
22807800
22815566
22823159
22824960
22827554
22827949
22831815
22834981
22838416
22842373
22853111
22854265
22855220
22857079
22858347
22870249
22875922
22876316
22879061
22879707
22880322
22884136
22897440
22899090
22899446
22900865
22901595
22903705
22907481
22907657
22909785
22909808
22910655
22912219
22913391
22913718
22915422
22918394
22919159
22919474
22922121
22923418
22924603
22925594
22929676
22930051
22930150
22934969
22941601
22944745
22946828
22949736
22956611
22959887
22964840
22968333
22968783
22969274
22982218
22982308
22983978
22986161
22986492
22991624
22992884
22993540
22994422
22999955
23003369
23003698
23003840
23003923
23005699
23006164
23007801
23008178
23011371
23012792
23016010
23016877
23018950
23019002
23020026
23028019
23035002
23035947
23039452
23042885
23046798
23047205
23049703
23052535
23052583
23059267
23066810
23068606
23071628
23080561
23083984
23085444
23088480
23092288
23092851
23102041
23105665
23106315
23107055
23109508
23111595
23112152
23112579
23118971
23125242
23128626
23133886
23135317
23140394
23141520
23157388
23171824
23178914
23179958
23180387
23181332
23189733
23194454
23194959
23198062
23226277
23228210
23229323
23230060
23230937
23231221
23234353
23237012
23240694
23240829
23241275
23242461
23243055
23248790
23254067
23255020
23263451
23265825
23269510
23270455
23271234
23275169
23278783
23281126
23282231
23284132
23288342
23295205
23296577
23310917
23313648
23313768
23314017
23314145
23316474
23323842
23325511
23333722
23336982
23336991
23337470
23340607
23347839
23348967
23350342
23353068
23356658
23363279
23364840
23365034
23365676
23366373
23367370
23368692
23374127
23377289
23379751
23381779
23384510
23388758
23389102
23390084
23396616
23400982
23402961
23403186
23405425
23408504
23412073
23412171
23414567
23420988
23426998
23428165
23430329
23431903
23436636
23440252
23451954
23455526
23458552
23460155
23460411
23461200
23461221
23472334
23472740
23474380
23494978
23495517
23508756
23510110
23512428
23512949
23517650
23521763
23521954
23522516
23528905
23531263
23534932
23550330
23550981
23552635
23556348
23558787
23561983
23572761
23577921
23581683
23590265
23590616
23596130
23598855
23601652
23602632
23604186
23605208
23605349
23610196
23612986
23613117
23617801
23628930
23630166
23635698
23638070
23639577
23642026
23642624
23642963
23645503
23647206
23647214
23648524
23649704
23650313
23651868
23652625
23654500
23655708
23664310
23666188
23672459
23677545
23678658
23687102
23688023
23688932
23697364
23700166
23701627
23704102
23705613
23705841
23707850
23713016
23714782
23715792
23719827
23722670
23724578
23725472
23729778
23732577
23733133
23735330
23737858
23749559
23750437
23753305
23755449
23756568
23757439
23757776
23758875
23759404
23762910
23766894
23770489
23771324
23776743
23780248
23783220
23788762
23791110
23792380
23794422
23794886
23795123
23796512
23798295
23800225
23802861
23803178
23803593
23804222
23806270
23806573
23808943
23809632
23813608
23814313
23816562
23816971
23819482
23819924
23820361
23820967
23831150
23832223
23834948
23835252
23839912
23842032
23843162
23848048
23853071
23853237
23854650
23854946
23858988
23862638
23863236
23864089
23868277
23872138
23878673
23878924
23882445
23885769
23888878
23893964
23894426
23894667
23895261
23903391
23906583
23907431
23911456
23912180
23912183
23916528
23917403
23917596
23920284
23921695
23922617
23924409
23924895
23925865
23926305
23926483
23927971
23930066
23933186
23933538
23933711
23934001
23934125
23935408
23938680
23939636
23940703
23943770
23947347
23951548
23952571
23955474
23956571
23958854
23960653
23965693
23971415
23975080
23976784
23978310
23981656
23983095
23983808
23985297
23987988
23989217
23994918
23995921
23999998
24005882
24009957
24015482
24017403
24018422
24029662
24030881
24033657
24039352
24040358
24042299
24042930
24043073
24044394
24044568
24045647
24047587
24048371
24055972
24057862
24058466
24064819
24068638
24072972
24074418
24075072
24075553
24087877
24090735
24091374
24096509
24097298
24102140
24104114
24109864
24110966
24112804
24117349
24117501
24119565
24120779
24120802
24126988
24127653
24130216
24134292
24137696
24137968
24140295
24141048
24148021
24148871
24156718
24157067
24157744
24167660
24170998
24181896
24184101
24185479
24185552
24189308
24191356
24191872
24209185
24211667
24211995
24217935
24220380
24222684
24226628
24227040
24234455
24236196
24239408
24240594
24245415
24246036
24246836
24248462
24249758
24251457
24257899
24259347
24263628
24264248
24264318
24271973
24275952
24276274
24276455
24277782
24281005
24281151
24282286
24285361
24288990
24289152
24290506
24292518
24304017
24307957
24307970
24308567
24310968
24311469
24314224
24316191
24320303
24324706
24325147
24326006
24333359
24334634
24334711
24336604
24337454
24337742
24341373
24350211
24352317
24352380
24354655
24355238
24355283
24357491
24360228
24361848
24371055
24377925
24379045
24385473
24386266
24386499
24387162
24387323
24389788
24391209
24392043
24392849
24396928
24398469
24399445
24399692
24401144
24402422
24404934
24422287
24424031
24425527
24426529
24431459
24433068
24434318
24434962
24439078
24439497
24443655
24448968
24453667
24455816
24468635
24473301
24473743
24475193
24479262
24479758
24480047
24480728
24485503
24486274
24486419
24486605
24488449
24490793
24502347
24507953
24508918
24511295
24513536
24515462
24516261
24516315
24517201
24519894
24522070
24523871
24525187
24528500
24547786
24549243
24552916
24556666
24558454
24560635
24562041
24563207
24565862
24567127
24581116
24593783
24595446
24603185
24607440
24609381
24610629
24625467
24626836
24628404
24629116
24630910
24631141
24631812
24635619
24640069
24651000
24651154
24652490
24655302
24657940
24659592
24665713
24666618
24668062
24668796
24672764
24675595
24676237
24678894
24679531
24680007
24680492
24683358
24685607
24688502
24691542
24692198
24692867
24696131
24702550
24702648
24703551
24706549
24708593
24709555
24710868
24711502
24712669
24715605
24716767
24722362
24722387
24728824
24729302
24732099
24733359
24734240
24735551
24737041
24738146
24741216
24745691
24745791
24753208
24754038
24755024
24755574
24757407
24759838
24773066
24775472
24775820
24778332
24780410
24780780
24782066
24789919
24792086
24796493
24796700
24802449
24806333
24807891
24812408
24814226
24816595
24817557
24825806
24833500
24843213
24843343
24847445
24848469
24851896
24852595
24854204
24858702
24865512
24871353
24872685
24873603
24874490
24877611
24878428
24883482
24883702
24885394
24890133
24891690
24893381
24897597
24900565
24904427
24904851
24906253
24910117
24911150
24914183
24921215
24922599
24924879
24928017
24928656
24931655
24931896
24933204
24934173
24934763
24935265
24935418
24938044
24938512
24940261
24941365
24942819
24947945
24955623
24956866
24972565
24977676
24977778
24991483
24993832
24998297
25002857
25003867
25004537
25005639
25008599
25015337
25016656
25017477
25018914
25022176
25022859
25023799
25023809
25024160
25025344
25026103
25039231
25041022
25044289
25057993
25061839
25063813
25064465
25066699
25067173
25070158
25070815
25072875
25073614
25074191
25074335
25077083
25077091
25079581
25084684
25085423
25088253
25096299
25097836
25102741
25112523
25114536
25117080
25120669
25125696
25126483
25126944
25127434
25135362
25137570
25138209
25138900
25140674
25149084
25157020
25157448
25161546
25164457
25165487
25165566
25170135
25170703
25175808
25193804
25195178
25218459
25219331
25224176
25232838
25238440
25245392
25246419
25250634
25256394
25256468
25258055
25261629
25262012
25262580
25265345
25270280
25274383
25278721
25281523
25286586
25289981
25291384
25292995
25293081
25294017
25298431
25301588
25301971
25305120
25305735
25308720
25314523
25319230
25319256
25320054
25330890
25333578
25333597
25334617
25341330
25343971
25344380
25352820
25354854
25359033
25365503
25368991
25370757
25375235
25376884
25382498
25384362
25385516
25389774
25399435
25400543
25402035
25405290
25406233
25409013
25410439
25412917
25429310
25434002
25437922
25441653
25443846
25447847
25449867
25451775
25454628
25456079
25459411
25463085
25467917
25477269
25479855
25480916
25482527
25482951
25488036
25488494
25488559
25491144
25493197
25502899
25504015
25506965
25507630
25512103
25513101
25518514
25519420
25521688
25526246
25527223
25528028
25529302
25532417
25532497
25535921
25549981
25550951
25553504
25558871
25564313
25571360
25572803
25574111
25575859
25582035
25587349
25595162
25597750
25598134
25598399
25598654
25599025
25603808
25611608
25620472
25622330
25622828
25623548
25623855
25624119
25624767
25628698
25631004
25635087
25640503
25645350
25646048
25646115
25647559
25649545
25653269
25653877
25658560
25665401
25667669
25668187
25671427
25675564
25681466
25683048
25685441
25688723
25691535
25692853
25694805
25694904
25695864
25702592
25709715
25709951
25711064
25712972
25713280
25715587
25718493
25721775
25723917
25724388
25726974
25727321
25729397
25729647
25733120
25733122
25738873
25746229
25751744
25755944
25759253
25765018
25774644
25776638
25778357
25781826
25783841
25787930
25790857
25792266
25792938
25793504
25793592
25802723
25806627
25806681
25806696
25806997
25813225
25826115
25846084
25846522
25854811
25860967
25864656
25870859
25872174
25873017
25880355
25881728
25884767
25885195
25888533
25891469
25895162
25896954
25897575
25904093
25907367
25911456
25912352
25918518
25922206
25922793
25929190
25930024
25930376
25930840
25932903
25935531
25942202
25944277
25944311
25944931
25946289
25952492
25953148
25955111
25956988
25961432
25962290
25970282
25977979
25989504
25993939
25994992
25996589
25997505
25999966
26004903
26006197
26008001
26010359
26010424
26010508
26010986
26012210
26017804
26020758
26021874
26022825
26026031
26027900
26030325
26035997
26036814
26046466
26047733
26051099
26051641
26053962
26061133
26063584
26067089
26077970
26079160
26082280
26083506
26086427
26089023
26090569
26090894
26090941
26093031
26093599
26093629
26096464
26104912
26115848
26117423
26119387
26119736
26121930
26124190
26131697
26131702
26134406
26138712
26140514
26142767
26156141
26161044
26161698
26161766
26164036
26166531
26173262
26173726
26174039
26176849
26180526
26193111
26198938
26200628
26201220
26205433
26209417
26212522
26226649
26232188
26234662
26236477
26240704
26242635
26250803
26254077
26254955
26259665
26262742
26262912
26272266
26272531
26273549
26280302
26284168
26284293
26292547
26295837
26296433
26303777
26306175
26311652
26312217
26320307
26322404
26325711
26327477
26328847
26330634
26334631
26342195
26344368
26347983
26351597
26354259
26356397
26357915
26359458
26366815
26369560
26370922
26383955
26387529
26390746
26391696
26393427
26399829
26407123
26409884
26411934
26414860
26416275
26420425
26422287
26439261
26443504
26449843
26450092
26455927
26458628
26459296
26463467
26464859
26469023
26480084
26481577
26482494
26485397
26494472
26497647
26497728
26501463
26507724
26511321
26513058
26514136
26519065
26523736
26528720
26529336
26530280
26530748
26532000
26535159
26538736
26540510
26540757
26541046
26542434
26545024
26546731
26546876
26549046
26550166
26550353
26551122
26557403
26557529
26560118
26560509
26560887
26567456
26575703
26576882
26578156
26579505
26589638
26590991
26595679
26598214
26600535
26602729
26603500
26615017
26615341
26617172
26618821
26620057
26624700
26628719
26630615
26637991
26638704
26646177
26647831
26648276
26657654
26658326
26658903
26661567
26661768
26661821
26662723
26671507
26681260
26683132
26688253
26691997
26693134
26695248
26701531
26701658
26703282
26703342
26704034
26704568
26707283
26711516
26711530
26715941
26717191
26717754
26719372
26724191
26725557
26731888
26732154
26738061
26741660
26753183
26762516
26762518
26763437
26770000
26773600
26776474
26776880
26777725
26786860
26791036
26791959
26792877
26799044
26803298
26804150
26805404
26814987
26817841
26820913
26828920
26834004
26842805
26855541
26855721
26856328
26859662
26865876
26871188
26875164
26876027
26876200
26878222
26879248
26884404
26886518
26886560
26890973
26893005
26894269
26896675
26903177
26905811
26916894
26918276
26920266
26922029
26939124
26939629
26941801
26947386
26947663
26948233
26949718
26950855
26951024
26955286
26961062
26964952
26968733
26971388
26971606
26971674
26975017
26976847
26979973
26981806
26984012
26987037
26988095
26989081
26989159
26991932
26995022
26998326
26999907
27001775
27002562
27002870
27008473
27017312
27017858
27022851
27026635
27027993
27036636
27045915
27046706
27046855
27049291
27064485
27066781
27071665
27073806
27075863
27077810
27080116
27081385
27083783
27085972
27086068
27093095
27096311
27096928
27097792
27099654
27101185
27105162
27109296
27110925
27117740
27119972
27122208
27131731
27132765
27139222
27150519
27150804
27159181
27162923
27167356
27172037
27172674
27174761
27174845
27177613
27192625
27193589
27194442
27200138
27204197
27206103
27218212
27220584
27224751
27225474
27227443
27229012
27230145
27230559
27231218
27233892
27234228
27238635
27238823
27240990
27244339
27247016
27247795
27248044
27250401
27250525
27253085
27256110
27258041
27262206
27263486
27264276
27269261
27270179
27271162
27271974
27275172
27277767
27281271
27281865
27286463
27290835
27295141
27295179
27297194
27302346
27307256
27307571
27308472
27308616
27318254
27326112
27326290
27326478
27328727
27331314
27337324
27338257
27343546
27344179
27345481
27346409
27351106
27352973
27354677
27355161
27357782
27357797
27362327
27364421
27364481
27365145
27369484
27376496
27376840
27377485
27386902
27387243
27399743
27400228
27400945
27403323
27404641
27406063
27407798
27412601
27412679
27419225
27422523
27424935
27426473
27427930
27429847
27430299
27434437
27436343
27436682
27441509
27442219
27446416
27448813
27455253
27456556
27457714
27459243
27459280
27461541
27462098
27462330
27464977
27466952
27473230
27473427
27483919
27484170
27485528
27485670
27486809
27488476
27488588
27491419
27494424
27495660
27495704
27499987
27513034
27516454
27517539
27525954
27532124
27540165
27542231
27544107
27547171
27547604
27549929
27552404
27554783
27555843
27559516
27561857
27562235
27563109
27564867
27566561
27570509
27570546
27573126
27573348
27573611
27584606
27594042
27599270
27599895
27601526
27602980
27603614
27609217
27612570
27613555
27616516
27623245
27625090
27625760
27627358
27633978
27639625
27640893
27650778
27653405
27658502
27658642
27660713
27665483
27670169
27670345
27672888
27673889
27677329
27679137
27681736
27682497
27686210
27690302
27694630
27697489
27697743
27700281
27704430
27705740
27712120
27720584
27723162
27723480
27727840
27730946
27732898
27734996
27736157
27745676
27751904
27751924
27755650
27760139
27761621
27764091
27770544
27771235
27773474
27775427
27776409
27780110
27785731
27788744
27789774
27795347
27795589
27802747
27805005
27808185
27808823
27813438
27815519
27816273
27817275
27818982
27819372
27829592
27838088
27858916
27860307
27861938
27863184
27864097
27865834
27867357
27868755
27874432
27876952
27881111
27881174
27882990
27892256
27892286
27897117
27900098
27902353
27910565
27910594
27914693
27916250
27920287
27925230
27927655
27928304
27931084
27934508
27939891
27940552
27942048
27942051
27943724
27947639
27951242
27953621
27953828
27953928
27956971
27966053
27968091
27970790
27971210
27973518
27979314
27983164
27986990
28002642
28004244
28006322
28012648
28013149
28013475
28013607
28019927
28020208
28020325
28022037
28023223
28026322
28026983
28028003
28028559
28031602
28031774
28031934
28034262
28039646
28040612
28051169
28054917
28055004
28061710
28064543
28068335
28079064
28079285
28081932
28082588
28084540
28089771
28095543
28103916
28104008
28105912
28107212
28113314
28114016
28115265
28116920
28117902
28121719
28132259
28138324
28139191
28139363
28144525
28146021
28146278
28149300
28159053
28168833
28170485
28171926
28171935
28173210
28173601
28175497
28178435
28193350
28194861
28198376
28201814
28202663
28208664
28211635
28213055
28213766
28214320
28226787
28235698
28239389
28241129
28249156
28251569
28254205
28259558
28263263
28264107
28265141
28278372
28280632
28286064
28289957
28301556
28302341
28304347
28307492
28309038
28309082
28310507
28312025
28317753
28318037
28321210
28326944
28330315
28332478
28333629
28335377
28338111
28339556
28351209
28352795
28364513
28365050
28365453
28366309
28369315
28373205
28379014
28379922
28381410
28394283
28394798
28410233
28412166
28413995
28414392
28416170
28418636
28419077
28419388
28419650
28429932
28431533
28436281
28437390
28437545
28437747
28439069
28440318
28442928
28454560
28455640
28460193
28464197
28464442
28466567
28470160
28472956
28473088
28477853
28478035
28478848
28478989
28488866
28492219
28495604
28497380
28497890
28500508
28500740
28509133
28509223
28518472
28518717
28520217
28523678
28527449
28528516
28529631
28532221
28532999
28540472
28542230
28543276
28544423
28548392
28550939
28552381
28569980
28571813
28572344
28578360
28597239
28602387
28604752
28611704
28612704
28613239
28617165
28617777
28623845
28629615
28631686
28633142
28645810
28645832
28646868
28647745
28653796
28654454
28657388
28657526
28659441
28664316
28664913
28668506
28669030
28677204
28677663
28688567
28689686
28689789
28695726
28697219
28698792
28709169
28715671
28716949
28717373
28728605
28731077
28733862
28737375
28739905
28744739
28745587
28745831
28746901
28747575
28748391
28753427
28755846
28756481
28760741
28765430
28766495
28770055
28771257
28773048
28776721
28781383
28781862
28782137
28784830
28787735
28790648
28799162
28808667
28809999
28810404
28811242
28812663
28814463
28814715
28817399
28817561
28818124
28819278
28822068
28824589
28825465
28830193
28832073
28833249
28833561
28834107
28834770
28842359
28844179
28848912
28851570
28859085
28868335
28869603
28870764
28870990
28872491
28875463
28881190
28889848
28890640
28899199
28899594
28900722
28901472
28902784
28908023
28918495
28921114
28922458
28925964
28926786
28928186
28928787
28937146
28957044
28958592
28958767
28959903
28960592
28963238
28963768
28965416
28971268
28978447
28988168
28989872
28993619
28998767
29010505
29010970
29013639
29014460
29016334
29016478
29018660
29022715
29027626
29033681
29036725
29040572
29040960
29043156
29053036
29054526
29055381
29057713
29065134
29071109
29075718
29082203
29084216
29092050
29094607
29095807
29100953
29106237
29118503
29122765
29126767
29128757
29130090
29130957
29131103
29135897
29144237
29154015
29155865
29156152
29157539
29163552
29164302
29166031
29166555
29169456
29169837
29173878
29174428
29178315
29179898
29180677
29186593
29194608
29197403
29201424
29204943
29205284
29206265
29206501
29206900
29208532
29209223
29209989
29213700
29216678
29217466
29217876
29220600
29223231
29223990
29224341
29224412
29236295
29237540
29239698
29240415
29243222
29243818
29243982
29248872
29249378
29252926
29254580
29259682
29261822
29263684
29264609
29266982
29270751
29273384
29274577
29280896
29284303
29285680
29289453
29291793
29296307
29300949
29306877
29309183
29314149
29318959
29320642
29324439
29324892
29324941
29325715
29326172
29327018
29327862
29328560
29336046
29337722
29339413
29348524
29360188
29360216
29361029
29362921
29363408
29365373
29367608
29372039
29377226
29379013
29381572
29385883
29387151
29387423
29391639
29393105
29394933
29395762
29395917
29397952
29399035
29405963
29408511
29409733
29410945
29414941
29416253
29417219
29417407
29418632
29420829
29421281
29421962
29423416
29430149
29441676
29445038
29447257
29447775
29451828
29453915
29454000
29454079
29456201
29457693
29457839
29459251
29460801
29460892
29465266
29483732
29485450
29490004
29490262
29491857
29492518
29496679
29502784
29507284
29514234
29519665
29521976
29522720
29531936
29537373
29540824
29545199
29548993
29549863
29553711
29554923
29561240
29565945
29567948
29572820
29574686
29578278
29580380
29581691
29581705
29587336
29593378
29597876
29598569
29602574
29603241
29604529
29607858
29614653
29617335
29618190
29629382
29634750
29634827
29637457
29639386
29643099
29647111
29648388
29649589
29651889
29659078
29667497
29670093
29671708
29672377
29674167
29674981
29676868
29680471
29686757
29688449
29690456
29698297
29702217
29702619
29703863
29708812
29714059
29715732
29720641
29724176
29727584
29728112
29729025
29732351
29732986
29733686
29733818
29737236
29746844
29749885
29750388
29751815
29752744
29754093
29755143
29757871
29761302
29762802
29766191
29768582
29773829
29776715
29781172
29781226
29789578
29796855
29796956
29797501
29806100
29806153
29807382
29810073
29812411
29813909
29814990
29819401
29824338
29832595
29836035
29842638
29847556
29851114
29858479
29864456
29866602
29868692
29872530
29875283
29876138
29878158
29882143
29882775
29887191
29887286
29889342
29903473
29904294
29921497
29935409
29936048
29939852
29943099
29944825
29947548
29950042
29950411
29951105
29952387
29953792
29954846
29961191
29966371
29975926
29981764
29993106
29993722
29994072
29994082
29994669
29995094
30004265
30010808
30012746
30013351
30015310
30016974
30019523
30020714
30020769
30021997
30022013
30023950
30024662
30025144
30026221
30029521
30032065
30035570
30035972
30037243
30039577
30039674
30040578
30048950
30049517
30058357
30061554
30062700
30064247
30064936
30069717
30071127
30075854
30076013
30077887
30078371
30084985
30085713
30088539
30089094
30089814
30108131
30112131
30112363
30112843
30113038
30127647
30128191
30141977
30146129
30157923
30161645
30162523
30164201
30164570
30166077
30169959
30171016
30172167
30176396
30178990
30181915
30191078
30194528
30195537
30197036
30197879
30199168
30200984
30202217
30205608
30205672
30210909
30212799
30215554
30217567
30218769
30220467
30222018
30222460
30222890
30224209
30226300
30228094
30229869
30232102
30235687
30239591
30243008
30244042
30247149
30254895
30255347
30269847
30273858
30280636
30282347
30293943
30297676
30299153
30302872
30310466
30311220
30315221
30318109
30320422
30320952
30324500
30326355
30327070
30327172
30329845
30331008
30335305
30336214
30340106
30341466
30344537
30346006
30346622
30352913
30354984
30355662
30356367
30358936
30368917
30369855
30372552
30375316
30378575
30382638
30391461
30392402
30395172
30401212
30403061
30406786
30407571
30408823
30409174
30412417
30415128
30415810
30416385
30424382
30425027
