88153
90613
91516
92742
92912
97708
98945
103608
103819
105131
105406
107380
108672
109101
245656
246022
246499
246606
247604
247713
247790
248248
248603
248838
249100
249454
249510
249560
250047
250112
250556
250576
251208
252243
252683
253385
253417
253732
253740
254203
255288
256091
256630
256849
257204
258695
259226
259570
260452
261657
261660
262141
262419
262598
262629
263594
263688
264098
264279
264704
265034
265215
265347
265724
265966
266311
266320
267011
267426
284146
284164
284826
284970
285029
285340
285873
287317
287499
287638
287724
288068
288095
288322
288488
288567
288669
288737
288962
289189
289706
289758
290459
290584
290715
291208
291540
291616
292197
292515
292875
293035
293495
293662
293695
293994
294056
294256
294456
294699
295362
295513
295529
296084
296254
296757
296928
297199
297918
297932
298121
298243
298540
299190
299410
299911
300267
300528
300572
301018
301097
301137
301247
301441
302409
302684
303279
303427
303534
303586
303896
304027
304194
304235
304408
304631
304904
304953
305165
305286
305531
305691
305920
306029
306168
358338
358772
359428
359528
359560
359612
360308
360394
360540
360660
361253
361427
361600
361624
361929
362137
362492
362724
363104
363225
363483
363952
364969
365413
365525
365548
365681
365820
366098
366303
366373
366822
366917
367071
367848
368072
369090
369279
369385
369615
369940
369964
369992
370106
370139
370151
405206
406647
407560
407965
408973
409551
410572
410708
410909
411907
414431
415726
417317
418274
418760
419011
421306
421560
422013
422816
426733
427821
427997
428074
428125
524278
525082
525144
526951
527124
527554
527914
528223
528308
528610
530568
530672
534490
535749
537941
538467
538656
538793
540090
542037
542329
542380
542877
544489
544872
545169
545328
545365
589592
680884
681093
681693
681873
681902
682038
682390
682470
682692
683456
683482
683544
683663
683785
684291
684761
684838
685383
685548
686195
687205
687513
687883
688224
688275
688526
689057
689526
689895
690352
691153
691946
692402
692553
692787
693344
694138
694218
694443
694449
694627
695221
695541
695666
696489
696852
697219
697228
697268
697442
697820
698596
698774
698813
698874
699743
699807
700284
700299
700374
864538
864650
864774
866112
867839
868171
868271
870011
870364
871979
874370
875950
876328
1009878
1009972
1010050
1010480
1010533
1010628
1010845
1011102
1011180
1011291
1011354
1011445
1012073
1012419
1012609
1012930
1013089
1014436
1014655
1015148
1015256
1015385
1016482
1016603
1016680
1017156
1017196
1017402
1018015
1018073
1018142
1018467
1018487
1019246
1019387
1019762
1019850
1020070
1020342
1020605
1021635
1021827
1022123
1022462
1022812
1022814
1023850
1024353
1024607
1024728
1025048
1025160
1025357
1025577
1025676
1025799
1025832
1025956
1026166
1026478
1026601
1026766
1027309
1027441
1027558
1028465
1028508
1029108
1030712
1039084
1039738
1040953
1042251
1043126
1045490
1045916
1045966
1129615
1142837
1149268
1152113
1152642
1154768
1157190
1193018
1197510
1202710
1202934
1202942
1202958
1203715
1203946
1204181
1204948
1204963
1205144
1205434
1205440
1206018
1206633
1206724
1206794
1206873
1207470
1207657
1207974
1208531
1208614
1208776
1209637
1209742
1210182
1210330
1210559
1210768
1210806
1210899
1210984
1211187
1211366
1211383
1211526
1211607
1211686
1212353
1212980
1213163
1213481
1213654
1214157
1214507
1214707
1214793
1215017
1215124
1215558
1216851
1217011
1217110
1217250
1217523
1217788
1217830
1217879
1217940
1217978
1218547
1218570
1218624
1218636
1263183
1263421
1263754
1263917
1264426
1264446
1264710
1264756
1264959
1265313
1265993
1266654
1267184
1267332
1267758
1267974
1268159
1268296
1268371
1268434
1268740
1268744
1268795
1270052
1270240
1270408
1270553
1270950
1271323
1271352
1271370
1271400
1271405
1271415
1271543
1271597
1271652
1271932
1272016
1272084
1272607
1272632
1273211
1273215
1273366
1273672
1273750
1273912
1273950
1274049
1274200
1274348
1274790
1274920
1275053
1276111
1276561
1276753
1276850
1276919
1276950
1277066
1277258
1277460
1277581
1277826
1277890
1278228
1278359
1278387
1278569
1278641
1278945
1279468
1279519
1279803
1279826
1279975
1280169
1280758
1281506
1281580
1281690
1281698
1282307
1282556
1283387
1284073
1284148
1284410
1284417
1285313
1285482
1285675
1285732
1285775
1285921
1285977
1286114
1374793
1375731
1376124
1376449
1376986
1377019
1377151
1377597
1377976
1378559
1378783
1378970
1378997
1380100
1380405
1380602
1380913
1381101
1381194
1381569
1382399
1382900
1383042
1383337
1383590
1383648
1383763
1383901
1384371
1384417
1384438
1384732
1385103
1385296
1385527
1385928
1386493
1386584
1386758
1386818
1520007
1520078
1520536
1521235
1521650
1522481
1522509
1522632
1522805
1523009
1523130
1523437
1524336
1524388
1524516
1525327
1525422
1525745
1526035
1526214
1526657
1529495
1529601
1531264
1531985
1532757
1532787
1533881
1536041
1536186
1635668
1636120
1636161
1636611
1637021
1637647
1639024
1639277
1639563
1642250
1643172
1643181
1650055
1650064
1651956
1657754
1657974
1752392
1753085
1753523
1753757
1753856
1754006
1754118
1754304
1754628
1754640
1754747
1754770
1755669
1755936
1756260
1756362
1757068
1758953
1759093
1759626
1759880
1760316
1760658
1761317
1761384
1762525
1762609
1762630
1762939
1763815
1764232
1764629
1764894
1765317
1765353
1765446
1765615
1765973
1766614
1766697
1767381
1767506
1767518
1767903
1768643
1768754
1768760
1769350
1769548
1769799
1837432
1837682
1838374
1838506
1838625
1838998
1839305
1842102
1842122
1842253
1842738
1842957
1843313
1843425
1843839
1843939
1844002
1844187
1844256
1844403
1844612
1844797
1845062
1845225
1845681
1846131
1846774
1846785
1846814
1846835
1847021
1847091
1847134
1847299
1847550
1848525
1848833
1848836
1850089
1850344
1850358
1850819
1850932
1851107
1851248
1851515
1851831
1852145
1852153
1852520
1852664
1852765
1852877
1853037
1853072
1853851
1854281
1855502
1855651
1856487
1856661
1857338
1857378
1857702
1857731
1858034
1858134
1858680
1859381
1859560
2052548
2052749
2054899
2054997
2055441
2056120
2056458
2056717
2056805
2056964
2057204
2058320
2059045
2059154
2059197
2060336
2060359
2060587
2061602
2061676
2062348
2062681
2064585
2065319
2065503
2066616
2066801
2067176
2067630
2068116
2068863
2069350
2069739
2070122
2070511
2070863
2070875
2070947
2072388
2072761
2073597
2073649
2075109
2075672
2075713
2193555
2193708
2194347
2194791
2194903
2195193
2195497
2195708
2196146
2196487
2196606
2197190
2197222
2198160
2198400
2198404
2198517
2198800
2199622
2199667
2199737
2200579
2202058
2204388
2205329
2205478
2206755
2206907
2206978
2207162
2208039
2264464
2264922
2265133
2265334
2266251
2266268
2267410
2268410
2268771
2268793
2269381
2269603
2269617
2270658
2271010
2271107
2271432
2271441
2272693
2273584
2273859
2273902
2274037
2274057
2274109
2274748
2274950
2275090
2275309
2275350
2275512
2275896
2276145
2276183
2276627
2276707
2278960
2279362
2279959
2280957
2281619
2281660
2282058
2282079
2282160
2282536
2282644
2282964
2283132
2283143
2283779
2284246
2284526
2284603
2285699
2286390
2365694
2369993
2371680
2376404
2379373
2379625
2379833
2380302
2380470
2380615
2380762
2380809
2381820
2382102
2382135
2382635
2382757
2382771
2382962
2383732
2383937
2384563
2384628
2384864
2385024
2385517
2386063
2387390
2387520
2387705
2387820
2388149
2388710
2389739
2390193
2390901
2390997
2391618
2391715
2391881
2392015
2392288
2392591
2393726
2393804
2394163
2394486
2394696
2395811
2396691
2398478
2402712
2403057
2405974
2408233
2412793
2413185
2414092
2418559
2461177
2461309
2461387
2461589
2461630
2462119
2463067
2463166
2463230
2463443
2463617
2464040
2464122
2464168
2464618
2464728
2464856
2465106
2465171
2465291
2465420
2465512
2465829
2465855
2467249
2467372
2467443
2467495
2468398
2468459
2468540
2468552
2468683
2468702
2468891
2468987
2468987
2469074
2469079
2469494
2469829
2470542
2471692
2471874
2472304
2472333
2472515
2472629
2472710
2472793
2472886
2473254
2473334
2474013
2496350
2496383
2496839
2497985
2499589
2499636
2499643
2500004
2500349
2500689
2500802
2500827
2500926
2501762
2502447
2502668
2502774
2503517
2503628
2504440
2504531
2504589
2504723
2505620
2506464
2506514
2506737
2506858
2507111
2508100
2508644
2509108
2509541
2509542
2509742
2509760
2510004
2510338
2510734
2510860
2510919
2511415
2511929
2512417
2513308
2513342
2513477
2513710
2514336
2514348
2514407
2514728
2515143
2515183
2515241
2515442
2515660
2515970
2516229
2516980
2517571
2517699
2518984
2518997
2519368
2519489
2519522
2708832
2711933
2721401
2722432
2722914
2724516
2725065
2726470
2727792
2728238
2732418
2732722
2756005
2947682
2947694
2947783
2947842
2948061
2948132
2948184
2948348
2948398
2948571
2948854
2948855
2948860
2948918
2949079
2949523
2949703
2949901
2950257
2950384
2950617
2950687
2950955
2950957
2951062
2951147
2951208
2951487
2951922
2952176
2952193
2952225
2952451
2952876
2952965
2953328
2954656
2955032
2955127
2955436
2955989
2956204
2956418
2956750
2956792
2957176
2957481
2957559
2957723
2957750
2958366
2958374
2958405
2958470
2958780
2958915
2958942
2959460
2960755
2960805
2961141
2961212
2961281
2961438
2961472
2961804
2961807
2961923
2962042
2962046
2962343
2963126
2963170
2963373
2963463
2963893
2963949
2963983
2964125
2964174
2964520
2965159
2965596
2965838
2966225
2966547
2966696
2967073
2967182
3006656
3038335
3045241
3050036
3057555
3058615
3059323
3060028
3060065
3060318
3062256
3062279
3063044
3063191
3063230
3064533
3066415
3067000
3067030
3067675
3068363
3069204
3069469
3069480
3163858
3166150
3173351
3237466
3237738
3237833
3237872
3238281
3238301
3238598
3238831
3238837
3238897
3239204
3239366
3239800
3239908
3240063
3240433
3240441
3241130
3241334
3241754
3242330
3242706
3244315
3244430
3244636
3244907
3245248
3245276
3245690
3246041
3246964
3247019
3247476
3247680
3247928
3249318
3249721
3250006
3250340
3250520
3250654
3250780
3250827
3251158
3251181
3251203
3251330
3252648
3253117
3253304
3253385
3253391
3253433
3253512
3253914
3254066
3254282
3254516
3254645
3255257
3255604
3255766
3256019
3256487
3256557
3256873
3257362
3257450
3257625
3257793
3404116
3408532
3409804
3430562
3430580
3431264
3431302
3431509
3431596
3431867
3431955
3433043
3433776
3433820
3434130
3434448
3434478
3434539
3434614
3434726
3434830
3434967
3435333
3435387
3436095
3436340
3436915
3437186
3437382
3437590
3437659
3437923
3437957
3438318
3438408
3438505
3438658
3438671
3438734
3438833
3439015
3439186
3439378
3439640
3440009
3440186
3440694
3440956
3441096
3441336
3442016
3442368
3442432
3442696
3442882
3442961
3443020
3443187
3443297
3443508
3443544
3443556
3443791
3444268
3444391
3444498
3444555
3444748
3445142
3445149
3445400
3445427
3445687
3446091
3446121
3446166
3446395
3446749
3446759
3446976
3447035
3447484
3447541
3447596
3447807
3447886
3447985
3448003
3448497
3448695
3448785
3448998
3449514
3501070
3501200
3501245
3501804
3503495
3503667
3503797
3503909
3504008
3504315
3504510
3504516
3504788
3505437
3505624
3505843
3506075
3506867
3507392
3507591
3507592
3507776
3508055
3508226
3508381
3509603
3511209
3511644
3512167
3512361
3512512
3512727
3512852
3514007
3514715
3514758
3515410
3515745
3515883
3516408
3516651
3516687
3517024
3517473
3517608
3518688
3685871
3685900
3685996
3686145
3686505
3687183
3687330
3687989
3688123
3688158
3688423
3688880
3689257
3689427
3689904
3690102
3690185
3690636
3691054
3691627
3691864
3691879
3691980
3692467
3692470
3692607
3692927
3692964
3693342
3693348
3693511
3693760
3693874
3694540
3694571
3694607
3695019
3695068
3696036
3696341
3696350
3697369
3698112
3698323
3699339
3699979
3700512
3701206
3701341
3701851
3701928
3701952
3702949
3702960
3703658
3704481
3704689
3704929
3705054
3705307
3705546
3706045
3706398
3706409
3706577
3706857
3706979
3706990
3707091
3707105
3707147
3707418
3707814
3707894
3881703
3881918
3882323
3882353
3882624
3883431
3883494
3883910
3884209
3884210
3884653
3885068
3885456
3885503
3885822
3886322
3886445
3887528
3887749
3887882
3888240
3888424
3888435
3888471
3888502
3888784
3889177
3890043
3890899
3890968
3891590
3891757
3892546
3892793
3893153
3893399
3893479
3893526
3893571
3893894
3894375
3894492
3894513
3894618
3894732
3894770
3894961
3895116
3895255
3895433
3895461
3895475
3895695
3896498
3896504
3896607
3896783
3896864
3897388
3897651
3897744
3898115
3898357
3898367
3898990
3899260
3899310
4009003
4013548
4014771
4014917
4015958
4022223
4022978
4024078
4025282
4025750
4129417
4215221
4216296
4216342
4216537
4216593
4216924
4216957
4217363
4218459
4218561
4219188
4219492
4219902
4220614
4220779
4221474
4221832
4221870
4221911
4222103
4222627
4223306
4223426
4223969
4224119
4224244
4224329
4224761
4225278
4225309
4225810
4226676
4226747
4227600
4228620
4228749
4228981
4228982
4229342
4230247
4230473
4231326
4231464
4231853
4232069
4281294
4281758
4282782
4283523
4283550
4283746
4284959
4285030
4285048
4285219
4285499
4285670
4285782
4286031
4286102
4286435
4288062
4289133
4290048
4290744
4290929
4291900
4292016
4292061
4292078
4293266
4294670
4406198
4418577
4422169
4422382
4466975
4466988
4467060
4467178
4467347
4467421
4467472
4467751
4467851
4468105
4468183
4468185
4468209
4468222
4469155
4469158
4469563
4469571
4469703
4469892
4470222
4470346
4470447
4470984
4471037
4471131
4471331
4471865
4471898
4471922
4471959
4472294
4472528
4472571
4472958
4473021
4473430
4473481
4474253
4474314
4474407
4474894
4475216
4475815
4475834
4475889
4476011
4476198
4476219
4476340
4476824
4476899
4477308
4477800
4478313
4478353
4478402
4478679
4479178
4479355
4479424
4480319
4480987
4481119
4481365
4481550
4482155
4482241
4482271
4482667
4482742
4482843
4483205
4483817
4483834
4483900
4484069
4484120
4484190
4484939
4485064
4485111
4485141
4485227
4485291
4485629
4485670
4485739
4485764
4486411
4487101
4487472
4488246
4491852
4495545
4495549
4497102
4500597
4504900
4507196
4507420
4508387
4509190
4515310
4516348
4518432
4580298
4582797
4586465
4638096
4639068
4639431
4639842
4642020
4642451
4643818
4644660
4646136
4646304
4646513
4650269
4650755
4651923
4652015
4653878
4757056
4758648
4759028
4759309
4760615
4762695
4763541
4764737
4766193
4766968
4769321
4772785
4774583
4813034
4827322
4829055
4829188
4829578
4830112
4830741
4831447
4831804
4832136
4834979
4835065
4836631
4837624
4838692
4839153
4839297
4839707
4840296
4840767
4842064
4842316
4842554
4843155
4843397
4844713
4845524
4848316
4849734
4994762
4995299
4995498
4995639
4996486
4996519
4996706
4996916
4997700
4998037
4998360
4998561
4998830
4998895
4999510
5001465
5001987
5001992
5002056
5002242
5002287
5002342
5002836
5002880
5003140
5003738
5003750
5003779
5003871
5004242
5004337
5004513
5004834
5005033
5005098
5006205
5006448
5006540
5006727
5007571
5007602
5007622
5007627
5007873
5007894
5007977
5008062
5008087
5008371
5008838
5008851
5009214
5009318
5009330
5009820
5010328
5010503
5010889
5010950
5011116
5011879
5012203
5012221
5139799
5141284
5143551
5151111
5156892
5159608
5159681
5281309
5286668
5286887
5287306
5287706
5290824
5292838
5293388
5293401
5296906
5297486
5299633
5302978
5321217
5321249
5321474
5321605
5322527
5322800
5325214
5326657
5328475
5329388
5329818
5331443
5332040
5332834
5332913
5333174
5333221
5335008
5339288
5342137
5348092
5367745
5367915
5367987
5368207
5368299
5368326
5368348
5368765
5368787
5369013
5369446
5369559
5369636
5369940
5370120
5370627
5371057
5371918
5371941
5372617
5372697
5374707
5374839
5375025
5375866
5375991
5376411
5376484
5376605
5377106
5377778
5378330
5378525
5378611
5378622
5379107
5379355
5379601
5379638
5379688
5379763
5380200
5380294
5380331
5380417
5380483
5381190
5381488
5381668
5382116
5382223
5382512
5382566
5383345
5383386
5383454
5384015
5384553
5384567
5384690
5385017
5385076
5385127
5385419
5385619
5385776
5386082
5386087
5386239
5386394
5386557
5386675
5387101
5387620
5387703
5387708
5387826
5387958
5388142
5388371
5388759
5388864
5389174
5389273
5389434
5389529
5389699
5389846
5390645
5390752
5390965
5510819
5570634
5570954
5573863
5573996
5574170
5574232
5574356
5575174
5576999
5578580
5578696
5579006
5579384
5580159
5580482
5580566
5580967
5581184
5581699
5581808
5581973
5582111
5583209
5583308
5583927
5584641
5584956
5585014
5585140
5585652
5586216
5587260
5588027
5588754
5588798
5588930
5589106
5589441
5589668
5589834
5590786
5863949
5865397
5866664
5867042
5867945
5868466
5869371
5871671
5874236
5874634
5876335
5876952
5876982
5877055
5878224
5878870
5880415
5922231
5922738
5924076
5925098
5925109
5925219
5925371
5925398
5926300
5926329
5926775
5927111
5927158
5928312
5928366
5928474
5928608
5928692
5928978
5929281
5930000
5930323
5930435
5930498
5930501
5930556
5930692
5931015
5932331
5932861
5933247
5933649
5934568
5935385
5935478
5936225
5937830
5937995
5938654
5938664
5938683
5938734
5939227
6025349
6030530
6031154
6032272
6033320
6035113
6035547
6038253
6086654
6086717
6087142
6087763
6088374
6088448
6088764
6088990
6089430
6089590
6089821
6090395
6090579
6090615
6091688
6091772
6092260
6092449
6092623
6093026
6093290
6093381
6093430
6093560
6093608
6093717
6093917
6094062
6094582
6094701
6094871
6095312
6095396
6095845
6096296
6096543
6096663
6097200
6097673
6097773
6097790
6098000
6098933
6099068
6099323
6099526
6099530
6099707
6099769
6099809
6099855
6100058
6100465
6100672
6100721
6100729
6100817
6100824
6101217
6101438
6101932
6102039
6102179
6102496
6102604
6102867
6103192
6103515
6103861
6103910
6104647
6104780
6105094
6105170
6105193
6105469
6105499
6106396
6107054
6107596
6109373
6110048
6110277
6110465
6110586
6110605
6111750
6112340
6112502
6112914
6113077
6113533
6116757
6116800
6117231
6117351
6117506
6118465
6118951
6119361
6119768
6127837
6135915
6350625
6363276
6363536
6364484
6370464
6521764
6523569
6527984
6529914
6531714
6536269
6538509
6619584
6619905
6620411
6621405
6621721
6622226
6622698
6623049
6623388
6623728
6624233
6624700
6624993
6625798
6626046
6626129
6626886
6626910
6626937
6626957
6627427
6627543
6627638
6627746
6627981
6628119
6629694
6630147
6631543
6631585
6631857
6631915
6632054
6632082
6632261
6632642
6632734
6635502
6662844
6663714
6664677
6667891
6675947
6677383
6678483
6704479
6705402
6705580
6705702
6705970
6706708
6706849
6708659
6711104
6711210
6711424
6711832
6711959
6713147
6713436
6713615
6714987
6715619
6716560
6716581
6716584
6718218
6719937
6859065
6860406
6860569
6861018
6861193
6861320
6861336
6861406
6861497
6861925
6861955
6862480
6862861
6862926
6862998
6863163
6863194
6863367
6864086
6864177
6864369
6864662
6865576
6866214
6866278
6866339
6866585
6866595
6866825
6867165
6867289
6867468
6867531
6868319
6868694
6868819
6869113
6869153
6869333
6869429
6869937
6870416
6870786
6870926
6871095
6871845
6873178
6873428
6873749
6874359
6874986
6875892
6876025
6904197
6907817
6909084
6909517
6950187
6951104
6953148
6953761
6959952
7044735
7046177
7050155
7054295
7055726
7056796
7057286
7058189
7060956
7196793
7196923
7196946
7197067
7198454
7198763
7199248
7200300
7201124
7201141
7201503
7201875
7201921
7202015
7203512
7204106
7204606
7204703
7204955
7205514
7205766
7207561
7208093
7208415
7208789
7208800
7209200
7210589
7210828
7211197
7301831
7302236
7302549
7302756
7302901
7302960
7303037
7303070
7303096
7303360
7304002
7304317
7304378
7304397
7304533
7304570
7305003
7305317
7305659
7306710
7306745
7307342
7307377
7307635
7308017
7308063
7308166
7308272
7308504
7308657
7309302
7309508
7309720
7310315
7310328
7310642
7310688
7310919
7311667
7311762
7312019
7313392
7313685
7314343
7314357
7314964
7315266
7315325
7315409
7315502
7315581
7315896
7316010
7316137
7404800
7408128
7408391
7410359
7413535
7414507
7442159
7444361
7447892
7448485
7450528
7451219
7451350
7451993
7453851
7455644
7456665
7457344
7458122
7458373
7460008
7532329
7534618
7542277
7592049
7705240
7706358
7706816
7706839
7706882
7706886
7707376
7707431
7707463
7707582
7707884
7707926
7708118
7708650
7708770
7709369
7709373
7709500
7709545
7709556
7709586
7709889
7710077
7710104
7710247
7710524
7710553
7710651
7710778
7710918
7711297
7712177
7712220
7712291
7712414
7712461
7712530
7712796
7713100
7713834
7714031
7714565
7714682
7714692
7715021
7715199
7715249
7715781
7715858
7716166
7716395
7716500
7716571
7716624
7716701
7716732
7716759
7716998
7717146
7717150
7717841
7717958
7718409
7718593
7718840
7793814
7794713
7794857
7795288
7795511
7796164
7796401
7797641
7799675
7800121
7800438
7800496
7801970
7802132
7802446
7803477
7804202
7805293
7807087
7807440
7808245
7809936
7811139
7811225
7811239
7811360
7813015
7813088
7813205
7814693
7871939
7872364
7872707
7873160
7874073
7875952
7877132
7877344
7877357
7877852
7878862
7880716
7881030
7881465
7882719
7882979
7883343
7884443
7884561
8023534
8024496
8024795
8025171
8025761
8026629
8027001
8027637
8027753
8028547
8029275
8031441
8033519
8034868
8035284
8035833
8037540
8038043
8055026
8056839
8057069
8057398
8058492
8059158
8059180
8059628
8060182
8062627
8063052
8065355
8142410
8142526
8142545
8143161
8143576
8144007
8144035
8144049
8144303
8144823
8145382
8145407
8146134
8146576
8146844
8147511
8148097
8148374
8148871
8149123
8149289
8149551
8149590
8149721
8152128
8152279
8152946
8154154
8154211
8154508
8155157
8155443
8155696
8268993
8269343
8269466
8269625
8269660
8269954
8270270
8270695
8270911
8271027
8271289
8271454
8271543
8271590
8271655
8272023
8272551
8272986
8273672
8273744
8274020
8274087
8274090
8274276
8274289
8274503
8274731
8274869
8275114
8275329
8275979
8276676
8277070
8277303
8277544
8277902
8277974
8278153
8278927
8279284
8280112
8280627
8280720
8280822
8280986
8281247
8282131
8282321
8282398
8282665
8282837
8283016
8283147
8283390
8283515
8284358
8284460
8284827
8285570
8285825
8285956
8286841
8286851
8287600
8287945
8288004
8288524
8288607
8539271
8539397
8540090
8540298
8540533
8541446
8541507
8542311
8543074
8543480
8543684
8543912
8544006
8544296
8544663
8545572
8545685
8546016
8547708
8547873
8548094
8549338
8549730
8549803
8550302
8550750
8550899
8552030
8552069
8552797
8552834
8553348
8554876
8556710
8557034
8557079
8628520
8628909
8631109
8631793
8631917
8632827
8633534
8635396
8636896
8637627
8638366
8641948
8643221
8645460
8645969
8646165
8647419
8649658
8652350
8656458
8711699
8712055
8712308
8712659
8712692
8713214
8713420
8713469
8714181
8714403
8714541
8715202
8715402
8715826
8715951
8716041
8716271
8716284
8716594
8716672
8717093
8717193
8717541
8718085
8718135
8718186
8719668
8719815
8719934
8720117
8720118
8721827
8721933
8722072
8723120
8723273
8723841
8724073
8724094
8724633
8725064
8725201
8725326
8725456
8725501
8725782
8726166
8726173
8726319
8726429
8726528
8726575
8726582
8726603
8726971
8727044
8727048
8727125
8727764
8727954
8728158
8728240
8728348
8728411
8728921
8729069
8729251
8729349
8729400
8729607
8729750
8730042
8730115
8730131
8730493
8730589
8730942
8731050
8731322
8731584
8954847
8954941
8955068
8955201
8955446
8955680
8957168
8957477
8957652
8957675
8957767
8958089
8958724
8959171
8959444
8959486
8960245
8960526
8962180
8962425
8962511
8963613
8963641
8963683
8963751
8963885
8964001
8964461
8964722
8965113
8965464
8965480
8965934
8966008
8966704
8966789
8966968
8967035
8967252
8967345
8967522
8968002
8968309
8968474
8968656
8968948
8969067
8969120
8969251
8969719
8969759
8969786
8969973
8970550
8971748
8972081
8972084
8972264
8972746
9030759
9048809
9049615
9049820
9050001
9050069
9050636
9050650
9050964
9051150
9051358
9051813
9052012
9052062
9052138
9052362
9052620
9052847
9053115
9053278
9053296
9053339
9053728
9054293
9054419
9054544
9054597
9054660
9055191
9055267
9055317
9055645
9055922
9055940
9055949
9056898
9057498
9058491
9058500
9058676
9058690
9058762
9059206
9059499
9059641
9059883
9060378
9060593
9060856
9060878
9060916
9061097
9061159
9061358
9061497
9061722
9061750
9061881
9062732
9062872
9063325
9063447
9063691
9063881
9064045
9064074
9064090
9064238
9064280
9064529
9064571
9064656
9064939
9065122
9065221
9065285
9065351
9261923
9262005
9262038
9262407
9262440
9263007
9265291
9265455
9265553
9265824
9265866
9266082
9266226
9266388
9268610
9269452
9269724
9270073
9270593
9270893
9270963
9271649
9272012
9272633
9273098
9273161
9273894
9275120
9275524
9275535
9275855
9276311
9276342
9276920
9277285
9277748
9277940
9278208
9278608
9278832
9278946
9279183
9279230
9279272
9280371
9281281
9281396
9281641
9281812
9282188
9432769
9434202
9435496
9435808
9436976
9437871
9437990
9440835
9440904
9441804
9442240
9442522
9442626
9442884
9442963
9443466
9443796
9444503
9444682
9445009
9445189
9445881
9446267
9446301
9447557
9447848
9448287
9448790
9451173
9452401
9453096
9453128
9474782
9476548
9717011
9777329
9778883
9779021
9780118
9780986
9782491
9783284
9784398
9784464
9784501
9784978
9785995
9786367
9786787
9787025
9790006
10136909
10138456
10138530
10138541
10139366
10139529
10139789
10139906
10140079
10140765
10141164
10141260
10141363
10142750
10143342
10143378
10143495
10144173
10144271
10144365
10145261
10145963
10145987
10146170
10146656
10147899
10148906
10149289
10149844
10150025
10150162
10150451
10150495
10150943
10151641
10151905
10151991
10152278
10152302
10152540
10152797
10153207
10153640
10154264
10154467
10154881
10154903
10155327
10155390
10155590
10156032
10156610
10156733
10157126
10158038
10158207
10158250
10158322
10158477
10158672
10158686
10158703
10159028
10159232
10159677
10159811
10160193
10160992
10161247
10161476
10161501
10161509
10161542
10161708
10161709
10161737
10161804
10162013
10162036
10162633
10162727
10162882
10163060
10163143
10163327
10163446
10164461
10164889
10164917
10165272
10165824
10165889
10166224
10166696
10167655
10167845
10167882
10541260
10541429
10541943
10542683
10543496
10543692
10543747
10544070
10544094
10544355
10544577
10544749
10544861
10545210
10545632
10546230
10546618
10546735
10546933
10548256
10548396
10548589
10548771
10548971
10549079
10549268
10549435
10550151
10550419
10550502
10550688
10551042
10551313
10551821
10551938
10551958
10552436
10552523
10553287
10553705
10554381
10554388
10554718
10554722
10555008
10555464
10555944
10556114
10556373
10556751
10557321
10557730
10557969
10558002
10558342
10558407
10558480
10558928
10559106
10559109
10559317
10559987
10651864
10656970
10657005
10658762
10759189
10760311
10760557
10761134
10761268
10761730
10765390
10766162
10768038
10772129
10773368
10774115
10774125
10774238
10774474
10774651
10774921
10774923
10774961
10778551
10778650
10779652
10779696
10779764
10779893
10780121
10780324
10780534
10780577
10781757
10781921
10782090
10782450
10782598
10783573
10783791
10783808
10785080
10785123
10785445
10785637
10786134
10786306
10787143
10787545
10787892
10788443
10789107
10828281
10829612
10829744
10829792
10830476
10830996
10831545
10831659
10832551
10832647
10833314
10834409
10834485
10834604
10834836
10835400
10835626
10835798
10835868
10835978
10836131
10836236
10836626
10836630
10837175
10837319
10837686
10837926
10838713
10838738
10839101
10839120
10839529
10839830
10840137
10840349
10840896
10840915
10841136
10841171
10842244
10842260
10842265
10842598
10842714
10843183
10843226
10843227
10843345
10843413
10843908
10844300
10844471
10845020
10845311
10845331
10845409
10845974
10845975
10846311
10846567
10846614
10846782
10847171
10847758
10848027
10848100
10848547
10848812
10848985
10848988
10849008
10849182
10849245
10849374
10849492
10850142
11085244
11085532
11087038
11087496
11088316
11089555
11090275
11091487
11093012
11093026
11094151
11095038
11096114
11096461
11098441
11098728
11102237
11102863
11102944
11103293
11243004
11243194
11243824
11244170
11244631
11244856
11245240
11245972
11245975
11246141
11246231
11246322
11246933
11247371
11248058
11249054
11250407
11250653
11250749
11250765
11251066
11251137
11252505
11252841
11252913
11253333
11253781
11253872
11254116
11254340
11254769
11254899
11255485
11255800
11260034
11261757
11262769
11263520
11265534
11266291
11266612
11266879
11267981
11268452
11268566
11269105
11271001
11272243
11274397
11277440
11278561
11441362
11441586
11442168
11442493
11442497
11442766
11442929
11443144
11443296
11443540
11443968
11444049
11444327
11444336
11444604
11444960
11446133
11446779
11446791
11446807
11447024
11447072
11447548
11447660
11447780
11448039
11448493
11449462
11450711
11450718
11451228
11451272
11451425
11451432
11451551
11451870
11452979
11453041
11453538
11453901
11454087
11454620
11454653
11454782
11454859
11455044
11455387
11455658
11471022
11472468
11545195
11545851
11547839
11547885
11550502
11550787
11550974
11551580
11551653
11552418
11553025
11558056
11754006
11758341
11758498
11768281
11768596
11768928
11769805
11769986
11770382
11770454
11770591
11770802
11771385
11771453
11771514
11771897
11772432
11772439
11772687
11774169
11774294
11775047
11775408
11775622
11776232
11776277
11776733
11777272
11777351
11777726
11778437
11778471
11778640
11778808
11779860
11780404
11780527
11780574
11781007
11781187
11781394
11781566
11781631
11781919
11782219
11782282
11783006
11783128
11783269
11783300
11783499
11783861
11783986
11784024
11784447
11784650
11784724
11784744
11785485
11785805
11786097
11786369
11786614
11787399
11787451
11787529
11788053
11789122
11789257
11789303
11789322
11789325
11789564
11790142
11790179
11904663
11905747
11906939
11906986
11908083
11908926
11909555
11909890
11910139
11910207
11910470
11910697
11910777
11911008
11911585
11911629
11913381
11913523
11913642
11914089
11914236
11914960
11915226
11915250
11915519
11916080
11916098
11916383
11916408
11916649
11916975
11917197
11917270
11917290
11917457
11917512
11917851
11918921
11919255
11919309
11920120
11920336
11920357
11920388
11920528
11920714
11921012
11921796
11921829
11921882
11921967
11921983
11922693
11922805
11924118
11924295
11925439
11926461
11928896
11929127
11930262
11930724
11931862
11933561
11933853
11934419
11937373
12024157
12444656
12446032
12446901
12446999
12447243
12447571
12448604
12448662
12448931
12450410
12450887
12451600
12452581
12455309
12455395
12455690
12458466
12459680
12638500
12639364
12639658
12641913
12642547
12643132
12644672
12644845
12647088
12650027
12698402
12698976
12699003
12699254
12699279
12699814
12700214
12700351
12700609
12700726
12701191
12701349
12701437
12701460
12701674
12702270
12702390
12702869
12703229
12703370
12703622
12704054
12704100
12704224
12704309
12704531
12704603
12704616
12705133
12706272
12706996
12707230
12707411
12707776
12707826
12708188
12708311
12708781
12708813
12709124
12709298
12709365
12709424
12709475
12709576
12709843
12710015
12710055
12710591
12711607
12711963
12712987
12712992
12713520
12713770
12714125
12714871
12717132
12717740
12717932
12720193
12722865
12723190
12726572
12726841
12727316
12728080
12728956
12732598
12732885
12733490
12737796
12740262
12741388
12741881
12742574
12744853
12890127
12890137
12890612
12890634
12891260
12891530
12891626
12892366
12892790
12893110
12893237
12893317
12893456
12893968
12894552
12894589
12894945
12895092
12895217
12895707
12895797
12895846
12895916
12896031
12896152
12896351
12896367
12896858
12897203
12897271
12897277
12897296
12897416
12897454
12897512
12898043
12898440
12898451
12898563
12898847
12899077
12899218
12899303
12899401
12899449
12899576
12899962
12900822
12900868
12900910
12902291
12902728
12902966
12903080
12903092
12903237
12903439
12903516
12903611
12903863
12903995
12904750
12904813
12904824
12905005
12905313
12905780
12906017
12906255
12906563
12906758
12906809
12906926
12907018
12908101
12908273
12908489
12908536
13175149
13175559
13175819
13175927
13176922
13176963
13177040
13177242
13178718
13178864
13179054
13179370
13179426
13179657
13180090
13180392
13180686
13180735
13180882
13181275
13181295
13181484
13181540
13181825
13182107
13182235
13182669
13183178
13183403
13183655
13183814
13184305
13185392
13185937
13186324
13186329
13186497
13186520
13186556
13186562
13186631
13187404
13187480
13187608
13188138
13188953
13189005
13189379
13189577
13189746
13190095
13239172
13239220
13239303
13239459
13239733
13239846
13240195
13240473
13240508
13240773
13240940
13241042
13241208
13241683
13241703
13242238
13242581
13242794
13243535
13243546
13243560
13243811
13243943
13244375
13244488
13244569
13244654
13245009
13245254
13245273
13245553
13245677
13246087
13246097
13246161
13246407
13246623
13246669
13247188
13247224
13247467
13247797
13247801
13247864
13247955
13247960
13248242
13248561
13248793
13249058
13249245
13249359
13249623
13249656
13250661
13250747
13250948
13251084
13251104
13251173
13251472
13251714
13251932
13252019
13252065
13252481
13252495
13252567
13252821
13253053
13253525
13254219
13254442
13254951
13255406
13255420
13255453
13255472
13255511
13255743
13255746
13255904
13255984
13256030
13256065
13256244
13256754
13256926
13257068
13257246
13257363
13257464
13257548
13257673
13257677
13258057
13258515
13259306
13259397
13259449
13259516
13259690
13610294
13610737
13611722
13614118
13617497
13617957
13618929
13619421
13620520
13621516
13622915
13623009
13623815
13624227
13624422
13624759
13624926
13625197
13625400
13625679
13625800
13625833
13626229
13626780
13626863
13627407
13627416
13627567
13628085
13628145
13628478
13628760
13628842
13629118
13629348
13629583
13629872
13630068
13630246
13630718
13630836
13631056
13631216
13631407
13631462
13631481
13631506
13631544
13631561
13632002
13632021
13632255
13632480
13632492
13633827
13633905
13634041
13634389
13634680
13634830
13634876
13635077
13635557
13639363
13645945
13649082
13657808
13659931
13661371
13661921
13664809
13665484
13668820
13670461
13670783
13670833
13671075
13678651
13689526
13690471
13694830
13697242
13698747
13698768
13699091
13699371
13699543
13700000
13700572
13701284
13701557
13701902
13702100
13702110
13702590
13703540
13703552
13703733
13703870
13704152
13704196
13704436
13704743
13705161
13706311
13706956
13707103
13707197
13707832
13709167
13709321
13709524
13709613
13709833
13710399
13729624
13729927
13729959
13730463
13730710
13730776
13730785
13731240
13731304
13731381
13731664
13731745
13732334
13732343
13732661
13732792
13733481
13733754
13734206
13734348
13734436
13734499
13736163
13736190
13736352
13736383
13736559
13737536
13737810
13737930
13738970
13739006
13739037
13739888
13740180
13740225
13740286
13740693
13740800
13741669
13743677
13743734
13744259
13744702
13744784
13744786
13744896
13745604
13745633
13745635
13745969
13746489
13747187
13747770
13747817
13747950
13748339
13748464
13749890
13750034
13750148
13750329
13750333
13750361
13751116
13751177
13751305
13751312
13751604
13751685
13751794
13751826
13752319
13752480
13752524
13752593
13752609
13753106
13753238
13753383
13754107
13754148
13754247
13754388
13754644
13754795
13754866
13755204
13755271
13755357
13755542
13755894
13756001
13756341
13756867
13757003
13757360
13757859
13757888
13758956
13759713
13759884
13760259
13760533
13760723
13761147
13761159
13762345
13762848
13764170
13764668
13765263
13765515
13765734
13766607
13766709
13766891
13766914
13767438
13767459
13769102
13770945
13771801
13772270
13774499
13775080
13775095
13776116
13776178
13776442
13776855
13777083
13777448
13777506
13777981
13778025
13778075
13778392
13778646
13923652
13924389
13925800
13925918
13926210
13926293
13926386
13926456
13926484
13926539
13926666
13926769
13926862
13926887
13927353
13927643
13927870
13928540
13928720
13928786
13928866
13929126
13929422
13929532
13929751
13929853
13930671
13930755
13930905
13931203
13931922
13932104
13932631
13933080
13933504
13933648
13934175
13934320
13934449
13934685
13935314
13935452
13935728
13935887
13936240
13936993
13937101
13937286
13937525
13937920
13938145
13938495
13938755
13939533
13939591
13939742
13939799
13940071
13940086
13940166
13940184
13940920
13941166
13941869
13941945
13942209
13942530
13970614
13971156
13971624
13972152
13972383
13972861
13973090
13973336
13973738
13974645
13975006
13975510
13976039
13976266
13976512
13976765
13977361
13977391
13978034
13978410
13978428
13979004
13979118
13979364
13979588
13979766
13980652
13980668
13980820
13980892
13980902
13981095
13982187
13982659
13982675
13982975
13983662
13983892
13984086
13984684
13984718
13985055
13985290
13985925
13985939
13986122
13986343
13988381
13988496
13988514
13989515
13989836
13990576
13990632
14049657
14049739
14050136
14050960
14050966
14051688
14051693
14051806
14051880
14052120
14052189
14052373
14052808
14053202
14053597
14053972
14053991
14054060
14054181
14054247
14054937
14055844
14055961
14056005
14056715
14056749
14056875
14057449
14057508
14057614
14058009
14058218
14059610
14059682
14059903
14060320
14060651
14061099
14061180
14061670
14061903
14062133
14062220
14062255
14062408
14063051
14063857
14063994
14064989
14065062
14065500
14066034
14066392
14066409
14066857
14067035
14067065
14068292
14068403
14068738
14068889
14069062
14069280
14069370
14070079
14070515
14070589
14071040
14071162
14071316
14071423
14071596
14071684
14072411
14072457
14073263
14073588
14073916
14074135
14074653
14075009
14075428
14075570
14075590
14076016
14077133
14077146
14077717
14077818
14077938
14078455
14079813
14080867
14080885
14081275
14081547
14081653
14081885
14082438
14082495
14082671
14082985
14083036
14083302
14083405
14083532
14084112
14084294
14084343
14084732
14085123
14085900
14126879
14127578
14127850
14128434
14128641
14130157
14130207
14130458
14132372
14132433
14132901
14133044
14133789
14134121
14136338
14137198
14138907
14159275
14159335
14159454
14159900
14160189
14160366
14160791
14160864
14161028
14161224
14161245
14161321
14161631
14161914
14161971
14162330
14162432
14162846
14162936
14163782
14163972
14164124
14164136
14164272
14164696
14164777
14164879
14165070
14165870
14165934
14166131
14166489
14166543
14166617
14166689
14166847
14167089
14167135
14167213
14167229
14167565
14168166
14168347
14168406
14168446
14169471
14169539
14169595
14169646
14170514
14170645
14170721
14170818
14171009
14171174
14172206
14172743
14173026
14173281
14173292
14173791
14174421
14174427
14174623
14175654
14176151
14176584
14176837
14177061
14177109
14177399
14177906
14178366
14178783
14178785
14178833
14178923
14179009
14179096
14179250
14179321
14199297
14200124
14202910
14208191
14209255
14212482
14214602
14214939
14215371
14219396
14340356
14340418
14340510
14340696
14341471
14341903
14342033
14342305
14343888
14344127
14345671
14345881
14345976
14346383
14346511
14346727
14346783
14346963
14347001
14347342
14348172
14348235
14348534
14348815
14350028
14350438
14350787
14351182
14351684
14352366
14353374
14353833
14354988
14381273
14387545
14387623
14388176
14425722
14425753
14425835
14426201
14426277
14426433
14427192
14427274
14428551
14429648
14429767
14430371
14431196
14431551
14431722
14431760
14431780
14431867
14432051
14432398
14432611
14433071
14433094
14433266
14434049
14434207
14434732
14436509
14436578
14437045
14437567
14437917
14438661
14438804
14469967
14470170
14470538
14470546
14470605
14470724
14471773
14471790
14472136
14472290
14472293
14472530
14472564
14472732
14472814
14472944
14472986
14473154
14473164
14473464
14473485
14473518
14474415
14474526
14474827
14474899
14474948
14475107
14475349
14475452
14475665
14475702
14476040
14476313
14477044
14477194
14477270
14477777
14477928
14478012
14478314
14478415
14478566
14478671
14478769
14478917
14479118
14479161
14479233
14479254
14479355
14479578
14479639
14480076
14480414
14480960
14481395
14481397
14481518
14481785
14481834
14482408
14482447
14482549
14482979
14483442
14483530
14483824
14484225
14484765
14485009
14485066
14485131
14485843
14485939
14486007
14486013
14486222
14486355
14486835
14486951
14487303
14488766
14488874
14488890
14489016
14489160
14489229
14489276
14489862
14490223
14490277
14490545
14490787
14490866
14491024
14491241
14491671
14491715
14491846
14492366
14492375
14492657
14492768
14492824
14492930
14492948
14492954
14493050
14555033
14555193
14555440
14555486
14555577
14555789
14556259
14556739
14557271
14557405
14557497
14557508
14557525
14558401
14558428
14558462
14558714
14558857
14559122
14559814
14559934
14559963
14560117
14560351
14560485
14560746
14560860
14561332
14561807
14561917
14562113
14562505
14563591
14563750
14564084
14564364
14564600
14564814
14564845
14565140
14565177
14565458
14566191
14566334
14566503
14566554
14566613
14566728
14567085
14567159
14567256
14567458
14568042
14568216
14568273
14568532
14568885
14568903
14568905
14569337
14569478
14609620
14609950
14610086
14610257
14611235
14611457
14611519
14612081
14612578
14613226
14613509
14614005
14614051
14614727
14614812
14614845
14615454
14615840
14616548
14616878
14617648
14618379
14618547
14619615
14619921
14620151
14620976
14621451
14621484
14621661
14621680
14621894
14622114
14622501
14622807
14623115
14623145
14623447
14624236
14624731
14624805
14625085
14625199
14625714
14627047
14627287
14627290
14627329
14627491
14627726
14627791
14627939
14628196
14628954
14629105
14629282
14629314
14629420
14629449
14629732
14630267
14631201
14631530
14632166
14632233
14632423
14632446
14632622
14632773
14632791
14632857
14632877
14633021
14633066
14633379
14633899
14634020
14634130
14634679
14634989
14635277
14635534
14635883
14635937
14636444
14636507
14636637
14637232
14637860
14638907
14639316
14639759
14639980
14640160
14640434
14641429
14641493
14641499
14641878
14642763
14642933
14643264
14643275
14643339
14643389
14643556
14643629
14643717
14643793
14643878
14643907
14644073
14644892
14644982
14645116
14645298
14645461
14645585
14645592
14645801
14645826
14646013
14646105
14646331
14646715
14646744
14646786
14647245
14647529
14648218
14648863
14648957
14649712
14649846
14650319
14650652
14650761
14650778
14650871
14651080
14651143
14651477
14651782
14651787
14652112
14652641
14653840
14653923
14653973
14654342
14654788
14655542
14656018
14656392
14656635
14656825
14657511
14657525
14657621
14657728
14657809
14658436
14658691
14659893
14673913
14674294
14675930
14675974
14676076
14676617
14678353
14678512
14678970
14680664
14681466
14682481
14682545
14682557
14682679
14683072
14684505
14688854
14689035
14689118
14689535
14690128
14694605
14694857
14762386
14762813
14763268
14763273
14764107
14765660
14768132
14771058
14772629
14772775
14774791
14776091
14856164
14970674
14970772
14970845
14971115
14971290
14971414
14972255
14972449
14972558
14972612
14973312
14974211
14974350
14974639
14974643
14975140
14975948
14976437
14977116
14978088
14978365
14978718
14978940
14978952
14979196
14979664
14979755
14979979
14980325
14981082
14981159
14981408
14981495
14981500
14981863
14982000
14982166
14982240
14982383
14982998
14983195
14984083
14984389
14984594
14984693
14984875
14985769
14985882
14986157
14986298
14986506
14986526
14986831
14987233
14987929
14987964
14988128
14988308
14988910
14989237
14989425
14990999
14991285
14991462
14991529
14991534
14991672
14992228
14992286
14992409
14992467
14993798
14994016
14995275
14995432
14995758
14995861
14995881
14996203
14996710
14997449
14997612
14997709
14998811
14999156
14999759
14999819
14999911
15000144
15000715
15000871
15000902
15000919
15000925
15001783
15002682
15004197
15005134
15005972
15006106
15006226
15006243
15006290
15006675
15007232
15012465
15012939
15015055
15016723
15016744
15018834
15019045
15019225
15019335
15019611
15019713
15020019
15020205
15020252
15020326
15020348
15020408
15020490
15020531
15020937
15021320
15021503
15021718
15022386
15022432
15022648
15022857
15022992
15023344
15023477
15024860
15025651
15026155
15026348
15027198
15027700
15028928
15029098
15029119
15029370
15029380
15030757
15030763
15030783
15030882
15030906
15031013
15031156
15031511
15031602
15031910
15031931
15032038
15032120
15032509
15032706
15032798
15032811
15033313
15033839
15034512
15034904
15035119
15035778
15036364
15036643
15036767
15036965
15037108
15037130
15037307
15037384
15116975
15117002
15117482
15117756
15118899
15119577
15119743
15121056
15121180
15121364
15121408
15121792
15122137
15122675
15122962
15123071
15123307
15123369
15123826
15124230
15124346
15124414
15124930
15125013
15125379
15126588
15126871
15126988
15127247
15127369
15128170
15128191
15128283
15128611
15128877
15128925
15129056
15129163
15129323
15129739
15129926
15130092
15130169
15130712
15130896
15131198
15131347
15133998
15136324
15140842
15140954
15141455
15144823
15146719
15148313
15151012
15151385
15151824
15152350
15152988
15153310
15153566
15154585
15154660
15155236
15155248
15155606
15155953
15156297
15156384
15156432
15156521
15156709
15156865
15156874
15157140
15157307
15157340
15157678
15157818
15158170
15158713
15158775
15158845
15158856
15158873
15159028
15159109
15159146
15159696
15159882
15159896
15160111
15160819
15160831
15160844
15160966
15161293
15161444
15161997
15162473
15162609
15162718
15162873
15163044
15163049
15163197
15163588
15163626
15163871
15164487
15164655
15164668
15164832
15165592
15165988
15166829
15170931
15171212
15171505
15171832
15172363
15175347
15175825
15175955
15177409
15178928
15180923
15182756
15185286
15186479
15251347
15251689
15254002
15256108
15257319
15257682
15257683
15258287
15259471
15259590
15259950
15261437
15263727
15264218
15287294
15287303
15287309
15287359
15287489
15287572
15287740
15287838
15288333
15288549
15291002
15291839
15293637
15293829
15294147
15294309
15294399
15294429
15294446
15295183
15295378
15295627
15295744
15295930
15296264
15297396
15297768
15298418
15298434
15298677
15298975
15299242
15299615
15299670
15299900
15301029
15301128
15301203
15368137
15421036
15421493
15421521
15422105
15422918
15424020
15424442
15425042
15426236
15426902
15426920
15426935
15427149
15427537
15428296
15428556
15428826
15428904
15429201
15429617
15429712
15429859
15430249
15430265
15430296
15430892
15431026
15431168
15431258
15431359
15431433
15431844
15431946
15432630
15433415
15455636
15456069
15456490
15457145
15457260
15457326
15457841
15458339
15458576
15458583
15458648
15459290
15459306
15459330
15459396
15459538
15459759
15460309
15460532
15460599
15460698
15461316
15461675
15462093
15462328
15462422
15462572
15462931
15463193
15463269
15463950
15464265
15464280
15465311
15465498
15465566
15466195
15466246
15466283
15466517
15466531
15466862
15467400
15468457
15468465
15468998
15469537
15469549
15471156
15471280
15471432
15471558
15471653
15471886
15472610
15474137
15474151
15474793
15474803
15474894
15475201
15475366
15476008
15493681
15514035
15515089
15517071
15517440
15525413
15527915
15528668
15531135
15531252
15532193
15605743
15638134
15638298
15638373
15639493
15639670
15639747
15639945
15640175
15640559
15640595
15640797
15640914
15641026
15641134
15641319
15641884
15642030
15642465
15642479
15642684
15642899
15642919
15643081
15643395
15643544
15643815
15643867
15643992
15644254
15644293
15644323
15644546
15644815
15645097
15645460
15645509
15645538
15645633
15645998
15646590
15646706
15646967
15647746
15648160
15648233
15648458
15648593
15648673
15649951
15649994
15650050
15650160
15650170
15650299
15650326
15650515
15650543
15650591
15650774
15650786
15650997
15651769
15651794
15652207
15652705
15653214
15653832
15653899
15654133
15671572
15671684
15672527
15672626
15673277
15674214
15674680
15675458
15676106
15676232
15676373
15676517
15676986
15677312
15677780
15678765
15679146
15679315
15679367
15679462
15679706
15680086
15680176
15680323
15680337
15680749
15681602
15681745
15681980
15682603
15682965
15683424
15683540
15683569
15683621
15683934
15684161
15684609
15684875
15685277
15685343
15685393
15685760
15686104
15686411
15686446
15686562
15686698
15686869
15687106
15687159
15687435
15687978
15688312
15718877
15719542
15719650
15721492
15722089
15722156
15722312
15722658
15722764
15723782
15723879
15724376
15724653
15725313
15726001
15726387
15727159
15727547
15727612
15727839
15728014
15728227
15728284
15728695
15728912
15728926
15729152
15729207
15729833
15730082
15730521
15730529
15730662
15730954
15731072
15731414
15731658
15732085
15732784
15732871
15733159
15733184
15733255
15733256
15733257
15734145
15734452
15734495
15734652
15735410
15735648
15791010
15791283
15798431
15799931
15802244
15802299
15805603
15805666
15807422
15854618
15855532
15856087
15856175
15857045
15857055
15858383
15859497
15860277
15860408
15860609
15860748
15860801
15860833
15861681
15861896
15862381
15862931
15862968
15863211
15864273
15864439
15864542
15864699
15865146
15865217
15865508
15865732
15866396
15866478
15866561
15867032
15867387
15867681
15867752
15867881
15869352
15869381
15869451
15869730
15869902
15870242
15870610
15870665
15872390
15873534
15873630
15873800
15873858
15874530
15874601
15875061
15875112
15875168
15875536
15875992
15876249
15876751
15877252
15878153
15883313
15886179
15887488
15891116
15892407
15935967
15936280
15936350
15936593
15937273
15937371
15937689
15937831
15938078
15938628
15938833
15939362
15939412
15939624
15939684
15939920
15940399
15941760
15942724
15943163
15943185
15943329
15943664
15943766
15944584
15944814
15944928
15944964
15945715
15946747
15947489
15947504
15948704
15949662
15950145
15950300
15950311
15950451
15950909
15951497
15952504
15953143
15953551
15954324
15955333
15955901
15956028
15956477
15956681
15956693
15957040
15958318
15958365
15958495
15959101
15959937
15961659
15961670
15962804
15962869
15962934
15963431
15963600
15963965
15964246
15964421
15964764
15964987
15965297
15965469
15965773
15966504
15967572
15968551
15969151
15969789
15970874
15972193
15972299
15972370
15972539
15973169
15974138
15974810
15974908
15975908
15976128
15976527
15977894
15979582
15979789
15983146
15986972
15987603
15987656
15987983
15988302
15988502
15988679
15988948
15989322
15992816
15992955
15994032
15994731
15995593
16045943
16046990
16048743
16048905
16050218
16053483
16056090
16056911
16058264
16090300
16090864
16091025
16091952
16092131
16092442
16092784
16093071
16093218
16095914
16096445
16096883
16097160
16098383
16098890
16098891
16098901
16099158
16099781
16100098
16100102
16101202
16102498
16102726
16102915
16103824
16103945
16104321
16104949
16105468
16105542
16106258
16106577
16106794
16106838
16107009
16108122
16108309
16108313
16108522
16108936
16109033
16109302
16109663
16110024
16110385
16110474
16110839
16111649
16111997
16112121
16112550
16113470
16113937
16128909
16129943
16130866
16131375
16131465
16132530
16133820
16134650
16138894
16141202
16143149
16143510
16144037
16146289
16161187
16162018
16162225
16162515
16162815
16163063
16163346
16164254
16164388
16164398
16164563
16164601
16164627
16164777
16165091
16165693
16166029
16166339
16166682
16167082
16167678
16167934
16168078
16168104
16168163
16168207
16168656
16169069
16169122
16169186
16169430
16169757
16169838
16169992
16170137
16170164
16170253
16170349
16170678
16170731
16171005
16171015
16171215
16171466
16172604
16172653
16172959
16172984
16173053
16173164
16173244
16173550
16173767
16173822
16174005
16174320
16174411
16174521
16174932
16175015
16175082
16175121
16175171
16175655
16176165
16269610
16269761
16269964
16270017
16270412
16270480
16270610
16270708
16271191
16271510
16271815
16271854
16272185
16273370
16274488
16274674
16274741
16274894
16274899
16276343
16276407
16276584
16277048
16277192
16278149
16278337
16278342
16278662
16279004
16279254
16279344
16279627
16280221
16280279
16281032
16281133
16281276
16281667
16281984
16282012
16282108
16282555
16282707
16282720
16283040
16283176
16283220
16283491
16283550
16284068
16284501
16284645
16285350
16285866
16285891
16285979
16286085
16286931
16287163
16287281
16381245
16382324
16382826
16383197
16383346
16384288
16384300
16384602
16385152
16385940
16386179
16386855
16387044
16387567
16388252
16388252
16388308
16388733
16389145
16389735
16389809
16389854
16390287
16390856
16391185
16391401
16391481
16391697
16391811
16392199
16392199
16392355
16392464
16392760
16393373
16393746
16394199
16394342
16394345
16394653
16395063
16395131
16395201
16395410
16395833
16396152
16396468
16396845
16397076
16397610
16397832
16398251
16398407
16398448
16398464
16398498
16398984
16399049
16399101
16399846
16400459
16400699
16400814
16400895
16400935
16401029
16401627
16402194
16402386
16453688
16454534
16456166
16457574
16459610
16460885
16461854
16462859
16463859
16463943
16464979
16465692
16467149
16467163
16467887
16468862
16469879
16470048
16470181
16470792
16470796
16470835
16471366
16471385
16471447
16471725
16471767
16472018
16472387
16472875
16472901
16473056
16473061
16473426
16473621
16473655
16473658
16473825
16473991
16474028
16474175
16474443
16474539
16474690
16474727
16474826
16474856
16475145
16475305
16475706
16475753
16475883
16476288
16476690
16476879
16476881
16477144
16477328
16477838
16477845
16477924
16477953
16477986
16478022
16478557
16478788
16478853
16479154
16479288
16479402
16480327
16481082
16481195
16481200
16481354
16481813
16481831
16481930
16481962
16482032
16482582
16482720
16482786
16483044
16483356
16483515
16483539
16483663
16483740
16483742
16483764
16484322
16484452
16484519
16484641
16484706
16484725
16484822
16484900
16485099
16485425
16485833
16486176
16486187
16486400
16487082
16487270
16487713
16487803
16488032
16488064
16488541
16488822
16488897
16489003
16489256
16489398
16489836
16490227
16490436
16491042
16491176
16491602
16491681
16491831
16491878
16491975
16492084
16492976
16493087
16493531
16493953
16533701
16534405
16534988
16535283
16535953
16536016
16536675
16536747
16536797
16537225
16537560
16537890
16538111
16538252
16538319
16539132
16539206
16540291
16540437
16540630
16541027
16541425
16541691
16542069
16542146
16542305
16542628
16542828
16543177
16544090
16544505
16545295
16545468
16545697
16545699
16545985
16546439
16547229
16590320
16590481
16590810
16590870
16591989
16592721
16592738
16593215
16594093
16594107
16594770
16594833
16596037
16596067
16598024
16598741
16598955
16599501
16599749
16599761
16599767
16600300
16601869
16602107
16604294
16606288
16606871
16607191
16608393
16674245
16676854
16677636
16796051
16797620
16797641
16798109
16798384
16799109
16799672
16800955
16801073
16801142
16802966
16803002
16803192
16804152
16804560
16804935
16805586
16805781
16806204
16808086
16808212
16812375
16813596
16814438
16815417
16818285
16819386
16819867
16820521
16821511
16825523
16841353
16843228
16847209
16849067
16849861
16859353
17002882
17003139
17005963
17006153
17006622
17008759
17010330
17011929
17011966
17012186
17013130
17013772
17016056
17016268
17016680
17020241
17023410
17158133
17184319
17184338
17184425
17184540
17185221
17185390
17185480
17185730
17185866
17186358
17186548
17186548
17186645
17186728
17187753
17188048
17188421
17188948
17188960
17189528
17189535
17189794
17189904
17190697
17191055
17191069
17191220
17191316
17191377
17191528
17191730
17191890
17191996
17191999
17192051
17192172
17192714
17192877
17193108
17193122
17193728
17193848
17193884
17194555
17194916
17194956
17194992
17195062
17195200
17196120
17196356
17196691
17197009
17197112
17197329
17197427
17197476
17197554
17197608
17197934
17197954
17198370
17198797
17198950
17199063
17199180
17199603
17199924
17200105
17200174
17200218
17200391
17200581
17200722
17200930
17200938
17200943
17201499
17201587
17239569
17240324
17240405
17240457
17240495
17241841
17242145
17242149
17242511
17242573
17242678
17242685
17242959
17243476
17243494
17243649
17244578
17244700
17244939
17245247
17245606
17245877
17246397
17247008
17247240
17247322
17247353
17247660
17247962
17248305
17248340
17248507
17248836
17249358
17249485
17249594
17249902
17250568
17250717
17250808
17250944
17251385
17251493
17310868
17322955
17461009
17462047
17462622
17462660
17462669
17462745
17463071
17463893
17465002
17465773
17465786
17466606
17467804
17468906
17468909
17469048
17470559
17470692
17470938
17471943
17472095
17472243
17473195
17473518
17475459
17475601
17475894
17477119
17477411
17477638
17477756
17477806
17478046
17478621
17478718
17479504
17480495
17481103
17481506
17481823
17481862
17482014
17482140
17482661
17506395
17506409
17506465
17506770
17506826
17507030
17507416
17507579
17508130
17508167
17508236
17508367
17508374
17508446
17508658
17508722
17508804
17509105
17509113
17510154
17510404
17510718
17510846
17511367
17511454
17511580
17511640
17511756
17511839
17511864
17511900
17512059
17512537
17512867
17513493
17513521
17513679
17513693
17514395
17514452
17514738
17514958
17515078
17515393
17515690
17516438
17516630
17516983
17517043
17517290
17517355
17517358
17517958
17518047
17518097
17518251
17518556
17518746
17519407
17519439
17519525
17519973
17921151
17921438
17921592
17921838
17921860
17922180
17922193
17922263
17922299
17922885
17922982
17923327
17923475
17923532
17924167
17924630
17924943
17924988
17925477
17925682
17925802
17925961
17925985
17925988
17926464
17926492
17926870
17926907
17927099
17927222
17927579
17927631
17928544
17928644
17928959
17929541
17929794
17930183
17930651
17931059
17931178
17931240
17931661
17931937
17932136
17932494
17932710
17933160
17933180
17933207
17933271
17934115
17934315
17936126
17936143
17936299
17936475
17937008
17937014
17937087
17937131
17937423
17937587
17937597
17937971
17938224
17938265
17938270
17938648
17939060
17939111
17939303
17940018
17940312
17940462
17940575
17940594
17940791
17940900
17941049
17941185
17941446
17941839
17942150
17942541
17942733
17943199
17943660
17943724
17943945
18027417
18027997
18031695
18032036
18033485
18033851
18043548
18044052
18045192
18045843
18047233
18049302
18058627
18105935
18106191
18106446
18107210
18107223
18107575
18108848
18109016
18109148
18109406
18109530
18109871
18110352
18110406
18110852
18111021
18111082
18111198
18112664
18112951
18113198
18113339
18114017
18114181
18114379
18114782
18114907
18115283
18115428
18115906
18116085
18116096
18116740
18117204
18117729
18118357
18118520
18118639
18118671
18118770
18119686
18120061
18120303
18120537
18121011
18121123
18121155
18121407
18121791
18122278
18248931
18249463
18348151
18348928
18349119
18349817
18349897
18350020
18350158
18350916
18351243
18351557
18351685
18351831
18352538
18353509
18353657
18353814
18353912
18353996
18354488
18355107
18355641
18355710
18355721
18355973
18356096
18356504
18356555
18356699
18357244
18357330
18357886
18357920
18358004
18358434
18359070
18359352
18359489
18359596
18360185
18360228
18360241
18360245
18360489
18361094
18361508
18361528
18361606
18361964
18362823
18363484
18363531
18364231
18364743
18365241
18365460
18365531
18365700
18365750
18365795
18366407
18366649
18366882
18366941
18367163
18367287
18367373
18367746
18367983
18368968
18412873
18416290
18418671
18461431
18468254
18617319
18617967
18618452
18618623
18618678
18618808
18618973
18619135
18620080
18620741
18620865
18621445
18621470
18621554
18622248
18622337
18622886
18623278
18623503
18623605
18623992
18624721
18624974
18625180
18625211
18625302
18625677
18625697
18627128
18627387
18627627
18627658
18627737
18628287
18628299
18628838
18629380
18629429
18729999
18731435
18733404
18733490
18735452
18735762
18738113
18740127
18741716
18743994
18744784
18746362
18750519
18795239
18795366
18795507
18795508
18795947
18796131
18796893
18797125
18797465
18798199
18798244
18798899
18799741
18799794
18799862
18800028
18800091
18800399
18800556
18800973
18801225
18801923
18802194
18802319
18802491
18802772
18803386
18803480
18803731
18803886
18804195
18804311
18804844
18804884
18805843
18805858
18805896
18806414
18806417
18806576
18807232
18807518
18808398
18808806
18809174
18809229
18809980
18810383
18810659
18811095
18811423
18812440
18812784
18813019
18813638
18837986
18838198
18839040
18936105
18937291
18937647
18938247
18938581
18938630
18939555
18940167
18940264
18940265
18940843
18941576
18941578
18941999
18942637
18943320
18943830
18944694
18944850
18944886
18945695
18945702
18945795
18945862
18947553
18947818
18966277
18967007
18967099
18967376
18967398
18967596
18967870
18968349
18968545
18968602
18968667
18969174
18969635
18969799
18969801
18970101
18970473
18971333
18972385
18972446
18973448
18973576
18973753
18974632
18974749
18974963
18975016
18975625
18975937
18976310
18976419
18976751
18976981
18977291
18977474
18977988
18978630
18978884
18979230
18979635
18979640
18979983
18980125
18980353
18980408
18980667
18981169
18981394
18981937
18981957
18982037
18982077
18982518
18982647
18982771
18983101
18983129
18983391
18983571
18983671
18984573
18984757
18985387
18986226
18986315
18986728
18986867
18986933
18987047
18987558
18988381
18988685
19054735
19055917
19056275
19057200
19057269
19058355
19058458
19058685
19059647
19060152
19060461
19061187
19061349
19063179
19063867
19064244
19064319
19064320
19064453
19065264
19065543
19065591
19066215
19066793
19067211
19067510
19067660
19067749
19067972
19068370
19069889
19070015
19070416
19070460
19070800
19072500
19074007
19215209
19215422
19215639
19215786
19216613
19216979
19217271
19217444
19217706
19217997
19218103
19219176
19219816
19221269
19221389
19221426
19222119
19223250
19224016
19224145
19225634
19226202
19227114
19227570
19227961
19228093
19229925
19229952
19230083
19230254
19230544
19230861
19231090
19300454
19300493
19300843
19301302
19301334
19301428
19301544
19301562
19301747
19302037
19302689
19302735
19302990
19303122
19303126
19303444
19303709
19303965
19304507
19304770
19305236
19305720
19306632
19306958
19307894
19307899
19307936
19308307
19308878
19309108
19309300
19309738
19309821
19310351
19310767
19310865
19310875
19311134
19311356
19311438
19311535
19456945
19457037
19458053
19458297
19458773
19459324
19459506
19459768
19460364
19461296
19461641
19461878
19462634
19462984
19463615
19463866
19466564
19468843
19525591
19525613
19525663
19525811
19526378
19526940
19527188
19527193
19527428
19527447
19527666
19528280
19528318
19528589
19528601
19528774
19528837
19528985
19529148
19530051
19530651
19530721
19530776
19530941
19530985
19531019
19531568
19532251
19533060
19534452
19534483
19535376
19536017
19536221
19536477
19536570
19536646
19536690
19536715
19536725
19536758
19536795
19536871
19536911
19536917
19536962
19537065
19537474
19537711
19537851
19537980
19538443
19539117
19539202
19539249
19539313
19539640
19540221
19540533
19540585
19540593
19540980
19541236
19541261
19541590
19541819
19623262
19623305
19623584
19623957
19624694
19625193
19625290
19625303
19625683
19625766
19626311
19626699
19626818
19627365
19627983
19628216
19628792
19628892
19629034
19629613
19630001
19631045
19631791
19631854
19632150
19632878
19633424
19633781
19635132
19635576
19635852
19636458
19636930
19637403
19661274
19668087
19670185
19737597
19943691
19946091
19960788
19961709
19961873
19962538
19964273
19964671
19965141
19967157
19967512
19967872
19968445
19970409
19970811
19971576
19971714
19972169
19972282
19973687
19974792
19976185
19978132
19978597
19978962
20052333
20052440
20052441
20052459
20052506
20052864
20053090
20055053
20055074
20056041
20056226
20056344
20056353
20056419
20056507
20056635
20056699
20056979
20057060
20057272
20057672
20057868
20058139
20058448
20058458
20058483
20058599
20058811
20059254
20060490
20060583
20060596
20060678
20061155
20061323
20061445
20061635
20062340
20062748
20062896
20063029
20063101
20063107
20063433
20063714
20063909
20064456
20064537
20065099
20065159
20065474
20065915
20065939
20066085
20066789
20066805
20067064
20067089
20067771
20067781
20213613
20214032
20215134
20216162
20216280
20216561
20216771
20217858
20217984
20218055
20218122
20218232
20218337
20218759
20218759
20218882
20218977
20219250
20219451
20219929
20220085
20220142
20220595
20220855
20221075
20221353
20221539
20221992
20222291
20223013
20223460
20224950
20225204
20225707
20225959
20226374
20226949
20227015
20227237
20227541
20227892
20227943
20228135
20228245
20228765
20229057
20229229
20229574
20230219
20230775
20230984
20232086
20232279
20232640
20232858
20233121
20233178
20233200
20233568
20233915
20269085
20272355
20272864
20336965
20337953
20338062
20338064
20339751
20340887
20341377
20341858
20342417
20344314
20345886
20346370
20346805
20348391
20348625
20348954
20349546
20349617
20349765
20349791
20349943
20351430
20351824
20351991
20353193
20353678
20353788
20354233
20355466
20356115
20373285
20373799
20374521
20374826
20374942
20375125
20375923
20376025
20376652
20376861
20377982
20378396
20379078
20379317
20380915
20381428
20381819
20381942
20383160
20383820
20384066
20385543
20386052
20386172
20386757
20386854
20388558
20389850
20389872
20389899
20390410
20390707
20390759
20391868
20392046
20392947
20393241
20393814
20393894
20393904
20394223
20394778
20395058
20395161
20395185
20423208
20504356
20504360
20505159
20505459
20505693
20505703
20505706
20506252
20506447
20506751
20506762
20506770
20507372
20507638
20508649
20508999
20511081
20511128
20511171
20511331
20511551
20511904
20512476
20512744
20513121
20513385
20513434
20513541
20513885
20513964
20514763
20514764
20514945
20515197
20515298
20515863
20516347
20516606
20517560
20517944
20518086
20518917
20518934
20519168
20519276
20519409
20519484
20519673
20519811
20520261
20520600
20520971
20521129
20521245
20521274
20522025
20522211
20522584
20522595
20522959
20523557
20524128
20746802
20748535
20748906
20750009
20754738
20757306
20760922
20933520
20934159
20934385
20935351
20937923
20938294
20938838
20942158
20943147
20943465
20943757
20943958
20944618
20945021
20946358
20946722
20949104
20949606
20949609
20949631
20950697
20951561
20951587
20952077
20953467
20953478
21124439
21125032
21126268
21126881
21126946
21126992
21128477
21128675
21128866
21128971
21129000
21129084
21129667
21129805
21130410
21130537
21131494
21131763
21132389
21133021
21133195
21133371
21134236
21135249
21135254
21136538
21168037
21168717
21171141
21176431
21254300
21257318
21259299
21267552
21268252
21269047
21273224
21274844
21274993
21515796
21515976
21516036
21516228
21516296
21517700
21517815
21517875
21517990
21518493
21518811
21519096
21519213
21519270
21519315
21519955
21520126
21520379
21520609
21520717
21520914
21521072
21521399
21521508
21521873
21522547
21522602
21522609
21522731
21523332
21523389
21523493
21523541
21523657
21524103
21524187
21524717
21524734
21525816
21525857
21526082
21526632
21527116
21527678
21527768
21528058
21528435
21529005
21529585
21529697
21529782
21529820
21529931
21530111
21530753
21530876
21530919
21531400
21531468
21531875
21532320
21532815
21533256
21533301
21533570
21534064
21534131
21534927
21535320
21535445
21535462
21535483
21536083
21536135
21536772
21537670
21555669
21556090
21556751
21556787
21557152
21557191
21558017
21558082
21558644
21558805
21558984
21559542
21560021
21560527
21561712
21562542
21564549
21564583
21565123
21565405
21566066
21566134
21566371
21567545
21567753
21568255
21568282
21568478
21568489
21568728
21569456
21569681
21570275
21570754
21693649
21694867
21703438
21705274
21708317
21711861
21713132
21787561
21788061
21788137
21788153
21788167
21788954
21789135
21789584
21789635
21789792
21789867
21790228
21790361
21790773
21790892
21790945
21791009
21791032
21791079
21791103
21791273
21791504
21791637
21792521
21792581
21792602
21794024
21794587
21795288
21795471
21795643
21795684
21795900
21796170
21796233
21796415
21796774
21797110
21797352
21797382
21797772
21797995
21797999
21798583
21799091
21799222
21799478
21799832
21799852
21799908
21799947
21800195
21800282
21800295
21800349
21800372
21800534
21800916
21800927
21800959
21801027
21801040
21801108
21801260
21801621
21801645
21801756
21802376
21802455
21802555
21802576
21802724
21802853
21803209
21803806
21803877
21804097
21804148
21804227
21833799
22118417
22120797
22130643
22131960
22132496
22134000
22143869
22144838
22148842
22154036
22228274
22229158
22229316
22230743
22232070
22232431
22232889
22233096
22233275
22233488
22233689
22233862
22233885
22234360
22234446
22235430
22236017
22236598
22237410
22238789
22239633
22240212
22240701
22241702
22243132
22243197
22243879
22244429
22244433
22264639
22264665
22264697
22264851
22265540
22265698
22265882
22266470
22266471
22266527
22266728
22266878
22267326
22267334
22267614
22267962
22268076
22268437
22268528
22268649
22269227
22269598
22270224
22270812
22271318
22271456
22271557
22271677
22272198
22272456
22272693
22273396
22273438
22273591
22273687
22274837
22276031
22276229
22276282
22276596
22278136
22278420
22278433
22278454
22278519
22278934
22278997
22279949
22279951
22280090
22280174
22280227
22280563
22280893
22324797
22534004
22668514
22668562
22668842
22668994
22669301
22670158
22671748
22671754
22672216
22674784
22675868
22676776
22677012
22677103
22677295
22677595
22677956
22679805
22680472
22681901
22682639
22764582
22765218
22771509
22774383
22796449
22797500
22797974
22798331
22798860
22798946
22799532
22799727
22799761
22799798
22799804
22799876
22800471
22800878
22801147
22801287
22801685
22801800
22801858
22802889
22803525
22803612
22803923
22804190
22804269
22804361
22805487
22805642
22805704
22806047
22806107
22806187
22806366
22806439
22806574
22806894
22806959
22807466
22807530
22808343
22808397
22808573
22808627
22808694
22809201
22809663
22809978
22810340
22810624
22810749
22810892
22810969
22811055
22811212
22811249
22811713
22811767
22811800
22855377
22855782
22872358
22872767
22872859
22873169
22873405
22873863
22874901
22875009
22875252
22875499
22875960
22876030
22876198
22876786
22877332
22877586
22877824
22878066
22878226
22878419
22878590
22878685
22878844
22879300
22879644
22879764
22879901
22879924
22880208
22880629
22880923
22881091
22881181
22881200
22881245
22881263
22881301
22881723
22882266
22882312
22882484
22882805
22883108
22883242
22883681
22883731
22884176
22884215
22884343
22884974
22885034
22885235
22885282
22885290
22885582
22885742
22885799
22886116
22886624
22886712
22886774
22887951
22964560
22965338
22970937
22974714
22986697
22986823
22987168
22988187
22988907
22990022
22994222
22995487
22995920
22996452
22996458
22996621
22996683
22997188
22997439
22997536
22998050
22998122
22998639
22998925
22999283
22999735
22999756
22999839
22999840
22999862
22999964
22999990
23000940
23001077
23001202
23002068
23002101
23002299
23002489
23002904
23003422
23003514
23003724
23004083
23004464
23005050
23005161
23005181
23005248
23005757
23006277
23006356
23007119
23007212
23007456
23007990
23008276
23008452
23008495
23008738
23009376
23009431
23009653
23009691
23009987
23010232
23010264
23135009
23135016
23135812
23135916
23135973
23137911
23138010
23138076
23138456
23138507
23139297
23139912
23139978
23140241
23140786
23140873
23141276
23141941
23143226
23143664
23144933
23145167
23145256
23145451
23145525
23145669
23146460
23146650
23147315
23147682
23147952
23148047
23148917
23149070
23149324
23149808
23150607
23150628
23150737
23151453
23151662
23151723
23151815
23153150
23153574
23154729
23155504
23155633
23156473
23156554
23157017
23157149
23197842
23205701
23209512
23298646
23597513
23597529
23598175
23598362
23598394
23598680
23598867
23599197
23599444
23599489
23599798
23600066
23600090
23600521
23600761
23601113
23601124
23601316
23601399
23601713
23602109
23602290
23602635
23603331
23603592
23603931
23604247
23604578
23604821
23604848
23605417
23605603
23606795
23607290
23607324
23607599
23608026
23608194
23608301
23608949
23608993
23609389
23609603
23609667
23610064
23611376
23611549
23611814
23612740
23613359
23614144
23614221
23614324
23614729
23615009
23615027
23615028
23615155
23615811
23616877
23617320
23617484
23617767
23617910
23618074
23618106
23618157
23618489
23618593
23619050
23619083
23619483
23619612
23619680
23619749
23639064
23641873
23643048
23643066
23647188
23650913
23651902
23653656
23655171
23656089
23685433
23720096
23720148
23720151
23720212
23721396
23722525
23722800
23722897
23722933
23723891
23724315
23724926
23726543
23727203
23727446
23727532
23727754
23728871
23729125
23729472
23729697
23733320
23733540
23733633
23735702
23736075
23736183
23736503
23736659
23756393
23767488
23770845
23818894
23819432
23819523
23819864
23819909
23820156
23821015
23821623
23822047
23822563
23822844
23823276
23823329
23823682
23823857
23823909
23824574
23824586
23824719
23824739
23824805
23825419
23825489
23825975
23826215
23826751
23826959
23827082
23827424
23827457
23827820
23828002
23828039
23828429
23828588
23829920
23830180
23831234
23831378
23831543
23831905
23831967
23832312
23832717
23833338
23833430
23833732
23833747
23834416
23834968
23835495
23835747
23835766
23835805
23836079
23836984
23837195
23837195
23837851
23838502
23839187
23839330
23839537
23839542
23839663
23840109
23840239
23840632
23841160
23841590
23842368
23908832
23918406
23919752
23920926
23962530
23964481
23965289
23965341
23965738
23967349
23967740
23968372
23970532
23970614
23970981
23973141
23973476
23973636
23974144
23974422
23974479
23975358
23975383
23975993
23977244
23977619
23978966
24167708
24167738
24168062
24168352
24168667
24168811
24169299
24169365
24169440
24170012
24170314
24170444
24170711
24170793
24171070
24171106
24171193
24171329
24171683
24171772
24172235
24172710
24173270
24173332
24173779
24174292
24174935
24175164
24176523
24177034
24177147
24177341
24177549
24177781
24178130
24178185
24178675
24178696
24179084
24179707
24180862
24181022
24181332
24181368
24181429
24181768
24182029
24182110
24182303
24182631
24183158
24183234
24183492
24183706
24184239
24184599
24184659
24184799
24184811
24185250
24185379
24185456
24185613
24185650
24185925
24186795
24186928
24187248
24187604
24187753
24187782
24187868
24188269
24188874
24189100
24189164
24189608
24189698
24362380
24362844
24366188
24368679
24371788
24373795
24399574
24465932
24466472
24466778
24466880
24467119
24467318
24467328
24467722
24469503
24469904
24470164
24470368
24470405
24470741
24471352
24471425
24471574
24472699
24472783
24472913
24472940
24473128
24473209
24473306
24473710
24474865
24474898
24475264
24475689
24475734
24476270
24476394
24477027
24477202
24477273
24477393
24477618
24477658
24477924
24477986
24478386
24478636
24478842
24479301
24479801
24480179
24480431
24480462
24480689
24480831
24481619
24482013
24482390
24482661
24482879
24483484
24483775
24484766
24485056
24485282
24485734
24502760
24503183
24503462
24504380
24506037
24506272
24507356
24507538
24507790
24507859
24508215
24508662
24508705
24509169
24509200
24509338
24509439
24510768
24511001
24511317
24512934
24513357
24513648
24514556
24515601
24516186
24516768
24517813
24518663
24519218
24519456
24520704
24578639
24763369
24828518
24832566
24834580
24834625
24837579
24839670
24839844
24842707
24845755
24848833
24850691
24850699
24850784
24851861
24851887
24852257
24852384
24852596
24852629
24852828
24853008
24853053
24853136
24853332
24853484
24853685
24854007
24854192
24855132
24856400
24856626
24857239
24857954
24858030
24858212
24858997
24859460
24859462
24859633
24859872
24860025
24860153
24860369
24860868
24861384
24861690
24861707
24861912
24862212
24862384
24862403
24862446
24862660
24862713
24862867
24863507
24863792
24864092
24864133
24864564
24864718
24865948
24865971
24866951
24867100
24867259
24867575
24867771
24868273
24868707
24869228
24869327
24869361
24869378
24869540
24869761
24869969
24870075
24870322
24870391
24870682
24870845
24870879
24870903
24870975
24871499
24871512
24871632
24872369
24872591
24872686
24873387
24939961
24943542
24943585
24943686
24944647
24945779
25026807
25026839
25026847
25027029
25027417
25028580
25028635
25028990
25029187
25029549
25029587
25029625
25029723
25029750
25030071
25030229
25030287
25030350
25030632
25030831
25030849
25031029
25031073
25031376
25031543
25032358
25033312
25034101
25034424
25034535
25034718
25034749
25034807
25034858
25035107
25035436
25035449
25035853
25035989
25036433
25036538
25037125
25037402
25037822
25038153
25038581
25038872
25038957
25038976
25039220
25039770
25040378
25040491
25040786
25041143
25041195
25041261
25041458
25041609
25041840
25042154
25042225
25042262
25042503
25042650
25042841
25042951
25043000
25043061
25043200
25043377
25043983
25044428
25044558
25044619
25045040
25045204
25045219
25045276
25045403
25045404
25045777
25045959
25046313
25047255
25047274
25047405
25047812
25047845
25048423
25048463
25048473
25048901
25049128
25049305
25049399
25049658
25049953
25050422
25052263
25053763
25060088
25062030
25065392
25065622
25069348
25111921
25114021
25114733
25140015
25143826
25149092
25391455
25394415
25394445
25394864
25395217
25395465
25395573
25396041
25396268
25397969
25398129
25398246
25398923
25400095
25404196
25404217
25405730
25406475
25406722
25431071
25431313
25432513
25437276
25440175
25440317
25440961
25511948
25512130
25516258
25516566
25516812
25517463
25517567
25518954
25519302
25519567
25520070
25520538
25521396
25521545
25521686
25522299
25522415
25524976
25525204
25525400
25525734
25526065
25526388
25527525
25528579
25528643
25528756
25529448
25529993
25530464
25531118
25531400
25531778
25531904
25533522
25534381
25534774
25534920
25626940
25628508
25631012
25631895
25632876
25634552
25635435
25637303
25641075
25642108
25642756
25642986
25643971
25646021
25646395
25647116
25647810
25669857
25670616
25671505
25672493
25673204
25673729
25675094
25678371
25680480
25681370
25681986
25682435
25682608
25683710
25684996
25685814
25686227
25686948
25687013
25688686
25689332
25689342
26088413
26088960
26089125
26089686
26090505
26091905
26092871
26093534
26094622
26094850
26095801
26096138
26096306
26096313
26096742
26096769
26098027
26098314
26098454
26098471
26099447
26099543
26099654
26099880
26102049
26103580
26105751
26107336
26110932
26111505
26113493
26113847
26113869
26115916
26117362
26117489
26118503
26119027
26119975
26121815
26124767
26125117
26125350
26126062
26241918
26252788
26253091
26253211
26253671
26254160
26254187
26254342
26254760
26254952
26255013
26255304
26255312
26255838
26255892
26256007
26256156
26256159
26256175
26256546
26256759
26257549
26258381
26258419
26258505
26258758
26258785
26258995
26259147
26259335
26259709
26260953
26261297
26261699
26261748
26262031
26262245
26262310
26262347
26262432
26262674
26263323
26263426
26263556
26263618
26264407
26264779
26265204
26265318
26265367
26265428
26265734
26265976
26265996
26266378
26266407
26266506
26266521
26266689
26266712
26266961
26266989
26267362
26267797
26267818
26267819
26267999
26268379
26268447
26268545
26268772
26269178
26269219
26269517
26270195
26270684
26270775
26270812
26271165
26272024
26272166
26272448
26272468
26272782
26272859
26272926
26273496
26273805
26274697
26705050
26834636
26835238
26835637
26835917
26836644
26836780
26837034
26837346
26837400
26838057
26838368
26838718
26839191
26840038
26840462
26840688
26841037
26841357
26841365
26842076
26842365
26842397
26842948
26843044
26843302
26843667
26843790
26844020
26844296
26844523
26844537
26845067
26845212
26845880
26845900
26845916
26847419
26847704
26847957
26848488
26848527
26848620
26848795
26848987
26849099
26849483
26849634
26849765
26851113
26851926
26852019
26852202
26852944
26853170
26853257
26854344
26854471
26854508
26854906
26855317
26855434
26856002
26857791
26858099
26858657
26859879
26862538
26863171
26863346
26863610
26864447
26865065
26866030
26867425
26870637
26870675
26871084
27070442
27076265
27126900
27297677
27299542
27300414
27302798
27303137
27303898
27304994
27305179
27309414
27311691
27311960
27312070
27336006
27337300
27338034
27341623
27350704
27354300
27354301
27354728
27355094
27355346
27355652
27355826
27356368
27356596
27356833
27356926
27356993
27358081
27358357
27358668
27359316
27359368
27359412
27359716
27359849
27360308
27361517
27361669
27361707
27362019
27362921
27363121
27363279
27363518
27363905
27364027
27364629
27365082
27365679
27365767
27366044
27366181
27366302
27366648
27366676
27367464
27367497
27367643
27367836
27368023
27368246
27524289
27524339
27524389
27525277
27525456
27525523
27525616
27526087
27526745
27526749
27527015
27527036
27527171
27527418
27528367
27528878
27528885
27529038
27529245
27529317
27529343
27529970
27529982
27530116
27530368
27531167
27531289
27532859
27532978
27533074
27533897
27534246
27534444
27534478
27534688
27534940
27535638
27535719
27535761
27535856
27536104
27536980
27537050
27537391
27537912
27538047
27538757
27538859
27539161
27539657
27539906
27540299
27540351
27540359
27541101
27541761
27541854
27541890
27542818
27543043
27543221
27543266
27543593
27543704
27543734
27544005
27544303
27544379
27544611
27544625
27545373
27545420
27545570
27546053
27546637
27546898
27547121
27547139
27633215
27633671
27634099
27634758
27637300
27638113
27640435
27640471
27640601
27642230
27643630
27644427
27644551
27645057
27699548
27699589
27699671
27699802
27699974
27700108
27700540
27700951
27700990
27701277
27701337
27701364
27702004
27702037
27702222
27703495
27704488
27704825
27704939
27705024
27705148
27705185
27705349
27705449
27706865
27706877
27707688
27709307
27709345
27709786
27709897
27710633
27713134
27786644
27786768
27786865
27787103
27787397
27789242
27789768
27790728
27790797
27791046
27791359
27791670
27792061
27792076
27792631
27792795
27793413
27793803
27793906
27794030
27794054
27794176
27794184
27794369
27794621
27795477
27795941
27796275
27796465
27796853
27796887
27796906
27797234
27797556
27798047
27798269
27798518
27798715
27798766
27800508
27800886
27800941
27801112
27801471
27801501
27801575
27802264
27802593
27802661
27802696
27802741
27802748
27802877
27803109
27803348
27803623
27804012
27804053
28023175
28025940
28026947
28027488
28029197
28030528
28032340
28032675
28033010
28033900
28037618
28060628
28061292
28061440
28061710
28062295
28062791
28063713
28064230
28068605
28068838
28068870
28070824
28071403
28071622
28072130
28074683
28077660
28078008
28078807
28079313
28080093
28153349
28485797
28486404
28486769
28487097
28487812
28487887
28487900
28488205
28488435
28488701
28488977
28489334
28489439
28489487
28489931
28490281
28491341
28491872
28492039
28492191
28492256
28492292
28492332
28492437
28492506
28492546
28492664
28492701
28493040
28493097
28493749
28493976
28494215
28494252
28494358
28494839
28494857
28494884
28494916
28495264
28495313
28495896
28495907
28495952
28495993
28496355
28496460
28496475
28497049
28497248
28497469
28497692
28497751
28497753
28498057
28498157
28498201
28498376
28498641
28498826
28499037
28499279
28499411
28499462
28499722
28499759
28499807
28499835
28499951
28499961
28499967
28500448
28656519
28656925
28657231
28657311
28657459
28657644
28657691
28658450
28658816
28659011
28659031
28659358
28660091
28661146
28661835
28661931
28661979
28661981
28662918
28663024
28663357
28664354
28664374
28665545
28665553
28665848
28665981
28666850
28666893
28667985
28668192
28668541
28668700
28669323
28669377
28669487
28670208
28670662
28670764
28671276
28671893
28672736
28672957
28673095
28673805
28673968
28674533
28674917
28675077
28777416
28777604
28778529
28778774
28779299
28780929
28781286
28783491
28783692
28783920
28784700
28786552
28788677
28789221
28789405
28791925
28791965
28794157
28795248
28795299
28796933
29015890
29016329
29019900
29020400
29033331
29107083
29107362
29107915
29109355
29111233
29111280
29113595
29116702
29116717
29117403
29118240
29138827
29139673
29140316
29140699
29141527
29141650
29141684
29142014
29142637
29143024
29143516
29143535
29144455
29144531
29144577
29144841
29144859
29146024
29146069
29146417
29146621
29147530
29148122
29148280
29148289
29148732
29149204
29151625
29151935
29153366
29153601
29153609
29154482
29154621
29155590
29155728
29370043
29370371
29370707
29370731
29370870
29371659
29371682
29372381
29372513
29372554
29372556
29372920
29373000
29373192
29373232
29373238
29373621
29373680
29374127
29374211
29374303
29374425
29374581
29374595
29374695
29374920
29375147
29375335
29375481
29376068
29376758
29377049
29377121
29377382
29377766
29378046
29378565
29378723
29379133
29379333
29379792
29380111
29380629
29380824
29381155
29381182
29381203
29381210
29381559
29381922
29382912
29382934
29383433
29383652
29383764
29383982
29384031
29384256
29384685
29384777
29384930
29385241
29386122
29386596
29386732
29387401
29387905
29389357
29389503
29389508
29389619
29390307
29390666
29390724
29390985
29391037
29391065
29391544
29392185
29392348
29392624
29392674
29417223
29444655
29444928
29448770
29449912
29450948
29453421
29453946
29454464
29551179
29551983
29569607
29570246
29571306
29571810
29571957
29573833
29581580
29582943
29583552
29583833
29652876
29655725
29655843
29664436
29673233
29673902
29730437
29731304
29731692
29732715
29732769
29732879
29733184
29733682
29733777
29734073
29734099
29734188
29734209
29735055
29736927
29736953
29737184
29737385
29737688
29738146
29738329
29738553
29738694
29738736
29738749
29738758
29739379
29739436
29740377
29741045
29741370
29741905
29741963
29742001
29742253
29743458
29743666
29744171
29744230
29744619
29744717
29744822
29744961
29744975
29744980
29782372
29804375
29804869
29804995
29805068
29809128
29809531
29810639
29810790
29816819
29818115
29818261
29820161
29821761
29824382
29960687
29962894
29963257
29963508
29963998
29964114
29964169
29964991
29965213
29965262
29966200
29966259
29966363
29966768
29967052
29967304
29968384
29968395
29968787
29969024
29969548
29969609
29969995
29971198
29971210
29971357
29971540
29971668
29972458
29972468
29973139
29973154
29973277
29973331
29973645
29973772
29974496
29974637
29974833
29974919
29975020
29976377
29976589
29977143
29977324
29978464
29978515
29979498
29979566
30035785
30037011
30037072
30037886
30042218
30042241
30042290
30044399
30045002
30045215
30045419
30046265
30046639
30047642
30050410
30052350
30054228
30054673
30090084
30090749
30090759
30090794
30091306
30091657
30093851
30094458
30094693
30096674
30096881
30098194
30098441
30100015
30101022
30101343
30101398
30101584
30101686
30102104
30103159
30104256
30105343
30105481
30106863
30108043
30108101
30109709
30109836
30110315
30111607
30167754
30167948
30168089
30168107
30168879
30169644
30169714
30170064
30170560
30170736
30170944
30171049
30171432
30171509
30171780
30172022
30172180
30172491
30172599
30172894
30172976
30173036
30173037
30173092
30174293
30174303
30174507
30174785
30175401
30176686
30176704
30177810
30177879
30178272
30178353
30178621
30178987
30179458
30179605
30179724
30179760
30180402
30181323
30181766
30181991
30342640
30342761
30342958
30342959
30343039
30343233
30343303
30343488
30343527
30343755
30343800
30344016
30344202
30344449
30344805
30344983
30345088
30345149
30345490
30345724
30345981
30346003
30346550
30346955
30347075
30347817
30347917
30348061
30348074
30349121
30349214
30349754
30349954
30350185
30350378
30350491
30350579
30350611
30350662
30351161
30351162
30351704
30352153
30352345
30352577
30352972
30353143
30353197
30353258
30353281
30353283
30353406
30354487
30354641
30354765
30354898
30355432
30355703
30355747
30356300
30356903
30370464
30376934
