88153
90613
91516
92742
92912
97708
98945
103608
103819
105131
105406
107380
108672
109101
245656
246022
246499
246606
247604
247713
247790
248248
248603
248838
249100
249454
249510
249560
250047
250112
250556
250576
251208
252243
252683
253385
253417
253732
253740
254203
255288
256091
256630
256849
257204
258695
259226
259570
260452
261657
261660
262141
262419
262598
262629
263594
263688
264098
264279
264704
265034
265215
265347
265724
265966
266311
266320
267011
267426
284146
284164
284826
284970
285029
285340
285873
287317
287499
287638
287724
288068
288095
288322
288488
288567
288669
288737
288962
289189
289706
289758
290459
290584
290715
291208
291540
291616
292197
292515
292875
293035
293495
293662
293695
293994
294056
294256
294456
294699
295362
295513
295529
296084
296254
296757
296928
297199
297918
297932
298121
298243
298540
299190
299410
299911
300267
300528
300572
301018
301097
301137
301247
301441
302409
302684
303279
303427
303534
303586
303896
304027
304194
304235
304408
304631
304904
304953
305165
305286
305531
305691
305920
306029
306168
359228
359662
360318
360418
360450
360502
361198
361284
361430
361550
362143
362317
362490
362514
362819
363027
363382
363614
363994
364115
364373
364842
365859
366303
366415
366438
366571
366710
366988
367193
367263
367712
367807
367961
368738
368962
369980
370169
370275
370505
370830
370854
370882
370996
371029
371041
406096
407537
408450
408855
409863
410441
411462
411598
411799
412797
415321
416616
418207
419164
419650
419901
422196
422450
422903
423706
427623
428711
428887
428964
429015
525655
526459
526521
528328
528501
528931
529291
529600
529685
529987
531945
532049
535867
537126
539318
539844
540033
540170
541467
543414
543706
543757
544254
545866
546249
546546
546705
546742
590969
682261
682470
683070
683250
683279
683415
683767
683847
684069
684833
684859
684921
685040
685162
685668
686138
686215
686760
686925
687572
688582
688890
689260
689601
689652
689903
690434
690903
691272
691729
692530
693323
693779
693930
694164
694721
695515
695595
695820
695826
696004
696598
696918
697043
697866
698229
698596
698605
698645
698819
699197
699973
700151
700190
700251
701120
701184
701661
701676
701751
865674
865786
865910
867248
868975
869307
869407
871147
871500
873115
875506
877086
877464
1011014
1011108
1011186
1011616
1011669
1011764
1011981
1012238
1012316
1012427
1012490
1012581
1013209
1013555
1013745
1014066
1014225
1015572
1015791
1016284
1016392
1016521
1017618
1017739
1017816
1018292
1018332
1018538
1019151
1019209
1019278
1019603
1019623
1020382
1020523
1020898
1020986
1021206
1021478
1021741
1022771
1022963
1023259
1023598
1023948
1023950
1024986
1025489
1025743
1025864
1026184
1026296
1026493
1026713
1026812
1026935
1026968
1027092
1027302
1027614
1027737
1027902
1028445
1028577
1028694
1029601
1029644
1030244
1031848
1040220
1040874
1042089
1043387
1044262
1046626
1047052
1047102
1130395
1143617
1150048
1152893
1153422
1155548
1157970
1193798
1198290
1203490
1203714
1203722
1203738
1204495
1204726
1204961
1205728
1205743
1205924
1206214
1206220
1206798
1207413
1207504
1207574
1207653
1208250
1208437
1208754
1209311
1209394
1209556
1210417
1210522
1210962
1211110
1211339
1211548
1211586
1211679
1211764
1211967
1212146
1212163
1212306
1212387
1212466
1213133
1213760
1213943
1214261
1214434
1214937
1215287
1215487
1215573
1215797
1215904
1216338
1217631
1217791
1217890
1218030
1218303
1218568
1218610
1218659
1218720
1218758
1219327
1219350
1219404
1219416
1263963
1264201
1264534
1264697
1265206
1265226
1265490
1265536
1265739
1266093
1266773
1267434
1267964
1268112
1268538
1268754
1268939
1269076
1269151
1269214
1269520
1269524
1269575
1270832
1271020
1271188
1271333
1271730
1272103
1272132
1272150
1272180
1272185
1272195
1272323
1272377
1272432
1272712
1272796
1272864
1273387
1273412
1273991
1273995
1274146
1274452
1274530
1274692
1274730
1274829
1274980
1275128
1275570
1275700
1275833
1276891
1277341
1277533
1277630
1277699
1277730
1277846
1278038
1278240
1278361
1278606
1278670
1279008
1279139
1279167
1279349
1279421
1279725
1280248
1280299
1280583
1280606
1280755
1280949
1281538
1282286
1282360
1282470
1282478
1283087
1283336
1284167
1284853
1284928
1285190
1285197
1286093
1286262
1286455
1286512
1286555
1286701
1286757
1286894
1377134
1378072
1378465
1378790
1379327
1379360
1379492
1379938
1380317
1380900
1381124
1381311
1381338
1382441
1382746
1382943
1383254
1383442
1383535
1383910
1384740
1385241
1385383
1385678
1385931
1385989
1386104
1386242
1386712
1386758
1386779
1387073
1387444
1387637
1387868
1388269
1388834
1388925
1389099
1389159
1522348
1522419
1522877
1523576
1523991
1524822
1524850
1524973
1525146
1525350
1525471
1525778
1526677
1526729
1526857
1527668
1527763
1528086
1528376
1528555
1528998
1531836
1531942
1533605
1534326
1535098
1535128
1536222
1538382
1538527
1541193
1542959
1752734
1753427
1753865
1754099
1754198
1754348
1754460
1754646
1754970
1754982
1755089
1755112
1756011
1756278
1756602
1756704
1757410
1759295
1759435
1759968
1760222
1760658
1761000
1761659
1761726
1762867
1762951
1762972
1763281
1764157
1764574
1764971
1765236
1765659
1765695
1765788
1765957
1766315
1766956
1767039
1767723
1767848
1767860
1768245
1768985
1769096
1769102
1769692
1769890
1770141
1837774
1838024
1838716
1838848
1838967
1839340
1839647
1842444
1842464
1842595
1843080
1843299
1843655
1843767
1844181
1844281
1844344
1844529
1844598
1844745
1844954
1845139
1845404
1845567
1846023
1846473
1847116
1847127
1847156
1847177
1847363
1847433
1847476
1847641
1847892
1848867
1849175
1849178
1850431
1850686
1850700
1851161
1851274
1851449
1851590
1851857
1852173
1852487
1852495
1852862
1853006
1853107
1853219
1853379
1853414
1854193
1854623
1855844
1855993
1856829
1857003
1857680
1857720
1858044
1858073
1858376
1858476
1859022
1859723
1859902
2264313
2264771
2264982
2265183
2266100
2266117
2267259
2268259
2268620
2268642
2269230
2269452
2269466
2270507
2270859
2270956
2271281
2271290
2272542
2273433
2273708
2273751
2273886
2273906
2273958
2274597
2274799
2274939
2275158
2275199
2275361
2275745
2275994
2276032
2276476
2276556
2278809
2279211
2279808
2280806
2281468
2281509
2281907
2281928
2282009
2282385
2282493
2282813
2282981
2282992
2283628
2284095
2284375
2284452
2285548
2286239
2368129
2372428
2374115
2378839
2401504
2405738
2406083
2409000
2411259
2415819
2416211
2417118
2421585
2464203
2464335
2464413
2464615
2464656
2465145
2466093
2466192
2466256
2466469
2466643
2467066
2467148
2467194
2467644
2467754
2467882
2468132
2468197
2468317
2468446
2468538
2468855
2468881
2470275
2470398
2470469
2470521
2471424
2471485
2471566
2471578
2471709
2471728
2471917
2472013
2472013
2472100
2472105
2472520
2472855
2473568
2474718
2474900
2475330
2475359
2475541
2475655
2475736
2475819
2475912
2476280
2476360
2477039
2499376
2499409
2499865
2501011
2502615
2502662
2502669
2503030
2503375
2503715
2503828
2503853
2503952
2504788
2505473
2505694
2505800
2506543
2506654
2507466
2507557
2507615
2507749
2508646
2509490
2509540
2509763
2509884
2510137
2511126
2511670
2512134
2512567
2512568
2512768
2512786
2513030
2513364
2513760
2513886
2513945
2514441
2514955
2515443
2516334
2516368
2516503
2516736
2517362
2517374
2517433
2517754
2518169
2518209
2518267
2518468
2518686
2518996
2519255
2520006
2520597
2520725
2522010
2522023
2522394
2522515
2522548
2712461
2715562
2725030
2726061
2726543
2728145
2728694
2730099
2731421
2731867
2736047
2736351
2759634
2946166
2946178
2946267
2946326
2946545
2946616
2946668
2946832
2946882
2947055
2947338
2947339
2947344
2947402
2947563
2948007
2948187
2948385
2948741
2948868
2949101
2949171
2949439
2949441
2949546
2949631
2949692
2949971
2950406
2950660
2950677
2950709
2950935
2951360
2951449
2951812
2953140
2953516
2953611
2953920
2954473
2954688
2954902
2955234
2955276
2955660
2955965
2956043
2956207
2956234
2956850
2956858
2956889
2956954
2957264
2957399
2957426
2957944
2959239
2959289
2959625
2959696
2959765
2959922
2959956
2960288
2960291
2960407
2960526
2960530
2960827
2961610
2961654
2961857
2961947
2962377
2962433
2962467
2962609
2962658
2963004
2963643
2964080
2964322
2964709
2965031
2965180
2965557
2965666
3005140
3036452
3043358
3048153
3055672
3056732
3057440
3058145
3058182
3058435
3060373
3060396
3061161
3061308
3061347
3062650
3064532
3065117
3065147
3065792
3066480
3067321
3067586
3067597
3161975
3164267
3171468
3235583
3235855
3235950
3235989
3236398
3236418
3236715
3236948
3236954
3237014
3237321
3237483
3237917
3238025
3238180
3238550
3238558
3239247
3239451
3239871
3240447
3240823
3242432
3242547
3242753
3243024
3243365
3243393
3243807
3244158
3245081
3245136
3245593
3245797
3246045
3247435
3247838
3248123
3248457
3248637
3248771
3248897
3248944
3249275
3249298
3249320
3249447
3250765
3251234
3251421
3251502
3251508
3251550
3251629
3252031
3252183
3252399
3252633
3252762
3253374
3253721
3253883
3254136
3254604
3254674
3254990
3255479
3255567
3255742
3255910
3402233
3406649
3407921
3428679
3428697
3429381
3429419
3429626
3429713
3429984
3430072
3431160
3431893
3431937
3432247
3432565
3432595
3432656
3432731
3432843
3432947
3433084
3433450
3433504
3434212
3434457
3435032
3435303
3435499
3435707
3435776
3436040
3436074
3436435
3436525
3436622
3436775
3436788
3436851
3436950
3437132
3437303
3437495
3437757
3438126
3438303
3438811
3439073
3439213
3439453
3440133
3440485
3440549
3440813
3440999
3441078
3441137
3441304
3441414
3441625
3441661
3441673
3441908
3442385
3442508
3442615
3442672
3442865
3443259
3443266
3443517
3443544
3443804
3444208
3444238
3444283
3444512
3444866
3444876
3445093
3445152
3445601
3445658
3445713
3445924
3446003
3446102
3446120
3446614
3446812
3446902
3447115
3447631
3500211
3500341
3500386
3500945
3502636
3502808
3502938
3503050
3503149
3503456
3503651
3503657
3503929
3504578
3504765
3504984
3505216
3506008
3506533
3506732
3506733
3506917
3507196
3507367
3507522
3508744
3510350
3510785
3511308
3511502
3511653
3511868
3511993
3513148
3513856
3513899
3514551
3514886
3515024
3515549
3515792
3515828
3516165
3516614
3516749
3517829
3677998
3678027
3678123
3678272
3678632
3679310
3679457
3680116
3680250
3680285
3680550
3681007
3681384
3681554
3682031
3682229
3682312
3682763
3683181
3683754
3683991
3684006
3684107
3684594
3684597
3684734
3685054
3685091
3685469
3685475
3685638
3685887
3686001
3686667
3686698
3686734
3687146
3687195
3688163
3688468
3688477
3689496
3690239
3690450
3691466
3692106
3692639
3693333
3693468
3693978
3694055
3694079
3695076
3695087
3695785
3696608
3696816
3697056
3697181
3697434
3697673
3698172
3698525
3698536
3698704
3698984
3699106
3699117
3699218
3699232
3699274
3699545
3699941
3700021
3873830
3874045
3874450
3874480
3874751
3875558
3875621
3876037
3876336
3876337
3876780
3877195
3877583
3877630
3877949
3878449
3878572
3879655
3879876
3880009
3880367
3880551
3880562
3880598
3880629
3880911
3881304
3882170
3883026
3883095
3883717
3883884
3884673
3884920
3885280
3885526
3885606
3885653
3885698
3886021
3886502
3886619
3886640
3886745
3886859
3886897
3887088
3887243
3887382
3887560
3887588
3887602
3887822
3888625
3888631
3888734
3888910
3888991
3889515
3889778
3889871
3890242
3890484
3890494
3891117
3891387
3891437
3958327
3962138
3967404
4001908
4006453
4007676
4007822
4008863
4015128
4015883
4016983
4018187
4018655
4128657
4214461
4215536
4215582
4215777
4215833
4216164
4216197
4216603
4217699
4217801
4218428
4218732
4219142
4219854
4220019
4220714
4221072
4221110
4221151
4221343
4221867
4222546
4222666
4223209
4223359
4223484
4223569
4224001
4224518
4224549
4225050
4225916
4225987
4226840
4227860
4227989
4228221
4228222
4228582
4229487
4229713
4230566
4230704
4231093
4231309
4280534
4280998
4282022
4282763
4282790
4282986
4284199
4284270
4284288
4284459
4284739
4284910
4285022
4285271
4285342
4285675
4287302
4288373
4289288
4289984
4290169
4291140
4291256
4291301
4291318
4292506
4293910
4405438
4417817
4421409
4421622
4466215
4466228
4466300
4466418
4466587
4466661
4466712
4466991
4467091
4467345
4467423
4467425
4467449
4467462
4468395
4468398
4468803
4468811
4468943
4469132
4469462
4469586
4469687
4470224
4470277
4470371
4470571
4471105
4471138
4471162
4471199
4471534
4471768
4471811
4472198
4472261
4472670
4472721
4473493
4473554
4473647
4474134
4474456
4475055
4475074
4475129
4475251
4475438
4475459
4475580
4476064
4476139
4476548
4477040
4477553
4477593
4477642
4477919
4478418
4478595
4478664
4479559
4480227
4480359
4480605
4480790
4481395
4481481
4481511
4481907
4481982
4482083
4482445
4483057
4483074
4483140
4483309
4483360
4483430
4484179
4484304
4484351
4484381
4484467
4484531
4484869
4484910
4484979
4485004
4485651
4486341
4486712
4487486
4491092
4494785
4494789
4496342
4499837
4504140
4506436
4506660
4507627
4508430
4514550
4515588
4517672
4579538
4582037
4585705
4710045
4725134
4739422
4795329
4795866
4796065
4796206
4797053
4797086
4797273
4797483
4798267
4798604
4798927
4799128
4799397
4799462
4800077
4802032
4802554
4802559
4802623
4802809
4802854
4802909
4803403
4803447
4803707
4804305
4804317
4804346
4804438
4804809
4804904
4805080
4805401
4805600
4805665
4806772
4807015
4807107
4807294
4808138
4808169
4808189
4808194
4808440
4808461
4808544
4808629
4808654
4808938
4809405
4809418
4809781
4809885
4809897
4810387
4810895
4811070
4811456
4811517
4811683
4812446
4812770
4812788
4964926
4964958
4965183
4965314
4966236
4966509
4968923
4970366
4972184
4973097
4973527
4975152
4975749
4976543
4976622
4976883
4976930
5091270
5092755
5095022
5102582
5108363
5111079
5111152
5134642
5136234
5136614
5136895
5138201
5140281
5141127
5142323
5143779
5144554
5146907
5150371
5152169
5382669
5382802
5383192
5383726
5384355
5385061
5385418
5385750
5388593
5388679
5390245
5391238
5392306
5392767
5392911
5393321
5393910
5394381
5395678
5395930
5396168
5396769
5397011
5398327
5399138
5401930
5403348
5458783
5458953
5459025
5459245
5459337
5459364
5459386
5459803
5459825
5460051
5460484
5460597
5460674
5460978
5461158
5461665
5462095
5462956
5462979
5463655
5463735
5465745
5465877
5466063
5466904
5467029
5467449
5467522
5467643
5468144
5468816
5469368
5469563
5469649
5469660
5470145
5470393
5470639
5470676
5470726
5470801
5471238
5471332
5471369
5471455
5471521
5472228
5472526
5472706
5473154
5473261
5473550
5473604
5474383
5474424
5474492
5475053
5475591
5475605
5475728
5476055
5476114
5476165
5476457
5476657
5476814
5477120
5477125
5477277
5477432
5477595
5477713
5478139
5478658
5478741
5478746
5478864
5478996
5479180
5479409
5479797
5479902
5480212
5480311
5480472
5480567
5480737
5480884
5481683
5481790
5482003
5630100
5630420
5633329
5633462
5633636
5633698
5633822
5634640
5636465
5638046
5638162
5638472
5638850
5639625
5639948
5640032
5640433
5640650
5641165
5641274
5641439
5641577
5642675
5642774
5643393
5644107
5644422
5644480
5644606
5645118
5645682
5646726
5647493
5648220
5648264
5648396
5648572
5648907
5649134
5649300
5650252
5767903
5772183
5775032
5780987
5789168
5794527
5794746
5795165
5795565
5798683
5800697
5801247
5801260
5804765
5805345
5807492
5810837
5872272
5873720
5874987
5875365
5876268
5876789
5877694
5879994
5882559
5882957
5884658
5885275
5885305
5885378
5886547
5887193
5888738
5930554
5931061
5932399
5933421
5933432
5933542
5933694
5933721
5934623
5934652
5935098
5935434
5935481
5936635
5936689
5936797
5936931
5937015
5937301
5937604
5938323
5938646
5938758
5938821
5938824
5938879
5939015
5939338
5940654
5941184
5941570
5941972
5942891
5943708
5943801
5944548
5946153
5946318
5946977
5946987
5947006
5947057
5947550
6033672
6038853
6039477
6040595
6041643
6043436
6043870
6046576
6094977
6095040
6095465
6096086
6096697
6096771
6097087
6097313
6097753
6097913
6098144
6098718
6098902
6098938
6100011
6100095
6100583
6100772
6100946
6101349
6101613
6101704
6101753
6101883
6101931
6102040
6102240
6102385
6102905
6103024
6103194
6103635
6103719
6104168
6104619
6104866
6104986
6105523
6105996
6106096
6106113
6106323
6107256
6107391
6107646
6107849
6107853
6108030
6108092
6108132
6108178
6108381
6108788
6108995
6109044
6109052
6109140
6109147
6109540
6109761
6110255
6110362
6110502
6110819
6110927
6111190
6111515
6111838
6112184
6112233
6112970
6113103
6113417
6113493
6113516
6113792
6113822
6114719
6115377
6115919
6117696
6118371
6118600
6118788
6118909
6118928
6120073
6120663
6120825
6121237
6121400
6121856
6125080
6125123
6125554
6125674
6125829
6126788
6127274
6127684
6128091
6136160
6144238
6358948
6371599
6371859
6372807
6378787
6530087
6531892
6536307
6538237
6540037
6544592
6546832
6627907
6628228
6628734
6629728
6630044
6630549
6631021
6631372
6631711
6632051
6632556
6633023
6633316
6634121
6634369
6634452
6635209
6635233
6635260
6635280
6635750
6635866
6635961
6636069
6636304
6636442
6638017
6638470
6639866
6639908
6640180
6640238
6640377
6640405
6640584
6640965
6641057
6643825
6671167
6672037
6673000
6676214
6684270
6685706
6686806
6712802
6713725
6713903
6714025
6714293
6715031
6715172
6716982
6719427
6719533
6719747
6720155
6720282
6721470
6721759
6721938
6723310
6723942
6724883
6724904
6724907
6726541
6728260
6764370
6765556
6765912
6766512
6766846
6766895
6767820
6768432
6768529
6768530
6769108
6769841
6769843
6770264
6770902
6771585
6772095
6772959
6773115
6773151
6773960
6773967
6774060
6774127
6775818
6776083
6866234
6867575
6867738
6868187
6868362
6868489
6868505
6868575
6868666
6869094
6869124
6869649
6870030
6870095
6870167
6870332
6870363
6870536
6871255
6871346
6871538
6871831
6872745
6873383
6873447
6873508
6873754
6873764
6873994
6874334
6874458
6874637
6874700
6875488
6875863
6875988
6876282
6876322
6876502
6876598
6877106
6877585
6877955
6878095
6878264
6879014
6880347
6880597
6880918
6881528
6882155
6883061
6883194
6911366
6914986
6916253
6916686
6956698
6957615
6959659
6960272
6966463
7051246
7052688
7056666
7060806
7062237
7063307
7063797
7064700
7067467
7203304
7203434
7203457
7203578
7204965
7205274
7205759
7206811
7207635
7207652
7208014
7208386
7208432
7208526
7210023
7210617
7211117
7211214
7211466
7212025
7212277
7214072
7214604
7214926
7215300
7215311
7215711
7217100
7217339
7217708
7308342
7308747
7309060
7309267
7309412
7309471
7309548
7309581
7309607
7309871
7310513
7310828
7310889
7310908
7311044
7311081
7311514
7311828
7312170
7313221
7313256
7313853
7313888
7314146
7314528
7314574
7314677
7314783
7315015
7315168
7315813
7316019
7316231
7316826
7316839
7317153
7317199
7317430
7318178
7318273
7318530
7319903
7320196
7320854
7320868
7321475
7321777
7321836
7321920
7322013
7322092
7322407
7322521
7322648
7411311
7414639
7414902
7416870
7420046
7421018
7538854
7541143
7548802
7598574
7711765
7712883
7713341
7713364
7713407
7713411
7713901
7713956
7713988
7714107
7714409
7714451
7714643
7715175
7715295
7715894
7715898
7716025
7716070
7716081
7716111
7716414
7716602
7716629
7716772
7717049
7717078
7717176
7717303
7717443
7717822
7718702
7718745
7718816
7718939
7718986
7719055
7719321
7719625
7720359
7720556
7721090
7721207
7721217
7721546
7721724
7721774
7722306
7722383
7722691
7722920
7723025
7723096
7723149
7723226
7723257
7723284
7723523
7723671
7723675
7724366
7724483
7724934
7725118
7725365
7809137
7810036
7810180
7810611
7810834
7811487
7811724
7812964
7814998
7815444
7815761
7815819
7817293
7817455
7817769
7818800
7819525
7820616
7822410
7822763
7823568
7825259
7826462
7826548
7826562
7826683
7828338
7828411
7828528
7830016
7886347
7886772
7887115
7887568
7888481
7890360
7891540
7891752
7891765
7892260
7893270
7895124
7895438
7895873
7897127
7897387
7897751
7898851
7898969
8041174
8042136
8042435
8042811
8043401
8044269
8044641
8045277
8045393
8046187
8046915
8049081
8051159
8052508
8052924
8053473
8055180
8055683
8072666
8074479
8074709
8075038
8076132
8076798
8076820
8077268
8077822
8080267
8080692
8082995
8159091
8159207
8159226
8159842
8160257
8160688
8160716
8160730
8160984
8161504
8162063
8162088
8162815
8163257
8163525
8164192
8164778
8165055
8165552
8165804
8165970
8166232
8166271
8166402
8168809
8168960
8169627
8170835
8170892
8171189
8171838
8172124
8172377
8285674
8286024
8286147
8286306
8286341
8286635
8286951
8287376
8287592
8287708
8287970
8288135
8288224
8288271
8288336
8288704
8289232
8289667
8290353
8290425
8290701
8290768
8290771
8290957
8290970
8291184
8291412
8291550
8291795
8292010
8292660
8293357
8293751
8293984
8294225
8294583
8294655
8294834
8295608
8295965
8296793
8297308
8297401
8297503
8297667
8297928
8298812
8299002
8299079
8299346
8299518
8299697
8299828
8300071
8300196
8301039
8301141
8301508
8302251
8302506
8302637
8303522
8303532
8304281
8304626
8304685
8305205
8305288
8555952
8556078
8556771
8556979
8557214
8558127
8558188
8558992
8559755
8560161
8560365
8560593
8560687
8560977
8561344
8562253
8562366
8562697
8564389
8564554
8564775
8566019
8566411
8566484
8566983
8567431
8567580
8568711
8568750
8569478
8569515
8570029
8571557
8573391
8573715
8573760
8722983
8723339
8723592
8723943
8723976
8724498
8724704
8724753
8725465
8725687
8725825
8726486
8726686
8727110
8727235
8727325
8727555
8727568
8727878
8727956
8728377
8728477
8728825
8729369
8729419
8729470
8730952
8731099
8731218
8731401
8731402
8733111
8733217
8733356
8734404
8734557
8735125
8735357
8735378
8735917
8736348
8736485
8736610
8736740
8736785
8737066
8737450
8737457
8737603
8737713
8737812
8737859
8737866
8737887
8738255
8738328
8738332
8738409
8739048
8739238
8739442
8739524
8739632
8739695
8740205
8740353
8740535
8740633
8740684
8740891
8741034
8741326
8741399
8741415
8741777
8741873
8742226
8742334
8742606
8742868
8961789
8961883
8962010
8962143
8962388
8962622
8964110
8964419
8964594
8964617
8964709
8965031
8965666
8966113
8966386
8966428
8967187
8967468
8969122
8969367
8969453
8970555
8970583
8970625
8970693
8970827
8970943
8971403
8971664
8972055
8972406
8972422
8972876
8972950
8973646
8973731
8973910
8973977
8974194
8974287
8974464
8974944
8975251
8975416
8975598
8975890
8976009
8976062
8976193
8976661
8976701
8976728
8976915
8977492
8978690
8979023
8979026
8979206
8979688
9037701
9055751
9056557
9056762
9056943
9057011
9057578
9057592
9057906
9058092
9058300
9058755
9058954
9059004
9059080
9059304
9059562
9059789
9060057
9060220
9060238
9060281
9060670
9061235
9061361
9061486
9061539
9061602
9062133
9062209
9062259
9062587
9062864
9062882
9062891
9063840
9064440
9065433
9065442
9065618
9065632
9065704
9066148
9066441
9066583
9066825
9067320
9067535
9067798
9067820
9067858
9068039
9068101
9068300
9068439
9068664
9068692
9068823
9069674
9069814
9070267
9070389
9070633
9070823
9070987
9071016
9071032
9071180
9071222
9071471
9071513
9071598
9071881
9072064
9072163
9072227
9072293
9268865
9268947
9268980
9269349
9269382
9269949
9272233
9272397
9272495
9272766
9272808
9273024
9273168
9273330
9275552
9276394
9276666
9277015
9277535
9277835
9277905
9278591
9278954
9279575
9280040
9280103
9280836
9282062
9282466
9282477
9282797
9283253
9283284
9283862
9284227
9284690
9284882
9285150
9285550
9285774
9285888
9286125
9286172
9286214
9287313
9288223
9288338
9288583
9288754
9289130
9439711
9441144
9442438
9442750
9443918
9444813
9444932
9447777
9447846
9448746
9449182
9449464
9449568
9449826
9449905
9450408
9450738
9451445
9451624
9451951
9452131
9452823
9453209
9453243
9454499
9454790
9455229
9455732
9458115
9459343
9460038
9460070
9497553
9499755
9503286
9503879
9505922
9506613
9506744
9507387
9509245
9511038
9512059
9512738
9513516
9513767
9515402
9714173
9773969
9775523
9775661
9776758
9777626
9779131
9779924
9781038
9781104
9781141
9781618
9782635
9783007
9783427
9783665
9786646
9851592
9851998
9852304
9852384
9852532
9852717
9852764
9853523
9853889
9854084
9854104
9854431
9855164
9856219
9856908
9857004
9857052
9857054
9857991
9858097
9858430
9859427
9859447
9860618
9860626
9860921
9861054
9861923
9861966
9863058
9863265
9863614
9863773
9864396
9864450
9864560
9865281
9865735
9865837
9866349
9866966
9867809
9868030
9868168
9868878
9869041
9869606
9869990
9870150
10137017
10138564
10138638
10138649
10139474
10139637
10139897
10140014
10140187
10140873
10141272
10141368
10141471
10142858
10143450
10143486
10143603
10144281
10144379
10144473
10145369
10146071
10146095
10146278
10146764
10148007
10149014
10149397
10149952
10150133
10150270
10150559
10150603
10151051
10151749
10152013
10152099
10152386
10152410
10152648
10152905
10153315
10153748
10154372
10154575
10154989
10155011
10155435
10155498
10155698
10156140
10156718
10156841
10157234
10158146
10158315
10158358
10158430
10158585
10158780
10158794
10158811
10159136
10159340
10159785
10159919
10160301
10161100
10161355
10161584
10161609
10161617
10161650
10161816
10161817
10161845
10161912
10162121
10162144
10162741
10162835
10162990
10163168
10163251
10163435
10163554
10164569
10164997
10165025
10165380
10165932
10165997
10166332
10166804
10167763
10167953
10167990
10444812
10444965
10445604
10446048
10446160
10446450
10446754
10446965
10447403
10447744
10447863
10448447
10448479
10449417
10449657
10449661
10449774
10450057
10450879
10450924
10450994
10451836
10453315
10455645
10456586
10456735
10458012
10458164
10458235
10458419
10459296
10541224
10541393
10541907
10542647
10543460
10543656
10543711
10544034
10544058
10544319
10544541
10544713
10544825
10545174
10545596
10546194
10546582
10546699
10546897
10548220
10548360
10548553
10548735
10548935
10549043
10549232
10549399
10550115
10550383
10550466
10550652
10551006
10551277
10551785
10551902
10551922
10552400
10552487
10553251
10553669
10554345
10554352
10554682
10554686
10554972
10555428
10555908
10556078
10556337
10556715
10557285
10557694
10557933
10557966
10558306
10558371
10558444
10558892
10559070
10559073
10559281
10559951
10686499
10687945
10731883
10732073
10732703
10733049
10733510
10733735
10734119
10734851
10734854
10735020
10735110
10735201
10735812
10736250
10736937
10737933
10739286
10739532
10739628
10739644
10739945
10740016
10741384
10741720
10741792
10742212
10742660
10742751
10742995
10743219
10743648
10743778
10744364
10744679
10798476
10799223
10799233
10799346
10799582
10799759
10800029
10800031
10800069
10803659
10803758
10804760
10804804
10804872
10805001
10805229
10805432
10805642
10805685
10806865
10807029
10807198
10807558
10807706
10808681
10808899
10808916
10810188
10810231
10810553
10810745
10811242
10811414
10812251
10812653
10813000
10813551
10814215
10929588
10934694
10934729
10936486
10989997
10991328
10991460
10991508
10992192
10992712
10993261
10993375
10994267
10994363
10995030
10996125
10996201
10996320
10996552
10997116
10997342
10997514
10997584
10997694
10997847
10997952
10998342
10998346
10998891
10999035
10999402
10999642
11000429
11000454
11000817
11000836
11001245
11001546
11001853
11002065
11002612
11002631
11002852
11002887
11003960
11003976
11003981
11004314
11004430
11004899
11004942
11004943
11005061
11005129
11005624
11006016
11006187
11006736
11007027
11007047
11007125
11007690
11007691
11008027
11008283
11008330
11008498
11008887
11009474
11009743
11009816
11010263
11010528
11010701
11010704
11010724
11010898
11010961
11011090
11011208
11011858
11030435
11031091
11033079
11033125
11035742
11036027
11036214
11036820
11036893
11037658
11038265
11043296
11281968
11282007
11282357
11282816
11282848
11282942
11283058
11283076
11283261
11283551
11284203
11284249
11284504
11284636
11284640
11284958
11285223
11285479
11286021
11286284
11286750
11287234
11288146
11288472
11289408
11289413
11289450
11289821
11290392
11290622
11290814
11291252
11291335
11291865
11292281
11292379
11292389
11292648
11292870
11292952
11293049
11313274
11313562
11315068
11315526
11316346
11317585
11318305
11319517
11321042
11321056
11322181
11323068
11324144
11324491
11326471
11326758
11330267
11330893
11330974
11331323
11543869
11567074
11568797
11569809
11570560
11572574
11573331
11573652
11573919
11575021
11575492
11575606
11576145
11578041
11579283
11581437
11584480
11585601
11670423
11671545
11671791
11672368
11672502
11672964
11676624
11677396
11679272
11683363
11686270
11688962
11693070
11779852
11782113
11782721
11782913
11785174
11787846
11788171
11791553
11791822
11792297
11793061
11793937
11797094
11797546
11797587
11798037
11798447
11799073
11800450
11800703
11800989
11803676
11804598
11804607
11811481
11811490
11813382
11819180
11819400
11901498
12101813
12103189
12104058
12104156
12104400
12104728
12105761
12105819
12106088
12107567
12108044
12108757
12109738
12112466
12112552
12112847
12115623
12116837
12118424
12118998
12119025
12119276
12119301
12119836
12120236
12120373
12120631
12120748
12121213
12121371
12121459
12121482
12121696
12122292
12122412
12122891
12123251
12123392
12123644
12124076
12124122
12124246
12124331
12124553
12124625
12124638
12125155
12126294
12127018
12127252
12127433
12127798
12127848
12128210
12128333
12128803
12128835
12129146
12129320
12129387
12129446
12129497
12129598
12129865
12130037
12130077
12130613
12131629
12131985
12133009
12133014
12133542
12133792
12134147
12203892
12204976
12206168
12206215
12207312
12208155
12208784
12209119
12209368
12209436
12209699
12209926
12210006
12210237
12210814
12210858
12212610
12212752
12212871
12213318
12213465
12214189
12214455
12214479
12214748
12215309
12215327
12215612
12215637
12215878
12216204
12216426
12216499
12216519
12216686
12216741
12217080
12218150
12218484
12218538
12219349
12219565
12219586
12219617
12219757
12219943
12220241
12221025
12221058
12221111
12221196
12221212
12221922
12222034
12223635
12227970
12228127
12349454
12350318
12350612
12352867
12353501
12354086
12355626
12355799
12358042
12360981
12413633
12413810
12414954
12415976
12418411
12418642
12419777
12420239
12421377
12423076
12423368
12423934
12426888
12640571
12640886
12641218
12642095
12642276
12642672
12642744
12642881
12643092
12643675
12643743
12643804
12644187
12644722
12644729
12644977
12646459
12646584
12647337
12647698
12647912
12648522
12648567
12649023
12649562
12649641
12650016
12650727
12650761
12650930
12651098
12652150
12652694
12652817
12652864
12653297
12653477
12653684
12653856
12653921
12654209
12654509
12654572
12655296
12655418
12655559
12655590
12655789
12656151
12656276
12656314
12656737
12656940
12657014
12657034
12657775
12658095
12658387
12658659
12658904
12659689
12659741
12659819
12660343
12661412
12661547
12661593
12661612
12661615
12661854
12662432
12662469
12801409
12801696
12802301
12806607
12809073
12810199
12810692
12811385
12813664
12916663
12917106
12918091
12920487
12923866
12924326
12925298
12925790
12926889
12927885
12929284
12993758
12994495
12995906
12996024
12996316
12996399
12996492
12996562
12996590
12996645
12996772
12996875
12996968
12996993
12997459
12997749
12997976
12998646
12998826
12998892
12998972
12999232
12999528
12999638
12999857
12999959
13000777
13000861
13001011
13001309
13002028
13002210
13002737
13003186
13003610
13003754
13004281
13004426
13004555
13004791
13005420
13005558
13005834
13005993
13006346
13007099
13007207
13007392
13007631
13008026
13008251
13008601
13008861
13009639
13009697
13009848
13009905
13010177
13010192
13010272
13010290
13011026
13011272
13011975
13012051
13012315
13012636
13115883
13115931
13116014
13116170
13116444
13116557
13116906
13117184
13117219
13117484
13117651
13117753
13117919
13118394
13118414
13118949
13119292
13119505
13120246
13120257
13120271
13120522
13120654
13121086
13121199
13121280
13121365
13121720
13121965
13121984
13122264
13122388
13122798
13122808
13122872
13123118
13123334
13123380
13123899
13123935
13124178
13124508
13124512
13124575
13124666
13124671
13124953
13125272
13125504
13125769
13125956
13126070
13126334
13126367
13127372
13127458
13127659
13127795
13127815
13127884
13128183
13128425
13128643
13128730
13128776
13129192
13129206
13129278
13129532
13129764
13130236
13130930
13131153
13131662
13132117
13132131
13132164
13132183
13132222
13132454
13132457
13132615
13132695
13132741
13132776
13132955
13133465
13133637
13133779
13133957
13134074
13134175
13134259
13134384
13134388
13134768
13135226
13136017
13136108
13136160
13136227
13136401
13205742
13205763
13206086
13206366
13206538
13206995
13207567
13208279
13208552
13208897
13209095
13209105
13209585
13210535
13210547
13210728
13210865
13211147
13211191
13211431
13211738
13212156
13213306
13213951
13214098
13214192
13214827
13216162
13216316
13216519
13216608
13216828
13217394
13243483
13244428
13248787
13251199
13306303
13308426
13309866
13310416
13313304
13313979
13317315
13318956
13319278
13319328
13319570
13327146
13456991
13463573
13466710
13500021
13500031
13500506
13500528
13501154
13501424
13501520
13502260
13502684
13503004
13503131
13503211
13503350
13503862
13504446
13504483
13504839
13504986
13505111
13505601
13505691
13505740
13505810
13505925
13506046
13506245
13506261
13506752
13507097
13507165
13507171
13507190
13507310
13507348
13507406
13507937
13508334
13508345
13508457
13508741
13508971
13509112
13509197
13509295
13509343
13509470
13509856
13510716
13510762
13510804
13512185
13512622
13512860
13512974
13512986
13513131
13513333
13513410
13513505
13513757
13513889
13514644
13514707
13514718
13514899
13515207
13515674
13515911
13516149
13516457
13516652
13516703
13516820
13516912
13517995
13518167
13518383
13518430
13579226
13579529
13579561
13580065
13580312
13580378
13580387
13580842
13580906
13580983
13581266
13581347
13581936
13581945
13582263
13582394
13583083
13583356
13583808
13583950
13584038
13584101
13585765
13585792
13585954
13585985
13586161
13587138
13587412
13587532
13588572
13588608
13588639
13589490
13589782
13589827
13589888
13590295
13590402
13591271
13648573
13649072
13649101
13650169
13650926
13651097
13651472
13651746
13651936
13652360
13652372
13653558
13654061
13655383
13655881
13656476
13656728
13656947
13657820
13657922
13658104
13658127
13658651
13658672
13660315
13662158
13663014
13663483
13665712
13666293
13666308
13667329
13667391
13667655
13668068
13668296
13668661
13668719
13669194
13669238
13669288
13669605
13669859
13754411
13754953
13755421
13755949
13756180
13756658
13756887
13757133
13757535
13758442
13758803
13759307
13759836
13760063
13760309
13760562
13761158
13761188
13761831
13762207
13762225
13762801
13762915
13763161
13763385
13763563
13764449
13764465
13764617
13764689
13764699
13764892
13765984
13766456
13766472
13766772
13767459
13767689
13767883
13768481
13768515
13768852
13769087
13769722
13769736
13769919
13770140
13772178
13772293
13772311
13773312
13773633
13774373
13774429
13775457
13775867
13776127
13776235
13777230
13777271
13777348
13777550
13779026
13779172
13779362
13779678
13779734
13779965
13780398
13780700
13780994
13781043
13781190
13781583
13781603
13781792
13781848
13782133
13782415
13782543
13782977
13783486
13783711
13783963
13784122
13784613
13785700
13786245
13786632
13786637
13786805
13786828
13786864
13786870
13786939
13787712
13787788
13787916
13788446
13789261
13789313
13789687
13789885
13790054
13790403
13790579
13791385
13791797
13791992
13792329
13792496
13792767
13792970
13793249
13793370
13793403
13793799
13794350
13794433
13794977
13794986
13795137
13795655
13795715
13796048
13796330
13796412
13796688
13796918
13797153
13797442
13797638
13797816
13798288
13798406
13798626
13798786
13798977
13799032
13799051
13799076
13799114
13799131
13799572
13799591
13799825
13800050
13800062
13801397
13801475
13801611
13801959
13802250
13802400
13802446
13802647
13803127
13859928
13859985
13860510
13860953
13861035
13861037
13861147
13861855
13861884
13861886
13862220
13862740
13863438
13864021
13864068
13864201
13864590
13864715
13866141
13866285
13866399
13866580
13866584
13866612
13867367
13867428
13867556
13867563
13867855
13867936
13868045
13868077
13868570
13868731
13868775
13868844
13868860
13869357
13869489
13869634
13870358
13870399
13870498
13870639
13870895
13871046
13871117
13871455
13871522
13871608
13871793
13872145
13872252
13872592
13873118
13873254
14063782
14063864
14064261
14065085
14065091
14065813
14065818
14065931
14066005
14066245
14066314
14066498
14066933
14067327
14067722
14068097
14068116
14068185
14068306
14068372
14069062
14069969
14070086
14070130
14070840
14070874
14071000
14071574
14071633
14071739
14072134
14072343
14073735
14073807
14074028
14074445
14074776
14075224
14075305
14075795
14076028
14076258
14076345
14076380
14076533
14077176
14077982
14078119
14079114
14079187
14079625
14080159
14080517
14080534
14080982
14081160
14081190
14082417
14082528
14082863
14083014
14083187
14083405
14083495
14084204
14084640
14084714
14085165
14085287
14085441
14085548
14085721
14085809
14086536
14086582
14087388
14087713
14088041
14088260
14088778
14089134
14089553
14089695
14089715
14090141
14091258
14091271
14091842
14091943
14092063
14092580
14093938
14094992
14095010
14095400
14095672
14095778
14096010
14096563
14096620
14096796
14097110
14097161
14097427
14097530
14097657
14098237
14098419
14098468
14098857
14099248
14100025
14141004
14141703
14141975
14142559
14142766
14144282
14144332
14144583
14146497
14146558
14147026
14147169
14147914
14148246
14150463
14151323
14153032
14173400
14173460
14173579
14174025
14174314
14174491
14174916
14174989
14175153
14175349
14175370
14175446
14175756
14176039
14176096
14176455
14176557
14176971
14177061
14177907
14178097
14178249
14178261
14178397
14178821
14178902
14179004
14179195
14179995
14180059
14180256
14180614
14180668
14180742
14180814
14180972
14181214
14181260
14181338
14181354
14181690
14182291
14182472
14182531
14182571
14183596
14183664
14183720
14183771
14184639
14184770
14184846
14184943
14185134
14185299
14186331
14186868
14187151
14187406
14187417
14187916
14188546
14188552
14188748
14189779
14190276
14190709
14190962
14191186
14191234
14191524
14192031
14192491
14192908
14192910
14192958
14193048
14193134
14193221
14193375
14193446
14213422
14214249
14217035
14222316
14223380
14226607
14228727
14229064
14229496
14233521
14355139
14355201
14355293
14355479
14356254
14356686
14356816
14357088
14358671
14358910
14360454
14360664
14360759
14361166
14361294
14361510
14361566
14361746
14361784
14362125
14362955
14363018
14363317
14363598
14364811
14365221
14365570
14365965
14366467
14367149
14368157
14368616
14369771
14396056
14402328
14402406
14402959
14440505
14440536
14440618
14440984
14441060
14441216
14441975
14442057
14443334
14444431
14444550
14445154
14445979
14446334
14446505
14446543
14446563
14446650
14446834
14447181
14447394
14447854
14447877
14448049
14448832
14448990
14449515
14451292
14451361
14451828
14452350
14452700
14453444
14453587
14490981
14491184
14491552
14491560
14491619
14491738
14492787
14492804
14493150
14493304
14493307
14493544
14493578
14493746
14493828
14493958
14494000
14494168
14494178
14494478
14494499
14494532
14495429
14495540
14495841
14495913
14495962
14496121
14496363
14496466
14496679
14496716
14497054
14497327
14498058
14498208
14498284
14498791
14498942
14499026
14499328
14499429
14499580
14499685
14499783
14499931
14500132
14500175
14500247
14500268
14500369
14500592
14500653
14501090
14501428
14501974
14502409
14502411
14502532
14502799
14502848
14503422
14503461
14503563
14503993
14504456
14504544
14504838
14505239
14505779
14506023
14506080
14506145
14506857
14506953
14507021
14507027
14507236
14507369
14507849
14507965
14508317
14509780
14509888
14509904
14510030
14510174
14510243
14510290
14510876
14511237
14511291
14511559
14511801
14511880
14512038
14512255
14512685
14512729
14512860
14513380
14513389
14513671
14513782
14513838
14513944
14513962
14513968
14514064
14596699
14596859
14597106
14597152
14597243
14597455
14597925
14598405
14598937
14599071
14599163
14599174
14599191
14600067
14600094
14600128
14600380
14600523
14600788
14601480
14601600
14601629
14601783
14602017
14602151
14602412
14602526
14602998
14603473
14603583
14603779
14604171
14605257
14605416
14605750
14606030
14606266
14606480
14606511
14606806
14606843
14607124
14607857
14608000
14608169
14608220
14608279
14608394
14608751
14608825
14608922
14609124
14609708
14609882
14609939
14610198
14610551
14610569
14610571
14611003
14611144
14630634
14630964
14631100
14631271
14632249
14632471
14632533
14633095
14633592
14634240
14634523
14635019
14635065
14635741
14635826
14635859
14636468
14636854
14637562
14637892
14638662
14639393
14639561
14640629
14640935
14641165
14641990
14642465
14642498
14642675
14642694
14642908
14643128
14643515
14643821
14644129
14644159
14644461
14645250
14645745
14645819
14646099
14646213
14646728
14648061
14648301
14648304
14648343
14648505
14648740
14648805
14648953
14649210
14649968
14650119
14650296
14650328
14650434
14650463
14650746
14651281
14652215
14652544
14653180
14653247
14653437
14653460
14653636
14653787
14653805
14653871
14653891
14654035
14654080
14654393
14654913
14655034
14655144
14655693
14656003
14656291
14656548
14656897
14656951
14657458
14657521
14657651
14658246
14658874
14659921
14660330
14660773
14660994
14661174
14661448
14662443
14662507
14662513
14662892
14663777
14663947
14664278
14664289
14664353
14664403
14664570
14664643
14664731
14664807
14664892
14664921
14665087
14665906
14665996
14666130
14666312
14666475
14666599
14666606
14666815
14666840
14667027
14667119
14667345
14667729
14667758
14667800
14668259
14668543
14669232
14669877
14669971
14670726
14670860
14671333
14671666
14671775
14671792
14671885
14672094
14672157
14672491
14672796
14672801
14673126
14673655
14674854
14674937
14674987
14675356
14675802
14676556
14677032
14677406
14677649
14677839
14678525
14678539
14678635
14678742
14678823
14679450
14679705
14680907
14694927
14695308
14696944
14696988
14697090
14697631
14699367
14699526
14699984
14701678
14702480
14703495
14703559
14703571
14703693
14704086
14705519
14709868
14710049
14710132
14710549
14711142
14715619
14715871
14783400
14783827
14784282
14784287
14785121
14786674
14789146
14792072
14793643
14793789
14795805
14797105
14821737
14822284
14822449
14823010
14823829
14825229
14826195
14826858
14827946
14828174
14829125
14829462
14829630
14829637
14830066
14830093
14831351
14831638
14831778
14831795
14832771
14832867
14832978
14833204
14835373
14978937
14979035
14979108
14979378
14979553
14979677
14980518
14980712
14980821
14980875
14981575
14982474
14982613
14982902
14982906
14983403
14984211
14984700
14985379
14986351
14986628
14986981
14987203
14987215
14987459
14987927
14988018
14988242
14988588
14989345
14989422
14989671
14989758
14989763
14990126
14990263
14990429
14990503
14990646
14991261
14991458
14992346
14992652
14992857
14992956
14993138
14994032
14994145
14994420
14994561
14994769
14994789
14995094
14995496
14996192
14996227
14996391
14996571
14997173
14997500
14997688
14999262
14999548
14999725
14999792
14999797
14999935
15000491
15000549
15000672
15000730
15002061
15002279
15003538
15003695
15004021
15004124
15004144
15004466
15004973
15005712
15005875
15005972
15007074
15007419
15008022
15008082
15008174
15008407
15008978
15009134
15009165
15009182
15009188
15010046
15010945
15012460
15013397
15014235
15014369
15014489
15014506
15014553
15014938
15015495
15020728
15021202
15023318
15024986
15025007
15027097
15027308
15027488
15027598
15027874
15027976
15028282
15028468
15028515
15028589
15028611
15028671
15028753
15028794
15029200
15029583
15029766
15029981
15030649
15030695
15030911
15031120
15031255
15031607
15031740
15033123
15033914
15034418
15034611
15035461
15035963
15037191
15037361
15037382
15037633
15037643
15039020
15039026
15039046
15039145
15039169
15039276
15039419
15039774
15039865
15040173
15040194
15040301
15040383
15040772
15040969
15041061
15041074
15041576
15042102
15042775
15043167
15043382
15044041
15044627
15044906
15045030
15045228
15045371
15045393
15045570
15045647
15125238
15125265
15125745
15126019
15127162
15127840
15128006
15129319
15129443
15129627
15129671
15130055
15130400
15130938
15131225
15131334
15131570
15131632
15132089
15132493
15132609
15132677
15133193
15133276
15133642
15134851
15135134
15135251
15135510
15135632
15136433
15136454
15136546
15136874
15137140
15137188
15137319
15137426
15137586
15138002
15138189
15138355
15138432
15138975
15139159
15139461
15139610
15142261
15144587
15149105
15149217
15149718
15153086
15154982
15156576
15159275
15159648
15160087
15160613
15161251
15161573
15161829
15162848
15162923
15163499
15163511
15163869
15164216
15164560
15164647
15164695
15164784
15164972
15165128
15165137
15165403
15165570
15165603
15165941
15166081
15166433
15166976
15167038
15167108
15167119
15167136
15167291
15167372
15167409
15167959
15168145
15168159
15168374
15169082
15169094
15169107
15169229
15169556
15169707
15170260
15170736
15170872
15170981
15171136
15171307
15171312
15171460
15171851
15171889
15172134
15172750
15172918
15172931
15173095
15173855
15174251
15175092
15179194
15179475
15179768
15180095
15180626
15183610
15184088
15184218
15185672
15187191
15189186
15191019
15193549
15194742
15233951
15234175
15234757
15235082
15235086
15235355
15235518
15235733
15235885
15236129
15236557
15236638
15236916
15236925
15237193
15237549
15238722
15239368
15239380
15239396
15239613
15239661
15240137
15240249
15240369
15240628
15241082
15242051
15243300
15243307
15243817
15243861
15244014
15244021
15244140
15244459
15245568
15245630
15246127
15246490
15246676
15247209
15247242
15247371
15247448
15247633
15247976
15248247
15262599
15262941
15265254
15267360
15268571
15268934
15268935
15269539
15270723
15270842
15271202
15272689
15274979
15275470
15298546
15298555
15298561
15298611
15298741
15298824
15298992
15299090
15299585
15299801
15302254
15303091
15304889
15305081
15305399
15305561
15305651
15305681
15305698
15306435
15306630
15306879
15306996
15307182
15307516
15308648
15309020
15309670
15309686
15309929
15310227
15310494
15310867
15310922
15311152
15312281
15312380
15312455
15331793
15332765
15333128
15333539
15335717
15336148
15337515
15338357
15339833
15340001
15340210
15343966
15344452
15345620
15345712
15347575
15373533
15421970
15422427
15422455
15423039
15423852
15424954
15425376
15425976
15427170
15427836
15427854
15427869
15428083
15428471
15429230
15429490
15429760
15429838
15430135
15430551
15430646
15430793
15431183
15431199
15431230
15431826
15431960
15432102
15432192
15432293
15432367
15432778
15432880
15433564
15434349
15456570
15457003
15457424
15458079
15458194
15458260
15458775
15459273
15459510
15459517
15459582
15460224
15460240
15460264
15460330
15460472
15460693
15461243
15461466
15461533
15461632
15462250
15462609
15463027
15463262
15463356
15463506
15463865
15464127
15464203
15464884
15465199
15465214
15466245
15466432
15466500
15467129
15467180
15467217
15467451
15467465
15467796
15468334
15469391
15469399
15469932
15470471
15470483
15472090
15472214
15472366
15472492
15472587
15472820
15473544
15475071
15475085
15475727
15475737
15475828
15476135
15476300
15476942
15494615
15514969
15516023
15518005
15518374
15526347
15528849
15529602
15532069
15532186
15533127
15606677
15639068
15639232
15639307
15640427
15640604
15640681
15640879
15641109
15641493
15641529
15641731
15641848
15641960
15642068
15642253
15642818
15642964
15643399
15643413
15643618
15643833
15643853
15644015
15644329
15644478
15644749
15644801
15644926
15645188
15645227
15645257
15645480
15645749
15646031
15646394
15646443
15646472
15646567
15646932
15647524
15647640
15647901
15648680
15649094
15649167
15649392
15649527
15649607
15650885
15650928
15650984
15651094
15651104
15651233
15651260
15651449
15651477
15651525
15651708
15651720
15651931
15652703
15652728
15653141
15653639
15654148
15654766
15654833
15655067
15672506
15672618
15673461
15673560
15674211
15675148
15675614
15676392
15677040
15677166
15677307
15677451
15677920
15678246
15678714
15679699
15680080
15680249
15680301
15680396
15680640
15681020
15681110
15681257
15681271
15681683
15682536
15682679
15682914
15683537
15683899
15684358
15684474
15684503
15684555
15684868
15685095
15685543
15685809
15686211
15686277
15686327
15686694
15687038
15687345
15687380
15687496
15687632
15687803
15688040
15688093
15688369
15688912
15689246
15719811
15720476
15720584
15722426
15723023
15723090
15723246
15723592
15723698
15724716
15724813
15725310
15725587
15726247
15726935
15727321
15728093
15728481
15728546
15728773
15728948
15729161
15729218
15729629
15729846
15729860
15730086
15730141
15730767
15731016
15731455
15731463
15731596
15731888
15732006
15732348
15732592
15733019
15733718
15733805
15734093
15734118
15734189
15734190
15734191
15735079
15735386
15735429
15735586
15736344
15736582
15790354
15790894
15791200
15791302
15791541
15791740
15791750
15792144
15793925
15794326
15794586
15794790
15794827
15795163
15795774
15795847
15795996
15797121
15797205
15797335
15797362
15797550
15797631
15797728
15798132
15799287
15799320
15799686
15800111
15800156
15800692
15800816
15801449
15801624
15801695
15801815
15802040
15802080
15802346
15802408
15802808
15803058
15803264
15803723
15804223
15804601
15804853
15804884
15805111
15805253
15806041
15806435
15806812
15807083
15807301
15807906
15808197
15809188
15809478
15809704
15810156
15857067
15857981
15858536
15858624
15859494
15859504
15860832
15861946
15862726
15862857
15863058
15863197
15863250
15863282
15864130
15864345
15864830
15865380
15865417
15865660
15866722
15866888
15866991
15867148
15867595
15867666
15867957
15868181
15868845
15868927
15869010
15869481
15869836
15870130
15870201
15870330
15871801
15871830
15871900
15872179
15872351
15872691
15873059
15873114
15874839
15875983
15876079
15876249
15876307
15876979
15877050
15877510
15877561
15877617
15877985
15878441
15878698
15879200
15879701
15880602
15885762
15888628
15889937
15893565
15894856
15938416
15938729
15938799
15939042
15939722
15939820
15940138
15940280
15940527
15941077
15941282
15941811
15941861
15942073
15942133
15942369
15942848
15944209
15945173
15945612
15945634
15945778
15946113
15946215
15947033
15947263
15947377
15947413
15948164
15949196
15949938
15949953
15951153
15952111
15952594
15952749
15952760
15952900
15953358
15953946
15954953
15955592
15956000
15956773
15957782
15958350
15958477
15958926
15959130
15959142
15959489
15960767
15960814
15960944
15961550
15962386
15964108
15964119
15965253
15965318
15965383
15965880
15966049
15966414
15966695
15966870
15967213
15967436
15967746
15967918
15968222
15968953
15970021
15971000
15971600
15972238
15973323
15974642
15974748
15974819
15974988
15975618
15976587
15977259
15977357
15978357
15978577
15978976
15980343
15982031
15982238
15985595
15989421
15990052
15990105
15990432
15990751
15990951
15991128
15991397
15991771
15995265
15995404
15996481
15997180
15998042
16048392
16049439
16051192
16051354
16052667
16055932
16058539
16059360
16060713
16092749
16093313
16093474
16094401
16094580
16094891
16095233
16095520
16095667
16098363
16098894
16099332
16099609
16100832
16101339
16101340
16101350
16101607
16102230
16102547
16102551
16103651
16104947
16105175
16105364
16106273
16106394
16106770
16107398
16107917
16107991
16108707
16109026
16109243
16109287
16109458
16110571
16110758
16110762
16110971
16111385
16111482
16111751
16112112
16112473
16112834
16112923
16113288
16114098
16114446
16114570
16114999
16115919
16116386
16131358
16132392
16133315
16133824
16133914
16134979
16136269
16137099
16141343
16143651
16145598
16145959
16146486
16148738
16163636
16164467
16164674
16164964
16165264
16165512
16165795
16166703
16166837
16166847
16167012
16167050
16167076
16167226
16167540
16168142
16168478
16168788
16169131
16169531
16170127
16170383
16170527
16170553
16170612
16170656
16171105
16171518
16171571
16171635
16171879
16172206
16172287
16172441
16172586
16172613
16172702
16172798
16173127
16173180
16173454
16173464
16173664
16173915
16175053
16175102
16175408
16175433
16175502
16175613
16175693
16175999
16176216
16176271
16176454
16176769
16176860
16176970
16177381
16177464
16177531
16177570
16177620
16178104
16178614
16272059
16272210
16272413
16272466
16272861
16272929
16273059
16273157
16273640
16273959
16274264
16274303
16274634
16275819
16276937
16277123
16277190
16277343
16277348
16278792
16278856
16279033
16279497
16279641
16280598
16280786
16280791
16281111
16281453
16281703
16281793
16282076
16282670
16282728
16283481
16283582
16283725
16284116
16284433
16284461
16284557
16285004
16285156
16285169
16285489
16285625
16285669
16285940
16285999
16286517
16286950
16287094
16287799
16288315
16288340
16288428
16288534
16289380
16289612
16289730
16376775
16377854
16378356
16378727
16378876
16379818
16379830
16380132
16380682
16381470
16381709
16382385
16382574
16383097
16383782
16383782
16383838
16384263
16384675
16385265
16385339
16385384
16385817
16386386
16386715
16386931
16387011
16387227
16387341
16387729
16387729
16387885
16387994
16388290
16388903
16389276
16389729
16389872
16389875
16390183
16390593
16390661
16390731
16390940
16391363
16391682
16391998
16392375
16392606
16393140
16393362
16393781
16393937
16393978
16393994
16394028
16394514
16394579
16394631
16395376
16395989
16396229
16396344
16396425
16396465
16396559
16397157
16397724
16397916
16449218
16450064
16451696
16453104
16455140
16456415
16457384
16458389
16459389
16459473
16460509
16461222
16462679
16462693
16463417
16464392
16465409
16465578
16465711
16466322
16466326
16466365
16466896
16466915
16466977
16467255
16467297
16467548
16467917
16468405
16468431
16468586
16468591
16468956
16469151
16469185
16469188
16469355
16469521
16469558
16469705
16469973
16470069
16470220
16470257
16470356
16470386
16470675
16470835
16471236
16471283
16471413
16471818
16472220
16472409
16472411
16472674
16472858
16473368
16473375
16473454
16473483
16473516
16473552
16474087
16474318
16474383
16474684
16474818
16474932
16475857
16476612
16476725
16476730
16476884
16477343
16477361
16477460
16477492
16477562
16478112
16478250
16478316
16478574
16478886
16479045
16479069
16479193
16479270
16479272
16479294
16479852
16479982
16480049
16480171
16480236
16480255
16480352
16480430
16480629
16480955
16481363
16481706
16481717
16481930
16482612
16482800
16483243
16483333
16483562
16483594
16484071
16484352
16484427
16484533
16484786
16484928
16485366
16485757
16485966
16486572
16486706
16487132
16487211
16487361
16487408
16487505
16487614
16488506
16488617
16489061
16489483
16529231
16529935
16530518
16530813
16531483
16531546
16532205
16532277
16532327
16532755
16533090
16533420
16533641
16533782
16533849
16534662
16534736
16535821
16535967
16536160
16536557
16536955
16537221
16537599
16537676
16537835
16538158
16538358
16538707
16539620
16540035
16540825
16540998
16541227
16541229
16541515
16541969
16542759
16585850
16586011
16586340
16586400
16587519
16588251
16588268
16588745
16589623
16589637
16590300
16590363
16591567
16591597
16593554
16594271
16594485
16595031
16595279
16595291
16595297
16595830
16597399
16597637
16599824
16601818
16602401
16602721
16603923
16669775
16672384
16673166
16791147
16792716
16792737
16793205
16793480
16794205
16794768
16796051
16796169
16796238
16798062
16798098
16798288
16799248
16799656
16800031
16800682
16800877
16801300
16803182
16803308
16807471
16808692
16809534
16810513
16813381
16814482
16814963
16815617
16816607
16820619
16848762
16850637
16854618
16856476
16857270
16866762
16941233
16941813
16945511
16945852
16947301
16947667
16957364
16998908
16999663
16999744
16999796
16999834
17001180
17001484
17001488
17001850
17001912
17002017
17002024
17002298
17002815
17002833
17002988
17003917
17004039
17004278
17004586
17004945
17005216
17005736
17006347
17006579
17006661
17006692
17006999
17007301
17007644
17007679
17007846
17008175
17008697
17008824
17008933
17009241
17009907
17010056
17010147
17010283
17010724
17010832
17079705
17151641
17163728
17168046
17168065
17168152
17168267
17168948
17169117
17169207
17169457
17169593
17170085
17170275
17170275
17170372
17170455
17171480
17171775
17172148
17172675
17172687
17173255
17173262
17173521
17173631
17174424
17174782
17174796
17174947
17175043
17175104
17175255
17175457
17175617
17175723
17175726
17175778
17175899
17176441
17176604
17176835
17176849
17177455
17177575
17177611
17178282
17178643
17178683
17178719
17178789
17178927
17179847
17180083
17180418
17180736
17180839
17181056
17181154
17181203
17181281
17181335
17181661
17181681
17182097
17182524
17182677
17182790
17182907
17183330
17183651
17183832
17183901
17183945
17184118
17184308
17184449
17184657
17184665
17184670
17185226
17185314
17186896
17187153
17189977
17190167
17190636
17192773
17194344
17195943
17195980
17196200
17197144
17197786
17200070
17200282
17200694
17204255
17207424
17443374
17444412
17444987
17445025
17445034
17445110
17445436
17446258
17447367
17448138
17448151
17448971
17450169
17451271
17451274
17451413
17452924
17453057
17453303
17454308
17454460
17454608
17455560
17455883
17457824
17457966
17458259
17459484
17459776
17460003
17460121
17460171
17460411
17460986
17461083
17461869
17462860
17463468
17463871
17464188
17464227
17464379
17464505
17465026
17488760
17488774
17488830
17489135
17489191
17489395
17489781
17489944
17490495
17490532
17490601
17490732
17490739
17490811
17491023
17491087
17491169
17491470
17491478
17492519
17492769
17493083
17493211
17493732
17493819
17493945
17494005
17494121
17494204
17494229
17494265
17494424
17494902
17495232
17495858
17495886
17496044
17496058
17496760
17496817
17497103
17497323
17497443
17497758
17498055
17498803
17498995
17499348
17499408
17499655
17499720
17499723
17500323
17500412
17500462
17500616
17500921
17501111
17501772
17501804
17501890
17502338
17801831
17906973
17907260
17907414
17907660
17907682
17908002
17908015
17908085
17908121
17908707
17908804
17909149
17909297
17909354
17909989
17910452
17910765
17910810
17911299
17911504
17911624
17911783
17911807
17911810
17912286
17912314
17912692
17912729
17912921
17913044
17913401
17913453
17914366
17914466
17914781
17915363
17915616
17916005
17916473
17916881
17917000
17917062
17917483
17917759
17917958
17918316
17918532
17918982
17919002
17919029
17919093
17919937
17920137
17921948
17921965
17922121
17922297
17922830
17922836
17922909
17922953
17923245
17923409
17923419
17923793
17924046
17924087
17924092
17924470
17924882
17924933
17925125
17925840
17926134
17926284
17926397
17926416
17926613
17926722
17926871
17927007
17927268
17927661
17927972
17928363
17928555
17929021
17929482
17929546
17929767
18035229
18036369
18037020
18038410
18040479
18049804
18097112
18097368
18097623
18098387
18098400
18098752
18100025
18100193
18100325
18100583
18100707
18101048
18101529
18101583
18102029
18102198
18102259
18102375
18103841
18104128
18104375
18104516
18105194
18105358
18105556
18105959
18106084
18106460
18106605
18107083
18107262
18107273
18107917
18108381
18108906
18109534
18109697
18109816
18109848
18109947
18110863
18111238
18111480
18111714
18112188
18112300
18112332
18112584
18112968
18113455
18237450
18237982
18336670
18337447
18337638
18338336
18338416
18338539
18338677
18339435
18339762
18340076
18340204
18340350
18341057
18342028
18342176
18342333
18342431
18342515
18343007
18343626
18344160
18344229
18344240
18344492
18344615
18345023
18345074
18345218
18345763
18345849
18346405
18346439
18346523
18346953
18347589
18347871
18348008
18348115
18348704
18348747
18348760
18348764
18349008
18349613
18350027
18350047
18350125
18350483
18351342
18352003
18352050
18352750
18353262
18353760
18353979
18354050
18354219
18354269
18354314
18354926
18355168
18355401
18355460
18355682
18355806
18355892
18356265
18356502
18357487
18401392
18404809
18407190
18449950
18456773
18609236
18609884
18610369
18610540
18610595
18610725
18610890
18611052
18611997
18612658
18612782
18613362
18613387
18613471
18614165
18614254
18614803
18615195
18615420
18615522
18615909
18616638
18616891
18617097
18617128
18617219
18617594
18617614
18619045
18619304
18619544
18619575
18619654
18620204
18620216
18620755
18621297
18621346
18622077
18624028
18624836
18624888
18625285
18626896
18627287
18627919
18630079
18630161
18630528
18632688
18633023
18633183
18633691
18633969
18634026
18634905
18634930
18635540
18636791
18637166
18638513
18720340
18721776
18723745
18723831
18725793
18726103
18728454
18730468
18732057
18734335
18735125
18736703
18740860
18791738
18792468
18792560
18792837
18792859
18793057
18793331
18793810
18794006
18794063
18794128
18794635
18795096
18795260
18795262
18795562
18795934
18796794
18797846
18797907
18798909
18799037
18799214
18800093
18800210
18800424
18800477
18801086
18801398
18801771
18801880
18802212
18802442
18802752
18802935
18803449
18804091
18804345
18804691
18805096
18805101
18805444
18805586
18805814
18805869
18806128
18806630
18806855
18807398
18807418
18807498
18807538
18807979
18808108
18808232
18808562
18808590
18808852
18809032
18809132
18810034
18810218
18810848
18811687
18811776
18812189
18812328
18812394
18812508
18813019
18813842
18814146
18875037
18875249
18876091
18881926
18882053
18882194
18882195
18882634
18882818
18883580
18883812
18884152
18884886
18884931
18885586
18886428
18886481
18886549
18886715
18886778
18887086
18887243
18887660
18887912
18888610
18888881
18889006
18889178
18889459
18890073
18890167
18890418
18890573
18890882
18890998
18891531
18891571
18892530
18892545
18892583
18893101
18893104
18893263
18893919
18894205
18895085
18895493
18895861
18895916
18896667
18897070
18897346
18897782
18898110
18899127
18899471
18899706
18900325
19045206
19046388
19046746
19047671
19047740
19048826
19048929
19049156
19050118
19050623
19050932
19051658
19051820
19053650
19054338
19054715
19054790
19054791
19054924
19055735
19056014
19056062
19056686
19057264
19057682
19057981
19058131
19058220
19058443
19058841
19060360
19060486
19060887
19060931
19061271
19062971
19064478
19205680
19205893
19206110
19206257
19207084
19207450
19207742
19207915
19208177
19208468
19208574
19209647
19210287
19211740
19211860
19211897
19212590
19213721
19214487
19214616
19216105
19216673
19217585
19218041
19218432
19218564
19220396
19220423
19220554
19220725
19221015
19221332
19221561
19447491
19447583
19448599
19448843
19449319
19449870
19450052
19450314
19450910
19451842
19452187
19452424
19453180
19453530
19454161
19454412
19457110
19459389
19519070
19519092
19519142
19519290
19519857
19520419
19520667
19520672
19520907
19520926
19521145
19521759
19521797
19522068
19522080
19522253
19522316
19522464
19522627
19523530
19524130
19524200
19524255
19524420
19524464
19524498
19525047
19525730
19526539
19527931
19527962
19528855
19529496
19529700
19529956
19530049
19530125
19530169
19530194
19530204
19530237
19530274
19530350
19530390
19530396
19530441
19530544
19530953
19531190
19531330
19531459
19531922
19532596
19532681
19532728
19532792
19533119
19533700
19534012
19534064
19534072
19534459
19534715
19534740
19535069
19535298
19616741
19616784
19617063
19617436
19618173
19618672
19618769
19618782
19619162
19619245
19619790
19620178
19620297
19620844
19621462
19621695
19622271
19622371
19622513
19623092
19623480
19624524
19625270
19625333
19625629
19626357
19626903
19627260
19628611
19629055
19629331
19629937
19630409
19630882
19654753
19661566
19663664
19939105
19941505
19956202
19957123
19957287
19957952
19959687
19960085
19960555
19962571
19962926
19963286
19963859
19965823
19966225
19966990
19967128
19967583
19967696
19969101
19970206
19971599
19973546
19974011
19974376
20048762
20048869
20048870
20048888
20048935
20049293
20049519
20051482
20051503
20052470
20052655
20052773
20052782
20052848
20052936
20053064
20053128
20053408
20053489
20053701
20054101
20054297
20054568
20054877
20054887
20054912
20055028
20055240
20055683
20056919
20057012
20057025
20057107
20057584
20057752
20057874
20058064
20058769
20059177
20059325
20059458
20059530
20059536
20059862
20060143
20060338
20060885
20060966
20061528
20061588
20061903
20062344
20062368
20062514
20063218
20063234
20063493
20063518
20064200
20064210
20210042
20210461
20211563
20212591
20212709
20212990
20213200
20214287
20214413
20214484
20214551
20214661
20214766
20215188
20215188
20215311
20215406
20215679
20215880
20216358
20216514
20216571
20217024
20217284
20217504
20217782
20217968
20218421
20218720
20219442
20219889
20221379
20221633
20222136
20222388
20222803
20223378
20223444
20223666
20223970
20224321
20224372
20224564
20224674
20225194
20225486
20225658
20226003
20226648
20227204
20227413
20228515
20228708
20229069
20229287
20229550
20229607
20229629
20229997
20230344
20339907
20340895
20341004
20341006
20342693
20343829
20344319
20344800
20345359
20347256
20348828
20349312
20349747
20351333
20351567
20351896
20352488
20352559
20352707
20352733
20352885
20354372
20354766
20354933
20356135
20356620
20356730
20357175
20358408
20359057
20376227
20376741
20377463
20377768
20377884
20378067
20378865
20378967
20379594
20379803
20380924
20381338
20382020
20382259
20383857
20384370
20384761
20384884
20386102
20386762
20387008
20388485
20388994
20389114
20389699
20389796
20391500
20392792
20392814
20392841
20393352
20393649
20393701
20394810
20394988
20395889
20396183
20396756
20396836
20396846
20397165
20397720
20398000
20398103
20398127
20426150
20511760
20511764
20512563
20512863
20513097
20513107
20513110
20513656
20513851
20514155
20514166
20514174
20514776
20515042
20516053
20516403
20518485
20518532
20518575
20518735
20518955
20519308
20519880
20520148
20520525
20520789
20520838
20520945
20521289
20521368
20522167
20522168
20522349
20522601
20522702
20523267
20523751
20524010
20524964
20525348
20525490
20526321
20526338
20526572
20526680
20526813
20526888
20527077
20527215
20527665
20528004
20528375
20528533
20528649
20528678
20529429
20529615
20529988
20529999
20530363
20530961
20531532
20754447
20756180
20756551
20757654
20762383
20764951
20768567
20941060
20941240
20941300
20941492
20941560
20942964
20943079
20943139
20943254
20943757
20944075
20944360
20944477
20944534
20944579
20945219
20945390
20945643
20945873
20945981
20946178
20946336
20946663
20946772
20947137
20947811
20947866
20947873
20947995
20948596
20948653
20948757
20948805
20948921
20949367
20949451
20949981
20949998
20951080
20951121
20951346
20951896
20952380
20952942
20953032
20953322
20953699
20954269
20954849
20954961
20955046
20955084
20955195
20955375
20956017
20956140
20956183
20956664
20956732
20957139
20957584
20958079
20958520
20958565
20958834
20959328
20959395
20960191
20960584
20960709
20960726
20960747
20961347
20961399
20962036
20962934
21129234
21129827
21131063
21131676
21131741
21131787
21133272
21133470
21133661
21133766
21133795
21133879
21134462
21134600
21135205
21135332
21136289
21136558
21137184
21137816
21137990
21138166
21139031
21140044
21140049
21141333
21172832
21173512
21175936
21181226
21259095
21262113
21264094
21272347
21273047
21273842
21278019
21279639
21279788
21520018
21520657
21520883
21521849
21524421
21524792
21525336
21528656
21529645
21529963
21530255
21530456
21531116
21531519
21532856
21533220
21535602
21536104
21536107
21536129
21537195
21538059
21538085
21538575
21539965
21539976
21557909
21558330
21558991
21559027
21559392
21559431
21560257
21560322
21560884
21561045
21561224
21561782
21562261
21562767
21563952
21564782
21566789
21566823
21567363
21567645
21568306
21568374
21568611
21569785
21569993
21570495
21570522
21570718
21570729
21570968
21571696
21571921
21572515
21572994
21727055
21728273
21736844
21738680
21741723
21745267
21746538
21802430
21841457
21841957
21842033
21842049
21842063
21842850
21843031
21843480
21843531
21843688
21843763
21844124
21844257
21844669
21844788
21844841
21844905
21844928
21844975
21844999
21845169
21845400
21845533
21846417
21846477
21846498
21847920
21848483
21849184
21849367
21849539
21849580
21849796
21850066
21850129
21850311
21850670
21851006
21851248
21851278
21851668
21851891
21851895
21852479
21852987
21853118
21853374
21853728
21853748
21853804
21853843
21854091
21854178
21854191
21854245
21854268
21854430
21854812
21854823
21854855
21854923
21854936
21855004
21855156
21855517
21855541
21855652
21856272
21856351
21856451
21856472
21856620
21856749
21857105
21857702
21857773
21857993
21858044
21858123
22120936
22123316
22133162
22134479
22135015
22136519
22146388
22147357
22151361
22156555
22163971
22164172
22166322
22166420
22166864
22167543
22167881
22168140
22168228
22168387
22168627
22169743
22170468
22170577
22170620
22171759
22171782
22172010
22173025
22173099
22173771
22174104
22176008
22176742
22176926
22178039
22178224
22178599
22179053
22179539
22180286
22180773
22181162
22181545
22181934
22182286
22182298
22182370
22183811
22184184
22185020
22185072
22186532
22187095
22187136
22241654
22242538
22242696
22244123
22245450
22245811
22246269
22246476
22246655
22246868
22247069
22247242
22247265
22247740
22247826
22248810
22249397
22249978
22250790
22252169
22253013
22253592
22254081
22255082
22256512
22256577
22257259
22257809
22257813
22278019
22278045
22278077
22278231
22278920
22279078
22279262
22279850
22279851
22279907
22280108
22280258
22280706
22280714
22280994
22281342
22281456
22281817
22281908
22282029
22282607
22282978
22283604
22284192
22284698
22284836
22284937
22285057
22285578
22285836
22286073
22286776
22286818
22286971
22287067
22288217
22289411
22289609
22289662
22289976
22291516
22291800
22291813
22291834
22291899
22292314
22292377
22293329
22293331
22293470
22293554
22293607
22293943
22294273
22338177
22547030
22681540
22681588
22681868
22682020
22682327
22683184
22684774
22684780
22685242
22687810
22688894
22689802
22690038
22690129
22690321
22690621
22690982
22692831
22693498
22694927
22695665
22777608
22778244
22784535
22787409
22805949
22807000
22807474
22807831
22808360
22808446
22809032
22809227
22809261
22809298
22809304
22809376
22809971
22810378
22810647
22810787
22811185
22811300
22811358
22812389
22813025
22813112
22813423
22813690
22813769
22813861
22814987
22815142
22815204
22815547
22815607
22815687
22815866
22815939
22816074
22816394
22816459
22816966
22817030
22817843
22817897
22818073
22818127
22818194
22818701
22819163
22819478
22819840
22820124
22820249
22820392
22820469
22820555
22820712
22820749
22821213
22821267
22821300
22864877
22865282
22973614
22974392
22979991
22983768
22995751
22995877
22996222
22997241
22997961
22999076
23003276
23004541
23004974
23005506
23005512
23005675
23005737
23006242
23006493
23006590
23007104
23007176
23007693
23007979
23008337
23008789
23008810
23008893
23008894
23008916
23009018
23009044
23009994
23010131
23010256
23011122
23011155
23011353
23011543
23011958
23012476
23012568
23012778
23013137
23013518
23014104
23014215
23014235
23014302
23014811
23015331
23015410
23016173
23016266
23016510
23017044
23017330
23017506
23017549
23017792
23018430
23018485
23018707
23018745
23019041
23019286
23019318
23144063
23144070
23144866
23144970
23145027
23146965
23147064
23147130
23147510
23147561
23148351
23148966
23149032
23149295
23149840
23149927
23150330
23150995
23152280
23152718
23153987
23154221
23154310
23154505
23154579
23154723
23155514
23155704
23156369
23156736
23157006
23157101
23157971
23158124
23158378
23158862
23159661
23159682
23159791
23160507
23160716
23160777
23160869
23162204
23162628
23163783
23164558
23164687
23165527
23165608
23166071
23166203
23206896
23214755
23218566
23307700
23602200
23602216
23602862
23603049
23603081
23603367
23603554
23603884
23604131
23604176
23604485
23604753
23604777
23605208
23605448
23605800
23605811
23606003
23606086
23606400
23606796
23606977
23607322
23608018
23608279
23608618
23608934
23609265
23609508
23609535
23610104
23610290
23611482
23611977
23612011
23612286
23612713
23612881
23612988
23613636
23613680
23614076
23614290
23614354
23614751
23616063
23616236
23616501
23617427
23618046
23618831
23618908
23619011
23619416
23619696
23619714
23619715
23619842
23620498
23621564
23622007
23622171
23622454
23622597
23622761
23622793
23622844
23623176
23623280
23623737
23623770
23624170
23624299
23624367
23624436
23643751
23646560
23647735
23647753
23651875
23655600
23656589
23658343
23659858
23660776
23690120
23724783
23724835
23724838
23724899
23726083
23727212
23727487
23727584
23727620
23728578
23729002
23729613
23731230
23731890
23732133
23732219
23732441
23733558
23733812
23734159
23734384
23738007
23738227
23738320
23740389
23740762
23740870
23741190
23741346
23761080
23772175
23775532
23823581
23824119
23824210
23824551
23824596
23824843
23825702
23826310
23826734
23827250
23827531
23827963
23828016
23828369
23828544
23828596
23829261
23829273
23829406
23829426
23829492
23830106
23830176
23830662
23830902
23831438
23831646
23831769
23832111
23832144
23832507
23832689
23832726
23833116
23833275
23834607
23834867
23835921
23836065
23836230
23836592
23836654
23836999
23837404
23838025
23838117
23838419
23838434
23839103
23839655
23840182
23840434
23840453
23840492
23840766
23841671
23841882
23841882
23842538
23843189
23843874
23844017
23844224
23844229
23844350
23844796
23844926
23845319
23845847
23846277
23847055
23913519
23923093
23924439
23925613
24174939
24174969
24175293
24175583
24175898
24176042
24176530
24176596
24176671
24177243
24177545
24177675
24177942
24178024
24178301
24178337
24178424
24178560
24178914
24179003
24179466
24179941
24180501
24180563
24181010
24181523
24182166
24182395
24183754
24184265
24184378
24184572
24184780
24185012
24185361
24185416
24185906
24185927
24186315
24186938
24188093
24188253
24188563
24188599
24188660
24188999
24189260
24189341
24189534
24189862
24190389
24190465
24190723
24190937
24191470
24191830
24191890
24192030
24192042
24192481
24192610
24192687
24192844
24192881
24193156
24194026
24194159
24194479
24194835
24194984
24195013
24195099
24195500
24196105
24196331
24196395
24196839
24196929
24370545
24371009
24374353
24376844
24379953
24381960
24407739
24474110
24474234
24474331
24474569
24474863
24476708
24477234
24478194
24478263
24478512
24478825
24479136
24479527
24479542
24480097
24480261
24480879
24481269
24481372
24481496
24481520
24481642
24481650
24481835
24482087
24482943
24483407
24483741
24483931
24484319
24484353
24484372
24484700
24485022
24485513
24485735
24485984
24486181
24486232
24487974
24488352
24488407
24488578
24488937
24488967
24489041
24489730
24490059
24490127
24490162
24490207
24490214
24490343
24490575
24490814
24491089
24491478
24491519
24508788
24509211
24509490
24510408
24512065
24512300
24513384
24513566
24513818
24513887
24514243
24514690
24514733
24515197
24515228
24515366
24515467
24516796
24517029
24517345
24518962
24519385
24519676
24520584
24521629
24522214
24522796
24523841
24524691
24525246
24525484
24526732
24584667
24769397
24834546
24838594
24840608
24840653
24843607
24845698
24845872
24848735
24851783
24854861
24856719
24856727
24856812
24857889
24857915
24858285
24858412
24858624
24858657
24858856
24859036
24859081
24859164
24859360
24859512
24859713
24860035
24860220
24861160
24862428
24862654
24863267
24863982
24864058
24864240
24865025
24865488
24865490
24865661
24865900
24866053
24866181
24866397
24866896
24867412
24867718
24867735
24867940
24868240
24868412
24868431
24868474
24868688
24868741
24868895
24869535
24869820
24870120
24870161
24870592
24870746
24871976
24871999
24872979
24873128
24873287
24873603
24873799
24874301
24874735
24875256
24875355
24875389
24875406
24875568
24875789
24875997
24876103
24876350
24876419
24876710
24876873
24876907
24876931
24877003
24877527
24877540
24877660
24878397
24878619
24878714
24879415
24945989
24949570
24949613
24949714
24950675
24951807
25032835
25032867
25032875
25033057
25033445
25034608
25034663
25035018
25035215
25035577
25035615
25035653
25035751
25035778
25036099
25036257
25036315
25036378
25036660
25036859
25036877
25037057
25037101
25037404
25037571
25038386
25039340
25040129
25040452
25040563
25040746
25040777
25040835
25040886
25041135
25041464
25041477
25041881
25042017
25042461
25042566
25043153
25043430
25043850
25044181
25044609
25044900
25044985
25045004
25045248
25045798
25046406
25046519
25046814
25047171
25047223
25047289
25047486
25047637
25047868
25048182
25048253
25048290
25048531
25048678
25048869
25048979
25049028
25049089
25049228
25049405
25050011
25050456
25050586
25050647
25051068
25051232
25051247
25051304
25051431
25051432
25051805
25051987
25052341
25053283
25053302
25053433
25053840
25053873
25054451
25054491
25054501
25054929
25055156
25055333
25055427
25055686
25055981
25056450
25058291
25059791
25066116
25068058
25071420
25071650
25075376
25124235
25126335
25127047
25401380
25404340
25404370
25404789
25405142
25405390
25405498
25405966
25406193
25407894
25408054
25408171
25408848
25410020
25414121
25414142
25415655
25416400
25416647
25436925
25437167
25438367
25443130
25446029
25446171
25446815
25517802
25517984
25522112
25522420
25522666
25523317
25523421
25524808
25525156
25525421
25525924
25526392
25527250
25527399
25527540
25528153
25528269
25530830
25531058
25531254
25531588
25531919
25532242
25533379
25534433
25534497
25534610
25535302
25535847
25536318
25536972
25537254
25537632
25537758
25539376
25540235
25540628
25540774
25637161
25638729
25641233
25642116
25643097
25644773
25645656
25647524
25651296
25652329
25652977
25653207
25654192
25656242
25656616
25657337
25658031
25680078
25680837
25681726
25682714
25683425
25683950
25685315
25688592
25690701
25691591
25692207
25692656
25692829
25693931
25695217
25696035
25696448
25697169
25697234
25698907
25699553
25699563
26098272
26098661
26100861
26101545
26101669
26102579
26103286
26105148
26106648
26107379
26108118
26111700
26112973
26115212
26115721
26115917
26117171
26118658
26120829
26122414
26126010
26126583
26128571
26128925
26128947
26130994
26132440
26132567
26133581
26134105
26135053
26136893
26139845
26140195
26140428
26141140
26253368
26264238
26264541
26264661
26265121
26265610
26265637
26265792
26266210
26266402
26266463
26266754
26266762
26267288
26267342
26267457
26267606
26267609
26267625
26267996
26268209
26268999
26269831
26269869
26269955
26270208
26270235
26270445
26270597
26270785
26271159
26272403
26272747
26273149
26273198
26273481
26273695
26273760
26273797
26273882
26274124
26274773
26274876
26275006
26275068
26275857
26276229
26276654
26276768
26276817
26276878
26277184
26277426
26277446
26277828
26277857
26277956
26277971
26278139
26278162
26278411
26278439
26278812
26279247
26279268
26279269
26279449
26279829
26279897
26279995
26280222
26280628
26280669
26280967
26281645
26282134
26282225
26282262
26282615
26283474
26283616
26283898
26283918
26284232
26284309
26284376
26284946
26285255
26286147
26716500
26846086
26846688
26847087
26847367
26848094
26848230
26848484
26848796
26848850
26849507
26849818
26850168
26850641
26851488
26851912
26852138
26852487
26852807
26852815
26853526
26853815
26853847
26854398
26854494
26854752
26855117
26855240
26855470
26855746
26855973
26855987
26856517
26856662
26857330
26857350
26857366
26858869
26859154
26859407
26859938
26859977
26860070
26860245
26860437
26860549
26860933
26861084
26861215
26862563
26863376
26863469
26863652
26864394
26864620
26864707
26865794
26865921
26865958
26866356
26866767
26866884
26867452
26869241
26869549
26870107
26871329
26873988
26874621
26874796
26875060
26875897
26876515
26877480
26878875
26882087
26882125
26882534
27085209
27091032
27141667
27312444
27314309
27315181
27317565
27317904
27318665
27319761
27319946
27324181
27326458
27326727
27326837
27350773
27352067
27352801
27356390
27365471
27369067
27369068
27369495
27369861
27370113
27370419
27370593
27371135
27371363
27371600
27371693
27371760
27372848
27373124
27373435
27374083
27374135
27374179
27374483
27374616
27375075
27376284
27376436
27376474
27376786
27377688
27377888
27378046
27378285
27378672
27378794
27379396
27379849
27380446
27380534
27380811
27380948
27381069
27381415
27381443
27382231
27382264
27382410
27382603
27382790
27383013
27539056
27539106
27539156
27540044
27540223
27540290
27540383
27540854
27541512
27541516
27541782
27541803
27541938
27542185
27543134
27543645
27543652
27543805
27544012
27544084
27544110
27544737
27544749
27544883
27545135
27545934
27546056
27547626
27547745
27547841
27548664
27549013
27549211
27549245
27549455
27549707
27550405
27550486
27550528
27550623
27550871
27551747
27551817
27552158
27552679
27552814
27553524
27553626
27553928
27554424
27554673
27555066
27555118
27555126
27555868
27556528
27556621
27556657
27557585
27557810
27557988
27558033
27558360
27558471
27558501
27558772
27559070
27559146
27559378
27559392
27560140
27560187
27560337
27560820
27561404
27561665
27561888
27561906
27647982
27648438
27648866
27649525
27652067
27652880
27655202
27655238
27655368
27656997
27658397
27659194
27659318
27659824
27714315
27714356
27714438
27714569
27714741
27714875
27715307
27715718
27715757
27716044
27716104
27716131
27716771
27716804
27716989
27718262
27719255
27719592
27719706
27719791
27719915
27719952
27720116
27720216
27721632
27721644
27722455
27724074
27724112
27724553
27724664
27725400
27727901
27802988
27803261
27810409
27811909
27814222
27814277
27817581
27817644
27819400
28037391
28040156
28041163
28041704
28043413
28044744
28046556
28046891
28047226
28048116
28051834
28074844
28075508
28075656
28075926
28076511
28077007
28077929
28078446
28082821
28083054
28083086
28085040
28085619
28085838
28086346
28088899
28091876
28092224
28093023
28093529
28094309
28171897
28499016
28499623
28499988
28500316
28501031
28501106
28501119
28501424
28501654
28501920
28502196
28502553
28502658
28502706
28503150
28503500
28504560
28505091
28505258
28505410
28505475
28505511
28505551
28505656
28505725
28505765
28505883
28505920
28506259
28506316
28506968
28507195
28507434
28507471
28507577
28508058
28508076
28508103
28508135
28508483
28508532
28509115
28509126
28509171
28509212
28509574
28509679
28509694
28510268
28510467
28510688
28510911
28510970
28510972
28511276
28511376
28511420
28511595
28511860
28512045
28512256
28512498
28512630
28512681
28512941
28512978
28513026
28513054
28513170
28513180
28513186
28513667
28791045
28791233
28792158
28792403
28792928
28794558
28794915
28797120
28797321
28797549
28798329
28800181
28802306
28802850
28803034
28805554
28805594
28807786
28808877
28808928
28810562
28811049
28811458
28811550
28811860
28812096
28812554
28813592
28813700
28813943
28814190
28814651
28814721
28814889
28815477
28816023
28816277
28816515
28816757
28816917
28817110
28817281
28817376
28817535
28817991
28818335
28818455
28818592
28818615
28818899
28819320
28819614
28819782
28819872
28819891
28819936
28819954
28819992
28820414
28820957
28821003
28821175
28821496
28821799
28821933
28822372
28822422
28822867
28822906
28823034
28823665
28823725
28823926
28823973
28823981
28824273
28824433
28824490
28824807
28825315
28825403
28825465
28826642
29025633
29026072
29029643
29030143
29043074
29068553
29068805
29069013
29069482
29069650
29069795
29069942
29069989
29071000
29071282
29071315
29071815
29071937
29071951
29072142
29072912
29073117
29073743
29073808
29074044
29074204
29074697
29075243
29076570
29076700
29076885
29077000
29077329
29077890
29078919
29079373
29080081
29080177
29080798
29080895
29081061
29081195
29081468
29081771
29082906
29082984
29083343
29083666
29083876
29084991
29085871
29116235
29116514
29117067
29118507
29120385
29120432
29122747
29125854
29125869
29126555
29127392
29147979
29148825
29149468
29149851
29150679
29150802
29150836
29151166
29151789
29152176
29152668
29152687
29153607
29153683
29153729
29153993
29154011
29155176
29155221
29155569
29155773
29156682
29157274
29157432
29157441
29157884
29158356
29160777
29161087
29162518
29162753
29162761
29163634
29163773
29164742
29164880
29244863
29248133
29248642
29372682
29373010
29373346
29373370
29373509
29374298
29374321
29375020
29375152
29375193
29375195
29375559
29375639
29375831
29375871
29375877
29376260
29376319
29376766
29376850
29376942
29377064
29377220
29377234
29377334
29377559
29377786
29377974
29378120
29378707
29379397
29379688
29379760
29380021
29380405
29380685
29381204
29381362
29381772
29381972
29382431
29382750
29383268
29383463
29383794
29383821
29383842
29383849
29384198
29384561
29385551
29385573
29386072
29386291
29386403
29386621
29386670
29386895
29387324
29387416
29387569
29387880
29388761
29389235
29389371
29390040
29390544
29391996
29392142
29392147
29392258
29392946
29393305
29393363
29393624
29393676
29393704
29394183
29394824
29394987
29395263
29395313
29419862
29447294
29447567
29451409
29452551
29453587
29456060
29456585
29457103
29553818
29554622
29572246
29572885
29573945
29574449
29574596
29576472
29584219
29585582
29586191
29586472
29652198
29655047
29655165
29663758
29672555
29673224
29729759
29730626
29731014
29732037
29732091
29732201
29732506
29733004
29733099
29733395
29733421
29733510
29733531
29734377
29736249
29736275
29736506
29736707
29737010
29737468
29737651
29737875
29738016
29738058
29738071
29738080
29738701
29738758
29739699
29740367
29740692
29741227
29741285
29741323
29741575
29742780
29742988
29743493
29743552
29743941
29744039
29744144
29744283
29744297
29744302
29781694
29803697
29804191
29804317
29804390
29808450
29808853
29809961
29810112
29816141
29817437
29817583
29819483
29821083
29823704
29960009
29962216
29962579
29962830
29963320
29963436
29963491
29964313
29964535
29964584
29965522
29965581
29965685
29966090
29966374
29966626
29967706
29967717
29968109
29968346
29968870
29968931
29969317
29970520
29970532
29970679
29970862
29970990
29971780
29971790
29972461
29972476
29972599
29972653
29972967
29973094
29973818
29973959
29974155
29974241
29974342
29975699
29975911
29976465
29976646
29977786
29977837
29978820
29978888
30035107
30036333
30036394
30037208
30041540
30041563
30041612
30043721
30044324
30044537
30044741
30045587
30045961
30046964
30049732
30051672
30053550
30053995
30090084
30090749
30090759
30090794
30091306
30091657
30093851
30094458
30094693
30096674
30096881
30098194
30098441
30100015
30101022
30101343
30101398
30101584
30101686
30102104
30103159
30104256
30105343
30105481
30106863
30108043
30108101
30109709
30109836
30110315
30111607
30167754
30167948
30168089
30168107
30168879
30169644
30169714
30170064
30170560
30170736
30170944
30171049
30171432
30171509
30171780
30172022
30172180
30172491
30172599
30172894
30172976
30173036
30173037
30173092
30174293
30174303
30174507
30174785
30175401
30176686
30176704
30177810
30177879
30178272
30178353
30178621
30178987
30179458
30179605
30179724
30179760
30180402
30181323
30181766
30181991
30342640
30342761
30342958
30342959
30343039
30343233
30343303
30343488
30343527
30343755
30343800
30344016
30344202
30344449
30344805
30344983
30345088
30345149
30345490
30345724
30345981
30346003
30346550
30346955
30347075
30347817
30347917
30348061
30348074
30349121
30349214
30349754
30349954
30350185
30350378
30350491
30350579
30350611
30350662
30351161
30351162
30351704
30352153
30352345
30352577
30352972
30353143
30353197
30353258
30353281
30353283
30353406
30354487
30354641
30354765
30354898
30355432
30355703
30355747
30356300
30356903
30370464
30376934
