783
4222
6438
8546
10973
12519
23811
24853
29276
30695
31859
32710
34367
36344
45620
48389
52992
69008
69744
74867
75636
84131
86564
96570
98428
98926
99646
99953
100217
100865
104796
107102
114070
124670
124792
129980
134938
139812
140647
142505
144209
145244
145975
147001
150621
154733
155182
156045
156229
157782
164440
171647
183266
183901
184573
195137
199474
204040
204261
206764
207466
209958
210157
214662
215007
215181
219542
219818
220561
221002
222541
222914
223357
223699
246230
246250
247831
250812
251550
255883
257428
260791
260956
261744
263557
276659
283477
287433
287574
287967
288251
291254
291415
294372
296208
297794
304925
312186
313869
314532
315669
318621
321389
330731
332864
334307
336473
337079
344895
347576
348314
349997
350210
355083
355575
355694
362463
372260
374515
382727
382756
386855
388412
392449
393622
395673
397501
398413
401155
402913
409036
411481
414760
416631
422841
425975
429107
435509
447795
448458
451430
451943
452928
453478
453987
454554
456530
457037
463288
467691
468132
468991
475885
481065
490620
497092
497494
498738
503687
508934
510607
519072
520220
520437
523401
523725
524382
531269
539492
541559
546003
546835
547707
552261
554280
562465
563063
579085
580687
582765
592982
594120
595675
596405
598694
611702
614391
617024
617433
619944
620386
620823
621429
631612
632685
637206
643163
648378
654691
657213
658850
661507
661648
664026
664030
664813
665596
670208
673717
675732
676586
676817
678481
683002
684687
686053
689848
696355
696911
697268
700768
701249
703265
705139
708790
711424
719634
723799
724964
726005
737151
741073
748667
749421
753452
753766
757924
767415
772943
774379
778664
784477
787012
788801
790017
792084
792638
797010
799816
801770
802933
808620
813854
814345
820856
825137
825757
825827
833482
837088
842367
846849
848351
848576
852095
852540
854656
855192
858157
858363
861149
864673
866858
868664
873532
874687
874973
875794
876529
881127
884739
886279
889965
890705
900225
900391
905590
911486
913323
913690
915374
917315
920148
921301
923442
929777
933096
936725
938837
940302
944717
945828
945958
946649
948593
949344
949813
951956
956453
956757
957482
957551
958880
962773
964078
969097
970285
978358
981985
982926
985696
991736
993585
997310
998095
999347
999698
1004462
1004684
1004947
1015942
1021210
1022061
1026877
1034810
1041134
1041553
1045711
1051024
1055723
1057872
1062689
1063177
1064403
1067538
1070590
1072600
1073944
1074099
1077415
1078084
1079379
1080922
1088279
1091024
1092386
1101991
1102475
1111149
1116585
1117828
1121322
1124656
1127470
1130050
1134154
1135609
1136169
1136307
1151257
1152260
1154929
1161536
1163881
1164037
1165148
1167150
1169111
1172729
1178685
1181318
1183551
1184035
1184737
1188420
1191967
1196875
1197562
1198239
1208635
1211063
1211385
1211624
1217378
1218653
1230361
1230380
1233768
1237920
1249714
1253436
1254314
1261846
1262587
1265883
1266491
1267017
1267924
1271438
1274432
1276108
1278442
1278539
1279443
1287815
1288382
1297222
1299955
1300278
1301016
1302343
1308546
1309607
1311788
1313157
1316158
1316655
1318101
1318737
1331629
1332748
1332851
1338788
1340281
1346919
1348990
1351078
1351240
1357604
1360777
1369168
1369821
1371398
1372565
1380658
1387034
1387036
1387955
1394518
1398118
1401129
1402799
1403750
1405393
1405891
1406462
1407444
1409275
1411614
1412393
1416096
1421679
1421997
1426357
1429463
1431415
1433513
1434674
1439319
1442373
1444746
1448837
1451941
1454247
1454566
1455171
1458046
1458388
1459431
1461331
1462152
1465228
1466705
1471669
1473543
1475267
1481030
1488573
1490369
1493391
1507778
1512831
1516118
1517033
1517194
1517282
1518338
1519062
1519461
1523454
1523549
1525936
1528895
1529165
1533035
1533301
1535264
1536343
1536787
1541584
1542093
1543188
1544800
1546693
1558687
1565980
1571333
1573368
1576812
1584665
1588570
1592448
1594161
1597404
1597450
1598095
1600604
1605033
1611716
1613176
1620601
1620763
1622526
1623281
1623362
1624022
1626185
1627920
1633167
1634705
1635045
1636619
1637013
1643456
1644090
1644147
1648770
1650384
1652726
1657860
1661405
1667197
1667413
1669309
1669533
1687636
1694157
1696342
1712558
1712873
1719854
1728565
1729137
1736109
1736989
1748138
1749206
1753210
1753455
1755580
1759173
1761969
1762101
1764373
1774354
1775292
1777989
1780753
1783819
1788884
1790207
1791361
1808284
1811722
1817597
1818394
1822454
1826081
1828833
1834412
1834980
1835287
1836136
1836236
1839265
1840447
1841897
1842394
1855940
1857926
1860295
1861544
1862459
1863593
1865186
1873963
1878947
1879563
1880507
1880975
1882227
1885386
1897947
1904328
1911536
1912096
1912109
1914073
1916626
1926268
1931350
1931810
1936061
1936551
1940213
1940986
1941715
1945130
1948104
1951118
1959976
1962673
1963148
1965570
1969275
1970095
1986837
1987522
1989485
1991389
1994235
1997084
2001753
2003718
2004277
2010847
2013601
2017324
2020835
2021063
2023354
2024200
2040613
2043344
2043464
2043713
2043841
2046170
2048823
2052235
2057516
2058352
2058434
2060769
2062839
2063854
2069300
2073466
2074480
2074669
2075228
2077428
2077996
2079693
2081302
2081708
2082632
2082728
2082917
2085005
2086475
2090217
2094650
2099331
2099968
2102055
2102139
2104907
2114971
2115375
2120219
2125011
2125076
2126913
2130551
2133784
2137049
2138061
2152668
2155652
2156671
2165426
2165736
2171803
2172203
2173585
2175290
2177928
2178283
2182009
2183053
2184033
2189061
2198526
2199390
2201063
2202374
2204595
2206247
2207688
2207697
2208972
2209363
2211259
2214197
2220164
2224252
2225370
2228625
2238683
2238989
2244824
2248835
2255613
2257324
2260552
2270273
2271977
2277618
2278013
2279141
2279891
2281203
2286442
2299160
2301402
2305407
2307800
2307940
2308289
2308707
2308896
2309204
2309570
2310886
2317701
2319933
2322169
2331274
2334787
2341423
2341593
2344286
2350323
2351271
2352297
2357273
2359385
2360008
2366573
2371397
2372571
2384192
2394230
2397964
2398195
2399265
2407218
2407615
2408900
2416050
2419411
2420554
2431078
2435168
2436804
2439122
2443012
2451604
2453642
2455515
2457265
2467322
2471106
2472464
2481107
2483590
2484019
2486276
2490680
2490798
2491749
2497959
2501032
2502220
2505914
2508724
2511427
2514577
2515437
2515921
2521981
2524756
2526036
2526257
2527547
2530725
2535089
2542855
2544758
2546114
2546145
2546188
2547022
2547689
2548747
2548936
2549508
2551469
2553208
2553701
2554760
2554865
2555289
2562282
2562513
2566649
2574305
2575666
2576729
2578711
2580778
2581810
2584169
2589089
2591214
2595019
2596568
2601231
2609880
2610131
2611489
2611631
2612770
2614437
2614549
2617380
2629294
2629913
2632429
2634934
2638000
2638702
2643356
2645594
2656444
2656509
2662287
2672662
2674534
2679655
2683644
2684697
2688797
2688868
2690152
2690763
2694860
2695122
2695563
2698729
2704257
2706435
2706518
2709035
2711056
2714056
2714882
2716582
2724805
2728820
2734987
2737290
2738528
2741567
2741737
2747035
2748129
2758562
2761982
2763067
2775272
2777511
2779416
2783060
2785085
2786437
2788681
2789945
2792907
2799551
2805934
2807162
2811724
2812063
2812502
2813516
2814147
2829765
2830146
2831707
2834221
2836777
2837496
2849005
2850811
2854195
2854336
2861663
2863112
2864095
2864125
2870147
2871547
2872885
2873038
2873077
2878017
2882609
2882800
2885318
2885793
2885957
2886374
2887066
2889687
2890457
2891464
2893969
2896064
2896940
2897106
2899956
2905759
2910466
2910492
2911290
2925396
2929878
2929990
2931020
2939884
2944858
2945528
2948478
2951426
2951606
2953748
2953939
2956798
2958821
2959822
2959859
2964385
2968048
2976305
2976803
2979175
2982529
2983671
2995548
3003545
3003723
3004247
3008062
3011524
3018260
3025219
3030905
3031855
3032212
3037337
3038754
3038938
3044973
3045436
3052408
3057022
3059084
3064134
3068242
3071542
3072945
3073792
3073903
3074943
3077395
3079083
3080233
3085430
3089650
3094200
3096685
3098116
3101994
3108246
3108484
3110560
3110810
3114283
3114285
3120036
3123687
3125180
3126097
3129000
3138075
3141250
3141331
3143764
3143796
3143798
3144647
3149617
3150690
3150977
3151334
3160494
3160658
3164582
3166462
3173322
3178768
3179389
3180189
3181815
3183111
3184810
3191252
3193030
3200314
3205940
3210759
3212213
3215415
3215766
3216273
3220649
3220978
3221494
3223436
3225330
3231062
3231117
3235570
3236453
3240244
3240464
3242277
3244522
3246961
3250615
3261408
3266413
3267701
3270106
3272156
3282203
3282586
3285827
3286939
3291116
3291228
3298258
3298618
3300806
3300990
3302411
3305122
3305804
3306379
3314376
3315021
3318555
3319856
3320109
3325231
3325922
3328284
3328544
3332895
3340553
3340902
3341579
3351495
3354833
3357312
3366697
3366808
3367806
3369835
3371257
3372822
3374818
3377521
3379631
3382711
3385244
3387496
3394014
3397420
3401963
3410215
3410249
3411970
3417619
3420913
3424204
3427889
3431637
3432181
3432801
3433375
3436423
3442268
3446260
3447446
3447642
3453845
3455160
3456003
3463341
3464714
3468075
3469356
3474544
3478731
3480598
3481479
3483600
3486882
3487420
3487642
3496024
3498317
3498595
3499335
3502136
3503533
3505094
3505681
3508975
3514578
3518691
3519978
3520217
3520518
3522287
3523051
3528030
3530206
3533879
3536220
3536598
3537472
3539230
3540924
3544872
3544909
3546072
3548010
3548364
3549761
3550348
3551216
3551853
3559824
3563826
3568693
3578933
3581081
3583131
3594330
3595230
3595932
3605221
3613147
3614291
3614946
3625045
3626545
3627390
3628502
3630007
3632130
3632852
3637944
3640063
3645908
3651830
3654585
3656089
3662510
3668520
3669687
3671851
3673425
3676982
3678799
3678944
3680704
3689134
3690365
3690576
3702833
3704187
3706505
3707026
3711727
3715840
3716031
3716593
3725297
3726251
3726659
3729703
3730543
3734639
3736755
3738164
3738943
3743527
3749141
3749424
3750990
3752303
3752438
3754189
3754918
3755793
3757470
3758091
3762191
3765588
3767137
3767212
3772586
3777208
3780067
3780241
3782022
3782597
3782782
3785069
3795664
3804311
3804994
3806332
3807748
3809229
3815737
3818081
3829635
3835241
3838901
3841020
3844036
3846540
3850341
3852667
3856933
3858884
3859040
3860771
3862629
3863902
3865389
3867931
3870448
3870737
3876173
3877908
3879153
3880138
3882788
3883407
3885326
3886464
3888361
3894161
3900005
3903075
3904316
3905590
3908406
3915956
3921451
3922686
3923109
3926505
3928988
3930690
3930819
3932619
3937084
3939052
3941601
3942796
3944185
3944228
3944954
3945033
3946090
3949875
3952345
3958563
3963564
3964144
3965044
3968045
3970819
3973537
3976425
3978738
3979268
3982816
3984671
3985386
3985488
3987996
3988155
4006832
4008898
4023626
4024259
4025561
4026489
4031186
4033053
4034757
4035241
4043463
4045353
4045957
4052310
4056129
4057951
4071898
4075756
4080724
4084185
4087757
4092859
4094071
4100388
4109044
4114814
4116885
4118341
4123294
4124347
4126988
4132415
4136618
4136922
4141582
4143702
4144832
4149718
4154741
4154907
4158853
4164709
4166555
4170144
4177934
4178093
4180821
4184243
4186587
4188271
4191692
4191873
4193166
4196801
4199520
4199650
4200148
4210361
4213509
4220384
4223660
4230575
4231949
4244078
4244929
4249648
4256689
4261285
4263055
4267692
4270056
4272252
4272410
4273960
4280327
4284279
4289266
4290374
4295444
4298957
4301487
4307449
4308603
4308885
4309594
4314606
4326094
4328415
4330399
4330707
4330928
4332397
4338349
4338934
4339193
4340306
4340386
4341806
4343396
4349331
4354017
4354193
4356736
4357737
4370205
4370835
4371637
4374572
4377324
4380020
4380213
4381211
4384754
4385819
4389379
4390581
4392372
4396045
4400707
4401186
4402239
4402612
4403242
4409713
4411730
4413822
4416125
4417000
4418641
4419436
4421927
4422345
4425387
4426621
4431266
4439238
4441596
4445265
4459736
4459790
4468142
4475419
4475520
4476065
4481159
4482194
4485186
4485954
4487276
4487571
4487958
4488236
4489689
4490746
4491356
4498010
4499621
4499707
4500643
4505057
4508214
4508597
4511746
4512361
4514353
4521465
4525296
4525590
4525888
4526567
4532312
4537725
4551984
4553857
4554609
4556029
4556683
4558708
4561144
4565868
4567668
4568350
4569231
4572009
4574448
4574564
4574949
4577428
4592299
4593900
4600520
4605651
4607307
4607876
4608908
4616859
4617719
4618336
4620484
4622506
4622742
4624571
4624616
4628321
4630379
4631946
4635908
4635989
4638546
4638741
4643479
4647968
4650685
4651897
4651928
4655374
4661215
4662547
4663465
4664352
4667473
4668290
4672080
4672486
4674126
4683781
4686736
4688028
4694673
4696147
4698544
4701304
4713440
4714899
4719195
4720310
4722900
4723678
4731151
4732909
4733955
4735102
4739071
4741618
4744099
4749650
4750461
4754347
4755414
4756229
4764893
4770927
4775354
4783461
4786483
4788833
4797271
4798761
4802123
4803236
4803973
4804850
4805134
4808266
4810925
4814607
4814742
4815188
4816374
4816968
4818169
4820352
4820683
4825815
4827075
4827731
4828613
4833924
4842339
4854349
4862400
4864299
4869792
4870724
4872734
4876456
4881881
4884229
4887448
4888926
4889163
4890881
4890945
4895799
4899669
4903384
4903563
4904959
4905044
4909547
4910347
4914521
4916178
4921049
4921620
4921922
4924056
4934725
4936526
4938449
4940174
4943838
4944146
4951466
4958095
4963627
4965999
4967506
4969955
4970553
4970892
4973432
4975135
4975143
4976453
4977633
4978242
4980145
4982522
4984763
4986689
4987488
4987542
4988428
4991121
4993297
4995098
5001275
5001360
5002838
5003365
5009514
5012771
5014676
5018463
5018751
5022500
5026251
5026529
5028087
5032369
5034036
5034132
5035392
5036389
5043733
5045023
5045138
5049597
5051939
5054366
5054611
5057783
5059116
5060836
5063600
5080131
5081030
5082059
5084220
5084918
5086195
5088217
5088541
5088674
5088725
5095146
5096683
5100944
5103852
5105136
5106754
5109013
5109810
5114881
5121093
5132579
5132812
5135893
5136259
5137284
5147003
5147237
5151763
5155017
5163987
5165107
5171535
5172328
5172561
5173224
5173385
5175850
5177271
5178105
5178911
5180913
5182356
5185234
5190556
5190578
5195190
5195502
5196099
5198625
5199106
5202142
5204631
5206746
5207133
5208035
5211175
5211604
5213345
5217049
5217546
5218247
5218691
5228496
5230567
5234444
5236486
5237442
5238860
5238963
5239659
5239793
5239890
5242935
5244929
5246648
5250117
5252132
5256221
5258865
5259232
5264667
5270941
5272905
5274051
5275422
5275607
5280671
5282145
5282228
5282617
5284941
5288079
5288339
5289089
5291493
5292484
5296566
5296941
5297040
5301859
5308491
5311635
5313718
5314571
5314586
5319116
5321210
5321270
5321934
5326273
5333285
5333629
5334274
5335965
5336089
5338943
5339267
5345139
5350232
5353763
5355451
5358212
5360262
5363188
5364603
5368753
5370615
5373685
5374488
5375718
5377170
5377327
5379303
5380101
5383043
5383721
5385444
5385760
5388025
5388830
5394628
5399128
5406078
5417880
5418233
5422336
5422812
5423897
5424107
5425370
5436225
5437736
5441251
5444689
5445538
5447624
5449317
5449518
5451260
5462393
5462762
5464771
5465370
5470371
5478731
5483452
5487036
5487064
5487445
5491524
5496227
5498163
5508079
5511610
5513228
5516049
5517385
5517877
5524592
5525684
5531367
5532794
5538253
5538303
5539035
5540565
5541032
5546072
5554423
5560233
5564420
5567051
5567296
5569314
5572728
5575582
5577225
5580509
5583587
5589945
5599729
5601683
5606912
5623394
5624017
5637153
5637723
5637800
5638334
5638347
5642530
5658042
5658899
5664138
5664768
5666600
5669201
5669905
5678611
5688316
5690260
5697330
5703100
5703991
5710593
5723171
5724109
5730642
5730663
5730807
5733700
5736170
5738575
5739523
5742491
5745651
5752492
5754760
5755278
5758607
5758674
5762223
5762703
5765342
5770144
5774367
5778010
5782379
5783852
5785105
5791459
5795628
5799081
5804016
5806971
5808555
5814550
5815923
5818556
5820255
5821242
5822922
5825946
5840623
5840743
5843498
5844008
5844564
5844567
5846391
5846548
5850576
5852147
5857303
5863508
5863828
5865912
5867563
5871382
5872996
5875809
5883725
5884065
5886701
5893137
5894761
5897872
5899564
5902221
5904453
5910298
5913551
5917321
5919680
5921141
5921857
5923749
5925905
5928104
5931507
5933038
5933067
5936410
5939813
5940508
5945322
5945671
5953934
5957774
5969297
5977800
5978816
5982229
5984207
5991063
5991560
5992579
5992834
5996583
6007447
6008200
6008646
6011573
6016756
6018264
6019305
6022942
6024083
6029033
6029919
6034676
6035387
6038218
6038487
6043436
6044559
6046069
6050062
6052720
6056208
6057974
6062452
6064101
6069715
6073218
6074117
6075307
6075664
6080064
6080213
6080732
6082081
6091995
6096109
6101209
6101761
6102302
6109106
6110557
6110964
6112489
6118571
6119705
6121644
6124017
6124931
6125162
6130345
6133962
6135985
6147373
6149298
6151821
6156860
6164833
6165101
6168268
6173914
6174096
6174909
6175050
6184927
6190473
6193400
6199656
6200686
6209604
6217682
6222830
6233675
6237559
6239117
6243634
6245452
6247821
6248783
6253177
6257707
6264588
6268152
6268541
6271571
6272188
6272826
6275166
6279850
6285797
6294811
6299261
6316498
6316687
6319471
6321034
6322101
6322465
6322672
6326115
6327862
6329295
6336824
6342911
6344914
6349786
6351652
6355244
6357346
6362502
6363170
6364040
6366228
6369257
6369563
6370351
6375252
6380620
6380697
6383327
6385256
6388969
6392981
6394258
6394802
6397285
6397512
6397782
6403821
6406992
6411182
6411428
6415795
6417944
6418877
6421210
6425337
6425502
6426469
6444165
6444707
6447028
6454199
6456650
6462279
6468921
6469965
6471029
6473834
6477109
6478475
6484806
6485072
6490979
6497592
6500726
6501873
6502189
6504276
6506258
6506750
6512928
6515384
6518509
6521408
6526569
6533915
6535964
6537433
6538586
6548540
6549630
6551354
6556936
6561335
6564153
6568359
6571810
6576185
6579979
6580849
6585858
6588666
6589391
6590946
6591422
6593337
6595903
6596844
6597066
6597530
6598327
6603496
6605714
6607523
6610582
6613661
6613813
6614822
6618178
6619344
6619570
6631724
6633511
6634183
6634392
6635231
6639306
6645624
6646482
6651378
6652002
6653797
6653913
6655412
6656411
6659769
6660712
6663117
6667135
6668011
6668462
6668601
6675768
6677329
6687867
6692299
6692439
6699722
6703805
6704606
6706268
6707878
6708253
6709336
6709755
6714588
6716629
6719223
6719474
6719714
6721312
6722100
6732665
6734860
6735640
6735964
6739533
6739754
6742401
6743057
6745009
6750240
6759378
6759780
6766424
6768757
6769369
6774757
6779748
6780490
6785399
6786040
6789025
6789732
6793204
6796199
6800110
6807057
6807705
6808659
6813071
6814301
6814422
6815053
6818013
6818979
6827653
6828516
6835170
6837115
6838866
6839496
6840231
6840529
6845313
6847556
6850829
6853521
6858884
6863373
6868524
6871967
6875342
6878015
6879048
6879243
6879998
6880094
6880927
6885126
6887994
6889469
6891100
6891420
6891933
6895064
6895414
6896490
6896761
6898903
6913675
6915313
6920131
6923125
6924987
6927037
6927160
6928530
6933943
6934018
6936261
6939336
6940469
6940883
6941542
6944216
6944552
6948959
6949147
6951314
6954663
6958922
6960225
6961383
6962912
6962949
6965210
6966506
6966713
6969316
6973016
6974484
6974956
6975775
6978984
6979986
6980152
6980555
6984370
6987399
6988974
6990938
6991287
6993481
6995741
7003248
7003253
7005957
7010109
7011329
7016073
7016368
7019007
7021357
7021975
7024106
7026232
7026728
7029027
7033198
7034064
7039379
7040043
7041724
7042782
7045450
7045670
7056120
7061635
7065835
7069144
7072065
7075558
7076008
7076499
7089443
7089533
7095704
7098978
7103067
7103963
7109743
7123514
7129268
7133762
7138315
7140866
7144182
7155393
7158865
7167080
7175971
7176472
7177136
7177298
7180773
7186217
7193040
7198136
7199457
7202288
7205645
7207365
7214389
7218634
7219687
7222419
7223734
7224951
7226936
7226981
7232303
7238400
7242772
7247078
7247116
7249131
7254283
7259005
7266237
7267365
7268740
7271466
7275056
7279911
7283342
7283393
7284541
7284767
7289186
7289835
7290726
7290791
7290875
7291353
7292577
7298171
7301125
7302241
7303192
7306398
7308267
7310653
7314728
7320253
7322174
7323193
7333630
7337542
7339028
7341352
7342186
7342940
7345703
7347641
7348084
7348537
7349162
7352603
7353360
7355235
7356443
7365045
7366923
7373666
7374392
7381203
7386143
7388915
7392363
7398291
7400597
7405563
7413045
7413295
7414281
7416576
7416979
7419080
7419927
7420134
7423057
7423777
7425019
7426694
7431453
7432936
7437732
7440395
7441272
7449243
7453152
7455979
7466926
7467655
7473041
7479275
7486724
7492254
7495868
7497790
7498944
7512175
7514435
7518835
7521537
7524983
7533079
7537897
7546140
7546168
7546673
7552713
7554611
7557831
7558108
7558357
7560753
7561254
7565510
7566299
7571141
7573115
7578865
7579967
7581805
7586918
7589606
7589625
7590645
7597358
7599999
7600408
7606426
7607382
7608449
7611516
7615093
7619294
7620317
7635980
7637345
7637483
7643736
7644974
7650538
7653552
7658494
7658863
7658882
7659117
7667079
7667316
7674013
7678740
7679290
7682079
7686211
7688194
7688491
7691277
7692023
7692528
7695631
7709795
7714043
7714387
7715369
7723038
7729208
7741490
7746494
7755342
7755658
7756271
7756529
7757701
7757732
7760419
7761528
7762306
7762487
7768773
7773661
7779853
7781173
7804595
7804936
7817436
7817921
7818854
7819833
7821609
7825411
7825811
7828425
7832174
7834260
7837399
7845803
7849278
7850677
7851028
7855164
7858302
7858375
7861259
7861326
7863640
7865645
7871422
7877326
7880089
7885859
7896813
7897101
7898572
7901355
7903468
7906620
7910992
7910996
7916427
7928221
7932278
7933350
7939687
7941939
7944407
7949241
7951776
7954097
7956291
7957062
7967453
7968294
7976822
7983810
7987266
7998867
8002344
8002404
8010064
8012956
8013414
8018789
8020137
8022589
8024155
8033502
8047592
8050619
8058496
8063773
8064102
8067326
8067570
8077761
8082872
8082974
8090452
8091290
8092341
8095436
8096127
8105823
8109459
8110198
8110567
8113951
8115420
8116434
8118056
8118213
8120236
8121985
8122117
8122787
8126715
8130580
8149495
8149663
8151145
8151562
8155302
8164226
8167088
8169137
8179797
8183530
8185007
8196574
8196780
8199783
8202332
8203297
8207491
8212344
8213384
8214577
8215205
8216581
8217980
8219456
8219501
8228532
8238272
8239866
8258082
8266427
8268976
8272030
8274540
8274827
8278377
8280816
8280942
8281323
8281477
8286568
8287167
8293344
8296504
8296890
8299226
8301380
8315278
8320599
8323879
8326342
8327991
8335084
8337670
8338731
8340342
8340766
8345851
8346309
8346374
8348959
8351012
8355501
8356066
8360191
8365123
8366559
8366687
8369956
8373770
8375863
8380154
8382450
8387334
8389475
8391532
8393479
8400998
8402157
8402176
8405598
8415013
8415066
8416295
8418986
8421324
8422822
8423903
8445083
8446474
8448105
8449351
8458202
8459194
8469040
8471152
8476340
8485178
8485771
8486078
8486139
8487812
8488711
8489687
8491141
8497078
8498983
8501699
8502841
8506491
8506817
8512907
8515629
8515762
8517708
8518318
8519304
8520137
8521145
8522253
8525342
8526214
8526463
8527689
8531819
8543715
8544856
8546352
8547982
8549904
8550773
8551743
8552932
8556627
8563545
8564964
8568400
8570790
8571429
8573261
8573360
8574246
8577034
8577818
8578559
8579283
8583224
8583530
8586603
8593889
8594067
8594255
8596504
8599091
8605101
8606034
8609529
8610261
8613560
8614836
8615347
8615705
8616712
8622676
8626277
8628406
8638376
8639513
8640949
8649979
8650960
8655958
8665669
8671952
8672003
8674631
8675751
8678785
8682734
8682948
8699453
8699749
8703791
8707441
8708039
8708892
8713080
8716941
8721529
8732336
8734315
8734592
8735445
8755519
8760282
8765662
8769394
8773123
8776316
8785933
8786076
8788512
8795963
8799506
8805414
8805741
8809463
8812144
8814260
8816931
8819650
8822813
8823796
8827430
8839388
8841342
8843865
8845926
8848659
8849078
8856006
8859919
8861710
8864858
8865942
8870791
8871873
8873143
8877350
8884238
8886338
8890918
8891575
8893635
8894374
8894951
8895095
8897843
8897851
8900341
8905444
8906183
8909002
8909624
8909860
8912523
8914519
8919302
8924396
8925005
8927272
8930447
8931000
8932954
8935094
8938338
8938445
8943664
8946466
8947381
8947981
8950562
8950789
8950830
8963223
8965390
8969642
8970145
8971647
8976295
8977917
8978712
8978939
8979922
8986085
8989508
8990968
8994004
8997812
8998375
9006738
9008786
9009302
9025415
9028596
9028856
9030372
9034392
9035593
9035876
9038768
9040752
9042822
9043582
9051723
9054692
9055075
9055975
9060104
9060234
9063778
9065461
9074896
9077364
9081635
9082954
9089569
9090196
9093979
9094273
9098320
9098963
9108063
9114151
9127312
9129347
9129457
9134540
9138458
9147142
9147371
9151328
9151693
9152889
9156214
9162727
9163619
9169486
9173802
9179273
9182367
9192223
9196988
9201169
9204040
9204472
9209712
9219121
9220089
9221322
9223053
9225586
9230460
9233269
9242233
9242536
9244526
9247544
9247673
9257159
9257860
9264553
9270444
9270993
9272876
9274728
9276204
9276229
9277314
9277887
9278260
9281173
9288609
9289032
9289662
9289737
9293567
9295059
9296858
9296891
9304593
9307400
9308189
9312590
9313453
9314128
9314205
9314567
9315011
9321708
9326038
9326195
9326867
9333513
9334025
9335357
9337737
9340459
9340602
9341271
9342246
9348217
9352932
9353022
9363001
9363184
9370815
9372688
9377613
9387391
9389241
9391201
9391505
9392514
9399150
9409267
9409498
9412289
9412568
9415073
9416428
9416483
9417294
9420858
9422289
9422435
9423363
9427842
9441634
9444464
9446566
9452272
9458315
9465693
9467831
9468674
9477230
9479415
9480960
9482812
9483307
9487029
9488194
9488855
9489558
9498846
9499871
9500894
9501655
9511270
9511323
9511924
9515106
9520378
9523508
9525046
9529693
9529868
9534187
9535917
9543507
9543959
9558697
9559531
9560740
9560743
9564217
9569379
9579291
9580037
9581624
9598481
9599020
9605981
9606826
9612070
9615398
9615612
9616191
9617275
9618305
9619523
9623031
9624462
9626414
9627163
9628119
9628915
9635153
9640439
9656481
9658036
9658310
9663606
9666988
9667076
9670230
9674375
9681418
9683752
9687691
9691946
9693887
9695135
9712282
9716628
9716745
9719541
9726183
9732061
9732089
9733917
9736469
9740987
9743690
9744226
9745065
9749885
9760227
9761820
9762227
9763965
9770151
9774042
9776796
9778612
9782116
9784108
9795995
9805695
9813949
9814535
9822626
9824187
9828786
9833938
9835221
9838493
9841287
9842119
9844643
9852025
9857092
9861182
9864714
9867481
9873995
9875981
9876250
9878076
9885713
9887612
9890230
9891138
9891195
9891466
9892574
9892605
9899757
9901041
9901605
9901980
9907961
9911487
9915537
9916956
9927512
9929139
9937158
9938315
9939427
9940999
9944011
9944084
9945364
9947428
9950700
9950985
9957761
9966418
9967885
9980589
9984070
9987538
9989312
9989559
9989848
9991236
9993826
9995533
9995678
9997848
9998968
9999155
9999924
10006980
10010054
10012917
10013596
10013709
10016704
10017047
10017300
10021823
10023043
10028342
10028432
10030077
10033821
10040640
10042125
10043146
10045173
10050159
10052016
10052654
10063666
10065133
10067588
10067993
10071386
10071648
10074610
10084043
10085428
10089709
10093841
10097956
10100046
10100901
10103233
10110654
10116629
10121238
10130780
10131664
10133199
10134679
10135405
10142304
10143655
10148123
10154352
10155543
10156600
10158979
10159479
10159495
10160879
10164996
10172014
10174567
10175951
10176906
10185406
10185501
10188641
10189138
10190731
10194714
10196175
10199481
10201821
10206335
10209894
10226987
10230330
10231432
10240343
10244034
10245774
10252209
10252904
10257689
10259058
10266763
10267713
10271058
10272598
10275426
10278577
10280668
10281408
10285021
10289691
10291029
10292689
10297223
10297557
10305258
10306518
10309697
10311505
10314104
10314865
10318578
10322670
10326998
10329857
10330111
10331032
10332735
10332973
10333416
10333429
10333678
10335101
10336209
10346843
10346950
10348550
10350093
10353379
10356937
10358930
10360034
10361026
10364797
10365640
10368190
10369728
10371689
10372037
10372702
10375319
10377910
10378035
10383563
10385187
10385824
10386360
10388013
10388619
10393262
10395508
10398984
10400233
10401503
10403536
10405002
10406830
10407659
10407814
10409849
10410932
10417860
10420408
10421630
10422842
10429021
10429489
10440283
10442987
10443422
10448349
10448537
10456141
10456401
10461159
10463961
10469024
10472419
10482494
10482739
10483075
10489872
10489889
10490252
10498524
10500104
10504279
10510832
10510984
10512896
10515447
10517027
10519693
10527951
10539476
10542977
10546031
10546098
10547526
10549402
10550505
10551249
10556624
10557887
10559918
10560712
10564537
10565428
10570338
10570366
10570684
10573753
10578713
10581618
10586416
10586531
10587462
10590990
10597624
10600002
10604558
10609047
10612549
10614513
10614744
10616505
10622440
10624845
10629635
10633642
10635127
10639209
10639349
10642111
10642504
10642956
10646446
10658149
10670214
10670518
10672769
10677419
10678621
10679559
10680440
10688970
10694838
10695493
10700487
10702208
10703150
10703250
10704581
10709313
10715332
10717095
10719107
10724797
10735515
10739404
10739791
10741095
10743570
10744241
10744469
10747326
10751046
10762638
10762894
10764319
10769179
10771727
10774470
10776798
10786816
10787372
10788131
10788610
10788662
10793299
10795897
10796394
10802574
10809027
10822083
10822707
10824091
10826163
10830104
10830314
10831275
10831385
10832728
10833622
10834372
10834768
10835822
10837246
10840322
10842384
10849317
10849517
10853767
10853809
10855722
10856268
10856846
10859275
10864845
10874460
10876320
10876477
10877834
10883383
10886934
10888274
10889733
10890213
10891201
10892784
10893524
10894283
10894341
10894754
10899487
10903055
10903372
10912848
10913715
10913887
10919049
10920545
10920802
10923824
10928131
10948255
10948770
10966354
10966638
10974501
10974588
10977671
10978396
10979198
10981597
10985334
11001044
11003356
11006700
11006776
11006958
11008326
11011729
11015134
11015546
11022961
11024702
11027914
11029100
11029481
11034400
11036826
11043872
11051198
11051993
11056126
11064311
11064822
11065954
11067203
11067444
11083438
11085151
11086126
11089563
11097663
11099062
11103627
11106500
11109395
11120606
11121825
11124601
11128746
11128812
11131147
11132239
11141291
11142027
11143339
11145560
11147789
11149551
11153985
11161338
11161872
11162573
11163541
11164567
11167588
11168085
11169078
11170101
11173495
11173866
11175033
11177668
11184289
11186652
11187001
11194492
11205833
11205991
11207290
11207486
11211221
11214326
11215084
11218456
11226113
11230197
11231709
11244488
11244508
11248367
11248459
11249783
11256665
11259633
11259884
11263014
11265502
11268148
11269980
11276117
11277074
11281543
11289709
11289958
11295793
11298494
11299162
11301922
11302851
11307672
11309036
11310873
11310940
11315012
11315673
11318767
11324439
11325256
11334908
11336175
11339382
11339718
11342202
11344901
11345933
11346884
11346891
11350621
11360252
11360829
11363493
11363694
11363747
11364649
11373433
11377104
11377200
11383837
11385005
11390963
11393389
11395688
11399048
11403627
11404312
11407147
11410728
11412587
11413855
11425757
11431430
11431824
11437551
11440307
11441832
11441907
11447449
11447480
11454594
11456434
11462542
11464524
11467420
11468536
11472093
11477458
11478623
11478986
11484896
11495025
11501087
11501350
11504622
11506458
11506652
11507902
11509080
11509220
11512423
11513021
11520772
11522945
11526560
11530174
11532836
11534974
11537749
11543901
11546869
11549789
11556687
11566698
11567080
11568997
11572808
11573985
11576081
11576272
11580604
11581100
11582251
11586598
11589018
11590017
11592513
11599501
11608256
11608387
11610113
11610179
11614662
11620554
11625359
11627318
11633027
11636644
11641449
11644969
11649580
11649681
11652138
11656713
11656859
11657404
11658859
11659847
11667073
11671129
11674014
11677891
11678179
11678524
11679037
11680047
11683172
11687166
11693987
11697979
11698485
11702033
11703687
11708789
11710929
11712791
11713716
11716089
11721260
11725488
11728330
11734419
11746359
11748757
11749158
11750107
11751378
11752497
11753478
11755806
11769971
11770353
11774665
11774996
11776433
11779556
11781472
11782247
11783955
11784996
11786184
11788411
11790128
11793464
11800579
11800628
11800845
11802751
11804231
11813172
11814977
11820165
11820983
11821081
11824370
11824937
11828687
11829588
11829957
11830916
11831890
11832675
11834681
11837826
11839372
11839416
11840841
11842359
11845976
11852987
11856816
11859155
11863847
11864990
11865306
11868046
11870320
11874027
11874589
11875490
11876616
11876770
11878106
11880918
11883556
11885208
11891329
11892234
11893678
11894412
11898264
11902262
11903105
11907692
11907785
11908746
11912326
11919603
11921591
11928310
11929202
11930915
11933691
11940067
11941877
11951458
11951950
11952138
11957719
11958131
11958190
11958219
11958444
11959508
11960382
11960445
11960964
11963326
11963811
11965993
11967241
11968669
11973096
11973347
11976868
11980192
11983301
11983675
11986400
11990221
11990251
11992981
11997305
12002885
12004116
12010612
12011257
12025666
12026781
12027815
12029202
12030486
12031207
12032863
12039590
12040040
12040123
12042933
12043667
12044214
12049542
12050748
12053184
12058559
12060454
12061171
12066582
12066954
12070060
12073603
12079008
12081636
12088307
12090382
12090416
12091036
12092394
12098597
12099253
12101216
12106832
12107522
12112132
12128769
12130950
12133276
12133713
12133884
12135437
12136273
12144128
12150399
12158916
12161634
12166637
12167330
12171335
12172002
12173290
12176619
12188090
12192521
12198799
12200464
12203852
12205672
12211412
12211525
12213752
12217898
12219344
12220122
12223378
12226478
12226542
12231919
12239395
12239905
12241145
12249666
12254606
12257209
12259281
12262487
12266428
12267005
12270773
12274286
12286348
12290257
12291204
12292848
12296313
12297029
12297473
12302786
12304180
12306287
12313439
12313777
12315871
12317883
12321196
12336110
12336778
12341024
12342216
12343004
12344325
12348407
12351909
12353065
12355700
12358071
12361986
12375017
12376467
12376701
12379524
12382485
12383289
12385108
12388184
12389152
12390413
12390491
12391086
12392199
12398028
12403404
12406160
12409890
12417509
12417824
12418060
12421000
12422801
12425395
12425790
12429656
12432822
12436257
12441969
12443709
12445221
12452855
12453946
12456012
12457888
12460952
12461385
12463710
12466185
12468564
12474623
12475271
12478235
12489107
12493616
12494379
12497629
12498588
12500943
12504479
12510889
12511807
12513738
12515120
12516954
12520987
12521491
12527197
12529785
12535260
12535860
12535994
12536810
12548152
12548768
12549118
12549128
12549715
12550140
12554457
12557556
12558217
12559237
12559793
12562836
12563008
12563168
12565496
12570880
12571732
12578335
12583253
12586811
12593258
12593475
12598591
12599059
12599160
12599442
12599630
12602774
12605270
12606296
12611452
12613566
12613608
12618021
12620053
12621317
12623723
12629147
12633357
12640220
12641592
12646044
12650300
12651296
12654617
12660903
12662836
12664665
12665062
12666840
12669306
12669747
12670058
12670320
12672798
12673719
12674628
12683060
12685862
12687323
12689798
12693874
12696282
12700572
12702127
12702305
12703106
12707413
12709028
12709697
12711487
12712301
12714188
12717791
12723528
12724123
12726018
12726207
12727083
12728590
12730639
12731905
12735042
12740127
12741584
12744643
12744675
12745688
12747251
12748272
12752963
12756050
12759569
12759910
12760891
12761127
12761526
12763158
12763849
12764615
12768326
12771304
12772092
12772502
12782048
12782930
12783450
12784525
12787525
12789392
12790298
12799128
12807118
12807244
12809833
12810224
12810602
12817171
12827830
12828865
12830284
12837072
12838694
12839319
12840435
12841339
12842560
12843447
12846585
12850808
12852520
12861248
12868081
12870590
12872744
12872824
12876757
12877672
12879030
12882523
12883522
12883837
12884738
12884882
12894520
12903388
12906398
12907072
12909649
12909899
12910092
12910638
12913049
12915081
12920288
12929793
12931476
12933278
12935531
12948905
12961030
12964799
12966387
12968309
12969911
12971223
12972189
12972377
12973602
12975799
12976251
12976932
12978386
12985119
12991113
12994037
12998470
12999068
13003547
13004786
13009363
13011982
13013744
13018472
13020352
13021528
13021840
13022386
13023049
13029909
13034394
13037858
13039390
13040322
13042345
13042636
13046286
13052547
13055125
13057672
13059034
13065747
13069997
13070038
13074167
13074258
13077643
13085074
13085656
13085829
13088732
13090590
13094850
13096222
13098643
13100372
13101228
13101385
13101391
13114831
13117285
13123032
13126925
13141769
13142858
13144558
13144680
13153087
13156094
13166832
13167986
13169083
13171307
13172039
13174374
13184996
13185946
13192113
13195801
13196388
13202785
13203619
13203971
13204435
13213874
13216877
13221588
13221707
13223370
13226905
13230313
13230841
13231754
13235080
13235715
13236415
13236547
13242358
13243495
13245609
13251892
13252019
13253643
13253703
13254395
13254929
13257142
13262570
13267192
13269117
13271611
13281543
13283024
13288335
13290462
13296464
13296860
13300611
13302406
13309017
13311275
13314455
13315093
13319708
13321789
13322543
13323545
13325252
13325642
13327743
13329426
13333223
13333676
13333725
13334499
13334956
13335802
13336646
13337344
13344830
13345383
13347123
13347244
13348057
13348961
13349819
13354196
13355437
13356622
13357425
13357991
13358767
13362581
13362600
13369479
13373524
13391290
13393563
13393751
13395542
13400774
13401518
13411719
13414554
13418152
13427242
13428033
13428182
13430618
13444277
13446636
13447863
13449842
13450099
13457492
13463359
13470379
13472502
13475168
13480504
13480868
13484333
13484617
13487790
13493524
13501420
13504552
13505106
13507535
13515629
13516865
13520964
13527117
13527157
13528618
13530237
13532872
13534146
13535624
13537086
13540450
13542508
13544092
13548046
13551815
13552354
13558221
13558308
13562198
13567861
13568900
13576599
13579782
13582183
13582763
13587229
13587819
13590176
13590890
13591267
13591462
13591639
13592460
13593150
13595345
13595765
13596844
13602266
13607244
13607784
13612986
13615325
13618598
13620988
13623281
13623558
13624186
13626003
13630230
13631012
13634103
13635558
13639209
13639306
13643897
13650243
13657544
13659952
13665653
13675005
13678514
13678920
13679765
13688900
13694166
13698664
13702238
13706343
13707261
13709343
13715981
13717013
13717775
13718115
13719080
13726237
13740669
13744584
13748187
13750566
13750773
13750873
13753916
13765178
13767659
13768779
13772150
13776789
13777301
13785246
13786117
13787825
13789456
13791050
13793105
13795836
13796265
13797095
13800914
13802901
13804250
13808885
13810678
13812474
13814207
13814571
13816326
13817075
13818945
13820989
13824954
13826238
13828309
13830928
13832272
13835778
13836600
13838000
13838601
13846960
13854193
13855261
13857109
13858393
13864012
13864840
13866501
13866990
13869059
13869738
13870903
13871112
13871493
13872036
13882552
13885161
13887354
13891355
13893375
13895283
13898864
13909111
13911854
13919631
13920257
13924316
13926222
13935044
13935522
13938319
13939579
13940460
13941771
13943261
13944366
13947436
13951911
13952011
13955218
13955441
13955894
13958306
13963825
13965281
13969679
13971321
13974598
13985490
13987006
13987157
13991365
13993759
13994075
13997413
14003760
14005491
14006211
14015648
14021405
14025295
14030128
14030161
14033891
14036627
14040676
14041403
14043057
14049232
14050876
14052428
14053806
14054808
14057392
14060435
14061359
14065068
14065310
14072889
14073971
14078322
14086695
14086787
14088691
14089991
14096093
14096795
14098044
14100343
14100926
14100971
14103179
14105916
14107536
14116743
14128397
14132243
14134217
14134869
14137103
14137577
14138922
14140158
14140202
14144485
14152133
14154220
14154305
14154384
14156506
14157998
14158144
14159556
14161106
14161197
14165571
14173258
14176882
14177532
14178272
14180725
14182812
14183369
14183796
14194009
14194364
14197991
14197993
14204501
14207425
14210105
14214797
14217932
14218685
14237502
14244747
14250163
14252242
14252760
14253107
14259707
14263674
14264388
14266365
14268482
14272569
14272623
14272638
14272939
14279167
14290140
14294012
14297694
14298119
14304354
14305736
14307726
14309489
14315699
14326980
14327384
14328863
14333310
14333921
14335846
14338093
14343060
14344468
14348955
14349277
14352312
14356691
14358356
14359244
14359579
14363590
14364301
14368024
14374780
14375712
14375767
14381837
14382455
14392326
14394464
14398460
14398785
14402377
14403771
14411042
14412157
14432586
14433458
14439916
14442766
14448954
14450656
14464806
14465326
14467272
14473974
14475083
14475238
14475440
14476762
14478011
14480621
14492253
14493333
14498516
14498852
14499933
14503426
14503741
14507306
14511868
14516789
14518832
14519688
14524040
14527651
14532139
14533752
14534785
14536391
14536645
14545364
14549857
14561883
14563349
14571271
14575701
14580985
14593251
14603075
14611571
14614547
14616908
14620123
14625439
14630024
14639751
14641141
14642173
14648896
14652809
14653216
14655714
14658546
14658594
14666777
14668003
14670924
14673520
14675066
14675391
14675438
14677528
14678096
14678126
14680961
14687688
14687826
14689741
14694616
14695213
14698806
14699330
14707504
14707963
14714057
14715060
14719137
14724148
14727968
14731480
14742597
14743233
14748674
14752781
14756246
14759842
14761084
14761461
14762970
14764911
14765569
14769478
14771305
14771716
14772875
14775118
14776581
14779949
14781331
14784747
14784978
14786676
14787229
14789041
14790011
14795963
14796766
14798080
14802863
14810834
14814304
14815400
14816995
14817852
14818835
14823860
14824365
14827078
14828012
14835296
14836647
14836989
14838306
14838750
14839270
14844858
14845110
14852462
14853155
14859673
14863770
14864463
14866211
14867970
14871296
14880246
14882135
14882217
14884833
14891958
14893775
14895915
14896370
14901308
14903431
14905584
14906524
14907782
14910087
14913481
14915623
14916449
14918743
14924606
14929466
14932733
14936485
14939195
14940674
14946408
14950270
14951768
14958019
14959089
14967317
14969708
14974955
14977841
14981200
14997368
14997592
14999064
15001187
15003492
15004196
15004218
15005230
15013989
15014973
15017430
15020297
15025327
15029831
15029844
15029969
15031707
15031984
15032685
15036113
15039008
15048783
15052668
15072663
15077811
15084538
15084742
15086361
15101254
15102835
15104703
15105490
15105798
15111401
15120240
15120786
15125694
15126156
15126397
15126991
15135121
15138313
15139161
15143186
15143910
15143913
15146559
15151496
15159753
15163242
15165339
15168646
15170412
15171782
15173569
15177566
15179632
15179964
15191846
15192873
15196529
15197860
15199483
15202001
15209108
15210597
15216684
15224523
15237535
15251561
15253863
15257136
15262825
15263981
15267245
15268301
15269626
15277003
15277571
15293013
15294158
15295763
15297354
15297510
15301409
15303799
15308248
15317856
15326038
15327707
15335918
15339178
15339187
15339666
15343727
15349269
15351617
15352887
15354929
15355393
15355630
15357019
15359157
15360651
15361321
15363255
15363712
15371369
15371539
15372119
15373177
15375302
15380346
15383051
15386579
15391617
15411495
15411506
15411812
15415268
15418654
15435358
15438512
15439127
15439420
15452920
15454232
15456084
15459886
15465991
15466325
15470652
15477800
15483221
15490278
15490696
15491148
15495743
15497314
15499587
15501217
15503277
15507717
15511721
15521918
15525378
15526182
15531871
15533281
15535442
15544434
15548709
15555806
15559096
15559692
15569474
15570915
15574403
15577300
15589978
15590059
15597620
15601794
15607161
15613528
15613756
15619026
15619929
15620897
15621024
15631363
15633057
15634056
15641661
15648817
15651616
15652172
15654369
15656897
15665826
15666722
15669478
15676827
15680973
15682938
15687604
15689841
15703882
15707244
15709463
15709981
15717621
15718128
15719310
15720529
15721816
15723437
15728268
15728539
15729430
15732605
15735643
15736920
15739992
15743936
15744391
15750812
15754169
15755224
15757367
15758111
15759628
15764317
15766198
15770484
15779325
15779407
15779573
15794833
15796630
15798749
15802920
15803752
15812910
15813341
15813551
15816923
15817382
15821440
15825188
15828720
15829043
15830346
15831822
15838393
15838965
15844668
15857994
15858930
15875018
15875839
15888784
15889580
15890952
15891313
15895824
15903836
15912475
15914583
15915184
15918546
15922411
15922498
15922709
15928908
15931741
15935533
15949151
15961682
15964375
15967280
15970193
15983658
15986522
15987825
15993732
16004361
16009851
16010018
16011637
16013567
16016203
16016520
16016935
16017564
16019612
16019915
16022285
16022974
16026950
16027655
16031603
16033637
16037816
16045197
16052710
16054217
16056629
16062810
16076583
16082515
16084926
16086583
16099168
16108354
16110367
16118201
16120758
16121958
16127423
16128648
16129525
16131835
16139188
16140634
16144208
16144591
16145159
16147924
16152859
16156962
16165653
16169159
16175622
16177457
16178208
16182873
16183734
16184115
16185109
16186964
16188117
16188134
16188333
16189285
16190198
16197033
16197359
16198524
16199781
16205271
16209271
16209503
16209983
16210178
16226141
16228288
16228784
16230432
16233370
16236915
16237996
16239101
16239916
16248206
16250833
16255930
16256070
16258141
16261710
16263977
16273496
16276568
16278656
16290269
16294322
16295454
16296020
16297526
16303792
16304845
16306442
16307358
16309819
16314756
16316050
16317854
16321422
16325746
16325754
16328929
16329658
16336625
16348343
16348880
16349283
16350139
16353145
16357035
16366088
16368053
16370107
16374485
16375131
16375746
16379560
16392864
16394514
16394870
16396075
16398607
16406900
16407618
16407647
16408132
16408251
16411745
16420355
16420382
16420543
16422732
16424884
16426583
16433393
16435538
16436504
16437095
16437143
16438565
16440452
16452593
16454585
16457711
16466038
16468004
16469875
16473913
16476376
16477105
16478100
16478887
16483406
16483490
16501828
16501930
16503260
16503540
16505817
16507991
16508938
16517805
16518639
16529661
16529782
16531191
16532781
16538224
16542084
16542968
16543224
16545533
16548737
16552742
16554349
16555100
16555203
16559657
16562907
16563728
16577324
16582016
16585936
16591404
16605531
16608251
16608884
16612375
16617121
16624688
16626568
16627089
16627573
16628695
16635115
16635660
16636812
16641049
16641459
16641895
16648953
16655068
16657466
16662943
16663508
16678461
16682401
16682414
16683011
16685412
16685913
16688668
16690635
16693533
16693647
16695990
16703885
16714765
16718070
16720067
16722779
16725456
16725486
16728569
16730059
16730359
16734204
16734333
16736989
16741445
16745837
16746553
16747822
16750220
16752409
16752505
16769534
16774891
16775109
16777860
16785024
16787430
16787778
16790290
16792368
16792738
16794024
16800600
16801669
16802075
16804357
16813380
16814749
16815731
16819548
16830088
16833570
16833902
16839621
16840207
16840301
16841666
16844649
16846752
16847260
16847310
16862358
16867475
16868503
16870967
16871834
16875202
16879733
16886605
16892006
16893590
16898545
16904482
16910071
16910206
16916557
16916588
16917197
16922883
16926637
16926879
16931959
16932907
16933606
16934682
16935228
16935450
16937011
16940188
16941816
16942866
16943296
16944154
16946289
16946673
16946938
16947193
16947564
16952347
16960147
16961723
16962501
16964030
16965035
16966969
16969292
16973731
16974342
16976504
16977033
16977686
16978904
16980494
16981262
16982705
16989012
16994153
16995662
17001757
17003589
17006567
17013154
17018359
17022597
17023493
17023930
17025899
17028632
17029404
17030961
17031416
17031993
17035694
17038291
17042288
17047730
17054777
17056220
17057528
17059276
17062391
17063036
17064171
17064297
17065642
17078053
17078906
17081030
17081321
17082118
17085819
17088744
17096232
17098519
17100282
17102275
17104202
17106070
17112058
17112336
17117165
17122091
17137549
17140622
17141737
17146972
17150448
17151989
17153851
17155159
17157857
17160904
17166896
17176499
17176764
17177782
17184535
17188401
17188526
17196206
17196702
17200012
17200122
17201819
17205741
17206334
17215579
17216879
17226556
17228134
17231614
17238557
17254961
17261932
17264144
17267969
17273236
17274640
17274966
17276077
17276882
17278157
17286347
17286409
17287746
17295920
17296655
17297496
17298941
17299813
17303842
17304053
17304210
17310505
17311632
17312892
17316355
17322889
17327122
17327136
17331547
17332797
17333360
17334978
17341696
17348471
17351372
17356405
17369151
17369370
17370271
17371448
17373415
17374109
17374204
17381548
17383491
17384700
17388804
17396089
17405143
17415444
17419017
17426084
17426107
17434318
17435058
17438018
17439160
17445593
17446579
17448455
17460090
17461827
17463350
17464748
17470425
17472945
17477515
17479335
17484068
17486726
17494241
17496144
17496874
17498984
17502760
17502936
17505064
17505087
17505934
17507498
17508670
17508997
17510701
17513673
17514438
17514753
17517400
17518697
17520530
17520632
17526863
17531287
17532109
17532478
17533936
17535220
17539785
17541708
17546049
17549634
17553538
17556955
17557989
17561096
17566237
17571880
17572641
17578606
17580007
17582999
17584326
17589903
17590699
17591045
17594648
17595430
17597310
17600426
17600532
17601334
17602728
17602795
17606354
17608482
17610678
17612762
17618008
17621208
17621672
17624407
17625076
17626288
17629291
17629660
17630354
17631636
17633041
17634095
17640891
17641678
17642139
17642629
17650557
17652765
17653404
17654095
17655869
17656334
17659457
17660769
17663848
17665516
17669315
17669857
17670040
17670431
17674474
17679033
17680433
17681902
17683336
17690498
17695689
17699139
17700148
17701647
17702490
17703779
17705595
17706828
17710219
17710283
17714915
17715671
17718519
17720220
17725580
17734331
17736676
17741403
17741659
17743592
17750927
17751321
17753111
17760372
17761789
17768741
17769741
17770276
17774202
17774814
17777859
17779066
17780180
17781750
17783393
17786541
17790787
17800339
17801501
17807096
17807121
17813759
17817037
17817717
17823861
17828959
17830448
17832043
17832980
17838744
17840417
17840809
17841525
17843338
17844396
17847233
17849445
17849908
17850817
17852306
17854049
17858841
17860166
17863582
17864819
17867556
17868342
17876290
17881131
17884077
17884482
17885320
17886741
17888541
17888793
17891477
17891639
17892202
17893356
17896146
17898667
17899911
17900292
17904333
17904883
17908770
17910353
17911132
17917375
17917773
17920744
17921687
17922619
17925288
17925571
17925870
17928533
17944507
17949299
17954482
17957040
17960137
17960421
17960469
17964994
17977399
17977574
17978710
17979399
17982045
17982575
17984223
17990075
18002095
18002521
18014953
18016272
18017813
18020044
18020256
18026605
18030055
18032186
18033908
18034411
18042971
18044148
18048188
18050517
18053424
18054458
18058884
18059258
18061492
18061711
18062982
18065305
18066818
18071300
18071790
18073472
18075199
18079911
18081951
18084401
18086798
18091715
18091761
18094889
18100827
18108949
18113327
18114868
18119756
18122078
18123541
18125005
18132753
18140429
18142893
18153978
18161042
18161383
18162915
18171163
18172308
18173138
18175610
18183550
18186645
18186703
18190031
18190711
18192852
18193447
18195619
18201513
18205819
18207942
18209064
18211171
18211241
18212681
18219168
18220841
18227869
18228199
18235316
18241859
18243797
18244402
18246361
18248025
18250574
18251765
18251820
18253048
18253064
18258775
18259213
18267502
18273658
18277578
18290706
18292497
18295764
18301903
18309197
18312117
18313107
18315255
18318742
18321575
18323173
18324251
18327889
18330254
18331978
18334808
18345868
18346638
18350076
18351144
18351440
18363295
18366709
18367038
18367180
18367263
18369039
18369504
18371141
18371518
18374711
18376132
18379350
18380217
18382290
18382342
18383366
18384645
18386854
18392206
18395135
18395373
18397388
18402060
18402742
18402922
18406890
18415704
18415969
18425827
18429665
18432103
18432315
18437451
18440368
18441229
18445215
18452327
18454737
18456563
18458125
18461196
18461654
18467557
18472534
18473145
18473970
18481689
18484614
18490832
18496060
18496685
18498316
18499770
18500404
18506007
18509370
18518136
18527593
18528891
18539866
18542065
18542120
18551847
18552117
18559657
18567046
18569418
18573585
18574308
18576277
18582244
18582872
18582945
18583516
18588886
18591112
18592290
18592520
18592867
18593821
18594672
18595771
18596206
18596786
18597404
18597652
18599082
18610609
18611236
18616749
18617950
18620094
18622579
18629352
18631915
18632194
18633330
18634150
18637619
18639672
18640238
18640256
18642396
18643336
18650303
18657181
18660209
18661113
18663246
18666334
18666676
18667279
18670938
18674307
18677509
18681030
18681454
18681821
18684126
18684398
18684998
18689437
18696207
18696568
18703659
18704666
18707266
18712988
18715086
18717087
18717376
18718085
18720163
18722264
18723673
18728094
18728696
18732975
18734507
18738571
18739868
18742355
18743688
18747206
18749217
18749484
18750430
18754008
18755504
18756681
18757232
18758431
18765458
18767304
18767525
18767987
18768043
18770133
18770851
18771215
18773432
18773933
18780200
18783329
18787802
18790917
18796077
18799839
18806749
18807773
18811200
18811899
18813508
18818006
18825693
18826599
18828867
18833425
18834402
18835207
18836481
18838590
18839809
18845273
18847008
18849893
18853519
18856695
18857197
18858422
18859060
18860827
18860940
18866417
18869269
18869563
18869665
18870413
18877123
18879035
18879282
18880404
18880673
18881302
18881591
18882583
18883121
18884110
18884571
18885852
18886593
18890431
18894169
18897837
18905047
18905548
18909429
18910414
18912338
18915573
18925857
18930660
18931460
18931689
18933102
18933700
18934982
18944692
18945730
18950457
18956034
18956870
18961036
18963275
18963401
18969745
18972941
18988349
18991642
19000391
19000755
19001845
19002411
19002768
19002785
19007511
19008794
19008893
19010776
19012998
19016770
19017112
19019231
19020511
19024010
19026645
19026778
19027473
19027861
19036567
19047138
19047339
19048508
19052530
19053856
19058825
19066929
19069292
19070025
19071920
19072332
19072373
19073297
19075789
19078253
19079163
19082935
19085458
19085885
19096236
19102329
19106214
19108543
19112692
19114002
19120382
19128846
19134116
19135573
19139246
19142996
19144784
19146965
19148371
19149537
19154286
19156620
19156908
19158035
19162356
19168192
19168929
19172331
19173245
19174874
19175173
19177489
19181600
19183518
19185153
19187572
19188006
19191415
19191887
19194092
19194606
19196220
19210386
19222116
19225382
19241031
19245160
19249162
19251152
19252485
19253352
19253498
19258292
19264198
19264742
19276460
19277130
19278728
19285348
19290995
19292263
19305338
19306560
19307086
19308181
19308609
19315314
19315675
19318900
19319729
19323199
19325362
19326513
19328261
19330995
19332440
19344093
19345340
19346494
19350752
19360413
19361521
19363013
19366268
19371591
19372428
19372573
19375032
19377214
19378178
19381474
19385955
19386214
19389559
19390029
19395514
19404630
19409666
19413904
19415280
19416368
19417435
19421924
19422337
19425023
19430248
19445517
19449132
19453576
19454434
19462426
19467553
19470333
19471759
19474237
19482899
19488773
19490623
19491118
19492591
19493586
19497724
19501517
19503212
19510536
19513546
19515254
19515621
19515656
19516405
19522394
19522470
19524514
19524887
19525198
19526099
19536778
19537035
19538788
19541170
19542793
19550534
19553911
19555408
19558843
19562270
19566410
19569086
19571395
19573194
19579076
19582095
19582536
19590594
19591192
19595038
19601773
19604839
19606021
19608483
19609804
19610416
19615236
19616304
19620464
19621112
19621231
19628607
19633079
19639065
19640249
19642242
19642529
19646316
19646635
19654032
19660587
19665559
19668706
19669209
19670636
19671565
19672914
19673964
19676692
19680123
19681623
19685832
19685874
19687450
19688353
19688483
19699770
19701468
19701871
19704048
19705417
19714741
19720018
19720971
19730259
19745661
19751539
19753857
19755367
19756615
19760115
19761986
19765249
19765456
19769946
19771473
19776671
19779405
19781521
19789594
19794917
19797769
19803811
19808465
19812065
19816138
19819187
19831457
19832025
19832107
19846754
19854299
19855324
19859817
19860999
19861702
19866874
19869936
19870599
19880146
19882769
19884978
19889482
19890138
19892747
19897859
19898740
19907094
19911340
19913086
19921205
19925514
19928269
19929586
19929661
19930154
19941543
19943495
19945380
19947512
19950270
19950694
19952096
19955960
19956993
19960026
19967058
19968536
19970497
19973941
19984416
19989015
19991497
19991825
19997765
20000210
20002514
20011565
20016316
20018678
20019596
20026930
20029734
20030944
20035319
20036395
20038602
20039089
20039920
20040501
20040616
20042020
20043217
20053118
20053151
20054938
20057134
20062456
20065940
20066141
20069181
20082695
20083525
20084511
20085061
20086894
20089325
20095774
20096622
20096866
20097936
20098610
20099426
20104462
20106881
20107516
20111776
20116150
20119619
20119651
20121180
20121622
20128295
20130210
20130931
20132247
20132791
20137516
20139861
20143989
20148240
20148701
20156198
20158860
20161915
20164798
20165763
20167508
20168242
20177722
20182349
20182852
20183628
20190541
20194548
20196637
20197124
20197452
20198417
20203944
20205174
20207917
20209454
20215141
20220519
20221841
20223533
20224244
20225407
20228447
20229307
20232910
20237707
20238789
20239031
20239964
20242183
20244259
20244371
20246721
20249186
20249602
20258257
20259406
20262005
20262171
20267165
20268581
20269931
20273875
20281387
20289310
20293028
20293272
20296302
20297550
20304938
20306053
20306239
20322352
20326595
20332834
20335145
20335889
20345105
20348440
20348751
20350455
20352709
20354773
20357397
20362302
20364427
20367102
20367116
20372747
20378789
20387392
20387743
20393257
20395982
20398779
20399759
20401313
20402335
20402476
20407615
20408645
20414218
20414460
20425374
20425980
20426631
20427323
20434540
20439094
20439352
20440947
20441608
20445769
20449884
20454202
20455179
20456378
20465508
20466841
20467057
20473971
20483217
20486698
20487533
20487668
20489494
20495315
20496733
20504836
20505870
20512327
20516500
20519529
20520300
20520986
20521640
20521664
20526326
20527147
20530643
20531928
20533234
20535292
20541914
20542588
20550471
20552012
20552988
20553235
20554687
20555965
20558477
20576577
20580086
20583262
20587107
20587317
20587713
20588053
20589056
20589063
20594510
20598018
20608407
20610616
20611281
20612593
20614042
20614479
20621764
20628976
20629950
20632620
20637127
20640741
20641364
20641413
20641783
20653023
20653838
20653923
20655532
20658623
20667033
20667610
20667714
20668125
20668502
20669852
20671827
20672996
20673718
20677805
20682134
20683323
20683614
20685491
20690913
20692505
20692525
20696251
20700740
20702222
20704692
20708329
20708983
20709051
20711321
20713816
20720547
20721011
20721324
20724134
20732910
20733918
20734405
20736703
20738828
20738895
20746078
20747426
20748428
20749946
20750454
20754199
20755909
20758549
20759638
20760455
20761139
20766873
20766891
20770958
20780516
20785019
20785718
20787876
20788618
20791592
20795295
20796955
20800734
20805741
20807227
20810767
20813906
20815003
20817286
20819085
20835307
20837454
20840723
20845080
20854043
20854318
20855474
20857090
20857120
20863627
20864091
20867423
20868219
20868337
20873139
20874724
20887832
20891788
20892132
20898342
20900962
20908254
20912963
20916361
20922056
20922384
20922802
20923576
20924141
20924975
20926924
20927221
20927359
20927617
20929029
20933554
20934784
20935057
20940525
20941940
20949101
20950028
20959518
20964511
20966885
20970570
20971515
20972294
20976229
20979843
20982186
20983291
20989730
20994713
21001308
21001879
21004914
21006940
21007806
21013494
21013529
21014164
21019700
21023772
21028317
21029868
21038394
21043843
21044073
21047035
21053516
21056953
21057728
21059294
21059700
21061980
21065118
21065757
21068756
21068997
21070305
21071274
21071864
21072366
21072519
21075145
21075613
21077362
21078466
21079764
21082980
21083597
21084461
21086323
21087854
21091831
21095965
21097431
21097610
21101129
21103174
21107813
21114196
21117927
21118939
21122103
21125590
21134025
21138315
21140145
21142427
21142853
21146230
21154892
21160494
21169545
21172082
21172651
21175049
21175814
21176028
21176324
21176586
21178240
21179693
21182670
21184204
21184665
21192299
21199354
21199712
21209009
21211146
21214296
21216997
21229748
21234944
21236207
21236502
21237258
21239884
21246675
21246913
21250708
21252168
21255002
21255733
21257317
21264116
21269532
21274379
21275077
21275144
21276588
21278574
21282298
21282906
21290039
21292332
21293853
21295210
21303915
21305285
21317380
21317537
21322576
21327515
21328790
21328867
21330760
21331610
21331898
21335529
21344367
21346473
21346536
21352699
21352879
21353486
21356820
21364249
21365119
21375389
21377556
21378450
21379246
21380793
21383624
21384266
21386923
21387560
21388036
21388521
21391387
21393636
21396531
21399571
21400227
21400896
21402805
21403694
21404537
21406054
21410741
21411054
21412956
21414457
21414803
21415975
21416474
21416527
21417274
21420028
21424926
21426741
21437568
21437778
21438124
21447667
21448189
21449425
21451448
21454486
21456487
21460241
21463333
21463356
21464965
21466106
21473575
21475806
21486207
21486264
21486485
21487835
21489568
21494086
21497863
21498259
21499958
21502040
21503042
21504068
21509106
21513784
21522002
21529196
21531945
21534021
21534666
21534827
21544376
21548461
21549499
21553098
21555821
21555862
21557166
21559139
21559565
21571801
21573753
21579508
21579722
21579773
21580624
21586401
21596413
21600476
21609669
21612422
21613277
21615297
21619282
21619914
21624330
21624425
21626481
21634859
21638116
21642333
21645237
21645459
21646652
21648842
21649527
21654488
21654749
21655914
21657232
21658665
21662621
21664495
21666804
21672221
21673639
21673665
21675132
21675156
21684105
21685212
21687744
21688266
21696029
21707059
21708659
21713754
21716673
21723682
21731514
21731838
21733669
21735318
21736554
21741197
21745935
21746155
21748731
21750667
21751921
21760179
21763107
21767113
21780812
21788151
21797596
21798411
21801130
21803010
21808327
21818448
21821602
21824085
21832472
21834579
21834806
21835604
21835865
21841837
21849143
21852559
21855392
21859621
21869084
21870775
21871600
21872366
21877152
21878377
21883855
21887891
21890042
21890651
21892995
21893201
21901115
21908198
21912002
21912178
21916327
21921605
21922873
21925670
21926065
21926312
21926534
21926840
21934121
21936728
21938114
21938147
21939725
21939914
21942096
21942703
21945800
21945825
21950805
21954024
21957057
21959370
21960738
21962852
21963766
21964634
21964664
21965661
21968022
21972436
21975235
21976690
21978291
21979564
21983026
21987286
21989760
21991575
21995802
21997733
22005901
22009175
22010053
22014763
22017840
22018010
22021280
22021546
22024342
22033373
22035254
22035476
22036244
22041921
22044198
22044879
22046095
22048330
22049331
22049370
22050137
22051538
22061783
22062585
22063702
22071497
22073102
22073216
22084703
22096501
22103340
22105070
22109111
22114363
22119696
22119828
22120116
22120325
22128091
22136000
22138826
22141386
22149932
22159484
22161425
22161982
22167693
22169341
22172374
22174122
22176947
22178439
22181195
22186974
22194587
22200275
22204125
22207951
22222069
22222228
22227178
22227700
22231324
22233016
22235023
22242864
22247556
22247843
22248126
22252358
22254813
22255403
22261580
22264591
22265716
22266081
22266338
22268194
22268550
22272852
22274422
22277086
22278723
22279298
22280555
22286216
22287229
22290313
22295389
22297639
22297941
22299479
22302585
22305259
22313126
22313925
22315164
22316149
22319110
22325839
22327684
22328121
22329343
22329479
22330890
22331179
22332987
22334533
22342663
22345234
22345598
22347448
22348639
22349428
22355242
22356008
22356457
22356773
22357149
22363325
22364201
22367207
22372458
22382475
22386760
22388421
22388722
22389625
22390717
22394570
22399830
22401261
22406338
22407464
22412959
22417782
22419962
22423281
22426765
22432396
22433426
22433505
22438074
22438642
22443747
22452157
22457807
22463038
22467299
22473509
22475240
22477019
22478419
22479150
22483875
22485621
22490756
22498986
22507286
22508043
22508227
22509198
22509404
22511028
22516969
22520620
22524032
22525366
22526079
22526813
22528411
22529124
22529215
22529635
22531887
22532916
22533180
22534478
22541528
22547665
22548252
22548619
22549978
22555572
22560350
22560478
22561973
22569311
22575660
22587291
22590650
22595017
22595129
22596606
22607042
22607543
22607869
22608001
22614321
22614602
22614719
22616431
22618032
22618519
22619926
22623508
22625365
22630149
22635974
22639328
22642739
22645118
22651996
22658163
22658748
22663242
22664481
22670149
22670186
22675638
22678034
22680068
22680791
22684058
22684388
22686521
22689043
22689303
22691335
22711769
22715317
22718843
22727870
22733028
22744106
22748927
22752063
22754630
22755683
22757624
22759296
22763919
22765217
22771898
22784054
22793802
22796297
22800350
22800468
22806594
22807083
22807862
22808790
22809445
22813154
22817634
22819711
22820426
22820694
22821283
22829045
22829692
22830695
22831688
22834084
22835181
22836169
22838254
22839612
22841382
22841810
22845148
22848084
22851777
22853569
22854190
22857720
22858182
22861288
22861948
22862512
22863772
22865189
22886909
22888071
22890109
22891502
22891813
22895628
22902130
22907214
22914612
22914683
22916054
22917949
22920738
22922580
22923679
22932369
22941231
22941873
22942509
22942824
22945457
22947693
22951309
22963011
22967772
22972179
22981595
22984454
22992903
23000681
23003846
23014086
23016066
23016104
23025684
23028273
23047026
23050941
23057245
23060371
23061023
23061167
23063891
23070084
23072546
23074319
23089882
23089888
23091953
23108601
23109199
23110240
23111485
23113150
23114951
23115309
23117278
23119354
23121578
23122771
23124651
23127531
23127709
23140327
23143154
23143819
23145161
23147170
23151030
23161143
23163104
23164502
23168996
23173295
23173613
23178694
23178762
23183045
23190444
23192505
23201701
23202739
23203653
23204700
23214127
23221325
23223516
23227585
23228081
23228370
23229051
23233826
23234597
23234742
23234928
23237622
23239228
23239636
23240417
23240503
23250794
23252531
23255570
23257235
23265653
23268152
23271598
23272872
23273125
23273418
23277350
23279293
23282612
23286066
23286451
23290044
23290624
23294127
23296419
23296797
23306470
23310495
23310874
23314395
23317457
23319479
23329633
23336637
23339147
23339216
23340273
23342907
23344031
23351313
23354079
23368600
23381270
23381775
23383947
23389532
23389809
23390379
23391864
23393826
23395201
23397854
23400089
23407124
23413829
23419806
23421952
23424042
23427004
23428413
23429085
23429651
23429739
23438870
23445397
23447332
23449577
23450622
23453992
23457007
23459385
23460703
23462125
23463860
23468663
23468741
23475258
23476388
23478970
23479222
23481759
23488769
23488913
23488943
23503317
23505177
23509851
23516761
23516858
23518229
23520890
23523076
23524720
23529747
23535953
23546096
23557788
23559066
23566485
23567296
23571017
23572914
23576639
23582012
23582324
23582734
23583671
23589046
23593787
23603966
23605171
23609618
23611256
23616545
23617887
23618324
23619591
23624635
23626069
23627403
23633443
23634072
23636988
23638014
23638188
23647596
23650567
23651987
23652698
23653252
23667928
23669824
23677200
23677913
23680334
23681938
23685719
23688202
23690927
23695260
23699322
23704460
23704702
23722735
23725470
23730293
23731498
23733543
23735587
23737754
23742161
23742368
23746756
23746925
23751187
23756963
23760853
23768206
23768372
23770594
23771358
23774251
23776904
23782712
23782873
23783421
23784016
23786670
23791125
23791477
23791605
23798662
23798724
23799613
23802365
23810179
23814407
23816930
23817961
23819348
23825361
23826111
23827840
23828364
23831193
23834491
23836903
23838441
23839898
23841815
23842267
23846405
23848311
23848650
23852783
23852827
23853403
23857314
23858893
23862492
23873285
23876246
23876681
23876846
23879217
23879410
23886147
23888872
23888952
23892376
23906436
23907406
23909959
23916282
23917190
23918678
23932657
23933655
23936095
23937716
23945609
23948943
23952819
23953624
23954234
23969722
23970218
23975888
23979569
23982199
23982968
23983287
23983925
23984125
23988733
23988776
23994859
23997289
23997804
23997867
23999174
24006006
24017091
24022395
24024047
24027116
24030715
24031643
24032414
24036941
24037428
24042972
24045472
24051167
24051879
24057459
24059231
24065232
24070443
24071088
24071352
24071970
24072358
24084332
24090511
24091069
24098298
24101160
24102389
24109916
24114884
24115899
24116111
24120098
24120948
24123477
24139351
24144017
24144459
24152491
24153386
24154614
24157799
24158067
24160788
24161026
24163301
24163511
24168293
24168661
24171949
24175102
24184389
24187151
24191880
24196127
24198565
24198674
24200755
24200907
24202971
24204185
24204208
24210394
24211059
24213622
24232967
24239169
24240510
24242015
24250000
24253503
24255362
24263458
24263751
24264054
24265738
24269832
24269892
24271280
24271287
24272264
24274637
24283658
24284733
24286894
24293982
24295018
24298619
24300135
24303334
24307405
24312447
24312683
24313796
24315704
24316012
24318319
24321225
24324507
24326649
24327120
24329706
24332834
24340578
24343816
24345093
24345135
24350848
24352861
24353768
24356943
24357687
24359664
24362081
24372267
24373930
24379847
24380128
24397982
24398600
24403023
24403380
24404209
24404453
24405912
24406768
24409575
24415092
24418347
24419840
24421487
24423299
24425330
24430520
24431726
24432916
24437451
24441158
24442756
24443638
24444567
24447820
24448521
24454582
24456916
24460531
24462010
24464028
24464488
24464531
24467308
24481424
24482347
24483265
24489432
24498538
24504803
24508891
24512194
24514705
24528520
24534812
24536049
24536452
24537872
24542031
24557849
24570408
24571847
24574147
24581336
24589755
24592087
24592650
24593198
24595907
24596214
24598356
24622497
24623147
24623877
24626206
24629487
24633588
24634316
24639706
24640646
24649159
24656785
24657926
24661365
24661569
24667703
24669503
24672293
24677682
24682132
24684747
24686376
24690778
24693370
24695813
24697027
24703782
24705505
24708272
24709899
24711131
24713710
24715459
24717483
24721920
24724710
24724841
24729525
24740654
24741424
24752697
24758079
24758485
24768366
24769065
24770081
24771863
24774134
24782792
24783584
24790081
24792518
24793848
24794291
24796186
24798031
24798857
24799577
24804021
24805631
24806363
24806786
24809202
24810343
24813054
24814932
24815874
24815991
24816164
24816736
24818003
24823059
24823801
24823861
24829641
24829656
24833899
24838036
24843938
24845520
24847913
24856411
24864572
24866157
24866796
24870600
24873847
24875573
24878296
24880403
24883414
24889300
24889727
24892017
24895133
24900259
24907937
24909180
24917010
24926615
24928863
24929514
24930842
24935233
24940420
24942207
24944766
24949077
24950345
24950617
24955234
24957320
24960028
24961222
24970798
24983641
24984133
24984191
24985646
24986029
24988242
24990909
24991495
24993533
24994351
24995102
24996800
24998539
25000008
25000624
25006915
25008986
25009664
25010369
25014286
25016723
25016862
25016922
25018908
25022551
25025248
25029468
25036245
25044295
25045492
25051710
25056553
25057083
25058504
25059202
25069118
25072832
25076899
25085326
25088108
25092288
25099659
25102507
25103762
25105252
25109795
25114054
25114454
25134103
25136116
25138660
25142249
25147663
25147883
25149575
25154314
25155871
25157562
25161778
25164746
25169870
25169931
25171563
25171967
25173450
25177187
25178117
25179081
25179667
25183266
25184030
25185689
25189437
25190202
25190926
25192321
25196388
25202021
25203162
25203979
25205750
25206375
25213686
25226073
25226538
25229207
25230028
25231902
25232046
25234228
25242153
25251650
25251997
25253592
25258585
25261046
25263310
25265851
25269717
25272516
25273042
25274747
25277809
25290743
25292976
25295293
25309410
25311577
25314339
25314877
25318327
25320960
25322153
25328472
25331879
25333256
25340840
25343137
25344708
25360508
25362713
25364091
25364164
25367623
25371137
25371602
25372393
25376808
25380154
25382734
25382947
25386443
25386979
25389061
25390088
25394303
25400063
25400137
25400841
25401227
25401848
25402061
25405505
25407228
25408426
25409491
25412212
25418307
25420134
25429565
25429671
25431203
25432902
25439038
25439050
25439423
25442920
25444769
25445019
25445944
25446992
25451298
25457296
25457437
25458041
25467912
25468671
25472911
25476326
25476525
25481573
25482454
25483252
25489068
25489120
25491658
25497923
25498570
25504821
25505925
25510478
25512186
25514106
25520962
25526924
25532300
25536450
25543693
25556601
25558111
25558721
25559174
25559650
25565601
25568426
25568441
25569849
25573303
25574524
25576896
25577660
25577967
25581680
25584387
25588746
25594694
25597248
25597780
25599377
25599440
25602802
25602862
25603790
25606916
25608656
25614420
25622814
25624115
25628040
25631056
25631535
25633396
25633729
25633839
25636009
25641961
25645591
25647037
25647691
25648172
25660496
25663354
25663993
25666195
25671917
25675582
25677286
25678812
25682158
25683597
25684310
25685799
25688490
25689719
25691703
25693464
25696731
25697045
25698456
25702523
25704343
25704953
25707332
25710468
25710864
25712231
25720786
25722484
25731682
25733384
25739885
25740457
25744169
25747809
25748898
25754706
25755852
25757399
25758088
25762869
25764279
25769939
25771204
25785193
25792741
25793677
25794164
25795938
25799281
25801012
25806143
25817324
25822438
25823404
25832205
25843966
25846633
25847763
25849857
25854350
25858711
25859695
25859810
25868910
25869905
25873035
25874450
25875646
25882326
25885610
25885973
25888175
25888519
25890084
25891263
25892537
25893886
25904019
25905372
25910718
25918299
25920315
25930422
25931432
25932102
25933204
25936164
25942902
25944221
25945042
25946479
25949741
25950424
25951364
25951374
25951725
25952909
25961300
25979153
25979969
25985037
25986481
25991069
25993807
25994164
25994545
25999351
26002993
26006235
26007293
26008279
26008357
26011130
26014220
26017122
26017832
26022029
26024426
26034996
26035399
26037028
26038707
26041491
26052961
26055310
26059775
26070501
26071721
26074469
26076133
26077799
26079472
26079665
26087356
26094339
26095284
26098789
26108250
26109518
26110679
26110905
26112406
26115378
26119737
26120516
26120765
26123122
26123246
26125806
26128831
26130762
26134927
26138296
26140340
26142709
26146610
26147652
26147800
26148963
26150776
26151545
26151833
26152002
26154395
26155342
26155532
26155980
26156816
26157728
26159540
26161207
26162319
26162623
26171088
26172763
26178908
26179830
26180288
26180319
26186557
26188390
26188921
26194937
26198273
26198568
26198913
26201992
26212366
26213020
26213956
26221911
26224843
26230415
26231472
26236673
26238780
26239532
26239925
26257588
26262939
26263799
26274487
26275039
26276434
26283149
26285963
26292382
26292480
26293383
26296381
26298425
26299387
26300700
26301334
26302501
26311210
26326711
26332310
26333520
26334768
26337419
26341005
26341888
26345860
26347320
26350157
26357946
26360859
26360897
26361503
26363442
26366353
26370654
26371070
26372909
26376483
26376607
26379649
26379971
26380152
26381479
26384702
26384848
26385983
26389058
26392687
26392849
26394203
26396215
26403982
26411979
26414923
26415728
26424534
26424891
26425069
26426557
26428652
26431772
26432124
26432297
26432587
26432711
26433994
26438366
26438735
26440242
26444124
26445181
26446332
26450561
26453024
26457795
26460172
26460477
26460702
26460895
26462488
26467446
26469705
26478685
26480642
26485889
26487368
26491534
26493551
26493770
26497190
26500516
26502457
26503364
26504773
26507781
26507816
26509720
26511019
26511777
26511970
26516961
26519085
26519293
26519346
26520506
26521731
26524655
26527317
26530375
26530725
26536952
26538757
26547733
26557038
26560351
26563803
26564152
26564238
26567493
26574217
26574630
26576036
26576762
26583390
26584366
26589019
26590404
26597702
26601276
26604493
26605443
26606812
26617693
26618883
26620980
26622103
26625116
26625858
26626142
26626709
26627726
26627727
26637208
26639539
26644950
26645385
26647967
26653240
26653500
26654864
26660421
26665735
26673548
26680000
26681447
26683164
26686292
26689462
26691394
26693774
26697089
26699934
26705403
26708747
26712213
26715149
26718703
26723763
26728029
26741894
26742716
26743540
26752017
26753010
26753373
26754973
26758602
26760589
26760862
26761223
26761647
26762757
26765251
26775766
26779353
26784665
26788641
26789504
26789677
26792256
26796622
26798601
26798826
26801065
26804144
26807713
26807811
26810204
26812670
26817017
26818135
26824769
26825176
26827486
26831459
26834153
26839307
26840182
26841888
26846625
26849781
26850754
26853250
26856237
26857512
26857926
26867174
26872451
26874740
26877812
26878477
26878858
26879637
26886789
26888184
26890327
26895137
26895227
26902802
26906722
26906824
26907071
26907807
26910409
26913366
26913931
26915344
26919400
26919832
26926982
26929588
26930910
26931252
26931417
26936399
26944445
26945982
26950887
26954829
26954979
26955392
26957429
26958185
26958433
26960064
26961919
26966358
26966838
26974270
26977019
26977211
26977913
26978678
26980573
26982081
26983323
26983996
26986295
26987129
26996674
26996764
27006013
27006258
27007758
27011219
27014990
27019832
27019835
27021252
27022109
27023069
27025048
27026042
27028937
27032507
27039911
27040701
27043013
27043470
27047531
27053193
27054299
27057042
27058491
27065744
27071446
27081202
27083141
27083965
27085264
27092976
27098062
27099175
27106746
27109324
27111211
27116301
27120128
27123103
27124669
27124878
27130700
27131746
27135997
27136744
27137059
27142732
27144423
27153534
27162735
27163696
27171664
27174355
27186758
27186906
27193266
27199901
27201233
27202373
27203028
27207442
27209173
27210104
27211801
27212845
27212907
27212936
27214255
27214511
27216006
27219935
27226843
27229973
27231369
27233620
27234764
27238763
27239421
27240820
27241077
27245486
27249676
27259623
27263435
27266496
27270031
27270408
27272373
27278668
27279615
27279916
27282107
27286437
27287602
27290102
27300560
27300952
27302359
27307300
27307552
27309750
27312242
27326744
27330283
27331825
27334637
27335955
27337907
27338006
27338966
27345694
27356119
27356689
27360118
27364380
27366965
27374293
27374391
27375921
27378134
27379179
27386672
27392141
27392982
27394389
27396316
27398741
27404432
27405015
27412701
27414416
27415076
27417023
27419255
27420102
27420618
27422262
27423155
27429443
27432733
27436305
27437730
27440525
27441245
27443484
27448420
27452584
27456226
27457237
27461758
27462169
27464463
27466666
27469673
27470983
27471133
27475743
27480633
27481051
27483058
27488640
27490294
27490739
27500117
27509303
27509457
27510152
27513034
27515362
27517373
27520227
27523299
27531306
27536390
27538865
27547339
27548752
27554247
27555425
27556111
27558751
27567896
27569484
27576439
27581956
27582124
27582500
27583459
27586139
27591712
27595829
27597332
27607889
27611637
27611724
27626613
27627982
27629550
27630262
27632056
27632287
27632958
27639427
27640372
27643926
27644924
27645616
27646922
27651879
27651936
27652725
27653408
27656954
27659792
27659871
27666472
27675270
27679548
27682000
27682214
27685583
27689066
27691100
27696360
27698797
27701265
27709935
27713289
27716900
27719210
27719713
27721333
27721350
27724873
27727306
27732678
27744202
27745629
27750491
27751190
27752312
27760818
27762562
27764058
27765060
27769990
27771599
27772849
27773493
27780511
27782062
27782737
27784360
27787269
27792964
27795595
27796354
27796705
27796776
27806077
27814882
27814991
27818024
27820025
27822108
27824300
27827521
27829109
27830666
27834059
27834681
27837355
27840854
27841006
27845297
27847979
27848834
27861446
27862298
27863552
27875694
27876082
27878278
27888158
27899595
27902846
27915025
27926862
27933675
27935589
27938012
27944375
27946225
27952028
27953416
27954671
27959071
27960603
27965617
27967074
27967576
27973176
27975342
27977754
27978607
27982843
27984015
27987245
27989776
27992032
27994464
27995514
28002691
28002949
28010539
28011237
28013637
28016832
28025933
28028517
28029680
28033977
28034886
28038778
28040138
28042068
28043554
28047104
28057237
28058629
28062793
28076112
28079223
28082804
28087505
28087650
28089600
28089865
28091231
28094574
28095225
28096879
28100592
28103031
28106227
28118049
28120019
28121625
28124615
28127285
28133145
28133475
28134873
28140462
28145503
28147109
28148739
28149870
28149996
28154626
28155436
28160015
28160512
28162170
28162586
28163727
28166612
28169780
28172988
28173115
28173634
28180505
28185265
28189518
28191619
28191851
28194498
28196473
28202751
28202948
28206606
28209632
28211235
28211491
28212280
28212301
28224385
28226275
28229030
28231043
28232245
28233943
28235494
28235936
28236366
28237685
28239776
28241570
28243345
28245885
28249168
28249272
28252481
28254101
28254335
28257038
28257207
28266156
28266195
28267897
28272816
28273817
28274804
28281525
28283514
28288084
28297590
28301530
28301993
28314020
28317310
28317560
28319132
28319371
28327511
28328699
28329107
28332426
28332945
28335675
28336038
28337579
28340131
28341102
28344987
28351067
28351995
28352011
28355216
28355743
28358125
28361422
28368540
28380958
28381138
28382956
28387687
28395410
28401671
28405268
28407005
28408083
28413012
28426078
28428238
28430732
28431829
28432463
28435278
28437820
28439379
28443431
28445982
28446696
28451057
28453330
28457439
28459441
28462001
28462350
28464730
28465486
28467263
28468864
28469982
28473491
28475319
28485479
28495503
28499209
28500305
28503079
28504557
28504770
28505633
28515979
28517182
28517221
28518003
28523281
28524310
28526142
28528314
28532196
28534329
28541419
28542463
28542892
28543837
28552238
28563631
28565331
28568407
28571669
28573182
28573330
28580514
28584288
28584509
28584583
28597548
28598423
28598616
28601304
28602715
28603637
28605429
28605915
28606885
28611368
28612246
28615114
28617258
28618377
28619248
28619585
28620684
28621213
28624719
28628703
28630689
28632117
28632960
28633176
28649052
28650367
28650880
28660536
28666792
28670110
28673495
28675271
28675781
28678399
28678631
28687807
28700027
28703155
28704758
28705520
28706264
28717058
28734999
28744800
28744863
28746679
28755945
28755975
28760806
28762613
28768957
28771497
28772390
28774403
28774551
28777685
28789829
28793004
28802047
28806660
28810795
28814121
28814536
28817543
28817930
28817965
28820684
28825477
28827379
28829911
28832120
28838083
28841240
28841423
28841571
28844108
28846067
28847443
28859766
28860746
28861353
28861654
28863105
28867978
28871020
28872122
28874083
28881296
28897845
28898727
28902055
28904278
28910477
28910694
28921728
28924383
28924601
28924669
28928012
28929842
28932968
28934801
28937007
28940880
28941886
28943827
28944458
28944601
28945922
28946096
28947175
28949115
28949899
28954219
28959130
28965185
28968229
28973532
28974362
28977341
28979292
28985987
28987368
28989502
28989747
28993937
28994772
29000191
29003696
29006921
29009650
29010383
29012021
29018452
29018457
29030069
29031878
29033024
29033441
29034090
29034194
29038105
29043040
29046399
29048307
29048361
29056950
29057409
29059481
29061502
29062144
29065266
29066322
29066909
29067676
29068050
29070485
29074540
29076723
29084738
29087533
29089599
29092883
29095708
29096187
29101195
29108564
29110125
29110319
29110961
29111658
29112655
29113977
29119412
29122574
29125036
29127064
29128338
29129050
29129532
29130609
29133909
29136453
29139958
29140360
29144468
29145713
29147871
29148588
29151395
29151991
29152155
29156628
29164472
29168204
29170872
29181639
29184950
29189976
29193693
29198273
29200751
29201067
29203499
29209312
29211737
29212386
29215166
29218590
29223973
29224634
29226130
29226133
29227699
29227726
29230184
29230682
29230789
29231895
29236526
29236847
29242733
29250685
29253305
29253838
29267020
29268267
29269291
29270440
29270564
29271000
29276727
29279234
29281802
29285263
29291022
29294783
29296061
29296485
29307717
29310189
29313168
29313178
29313381
29313731
29317467
29329824
29330212
29330278
29330601
29342981
29345245
29348506
29348848
29361973
29365129
29369983
29372353
29373958
29375754
29392303
29397130
29402619
29405734
29412933
29415876
29421674
29423915
29437695
29440306
29440321
29441873
29452446
29454859
29457495
29462848
29466553
29467397
29468506
29469957
29473289
29476963
29481795
29492473
29495961
29500820
29503391
29503570
29508289
29514647
29516570
29517584
29518565
29520972
29524234
29531344
29532559
29537814
29538409
29540088
29540842
29545031
29546158
29550029
29551123
29551445
29554150
29558131
29560554
29561240
29563524
29567161
29567852
29570091
29572044
29573026
29576727
29582348
29584201
29587522
29589723
29592396
29592486
29592796
29593514
29596698
29600644
29601835
29605068
29607606
29608447
29609300
29613759
29615270
29618638
29633848
29634812
29635665
29642147
29656523
29656820
29659097
29659713
29661433
29664581
29665066
29665739
29667429
29667542
29669986
29675054
29675544
29678538
29683035
29687133
29688754
29691539
29691973
29695630
29701326
29705282
29705640
29706468
29713207
29714880
29718773
29724546
29724620
29724974
29727428
29732026
29734492
29737575
29738353
29744911
29746027
29748977
29749642
29754115
29755113
29758594
29761912
29774464
29777307
29787507
29787535
29788348
29790240
29790727
29792692
29794927
29804476
29807617
29809897
29811469
29820106
29820128
29821164
29822041
29828092
29828750
29830848
29831593
29833946
29836501
29836843
29842567
29844265
29856137
29864073
29864501
29868599
29869597
29869848
29881352
29888207
29893627
29893736
29900343
29900571
29902580
29907746
29909512
29910522
29914557
29917400
29919308
29920202
29920767
29920926
29922800
29923284
29929898
29930626
29933452
29934007
29934727
29939536
29941226
29941818
29946031
29950015
29952678
29953785
29956545
29956747
29959199
29962709
29965210
29966545
29967335
29972320
29973238
29974221
29975033
29978231
29980826
29984330
29984924
29989318
29991535
29991579
30001429
30003660
30006289
30006535
30007994
30013087
30018007
30020530
30022846
30023305
30030399
30033803
30034075
30036402
30037155
30044128
30044978
30049222
30049905
30051928
30063409
30070340
30073053
30074022
30078665
30082139
30085766
30089852
30094766
30095067
30101707
30103355
30112544
30114582
30117281
30117701
30120009
30122550
30123362
30127225
30128999
30132880
30144154
30144439
30164832
30173138
30174315
30175813
30175902
30177856
30188233
30195588
30196661
30196913
30197396
30213648
30221342
30231055
30231185
30234804
30235714
30236396
30237088
30240637
30240861
30244656
30245884
30246763
30247534
30248021
30248976
30249583
30252066
30254679
30259227
30259320
30259873
30263995
30265059
30268319
30269864
30272406
30274774
30277772
30278924
30280837
30286691
30292988
30299019
30301320
30304779
30308463
30311722
30312265
30312859
30313376
30314906
30318667
30318703
30322507
30323760
30324125
30324978
30325097
30329744
30337805
30338282
30346180
30348482
30349312
30350367
30360164
30361625
30364864
30365705
30373094
30373291
30373409
30376780
30380483
30380627
30382998
30384245
30390463
30391550
30392006
30401043
30416741
30427588
