1823
2237
2995
3422
3466
4235
6793
7269
8118
8345
9135
9267
9631
10115
10766
11959
13075
13560
15563
16569
18667
19815
19967
19973
19976
20305
21388
21589
21618
21770
22696
23554
23686
24456
28387
29277
30762
31143
31153
31267
32152
34052
35396
37758
37860
37955
41073
42263
42358
43232
45063
47248
47420
53119
53796
53819
55416
55487
55838
59536
60758
62544
63010
63971
65072
66408
67146
68786
70032
70937
71667
72440
73598
73852
75805
75894
76158
76909
77772
78273
79715
80231
81967
82068
82356
82815
85607
87112
88132
91254
91862
92342
94057
94463
95985
96193
96840
97861
98575
99092
