300
550
1242
1374
1493
1866
2173
4970
4990
5121
5606
5825
6181
6293
6707
6807
6870
7055
7124
7271
7480
7665
7930
8093
8549
8999
9642
9653
9682
9703
9889
9959
10002
10167
10418
11393
11701
11704
12957
13212
13226
13687
13800
13975
14116
14383
14699
15013
15021
15388
15532
15633
15745
15905
15940
16719
17149
18370
18519
19355
19529
20206
20246
20570
20599
20902
21002
21548
22249
22428
347305
355164
358975
469186
476092
480887
530982
537564
540701
571586
573537
574345
574397
574794
576405
576796
577428
579588
579670
580037
582197
582532
582692
583200
583478
583535
584414
584439
585049
586300
586675
588022
589121
589573
589614
590064
590474
591100
592477
592730
593016
595703
596625
596634
603508
603517
605409
611207
611427
654431
656638
657001
657252
657742
657858
657913
658735
658957
659006
659944
660003
660107
660512
660796
661048
662128
662139
662531
662768
663292
663353
663739
664942
664954
665101
665284
665412
666202
666212
666883
666898
667021
667075
667389
667516
668240
668381
668577
668663
668764
670121
670333
670887
671068
672208
672259
673242
673310
767182
770283
779751
780846
781303
781331
781915
782728
783830
784252
784852
786046
786712
786730
786745
786959
787347
788106
788366
788636
788714
789011
789427
789522
789669
790059
790075
790106
790702
790836
790978
791068
791169
791243
791654
791756
792440
793225
836041
836254
836471
836618
837445
837811
838103
838276
838538
838829
838935
840008
840648
842101
842221
842258
842951
844082
844848
844977
846466
847034
847946
848402
848793
848925
850757
850784
850915
851086
851376
851693
851922
868011
874442
877287
877816
879942
882364
911946
912333
912639
912947
912977
913279
914068
914563
914637
914917
915031
915546
916879
917119
917122
917161
917323
917558
917623
917771
918028
918786
918937
919114
919146
919252
919281
919564
920099
921033
921362
921998
922065
922255
922278
922454
922605
922623
922689
922709
922853
922898
923211
923731
923852
923962
924511
924821
925109
925366
925715
925769
926276
926339
926469
927064
927692
928739
929148
929591
929812
929992
930266
931261
931325
931331
931710
1169413
1169763
1169886
1170045
1170080
1170374
1170690
1171115
1171331
1171447
1171709
1171874
1171963
1172010
1172075
1172443
1172971
1173406
1174092
1174164
1174440
1174507
1174510
1174696
1174709
1174923
1175151
1175289
1175534
1175749
1176399
1177096
1177490
1177723
1177964
1178322
1178394
1178573
1179347
1179704
1180532
1181047
1181140
1181242
1181406
1181667
1182551
1182741
1182818
1183085
1183257
1183436
1183567
1183810
1183935
1184778
1184880
1185247
1185990
1186245
1186376
1187261
1187271
1188020
1188365
1188424
1188944
1189027
1298157
1353297
1353653
1353906
1354257
1354290
1354812
1355018
1355067
1355779
1356001
1356139
1356800
1357000
1357424
1357549
1357639
1357869
1357882
1358192
1358270
1358691
1358791
1359139
1359683
1359733
1359784
1361266
1361413
1361532
1361715
1361716
1363425
1363531
1363670
1364718
1364871
1365439
1365671
1365692
1366231
1366662
1366799
1366924
1367054
1367099
1367380
1367764
1367771
1367917
1368027
1368126
1368173
1368180
1368201
1368569
1368642
1368646
1368723
1369362
1369552
1369756
1369838
1369946
1370009
1370519
1370667
1370849
1370947
1370998
1371205
1371348
1371640
1371713
1371729
1372091
1372187
1372540
1372648
1372920
1373182
1481394
1482042
1482527
1482698
1482753
1482883
1483048
1483210
1484155
1484816
1484940
1485520
1485545
1485629
1486323
1486412
1486961
1487353
1487578
1487680
1488067
1488796
1489049
1489255
1489286
1489377
1489752
1489772
1491203
1491462
1491702
1491733
1491812
1492362
1492374
1492913
1493455
1493504
1510332
1510968
1517259
1520133
1562615
1566426
1571692
1612078
1613647
1613668
1614136
1614411
1615136
1615699
1616982
1617100
1617169
1618993
1619029
1619219
1620179
1620587
1620962
1621613
1621808
1622231
1624113
1624239
1655640
1682146
1682240
1682318
1682748
1682801
1682896
1683113
1683370
1683448
1683559
1683622
1683713
1684341
1684687
1684877
1685198
1685357
1686704
1686923
1687416
1687524
1687653
1688750
1688871
1688948
1689424
1689464
1689670
1690283
1690341
1690410
1690735
1690755
1691514
1691655
1692030
1692118
1692338
1692610
1692873
1693903
1694095
1694391
1694730
1695080
1695082
1696118
1696621
1696875
1696996
1697316
1697428
1697625
1697845
1697944
1698067
1698100
1698224
1698434
1698746
1698869
1699034
1699577
1699709
1699826
1700733
1700776
1701376
1863909
1863923
1863979
1864284
1864340
1864544
1864930
1865093
1865644
1865681
1865750
1865881
1865888
1865960
1866172
1866236
1866318
1866619
1866627
1867668
1867918
1868232
1868360
1868881
1868968
1869094
1869154
1869270
1869353
1869378
1869414
1869573
1870051
1870381
1871007
1871035
1871193
1871207
1871909
1871966
1872252
1872472
1872592
1872907
1873204
1873952
1874144
1874497
1874557
1874804
1874869
1874872
1875472
1875561
1875611
1875765
1876070
1876260
1876921
1876953
1877039
1877487
1932978
1933901
1934079
1934201
1934469
1935207
1935348
1937158
1939603
1939709
1939923
1940331
1940458
1941646
1941935
1942114
1943486
1944118
1945059
1945080
1945083
1946717
1948436
1989220
1989813
1991049
1991662
1991727
1991773
1993258
1993456
1993647
1993752
1993781
1993865
1994448
1994586
1995191
1995318
1996275
1996544
1997170
1997802
1997976
1998152
1999017
2000030
2000035
2001319
2081347
2082178
2082385
2082675
2082975
2083223
2083506
2084414
2084548
2084558
2084723
2084761
2084787
2084937
2085251
2085853
2086189
2086499
2086842
2087242
2087838
2088094
2088238
2088264
2088323
2088367
2088816
2089229
2089282
2089346
2089590
2089917
2089998
2090152
2090297
2090324
2090413
2090509
2090838
2090891
2091165
2091175
2091375
2091626
2092764
2092813
2093119
2093144
2093213
2093324
2093404
2093710
2093927
2093982
2094165
2094480
2094571
2094681
2095092
2095175
2095242
2095281
2095331
2095815
2096325
2156806
2163629
2228968
2230028
2230736
2231441
2231478
2231731
2233669
2233692
2234457
2234604
2234643
2235946
2237828
2238413
2238443
2239088
2239776
2240617
2240882
2240893
2274381
2288669
2416494
2416586
2417602
2417846
2418322
2418873
2419055
2419317
2419913
2420845
2421190
2421427
2422183
2422533
2423164
2423415
2426113
2428392
2464750
2465139
2467339
2468023
2468147
2469057
2469764
2471626
2473126
2473857
2474596
2478178
2479451
2481690
2482199
2482395
2483649
2501864
2502986
2503232
2503809
2503943
2504405
2508065
2508837
2510713
2514804
2570171
2570335
2570410
2571530
2571707
2571784
2571982
2572212
2572596
2572632
2572834
2572951
2573063
2573171
2573356
2573921
2574067
2574502
2574516
2574721
2574936
2574956
2575118
2575432
2575581
2575852
2575904
2576029
2576291
2576330
2576360
2576583
2576852
2577134
2577497
2577546
2577575
2577670
2578035
2578627
2578743
2579004
2579783
2580197
2580270
2580495
2580630
2580710
2581988
2582031
2582087
2582197
2582207
2582336
2582363
2582552
2582580
2582628
2582811
2582823
2583034
2583806
2583831
2584244
2584742
2585251
2585869
2585936
2586170
2586876
2586892
2587538
2587725
2587757
2588043
2588230
2588560
2588807
2588852
2589161
2589429
2589453
2589884
2590124
2590476
2590487
2590679
2590762
2591076
2591472
2591653
2591998
2592694
2592955
2593294
2593610
2593941
2594184
2594211
2594780
2594966
2596158
2596653
2596687
2596962
2597389
2597557
2597664
2598312
2598356
2598752
2598966
2599030
2599427
2600739
2600912
2601177
2602103
2602722
2603507
2603584
2603687
2604092
2604372
2604390
2604391
2604518
2605174
2606240
2606683
2606847
2607130
2607273
2607437
2607469
2607520
2607852
2607956
2608413
2608446
2608846
2608975
2609043
2609112
2792581
2792693
2792817
2794155
2795882
2796214
2796314
2798054
2798407
2800022
2802413
2803993
2804371
2891586
2893788
2897319
2897912
2899955
2900646
2900777
2901420
2903278
2905071
2906092
2906771
2907549
2907800
2909435
2931060
2939138
3005036
3005324
3006830
3007288
3008108
3009347
3010067
3011279
3012804
3012818
3013943
3014830
3015906
3016253
3018233
3018520
3022029
3022655
3022736
3023085
3044691
3045012
3045518
3046512
3046828
3047333
3047805
3048156
3048495
3048835
3049340
3049807
3050100
3050905
3051153
3051236
3051993
3052017
3052044
3052064
3052534
3052650
3052745
3052853
3053088
3053226
3054801
3055254
3056650
3056692
3056964
3057022
3057161
3057189
3057368
3057749
3057841
3060609
3233561
3234530
3238534
3243728
3271735
3272178
3273163
3275559
3278938
3279398
3280370
3280862
3281961
3282957
3284356
3306883
3307317
3307973
3308073
3308105
3308157
3308853
3308939
3309085
3309205
3309798
3309972
3310145
3310169
3310474
3310682
3311037
3311269
3311649
3311770
3312028
3312497
3313514
3313958
3314070
3314093
3314226
3314365
3314643
3314848
3314918
3315367
3315462
3315616
3316393
3316617
3317635
3317824
3317930
3318160
3318485
3318509
3318537
3318651
3318684
3318696
3457669
3458096
3458551
3458556
3459390
3460943
3463415
3466341
3467912
3468058
3470074
3471374
3478469
3478799
3478935
3479106
3480084
3480306
3480368
3480930
3481427
3482075
3482358
3482854
3482900
3483576
3483661
3483694
3484303
3484689
3485397
3485727
3486497
3487228
3487396
3488464
3488770
3489000
3489825
3490300
3490333
3490510
3490529
3490743
3491104
3492244
3492895
3494285
3496354
3505679
3531065
3531181
3531200
3531816
3532231
3532662
3532690
3532704
3532958
3533478
3534037
3534062
3534789
3535231
3535499
3536166
3536752
3537029
3537526
3537778
3537944
3538206
3538245
3538376
3540783
3540934
3541601
3542809
3542866
3543163
3543812
3544098
3544351
3723678
3723711
3724167
3725313
3726917
3726964
3726971
3727332
3727677
3728017
3728130
3728155
3728254
3729090
3729775
3729996
3730102
3730845
3730956
3731768
3731859
3731917
3732051
3732948
3733792
3733842
3734065
3734186
3734439
3735428
3735972
3736436
3736869
3736870
3737070
3737088
3737332
3737666
3738062
3738188
3738247
3738743
3739257
3739745
3740636
3740670
3740805
3741038
3741664
3741676
3741735
3742056
3742471
3742511
3742569
3742770
3742988
3743298
3743557
3744308
3744899
3745027
3746312
3746325
3746696
3746817
3746850
3876508
3876634
3876979
3877998
3878718
3879833
3884033
3885096
3885352
3885607
3886371
3886384
3886736
3888009
3888177
3888309
3888567
3888691
3889032
3889513
3889567
3890013
3890182
3890243
3890359
3891825
3892112
3892359
3892500
3893178
3893342
3893540
3893943
3894068
3894444
3894589
3895067
3895246
3895257
3895901
3896365
3896890
3897518
3897681
3897800
3897832
3897931
3898847
3899222
3899464
3899698
3900172
3900284
3900316
3900568
3900952
3901439
3923819
3925990
3927575
3931171
3931744
3933732
3934086
3934108
3936155
3937601
3937728
3938742
3939266
3940214
3942054
3945006
3945356
3945589
3946301
3948083
3949896
3950126
3950455
3951549
3952215
3952237
3952685
3953239
3955684
3956109
3958412
4028818
4028857
4029207
4029666
4029698
4029792
4029908
4029926
4030111
4030401
4031053
4031099
4031354
4031486
4031490
4031808
4032073
4032329
4032871
4033134
4033600
4034084
4034996
4035322
4036258
4036263
4036300
4036671
4037242
4037472
4037664
4038102
4038185
4038715
4039131
4039229
4039239
4039498
4039720
4039802
4039899
4073127
4073609
4075211
4075760
4077165
4078487
4078933
4083113
4083417
4119122
4119144
4119194
4119342
4119909
4120471
4120719
4120724
4120959
4120978
4121197
4121811
4121849
4122120
4122132
4122305
4122368
4122516
4122679
4123582
4124182
4124252
4124307
4124472
4124516
4124550
4125099
4125782
4126591
4127983
4128014
4128907
4129548
4129752
4130008
4130101
4130177
4130221
4130246
4130256
4130289
4130326
4130402
4130442
4130448
4130493
4130596
4131005
4131242
4131382
4131511
4131974
4132648
4132733
4132780
4132844
4133171
4133752
4134064
4134116
4134124
4134511
4134767
4134792
4135121
4135350
4180360
4180907
4181072
4181633
4182452
4183852
4184818
4185481
4186569
4186797
4187748
4188085
4188253
4188260
4188689
4188716
4189974
4190261
4190401
4190418
4191394
4191490
4191601
4191827
4193996
4219032
4223331
4225018
4229742
4369412
4369821
4369913
4370223
4370459
4370917
4371955
4372063
4372306
4372553
4373014
4373084
4373252
4373840
4374386
4374640
4374878
4375120
4375280
4375473
4375644
4375739
4375898
4376354
4376698
4376818
4376955
4376978
4377262
4377683
4377977
4378145
4378235
4378254
4378299
4378317
4378355
4378777
4379320
4379366
4379538
4379859
4380162
4380296
4380735
4380785
4381230
4381269
4381397
4382028
4382088
4382289
4382336
4382344
4382636
4382796
4382853
4383170
4383678
4383766
4383828
4385005
4408171
4409894
4410906
4411657
4413671
4414428
4414749
4415016
4416118
4416589
4416703
4417242
4419138
4420380
4422534
4425577
4426698
4447116
4447616
4447692
4447708
4447722
4448509
4448690
4449139
4449190
4449347
4449422
4449783
4449916
4450328
4450447
4450500
4450564
4450587
4450634
4450658
4450828
4451059
4451192
4452076
4452136
4452157
4453579
4454142
4454843
4455026
4455198
4455239
4455455
4455725
4455788
4455970
4456329
4456665
4456907
4456937
4457327
4457550
4457554
4458138
4458646
4458777
4459033
4459387
4459407
4459463
4459502
4459750
4459837
4459850
4459904
4459927
4460089
4460471
4460482
4460514
4460582
4460595
4460663
4460815
4461176
4461200
4461311
4461931
4462010
4462110
4462131
4462279
4462408
4462764
4463361
4463432
4463652
4463703
4463782
4568482
4568754
4568849
4568888
4569297
4569317
4569614
4569847
4569853
4569913
4570220
4570382
4570816
4570924
4571079
4571449
4571457
4572146
4572350
4572770
4573346
4573722
4575331
4575446
4575652
4575923
4576264
4576292
4576706
4577057
4577980
4578035
4578492
4578696
4578944
4580334
4580737
4581022
4581356
4581536
4581670
4581796
4581843
4582174
4582197
4582219
4582346
4583664
4584133
4584320
4584401
4584407
4584449
4584528
4584930
4585082
4585298
4585532
4585661
4586273
4586620
4586782
4587035
4587503
4587573
4587889
4588378
4588466
4588641
4588809
4722826
4723632
4724044
4724239
4724576
4724743
4725014
4725217
4725496
4725617
4725650
4726046
4726597
4726680
4727224
4727233
4727384
4727902
4727962
4728295
4728577
4728659
4728935
4729165
4729400
4729689
4729885
4730063
4730535
4730653
4730873
4731033
4731224
4731279
4731298
4731323
4731361
4731378
4731819
4731838
4732072
4732297
4732309
4733644
4733722
4733858
4734206
4734497
4734647
4734693
4734894
4735374
4936655
4938460
4942875
4944805
4946605
4951160
4953400
4956799
4956851
4956854
4956915
4958099
4959228
4959503
4959600
4959636
4960594
4961018
4961629
4963246
4963906
4964149
4964235
4964457
4965574
4965828
4966175
4966400
4970023
4970243
4970336
4972405
4972778
4972886
4973206
4973362
5011814
5012023
5012623
5012803
5012832
5012968
5013320
5013400
5013622
5014386
5014412
5014474
5014593
5014715
5015221
5015691
5015768
5016313
5016478
5017125
5018135
5018443
5018813
5019154
5019205
5019456
5019987
5020456
5020825
5021282
5022083
5022876
5023332
5023483
5023717
5024274
5025068
5025148
5025373
5025379
5025557
5026151
5026471
5026596
5027419
5027782
5028149
5028158
5028198
5028372
5028750
5029526
5029704
5029743
5029804
5030673
5030737
5031214
5031229
5031304
5035504
5038774
5039283
5261441
5261553
5262396
5262495
5263146
5264083
5264549
5265327
5265975
5266101
5266242
5266386
5266855
5267181
5267649
5268634
5269015
5269184
5269236
5269331
5269575
5269955
5270045
5270192
5270206
5270618
5271471
5271614
5271849
5272472
5272834
5273293
5273409
5273438
5273490
5273803
5274030
5274478
5274744
5275146
5275212
5275262
5275629
5275973
5276280
5276315
5276431
5276567
5276738
5276975
5277028
5277304
5277847
5278181
5346795
5349255
5350158
5351384
5351554
5356350
5357587
5362250
5362461
5363773
5364048
5366022
5367314
5367743
5405119
5407499
5417345
5418662
5419198
5420702
5558089
5558691
5559090
5559370
5560097
5560233
5560487
5560799
5560853
5561510
5561821
5562171
5562644
5563491
5563915
5564141
5564490
5564810
5564818
5565529
5565818
5565850
5566401
5566497
5566755
5567120
5567243
5567473
5567749
5567976
5567990
5568520
5568665
5569333
5569353
5569369
5570872
5571157
5571410
5571941
5571980
5572073
5572248
5572440
5572552
5572936
5573087
5573218
5574566
5575379
5575472
5575655
5576397
5576623
5576710
5577797
5577924
5577961
5578359
5578770
5578887
5579455
5603776
5603988
5604830
5769827
5769846
5769933
5770048
5770729
5770898
5770988
5771238
5771374
5771866
5772056
5772056
5772153
5772236
5773261
5773556
5773929
5774456
5774468
5775036
5775043
5775302
5775412
5776205
5776563
5776577
5776728
5776824
5776885
5777036
5777238
5777398
5777504
5777507
5777559
5777680
5778222
5778385
5778616
5778630
5779236
5779356
5779392
5780063
5780424
5780464
5780500
5780570
5780708
5781628
5781864
5782199
5782517
5782620
5782837
5782935
5782984
5783062
5783116
5783442
5783462
5783878
5784305
5784458
5784571
5784688
5785111
5785432
5785613
5785682
5785726
5785899
5786089
5786230
5786438
5786446
5786451
5787007
5787095
5865455
5867296
5868796
5875121
5877063
5880425
5880655
5884381
5954891
5955017
5955710
5955918
5956153
5957066
5957127
5957931
5958694
5959100
5959304
5959532
5959626
5959916
5960283
5961192
5961305
5961636
5963328
5963493
5963714
5964958
5965350
5965423
5965922
5966370
5966519
5967650
5967689
5968417
5968454
5968968
5970496
5972330
5972654
5972699
6009080
6068508
6069088
6072786
6073127
6074576
6074942
6084639
6103877
6103895
6104579
6104617
6104824
6104911
6105182
6105270
6106358
6107091
6107135
6107445
6107763
6107793
6107854
6107929
6108041
6108145
6108282
6108648
6108702
6109410
6109655
6110230
6110501
6110697
6110905
6110974
6111238
6111272
6111633
6111723
6111820
6111973
6111986
6112049
6112148
6112330
6112501
6112693
6112955
6113324
6113501
6114009
6114271
6114411
6114651
6115331
6115683
6115747
6116011
6116197
6116276
6116335
6116502
6116612
6116823
6116859
6116871
6117106
6117583
6117706
6117813
6117870
6118063
6118457
6118464
6118715
6118742
6119002
6119406
6119436
6119481
6119710
6120064
6120074
6120291
6120350
6120799
6120856
6120911
6121122
6121201
6121300
6121318
6121812
6122010
6122100
6122313
6122829
6299245
6373662
6373680
6374342
6374486
6374545
6374856
6375389
6376833
6377015
6377154
6377240
6377584
6377611
6377838
6378004
6378083
6378185
6378253
6378478
6378705
6379222
6379274
6379975
6380100
6380231
6380724
6381056
6381132
6381713
6382031
6382391
6382551
6383011
6383178
6383211
6383510
6383572
6383772
6383972
6384215
6384878
6385029
6385045
6385600
6385770
6386273
6386444
6386715
6387434
6387448
6387637
6387759
6388056
6388706
6388926
6389427
6389783
6390044
6390088
6390534
6390613
6390653
6390763
6390957
6391925
6392200
6392795
6392943
6393050
6393102
6393412
6393543
6393710
6393751
6393924
6394147
6394420
6394469
6394681
6394802
6395047
6395207
6395436
6395545
6395684
6397942
6417573
6418237
6418385
6418655
6419240
6419736
6420658
6421175
6425550
6425783
6425815
6427769
6428348
6428567
6429075
6431628
6434605
6434953
6435752
6436258
6437038
6534172
6559282
6560199
6562243
6562856
6569047
6580981
6586087
6586122
6587879
6606822
6607784
6608083
6608459
6609049
6609917
6610289
6610925
6611041
6611835
6612563
6614729
6616807
6618156
6618572
6619121
6620828
6621331
6698133
6711551
6711560
6711566
6711616
6711746
6711829
6711997
6712095
6712590
6712806
6715259
6716096
6717894
6718086
6718404
6718566
6718656
6718686
6718703
6719440
6719635
6719884
6720001
6720187
6720521
6721653
6722025
6722675
6722691
6722934
6723232
6723499
6723872
6723927
6724157
6725286
6725385
6725460
6755722
6784207
6784632
6784975
6785428
6786341
6788220
6789400
6789612
6789625
6790120
6791130
6792984
6793298
6793733
6794987
6795247
6795611
6796711
6796829
6799104
6800870
6865964
6869381
6871762
6880899
6881473
6881500
6881751
6881776
6882311
6882711
6882848
6883106
6883223
6883688
6883846
6883934
6883957
6884171
6884767
6884887
6885366
6885726
6885867
6886119
6886551
6886597
6886721
6886806
6887028
6887100
6887113
6887630
6888769
6889493
6889727
6889908
6890273
6890323
6890685
6890808
6891278
6891310
6891621
6891795
6891862
6891921
6891972
6892073
6892340
6892512
6892552
6893088
6894104
6894460
6895484
6895489
6896017
6896267
6896622
6968100
6968387
6968992
6973298
6975764
6976890
6977383
6978076
6980355
7031957
7032108
7032311
7032364
7032759
7032827
7032957
7033055
7033538
7033857
7034162
7034201
7034532
7035717
7036835
7037021
7037088
7037241
7037246
7038690
7038754
7038931
7039395
7039539
7040496
7040684
7040689
7041009
7041351
7041601
7041691
7041974
7042568
7042626
7043379
7043480
7043623
7044014
7044331
7044359
7044455
7044902
7045054
7045067
7045387
7045523
7045567
7045838
7045897
7046415
7046848
7046992
7047697
7048213
7048238
7048326
7048432
7049278
7049510
7049628
7253769
7254077
7254635
7255857
7258516
7259149
7259324
7259588
7260425
7261043
7262008
7263403
7266615
7266653
7267062
7290943
7291154
7291334
7291444
7291720
7291822
7292128
7292314
7292361
7292435
7292457
7292517
7292599
7292640
7293046
7293429
7293612
7293827
7294495
7294541
7294757
7294966
7295101
7295453
7295586
7296969
7297760
7298264
7298457
7299307
7299809
7301037
7301207
7301228
7301479
7301489
7302866
7302872
7302892
7302991
7303015
7303122
7303265
7303620
7303711
7304019
7304040
7304147
7304229
7304618
7304815
7304907
7304920
7305422
7305948
7306621
7307013
7307228
7307887
7308473
7308752
7308876
7309074
7309217
7309239
7309416
7309493
7412802
7417983
7418607
7419725
7420773
7422566
7423000
7425706
7466273
7466600
7466788
7468362
7468648
7468825
7468892
7468897
7469035
7469591
7469649
7469772
7469830
7471161
7471379
7472638
7472795
7473121
7473224
7473244
7473566
7474073
7474812
7474975
7475072
7476174
7476519
7477122
7477182
7477274
7477507
7478078
7478234
7478265
7478282
7478288
7479146
7480045
7481560
7482497
7483335
7483469
7483589
7483606
7483653
7544433
7545137
7545720
7546015
7546685
7546748
7547407
7547479
7547529
7547957
7548292
7548622
7548843
7548984
7549051
7549864
7549938
7551023
7551169
7551362
7551759
7552157
7552423
7552801
7552878
7553037
7553360
7553560
7553909
7554822
7555237
7556027
7556200
7556429
7556431
7556717
7557171
7557961
7560843
7562718
7566699
7568557
7569351
7578843
7645940
7646670
7646762
7647039
7647061
7647259
7647533
7648012
7648208
7648265
7648330
7648837
7649298
7649462
7649464
7649764
7650136
7650996
7652048
7652109
7653111
7653239
7653416
7654295
7654412
7654626
7654679
7655288
7655600
7655973
7656082
7656414
7656644
7656954
7657137
7657651
7658293
7658547
7658893
7659298
7659303
7659646
7659788
7660016
7660071
7660330
7660832
7661057
7661600
7661620
7661700
7661740
7662181
7662310
7662434
7662764
7662792
7663054
7663234
7663334
7664236
7664420
7665050
7665889
7665978
7666391
7666530
7666596
7666710
7667221
7668044
7668348
7690195
7691631
7693600
7693686
7695648
7695958
7698309
7700323
7701912
7704190
7704980
7706558
7710715
7820227
7821215
7821324
7821326
7823013
7824149
7824639
7825120
7825679
7827576
7829148
7829632
7830067
7831653
7831887
7832216
7832808
7832879
7833027
7833053
7833205
7834692
7835086
7835253
7836455
7836940
7837050
7837495
7838728
7839377
7994001
7995187
7995543
7996143
7996477
7996526
7997451
7998063
7998160
7998161
7998739
7999472
7999474
7999895
8000533
8001216
8001726
8002590
8002746
8002782
8003591
8003598
8003691
8003758
8005449
8005714
8167693
8168126
8168547
8169202
8169317
8169383
8169898
8170396
8170633
8170640
8170705
8171347
8171363
8171387
8171453
8171595
8171816
8172366
8172589
8172656
8172755
8173373
8173732
8174150
8174385
8174479
8174629
8174988
8175250
8175326
8176007
8176322
8176337
8177368
8177555
8177623
8178252
8178303
8178340
8178574
8178588
8178919
8179457
8180514
8180522
8181055
8181594
8181606
8183213
8183337
8183489
8183615
8183710
8183943
8184667
8186194
8186208
8186850
8186860
8186951
8187258
8187423
8188065
8226783
8227351
8227478
8227927
8228131
8228143
8228490
8229768
8229815
8229945
8230551
8231387
8233109
8233120
8234254
8234319
8234384
8234881
8235050
8235415
8235696
8235871
8236214
8236437
8236747
8236919
8237223
8237954
8239022
8240001
8240601
8241239
8242324
8243643
8243749
8243820
8243989
8244619
8245588
8246260
8246358
8247358
8247578
8247977
8249344
8284177
8284209
8284434
8284565
8285487
8285760
8288174
8289617
8291435
8292348
8292778
8294403
8295000
8295794
8295873
8296134
8296181
8314275
8403202
8403867
8403975
8405817
8406414
8406481
8406637
8406983
8407089
8408107
8408204
8408701
8408978
8409638
8410326
8410712
8411484
8411872
8411937
8412164
8412339
8412552
8412609
8413020
8413237
8413251
8413477
8413532
8414158
8414407
8414846
8414854
8414987
8415279
8415397
8415739
8415983
8416410
8417109
8417196
8417484
8417509
8417580
8417581
8417582
8418470
8418777
8418820
8418977
8419735
8419973
8472664
8483759
8487116
8526607
8527272
8527282
8527317
8527829
8528180
8530374
8530981
8531216
8533197
8533404
8534717
8534964
8536538
8537545
8537866
8537921
8538107
8538209
8538627
8539682
8540779
8541866
8542004
8543386
8544566
8544624
8546232
8546359
8546838
8548130
8645839
8647324
8649591
8657151
8662932
8665648
8665721
8686617
8686629
8686718
8686777
8686996
8687067
8687119
8687283
8687333
8687506
8687789
8687790
8687795
8687853
8688014
8688458
8688638
8688836
8689192
8689319
8689552
8689622
8689890
8689892
8689997
8690082
8690143
8690422
8690857
8691111
8691128
8691160
8691386
8691811
8691900
8692263
8693591
8693967
8694062
8694371
8694924
8695139
8695353
8695685
8695727
8696111
8696416
8696494
8696658
8696685
8697301
8697309
8697340
8697405
8697715
8697850
8697877
8698395
8699690
8699740
8700076
8700147
8700216
8700373
8700407
8700739
8700742
8700858
8700977
8700981
8701278
8702061
8702105
8702308
8702398
8702828
8702884
8702918
8703060
8703109
8703455
8704094
8704531
8704773
8705160
8705482
8705631
8706008
8706117
8950601
8950628
8951108
8951382
8952525
8953203
8953369
8954682
8954806
8954990
8955034
8955418
8955763
8956301
8956588
8956697
8956933
8956995
8957452
8957856
8957972
8958040
8958556
8958639
8959005
8960214
8960497
8960614
8960873
8960995
8961796
8961817
8961909
8962237
8962503
8962551
8962682
8962789
8962949
8963365
8963552
8963718
8963795
8964338
8964522
8964824
8964973
8965344
8967605
8968213
8968405
8970666
8973338
8973663
8977045
8977314
8977789
8978553
8979429
8998025
8999617
8999997
9000278
9001584
9003664
9004510
9005706
9007162
9007937
9010290
9013754
9015552
9062352
9065044
9069152
9105694
9148458
9148565
9148566
9148584
9148631
9148989
9149215
9151178
9151199
9152166
9152351
9152469
9152478
9152544
9152632
9152760
9152824
9153104
9153185
9153397
9153797
9153993
9154264
9154573
9154583
9154608
9154724
9154936
9155379
9156615
9156708
9156721
9156803
9157280
9157448
9157570
9157760
9158465
9158873
9159021
9159154
9159226
9159232
9159558
9159839
9160034
9160581
9160662
9161224
9161284
9161599
9162040
9162064
9162210
9162914
9162930
9163189
9163214
9163896
9163906
9326282
9326364
9326761
9327585
9327591
9328313
9328318
9328431
9328505
9328745
9328814
9328998
9329433
9329827
9330222
9330597
9330616
9330685
9330806
9330872
9331562
9332469
9332586
9332630
9333340
9333374
9333500
9334074
9334133
9334239
9334634
9334843
9336235
9336307
9336528
9336945
9337276
9337724
9337805
9338295
9338528
9338758
9338845
9338880
9339033
9339676
9340482
9340619
9341614
9341687
9342125
9342659
9343017
9343034
9343482
9343660
9343690
9344917
9345028
9345363
9345514
9345687
9345905
9345995
9346704
9347140
9347214
9347665
9347787
9347941
9348048
9348221
9348309
9349036
9349082
9460257
9460530
9467678
9469178
9471491
9471546
9474850
9474913
9476669
9526009
9526503
9526629
9526702
9530762
9531165
9532273
9532424
9538453
9539749
9539895
9541795
9543395
9546016
9546835
9548276
9549189
9549594
9550602
9551180
9552201
9552337
9552538
9553536
9556060
9557355
9558946
9559903
9560389
9560640
9562935
9563189
9563642
9564445
9568362
9569450
9569626
9569703
9569754
9635978
9636110
9636188
9636390
9636431
9636920
9637868
9637967
9638031
9638244
9638418
9638841
9638923
9638969
9639419
9639529
9639657
9639907
9639972
9640092
9640221
9640313
9640630
9640656
9642050
9642173
9642244
9642296
9643199
9643260
9643341
9643353
9643484
9643503
9643692
9643788
9643788
9643875
9643880
9644295
9644630
9645343
9646493
9646675
9647105
9647134
9647316
9647430
9647511
9647594
9647687
9648055
9648135
9648814
9802204
9802491
9802645
9802891
9802913
9803233
9803246
9803316
9803352
9803938
9804035
9804380
9804528
9804585
9805220
9805683
9805996
9806041
9806530
9806735
9806855
9807014
9807038
9807041
9807517
9807545
9807923
9807960
9808152
9808275
9808632
9808684
9809597
9809697
9810012
9810594
9810847
9811236
9811704
9812112
9812231
9812293
9812714
9812990
9813189
9813547
9813763
9814213
9814233
9814260
9814324
9815168
9815368
9817179
9817196
9817352
9817528
9818061
9818067
9818140
9818184
9818476
9818640
9818650
9819024
9819277
9819318
9819323
9819701
9820113
9820164
9820356
9821071
9821365
9821515
9821628
9821647
9821844
9821953
9822102
9822238
9822499
9822892
9823203
9823594
9823786
9824252
9824713
9824777
9824998
9948338
9948342
9949141
9949441
9949675
9949685
9949688
9950234
9950429
9950733
9950744
9950752
9951354
9951620
9952631
9952981
9955063
9955110
9955153
9955313
9955533
9955886
9956458
9956726
9957103
9957367
9957416
9957523
9957867
9957946
9958745
9958746
9958927
9959179
9959280
9959845
9960329
9960588
9961542
9961926
9962068
9962899
9962916
9963150
9963258
9963391
9963466
9963655
9963793
9964243
9964582
9964953
9965111
9965227
9965256
9966007
9966193
9966566
9966577
9966941
9967539
9968110
9971749
9972619
9973582
9976796
9984852
9986288
9987388
10082872
10082876
10082915
10083446
10083465
10083527
10083805
10083847
10084098
10084467
10084955
10084981
10085136
10085141
10085506
10085701
10085735
10085738
10085905
10086071
10086108
10086255
10086523
10086619
10086770
10086807
10086906
10086936
10087225
10087385
10087786
10087833
10087963
10088368
10088770
10088959
10088961
10089224
10089408
10089918
10089925
10090004
10090033
10090066
10090102
10090637
10090868
10090933
10091234
10091368
10091482
10092407
10093162
10093275
10093280
10093434
10093893
10093911
10094010
10094042
10094112
10094662
10094800
10094866
10095124
10095436
10095595
10095619
10095743
10095820
10095822
10095844
10096402
10096532
10096599
10096721
10096786
10096805
10096902
10096980
10097179
10097505
10097913
10098256
10098267
10098480
10099162
10099350
10099793
10099883
10100112
10100144
10100621
10100902
10100977
10101083
10101336
10101478
10101916
10102307
10102516
10103122
10103256
10103682
10103761
10103911
10103958
10104055
10104164
10105056
10105167
10105611
10106033
10192185
10193367
10193725
10194650
10194719
10195805
10195908
10196135
10197097
10197602
10197911
10198637
10198799
10200629
10201317
10201694
10201769
10201770
10201903
10202714
10202993
10203041
10203665
10204243
10204661
10204960
10205110
10205199
10205422
10205820
10207339
10207465
10207866
10207910
10208250
10209950
10211457
10301389
10301522
10301912
10302446
10303075
10303781
10304138
10304470
10307313
10307399
10308965
10309958
10311026
10311487
10311631
10312041
10312630
10313101
10314398
10314650
10314888
10315489
10315731
10317047
10317858
10320650
10322068
10418189
10418726
10418925
10419066
10419913
10419946
10420133
10420343
10421127
10421464
10421787
10421988
10422257
10422322
10422937
10424892
10425414
10425419
10425483
10425669
10425714
10425769
10426263
10426307
10426567
10427165
10427177
10427206
10427298
10427669
10427764
10427940
10428261
10428460
10428525
10429632
10429875
10429967
10430154
10430998
10431029
10431049
10431054
10431300
10431321
10431404
10431489
10431514
10431798
10432265
10432278
10432641
10432745
10432757
10433247
10433755
10433930
10434316
10434377
10434543
10435306
10435630
10435648
10451133
10451323
10451953
10452299
10452760
10452985
10453369
10454101
10454104
10454270
10454360
10454451
10455062
10455500
10456187
10457183
10458536
10458782
10458878
10458894
10459195
10459266
10460634
10460970
10461042
10461462
10461910
10462001
10462245
10462469
10462898
10463028
10463614
10463929
10587301
10587361
10587480
10587926
10588215
10588392
10588817
10588890
10589054
10589250
10589271
10589347
10589657
10589940
10589997
10590356
10590458
10590872
10590962
10591808
10591998
10592150
10592162
10592298
10592722
10592803
10592905
10593096
10593896
10593960
10594157
10594515
10594569
10594643
10594715
10594873
10595115
10595161
10595239
10595255
10595591
10596192
10596373
10596432
10596472
10597497
10597565
10597621
10597672
10598540
10598671
10598747
10598844
10599035
10599200
10600232
10600769
10601052
10601307
10601318
10601817
10602447
10602453
10602649
10603680
10604177
10604610
10604863
10605087
10605135
10605425
10605932
10606392
10606809
10606811
10606859
10606949
10607035
10607122
10607276
10607347
10732895
10733025
10733048
10733169
10734556
10734865
10735350
10736402
10737226
10737243
10737605
10737977
10738023
10738117
10739614
10740208
10740708
10740805
10741057
10741616
10741868
10743663
10744195
10744517
10744891
10744902
10745302
10746691
10746930
10747299
10890288
10890298
10890773
10890795
10891421
10891691
10891787
10892527
10892951
10893271
10893398
10893478
10893617
10894129
10894713
10894750
10895106
10895253
10895378
10895868
10895958
10896007
10896077
10896192
10896313
10896512
10896528
10897019
10897364
10897432
10897438
10897457
10897577
10897615
10897673
10898204
10898601
10898612
10898724
10899008
10899238
10899379
10899464
10899562
10899610
10899737
10900123
10900983
10901029
10901071
10902452
10902889
10903127
10903241
10903253
10903398
10903600
10903677
10903772
10904024
10904156
10904911
10904974
10904985
10905166
10905474
10905941
10906178
10906416
10906724
10906919
10906970
10907087
10907179
10908262
10908434
10908650
10908697
10935885
11006552
11006600
11006880
11007032
11007339
11008196
11009786
11009792
11010254
11012822
11013906
11014814
11015050
11015141
11015333
11015633
11015994
11017843
11018510
11019939
11020677
11078829
11079468
11080528
11081032
11081179
11083055
11090802
11092165
11092774
11093055
11202975
11203341
11203818
11203925
11204923
11205032
11205109
11205567
11205922
11206157
11206419
11206773
11206829
11206879
11207366
11207431
11207875
11207895
11208527
11209562
11210002
11210704
11210736
11211051
11211059
11211522
11212607
11213410
11213949
11214168
11214523
11216014
11216545
11216889
11217771
11218976
11218979
11219460
11219738
11219917
11219948
11220913
11221007
11221417
11221598
11222023
11222353
11222534
11222666
11223043
11223285
11223630
11223639
11224330
11224745
11224896
11224939
11225218
11225591
11226328
11226827
11226924
11226937
11227317
11227400
11227945
11228333
11228452
11228999
11229617
11229850
11230426
11230526
11230668
11231247
11231635
11232679
11233425
11233488
11233784
11234512
11235058
11235415
11236766
11237210
11237486
11238092
11238564
11239037
11384935
11385712
11385903
11386601
11386681
11386804
11386942
11387700
11388027
11388341
11388469
11388615
11389322
11390293
11390441
11390598
11390696
11390780
11391272
11391891
11392425
11392494
11392505
11392757
11392880
11393288
11393339
11393483
11394028
11394114
11394670
11394704
11394788
11395218
11395854
11396136
11396273
11396380
11396969
11397012
11397025
11397029
11397273
11397878
11398292
11398312
11398390
11398748
11399607
11400268
11400315
11401015
11401527
11402025
11402244
11402315
11402484
11402534
11402579
11403191
11403433
11403666
11403725
11403947
11404071
11404157
11404530
11404767
11405752
11406279
11406292
11406364
11406482
11406651
11406725
11406776
11407055
11407155
11407409
11407487
11407489
11407513
11407526
11408459
11408462
11408867
11408875
11409007
11409196
11409526
11409650
11409751
11410288
11410341
11410435
11410635
11411169
11411202
11411226
11411263
11411598
11411832
11411875
11412262
11412325
11412734
11412785
11413557
11413618
11413711
11414198
11414520
11415119
11415138
11415193
11415315
11415502
11415523
11415644
11416128
11416203
11416612
11417104
11417617
11417657
11417706
11417983
11418482
11418659
11418728
11419623
11420291
11420423
11420669
11420854
11421459
11421545
11421575
11421971
11422046
11422147
11422509
11423121
11423138
11423204
11423373
11423424
11423494
11424243
11424368
11424415
11424445
11424531
11424595
11424933
11424974
11425043
11425068
11425715
11611756
11612807
11613281
11613638
11614167
11614253
11614839
11615034
11615068
11615105
11615111
11615183
11615778
11616185
11616454
11616594
11616992
11617107
11617165
11618196
11618832
11618919
11619230
11619497
11619576
11619668
11620794
11620949
11621011
11621354
11621414
11621494
11621673
11621746
11621881
11622201
11622266
11622773
11622837
11623650
11623704
11623880
11623934
11624001
11624508
11624970
11625285
11625647
11625931
11626056
11626199
11626276
11626362
11626519
11626556
11627020
11627074
11627107
11729892
11730144
11730352
11730821
11730989
11731134
11731281
11731328
11732339
11732621
11732654
11733154
11733276
11733290
11733481
11734251
11734456
11735082
11735147
11735383
11735543
11736036
11736582
11737909
11738039
11738224
11738339
11738668
11739229
11740258
11740712
11741420
11741516
11742137
11742234
11742400
11742534
11742807
11743110
11744245
11744323
11744682
11745005
11745215
11746330
11747210
11896365
11905939
11907285
11908459
11964353
11965157
11965219
11967026
11967199
11967629
11967989
11968298
11968383
11968685
11970643
11970747
11974565
11975824
11978016
11978542
11978731
11978868
11980165
11982112
11982404
11982455
11982952
11984564
11984947
11985244
11985403
11985440
12020100
12020756
12022744
12022790
12025407
12025692
12025879
12026485
12026558
12027323
12027930
12032961
12165467
12184826
12185041
12185446
12185476
12185747
12186554
12186617
12187033
12187332
12187333
12187776
12188191
12188579
12188626
12188945
12189445
12189568
12190651
12190872
12191005
12191363
12191547
12191558
12191594
12191625
12191907
12192300
12193166
12194022
12194091
12194713
12194880
12195669
12195916
12196276
12196522
12196602
12196649
12196694
12197017
12197498
12197615
12197636
12197741
12197855
12197893
12198084
12198239
12198378
12198556
12198584
12198598
12198818
12199621
12199627
12199730
12199906
12199987
12200511
12200774
12200867
12201238
12201480
12201490
12202113
12202383
12202433
12376264
12376444
12376504
12376696
12376764
12378168
12378283
12378343
12378458
12378961
12379279
12379564
12379681
12379738
12379783
12380423
12380594
12380847
12381077
12381185
12381382
12381540
12381867
12381976
12382341
12383015
12383070
12383077
12383199
12383800
12383857
12383961
12384009
12384125
12384571
12384655
12385185
12385202
12386284
12386325
12386550
12387100
12387584
12388146
12388236
12388526
12388903
12389473
12390053
12390165
12390250
12390288
12390399
12390579
12391221
12391344
12391387
12391868
12391936
12392343
12392788
12393283
12393724
12393769
12394038
12394532
12394599
12395395
12395788
12395913
12395930
12395951
12396551
12396603
12397240
12398138
12539141
12539987
12541619
12543027
12545063
12546338
12547307
12548312
12549312
12549396
12550432
12551145
12552602
12552616
12553340
12554315
12555332
12555501
12555634
12669660
12670878
12679449
12681285
12684328
12687872
12689143
12813266
12825645
12829237
12829450
12863677
12864110
12864642
12864648
12864811
12864873
12865378
12865629
12865726
12866240
12866312
12866829
12867115
12867473
12867925
12867946
12868029
12868030
12868052
12868154
12868180
12869130
12869267
12869392
12870258
12870291
12870489
12870679
12871094
12871612
12871704
12871914
12872273
12872654
12873240
12873351
12873371
12873438
12873947
12874467
12874546
12875309
12875402
12875646
12876180
12876466
12876642
12876685
12876928
12877566
12877621
12877843
12877881
12878177
12878422
12878454
12973616
12979888
12979966
12980519
13054145
13054652
13055990
13057012
13057023
13057133
13057285
13057312
13058214
13058243
13058689
13059025
13059072
13060226
13060280
13060388
13060522
13060606
13060892
13061195
13061914
13062237
13062349
13062412
13062415
13062470
13062606
13062929
13064245
13064775
13065161
13065563
13066482
13067299
13067392
13068139
13069744
13069909
13070568
13070578
13070597
13070648
13071141
13203005
13203087
13203120
13203489
13203522
13204089
13206373
13206537
13206635
13206906
13206948
13207164
13207308
13207470
13209692
13210534
13210806
13211155
13211675
13211975
13212045
13212731
13213094
13213715
13214180
13214243
13214976
13216202
13216606
13216617
13216937
13217393
13217424
13218002
13218367
13218830
13219022
13219290
13219690
13219914
13220028
13220265
13220312
13220354
13221453
13222363
13222478
13222723
13222894
13223270
13290126
13290405
13290958
13292398
13294276
13294323
13296638
13299745
13299760
13300446
13301283
13327778
13332058
13334907
13340862
13527575
13527695
13528155
13528644
13528671
13528826
13529244
13529436
13529497
13529788
13529796
13530322
13530376
13530491
13530640
13530643
13530659
13531030
13531243
13532033
13532865
13532903
13532989
13533242
13533269
13533479
13533631
13533819
13534193
13535437
13535781
13536183
13536232
13536515
13536729
13536794
13536831
13536916
13537158
13537807
13537910
13538040
13538102
13538891
13539263
13539688
13539802
13539851
13539912
13540218
13540460
13540480
13540862
13540891
13540990
13541005
13541173
13541196
13541445
13541473
13541846
13542281
13542302
13542303
13542483
13542863
13542931
13543029
13543256
13543662
13543703
13544001
13544679
13545168
13545259
13545296
13545649
13546508
13546650
13546932
13546952
13547266
13547343
13547410
13547980
13548289
13549181
13691570
13693435
13694307
13696691
13697030
13697791
13698887
13699072
13703307
13705584
13705853
13705963
14000515
14006338
14651117
14661987
14964143
15907897
15908675
15914274
15918051
16514525
16658074
16661402
16661665
16663633
16666809
16667781
16907683
16907724
16907806
16907937
16908109
16908243
16908675
16909086
16909125
16909412
16909472
16909499
16910139
16910172
16910357
16911630
16912623
16912960
16913074
16913159
16913283
16913320
16913484
16913584
16915000
16915012
16915823
16917442
16917480
16917921
16918032
16918768
16921269
17054821
17055648
17058434
17063715
17064779
17068006
17070126
17070463
17070895
17074920
17176856
17176980
17177077
17177315
17177609
17179454
17179980
17180940
17181009
17181258
17181571
17181882
17182273
17182288
17182843
17183007
17183625
17184015
17184118
17184242
17184266
17184388
17184396
17184581
17184833
17185689
17186153
17186487
17186677
17187065
17187099
17187118
17187446
17187768
17188259
17188481
17188730
17188927
17188978
17190720
17191098
17191153
17191324
17191683
17191713
17191787
17192476
17192805
17192873
17192908
17192953
17192960
17193089
17193321
17193560
17193835
17194224
17194265
17208441
17208467
17208499
17208653
17209342
17209500
17209684
17210272
17210273
17210329
17210530
17210680
17211128
17211136
17211416
17211764
17211878
17212239
17212330
17212451
17213029
17213400
17214026
17214614
17215120
17215258
17215359
17215479
17216000
17216258
17216495
17217198
17217240
17217393
17217489
17218639
17219833
17220031
17220084
17220398
17221938
17222222
17222235
17222256
17222321
17222736
17222799
17223751
17223753
17223892
17223976
17224029
17224365
17224695
17362814
17365774
17365804
17366223
17366576
17366824
17366932
17367400
17367627
17369328
17369488
17369605
17370282
17371454
17375555
17375576
17377089
17377834
17378081
17381938
17383232
17383966
17387555
17396636
17431459
17431589
17431634
17432193
17433884
17434056
17434186
17434298
17434397
17434704
17434899
17434905
17435177
17435826
17436013
17436232
17436464
17437256
17437781
17437980
17437981
17438165
17438444
17438615
17438770
17439992
17441598
17442033
17442556
17442750
17442901
17443116
17443241
17444396
17445104
17445147
17445799
17446134
17446272
17446797
17447040
17447076
17447413
17447862
17447997
17449077
17576197
17576754
17581987
17582461
17584577
17586245
17586266
17610813
17611138
17611466
17611685
17612203
17612559
17612978
17613120
17613140
17613566
17614683
17614696
17615267
17615368
17615488
17616005
17617363
17618417
17618435
17618825
17619097
17619203
17619435
17619988
17620045
17620221
17620535
17620586
17620852
17620955
17621082
17621662
17621844
17621893
17622282
17622673
17623450
17763384
17788543
17788575
17788583
17788765
17789153
17790316
17790371
17790726
17790923
17791285
17791323
17791361
17791459
17791486
17791807
17791965
17792023
17792086
17792368
17792567
17792585
17792765
17792809
17793112
17793279
17794094
17795048
17795837
17796160
17796271
17796454
17796485
17796543
17796594
17796843
17797172
17797185
17797589
17797725
17798169
17798274
17798861
17799138
17799558
17799889
17800317
17800608
17800693
17800712
17800956
17801506
17802114
17802227
17802522
17802879
17802931
17802997
17803194
17803345
17803576
17803890
17803961
17803998
17804239
17804386
17804577
17804687
17804736
17804797
17804936
17805113
17805719
17806164
17806294
17806355
17806776
17806940
17806955
17807012
17807139
17807140
17807513
17807695
17808049
17808991
17809010
17809141
17809548
17809581
17810159
17810199
17810209
17810637
17810864
17811041
17811135
17811394
17811689
17965732
17966491
17967380
17968368
17969079
17969604
17970969
17974246
17976355
17977245
17977861
17978310
17978483
17979585
17980871
17981689
17982102
17982823
17982888
17984561
17985207
17985217
18002854
18003250
18004091
18008193
18008474
18008767
18009094
18009625
18012609
18013087
18013217
18014671
18016190
18018185
18020018
18022548
18023741
18135370
18136254
18136412
18137839
18139166
18139527
18139985
18140192
18140371
18140584
18140785
18140958
18140981
18141456
18141542
18142526
18143113
18143694
18144506
18145885
18146729
18147308
18147797
18148798
18150228
18150293
18150975
18151525
18151529
18200353
18200554
18202704
18202802
18203246
18203925
18204263
18204522
18204610
18204769
18205009
18206125
18206850
18206959
18207002
18208141
18208164
18208392
18209407
18209481
18210153
18210486
18212390
18213124
18213308
18214421
18214606
18214981
18215435
18215921
18216668
18217155
18217544
18217927
18218316
18218668
18218680
18218752
18220193
18220566
18221402
18221454
18222914
18223477
18223518
18342473
18344762
18352421
18394350
18394544
18394685
18394703
18395475
18396240
18396310
18396660
18397156
18397332
18397540
18397645
18398028
18398105
18398376
18398618
18398776
18399087
18399195
18399490
18399572
18399632
18399633
18399688
18400889
18400899
18401103
18401381
18401997
18403282
18403300
18404406
18404475
18404868
18404949
18405217
18405583
18406054
18406201
18406320
18406356
18406998
18407919
18408362
18408587
18440690
18440747
18441272
18441715
18441797
18441799
18441909
18442617
18442646
18442648
18442982
18443502
18444200
18444783
18444830
18444963
18445352
18445477
18446903
18447047
18447161
18447342
18447346
18447374
18448129
18448190
18448318
18448325
18448617
18448698
18448807
18448839
18449332
18449493
18449537
18449606
18449622
18450119
18450251
18450396
18451120
18451161
18451260
18451401
18451657
18451808
18451879
18452217
18452284
18452370
18452555
18452907
18453014
18453354
18453880
18454016
18592407
18592949
18593417
18593945
18594176
18594654
18594883
18595129
18595531
18596438
18596799
18597303
18597832
18598059
18598305
18598558
18599154
18599184
18599827
18600203
18600221
18600797
18600911
18601157
18601381
18601559
18602445
18602461
18602613
18602685
18602695
18602888
18603980
18604452
18604468
18604768
18605455
18605685
18605879
18606477
18606511
18606848
18607083
18607718
18607732
18607915
18608136
18610174
18610289
18610307
18611308
18611629
18612369
18612425
18725516
18726742
18726803
18727617
18731949
18731972
18732021
18734130
18734733
18734946
18735150
18735996
18736370
18737373
18740141
18742081
18743959
18744404
18746464
18748011
18748085
18748096
18748921
18749084
18749344
18749461
18749634
18750320
18750719
18750815
18750918
18752305
18752897
18752933
18753050
18753728
18753826
18753920
18754816
18755518
18755542
18755725
18756211
18757454
18758461
18758844
18759399
18759580
18759717
18760006
18760050
18760498
18761196
18998645
18998675
18998999
18999289
18999604
18999748
19000236
19000302
19000377
19000949
19001251
19001381
19001648
19001730
19002007
19002043
19002130
19002266
19002620
19002709
19003172
19003647
19004207
19004269
19004716
19005229
19005872
19006101
19007460
19007971
19008084
19008278
19008486
19008718
19009067
19009122
19009612
19009633
19010021
19010644
19011799
19011959
19012269
19012305
19012366
19012705
19012966
19013047
19013240
19013568
19014095
19014171
19014429
19014643
19015176
19015536
19015596
19015736
19015748
19016187
19016316
19016393
19016550
19016587
19016862
19017732
19017865
19018185
19018541
19018690
19018719
19018805
19019206
19019811
19020037
19020101
19020545
19020635
19075952
19076358
19076664
19076744
19076892
19077077
19077124
19077883
19078249
19078444
19078464
19078791
19079524
19080579
19081268
19081364
19081412
19081414
19082351
19082457
19082790
19083787
19083807
19084978
19084986
19085281
19085414
19086283
19086326
19087418
19087625
19087974
19088133
19088756
19088810
19088920
19089641
19090095
19090197
19090709
19091326
19092169
19092390
19092528
19093238
19093401
19093966
19094350
19094510
19237714
19238353
19238579
19239545
19242117
19242488
19243032
19246352
19247341
19247659
19247951
19248152
19248812
19249215
19250552
19250916
19253298
19253800
19253803
19253825
19254891
19255755
19255781
19256271
19257661
19257672
19297196
19363495
19363516
19363839
19364119
19364291
19364748
19365320
19366032
19366305
19366650
19366848
19366858
19367338
19368288
19368300
19368481
19368618
19368900
19368944
19369184
19369491
19369909
19371059
19371704
19371851
19371945
19372580
19373915
19374069
19374272
19374361
19374581
19375147
19396567
19400615
19402629
19402674
19405628
19407719
19407893
19410756
19413804
19416882
19449977
19454393
19455665
19543643
19546408
19547415
19547956
19549665
19550996
19552808
19553143
19553478
19554368
19558086
19587053
19587101
19587184
19587340
19587614
19587727
19588076
19588354
19588389
19588654
19588821
19588923
19589089
19589564
19589584
19590119
19590462
19590675
19591416
19591427
19591441
19591692
19591824
19592256
19592369
19592450
19592535
19592890
19593135
19593154
19593434
19593558
19593968
19593978
19594042
19594288
19594504
19594550
19595069
19595105
19595348
19595678
19595682
19595745
19595836
19595841
19596123
19596442
19596674
19596939
19597126
19597240
19597504
19597537
19598542
19598628
19598829
19598965
19598985
19599054
19599353
19599595
19599813
19599900
19599946
19600362
19600376
19600448
19600702
19600934
19601406
19602100
19602323
19602832
19603287
19603301
19603334
19603353
19603392
19603624
19603627
19603785
19603865
19603911
19603946
19604125
19604635
19604807
19604949
19605127
19605244
19605345
19605429
19605554
19605558
19605938
19606396
19607187
19607278
19607330
19607397
19607571
19608456
19612791
19612948
19653146
19654592
19672662
19672831
19673345
19674085
19674898
19675094
19675149
19675472
19675496
19675757
19675979
19676151
19676263
19676612
19677034
19677632
19678020
19678137
19678335
19679658
19679798
19679991
19680173
19680373
19680481
19680670
19680837
19681553
19681821
19681904
19682090
19682444
19682715
19683223
19683340
19683360
19683838
19683925
19684689
19685107
19685783
19685790
19686120
19686124
19686410
19686866
19687346
19687516
19687775
19688153
19688723
19689132
19689371
19689404
19689744
19689809
19689882
19690330
19690508
19690511
19690719
19691389
19751313
19756672
19756891
19757310
19757710
19760828
19762842
19763392
19763405
19766910
19767490
19769637
19772982
19774858
19776291
19777585
19777897
19779065
19779960
19780079
19782924
19782993
19783893
19784329
19784611
19784715
19784973
19785052
19785555
19785885
19786592
19786771
19787098
19787278
19787970
19788356
19788390
19789646
19789937
19790376
19790879
19793262
19794490
19795185
19795217
19815891
19816758
19817146
19818169
19818223
19818333
19818638
19819136
19819231
19819527
19819553
19819642
19819663
19820509
19822381
19822407
19822638
19822839
19823142
19823600
19823783
19824007
19824148
19824190
19824203
19824212
19824833
19824890
19825831
19826499
19826824
19827359
19827417
19827455
19827707
19828912
19829120
19829625
19829684
19830073
19830171
19830276
19830415
19830429
19830434
19882977
19883234
19886058
19886248
19886717
19888854
19890425
19892024
19892061
19892281
19893225
19893867
19896151
19896363
19896775
19900336
19903505
19932405
19961029
19961037
19961122
19962199
19962225
19962595
19962722
19962934
19962967
19963166
19963346
19963391
19963474
19963670
19963822
19964023
19964345
19964530
19965470
19966738
19966964
19967577
19968292
19968368
19968550
19969335
19969798
19969800
19969971
19970210
19970363
19970491
19970707
19971206
19971722
19972028
19972045
19972250
19972550
19972722
19972741
19972784
19972998
19973051
19973205
19973845
19974130
19974430
19974471
19974902
19975056
19976286
19976309
19977289
19977438
19977597
19977913
19978109
19978611
19979045
19979566
19979665
19979699
19979716
19979878
19980099
19980307
19980413
19980660
19980729
19981020
19981183
19981217
19981241
19981313
19981837
19981850
19981970
19982707
19982929
19983024
19983725
20179967
20180773
20180978
20181159
20181227
20181794
20181808
20182122
20182308
20182516
20182971
20183170
20183220
20183296
20183520
20183778
20184005
20184273
20184436
20184454
20184497
20184886
20185451
20185577
20185702
20185755
20185818
20186349
20186425
20186475
20186803
20187080
20187098
20187107
20188056
20188656
20189649
20189658
20189834
20189848
20189920
20190364
20190657
20190799
20191041
20191536
20191751
20192014
20192036
20192074
20192255
20192317
20192516
20192655
20192880
20192908
20193039
20193890
20194030
20194483
20194605
20194849
20195039
20195203
20195232
20195248
20195396
20195438
20195687
20195729
20195814
20196097
20196280
20196379
20196443
20196509
20364099
20365146
20366899
20367061
20368374
20371639
20374246
20375067
20376420
20431430
20432110
20434534
20439824
20486764
20487371
20487736
20488064
20488779
20488854
20488867
20489172
20489402
20489668
20489944
20490301
20490406
20490454
20490898
20491248
20492308
20492839
20493006
20493158
20493223
20493259
20493299
20493404
20493473
20493513
20493631
20493668
20494007
20494064
20494716
20494943
20495182
20495219
20495325
20495806
20495824
20495851
20495883
20496231
20496280
20496863
20496874
20496919
20496960
20497322
20497427
20497442
20498016
20498215
20498436
20498659
20498718
20498720
20499024
20499124
20499168
20499343
20499608
20499793
20500004
20500246
20500378
20500429
20500689
20500726
20500774
20500802
20500918
20500928
20500934
20501415
20645035
20648655
20649922
20650355
20670187
20670364
20671508
20672530
20674965
20675196
20676331
20676793
20677931
20679630
20679922
20680488
20683442
20703696
20704451
20704532
20704584
20704622
20705968
20706272
20706276
20706638
20706700
20706805
20706812
20707086
20707603
20707621
20707776
20708705
20708827
20709066
20709374
20709733
20710004
20710524
20711135
20711367
20711449
20711480
20711787
20712089
20712432
20712467
20712634
20712963
20713485
20713612
20713721
20714029
20714695
20714844
20714935
20715071
20715512
20715620
20756729
20757134
20977612
20978476
20978770
20981025
20981659
20982244
20983784
20983957
20986200
20989139
21002613
21119767
21120188
21120849
21120885
21121250
21121289
21122115
21122180
21122742
21122903
21123082
21123640
21124119
21124625
21125810
21126640
21128647
21128681
21129221
21129503
21130164
21130232
21130469
21131643
21131851
21132353
21132380
21132576
21132587
21132826
21133554
21133779
21134373
21134852
21135250
21135474
21136056
21136381
21136385
21136654
21136817
21137032
21137184
21137428
21137856
21137937
21138215
21138224
21138492
21138848
21140021
21140667
21140679
21140695
21140912
21140960
21141436
21141548
21141668
21141927
21142381
21143350
21144599
21144606
21145116
21145160
21145313
21145320
21145439
21145758
21146867
21146929
21147426
21147789
21147975
21148508
21148541
21148670
21148747
21148932
21149275
21149546
21170094
21170254
21170501
21170547
21170638
21170850
21171320
21171800
21172332
21172466
21172558
21172569
21172586
21173462
21173489
21173523
21173775
21173918
21174183
21174875
21174995
21175024
21175178
21175412
21175546
21175807
21175921
21176393
21176868
21176978
21177174
21177566
21178652
21178811
21179145
21179425
21179661
21179875
21179906
21180201
21180238
21180519
21181252
21181395
21181564
21181615
21181674
21181789
21182146
21182220
21182317
21182519
21183103
21183277
21183334
21183593
21183946
21183964
21183966
21184398
21184539
21301443
21302364
21302528
21303193
21304928
21305326
21305796
21307812
21308167
21308527
21309100
21311064
21311466
21312231
21312369
21312824
21312937
21314342
21315447
21316840
21318787
21319252
21319617
21423300
21426109
21427284
21427302
21431424
21435149
21436138
21437892
21439407
21440325
21446198
21446422
21446430
21446446
21447203
21447434
21447669
21448436
21448451
21448632
21448922
21448928
21449506
21450121
21450212
21450282
21450361
21450958
21451145
21451462
21452019
21452102
21452264
21453125
21453230
21453670
21453818
21454047
21454256
21454294
21454387
21454472
21454675
21454854
21454871
21455014
21455095
21455174
21455841
21456468
21456651
21456969
21457142
21457645
21457995
21458195
21458281
21458505
21458612
21459046
21460339
21460499
21460598
21460738
21461011
21461276
21461318
21461367
21461428
21461466
21462035
21462058
21462112
21462124
21540947
21562628
21566862
21567207
21570124
21572383
21576943
21577335
21578242
21582709
21632154
21632467
21632537
21632780
21633460
21633558
21633876
21634018
21634265
21634815
21635020
21635549
21635599
21635811
21635871
21636107
21636586
21637947
21638911
21639350
21639372
21639516
21639851
21639953
21640771
21641001
21641115
21641151
21641902
21642934
21643676
21643691
21644891
21645849
21646332
21646487
21646498
21646638
21647096
21647684
21648691
21649330
21649738
21650511
21726010
21727044
21727967
21728476
21728566
21729631
21730921
21731751
21735995
21738303
21740250
21740611
21741138
21743390
21861729
21861815
21862102
21862126
21862364
21862621
21863031
21863464
21864088
21864291
21864705
21864727
21865151
21865214
21865414
21865856
21866434
21866557
21866950
21867862
21868031
21868074
21868146
21868301
21868496
21868510
21868527
21868852
21869056
21869501
21869635
21870017
21870816
21871071
21871300
21871325
21871333
21871366
21871532
21871533
21871561
21871628
21871837
21871860
21872457
21872551
21872706
21872884
21872967
21873151
21873270
21874285
21874713
21874741
21875096
21875648
21875713
21876048
21876520
21877479
21877669
21877706
22039219
22040303
22041495
22041542
22042639
22043482
22044111
22044446
22044695
22044763
22045026
22045253
22045333
22045564
22046141
22046185
22047937
22048079
22048198
22048645
22048792
22049516
22049782
22049806
22050075
22050636
22050654
22050939
22050964
22051205
22051531
22051753
22051826
22051846
22052013
22052068
22052407
22053477
22053811
22053865
22054676
22054892
22054913
22054944
22055084
22055270
22055568
22056352
22056385
22056438
22056523
22056539
22057249
22057361
22087972
22088917
22093276
22095688
22118380
22119721
22119884
22120333
22120508
22120635
22120651
22120721
22120812
22121240
22121270
22121795
22122176
22122241
22122313
22122478
22122509
22122682
22123401
22123492
22123684
22123977
22124891
22125529
22125593
22125654
22125900
22125910
22126140
22126480
22126604
22126783
22126846
22127634
22128009
22128134
22128428
22128468
22128648
22128744
22129252
22129731
22130101
22130241
22130410
22131160
22132493
22132743
22133064
22133674
22134301
22135207
22135340
22297395
22297814
22298916
22299944
22300062
22300343
22300553
22301640
22301766
22301837
22301904
22302014
22302119
22302541
22302541
22302664
22302759
22303032
22303233
22303711
22303867
22303924
22304377
22304637
22304857
22305135
22305321
22305774
22306073
22306795
22307242
22308732
22308986
22309489
22309741
22310156
22310731
22310797
22311019
22311323
22311674
22311725
22311917
22312027
22312547
22312839
22313011
22313356
22314001
22314557
22314766
22315868
22316061
22316422
22316640
22316903
22316960
22316982
22317350
22317697
22416011
22416339
22416675
22416699
22416838
22417627
22417650
22418349
22418481
22418522
22418524
22418888
22418968
22419160
22419200
22419206
22419589
22419648
22420095
22420179
22420271
22420393
22420549
22420563
22420663
22420888
22421115
22421303
22421449
22422036
22422726
22423017
22423089
22423350
22423734
22424014
22424533
22424691
22425101
22425301
22425760
22426079
22426597
22426792
22427123
22427150
22427171
22427178
22427527
22427890
22428880
22428902
22429401
22429620
22429732
22429950
22429999
22430224
22430653
22430745
22430898
22431209
22432090
22432564
22432700
22433369
22433873
22435325
22435471
22435476
22435587
22436275
22436634
22436692
22436953
22437005
22437033
22437512
22438153
22438316
22438592
22438642
22562026
22563357
22563489
22563537
22564221
22564741
22565290
22565404
22566296
22566392
22567059
22568154
22568230
22568349
22568581
22569145
22569371
22569543
22569613
22569723
22569876
22569981
22570371
22570375
22570920
22571064
22571431
22571671
22572458
22572483
22572846
22572865
22573274
22573575
22573882
22574094
22574641
22574660
22574881
22574916
22575989
22576005
22576010
22576343
22576459
22576928
22576971
22576972
22577090
22577158
22577653
22578045
22578216
22578765
22579056
22579076
22579154
22579719
22579720
22580056
22580312
22580359
22580527
22580916
22581503
22581772
22581845
22582292
22582557
22582730
22582733
22582753
22582927
22582990
22583119
22583237
22583887
22788772
22800859
22805091
22805092
22805519
22805885
22806137
22806443
22806617
22807159
22807387
22807624
22807717
22807784
22808872
22809148
22809459
22810107
22810159
22810203
22810507
22810640
22811099
22812308
22812460
22812498
22812810
22813712
22813912
22814070
22814309
22814696
22814818
22815420
22815873
22816470
22816558
22816835
22816972
22817093
22817439
22817467
22818255
22818288
22818434
22818627
22818814
22819037
22890199
22891278
22891780
22892151
22892300
22893242
22893254
22893556
22894106
22894894
22895133
22895809
22895998
22896521
22897206
22897206
22897262
22897687
22898099
22898689
22898763
22898808
22899241
22899810
22900139
22900355
22900435
22900651
22900765
22901153
22901153
22901309
22901418
22901714
22902327
22902700
22903153
22903296
22903299
22903607
22904017
22904085
22904155
22904364
22904787
22905106
22905422
22905799
22906030
22906564
22906786
22907205
22907361
22907402
22907418
22907452
22907938
22908003
22908055
22908800
22909413
22909653
22909768
22909849
22909889
22909983
22910581
22911148
22911340
23049891
23050061
23050392
23050403
23050467
23050517
23050684
23050757
23050845
23050921
23051006
23051035
23051201
23052020
23052110
23052244
23052426
23052589
23052713
23052720
23052929
23052954
23053141
23053233
23053459
23053843
23053872
23053914
23054373
23054657
23055346
23055991
23056085
23056840
23056974
23057447
23057780
23057889
23057906
23057999
23058208
23058271
23058605
23058910
23058915
23059240
23059769
23060968
23061051
23061101
23061470
23061916
23062670
23063146
23063520
23063763
23063953
23064639
23064653
23064749
23064856
23064937
23065564
23065819
23067021
23155462
23156026
23156187
23157114
23157293
23157604
23157946
23158233
23158380
23161076
23161607
23162045
23162322
23163545
23164052
23164053
23164063
23164320
23164943
23165260
23165264
23166364
23167660
23167888
23168077
23168986
23169107
23169483
23170111
23170630
23170704
23171420
23171739
23171956
23172000
23172171
23173284
23173471
23173475
23173684
23174098
23174195
23174464
23174825
23175186
23175547
23175636
23176001
23176811
23177159
23177283
23177712
23178632
23179099
23372349
23372788
23376359
23376859
23389790
23390862
23391980
23392438
23392461
23392504
23392508
23392998
23393053
23393085
23393204
23393506
23393548
23393740
23394272
23394392
23394991
23394995
23395122
23395167
23395178
23395208
23395511
23395699
23395726
23395869
23396146
23396175
23396273
23396400
23396540
23396919
23397799
23397842
23397913
23398036
23398083
23398152
23398418
23398722
23399456
23399653
23400187
23400304
23400314
23400643
23400821
23400871
23401403
23401480
23401788
23402017
23402122
23402193
23402246
23402323
23402354
23402381
23402620
23402768
23402772
23403463
23403580
23404031
23404215
23404462
23510619
23510648
23510744
23510893
23511253
23511931
23512078
23512737
23512871
23512906
23513171
23513628
23514005
23514175
23514652
23514850
23514933
23515384
23515802
23516375
23516612
23516627
23516728
23517215
23517218
23517355
23517675
23517712
23518090
23518096
23518259
23518508
23518622
23519288
23519319
23519355
23519767
23519816
23520784
23521089
23521098
23522117
23522860
23523071
23524087
23524727
23525260
23525954
23526089
23526599
23526676
23526700
23527697
23527708
23528406
23529229
23529437
23529677
23529802
23530055
23530294
23530793
23531146
23531157
23531325
23531605
23531727
23531738
23531839
23531853
23531895
23532166
23532562
23532642
23584812
23585326
23586048
23586353
23586469
23586652
23587450
23587552
23588179
23588388
23589509
23589923
23590605
23590844
23592442
23592955
23593346
23593469
23594687
23595347
23595593
23597070
23597579
23597699
23598284
23598381
23600085
23601377
23601399
23601426
23601937
23602234
23602286
23603395
23603573
23604474
23604768
23605341
23605421
23605431
23605750
23606305
23606585
23606688
23606712
23792982
23793189
23796546
23800372
23801003
23801056
23801383
23801702
23801902
23802079
23802348
23802722
23806216
23806355
23807432
23808131
23808993
23833088
23892467
23908465
23908707
23909907
23914670
23917569
23917711
23918355
23995040
23995445
23995758
23995965
23996110
23996169
23996246
23996279
23996305
23996569
23997211
23997526
23997587
23997606
23997742
23997779
23998212
23998526
23998868
23999919
23999954
24000551
24000586
24000844
24001226
24001272
24001375
24001481
24001713
24001866
24002511
24002717
24002929
24003524
24003537
24003851
24003897
24004128
24004876
24004971
24005228
24006601
24006894
24007552
24007566
24008173
24008475
24008534
24008618
24008711
24008790
24009105
24009219
24009346
24179652
24179746
24179873
24180006
24180251
24180485
24181973
24182282
24182457
24182480
24182572
24182894
24183529
24183976
24184249
24184291
24185050
24185331
24186985
24187230
24187316
24188418
24188446
24188488
24188556
24188690
24188806
24189266
24189527
24189918
24190269
24190285
24190739
24190813
24191509
24191594
24191773
24191840
24192057
24192150
24192327
24192807
24193114
24193279
24193461
24193753
24193872
24193925
24194056
24194524
24194564
24194591
24194778
24195355
24196553
24196886
24196889
24197069
24197551
24296148
24298757
24299539
24363216
24363279
24363704
24364325
24364936
24365010
24365326
24365552
24365992
24366152
24366383
24366957
24367141
24367177
24368250
24368334
24368822
24369011
24369185
24369588
24369852
24369943
24369992
24370122
24370170
24370279
24370479
24370624
24371144
24371263
24371433
24371874
24371958
24372407
24372858
24373105
24373225
24373762
24374235
24374335
24374352
24374562
24375495
24375630
24375885
24376088
24376092
24376269
24376331
24376371
24376417
24376620
24377027
24377234
24377283
24377291
24377379
24377386
24377779
24378000
24378494
24378601
24378741
24379058
24379166
24379429
24379754
24380077
24380423
24380472
24381209
24381342
24381656
24381732
24381755
24382031
24382061
24427996
24436368
24437022
24438237
24439535
24440410
24442774
24443200
24443250
24566618
24573088
24577215
24577679
24581023
24583514
24586623
24588630
24604031
24604877
24605520
24605903
24606731
24606854
24606888
24607218
24607841
24608228
24608720
24608739
24609659
24609735
24609781
24610045
24610063
24611228
24611273
24611621
24611825
24612734
24613326
24613484
24613493
24613936
24614408
24616829
24617139
24618570
24618805
24618813
24619686
24619825
24620794
24620932
24715599
24716336
24717747
24717865
24718157
24718240
24718333
24718403
24718431
24718486
24718613
24718716
24718809
24718834
24719300
24719590
24719817
24720487
24720667
24720733
24720813
24721073
24721369
24721479
24721698
24721800
24722618
24722702
24722852
24723150
24723869
24724051
24724578
24725027
24725451
24725595
24726122
24726267
24726396
24726632
24727261
24727399
24727675
24727834
24728187
24728940
24729048
24729233
24729472
24729867
24730092
24730442
24730702
24731480
24731538
24731689
24731746
24732018
24732033
24732113
24732131
24732867
24733113
24733816
24733892
24734156
24734477
24844190
24844317
24844458
24844459
24844898
24845082
24845844
24846076
24846416
24847150
24847195
24847850
24848692
24848745
24848813
24848979
24849042
24849350
24849507
24849924
24850176
24850874
24851145
24851270
24851442
24851723
24852337
24852431
24852682
24852837
24853146
24853262
24853795
24853835
24854794
24854809
24854847
24855365
24855368
24855527
24856183
24856469
24857349
24857757
24858125
24858180
24858931
24859334
24859610
24860046
24860374
24861391
24861735
24861970
24862589
24863259
24864231
24864594
24865005
24867183
24867614
24868981
24869823
24871299
24871467
24871676
24875432
24875918
24877086
24877178
24879041
24904162
24906562
25001625
25001675
25001725
25002613
25002792
25002859
25002952
25003423
25004081
25004085
25004351
25004372
25004507
25004754
25005703
25006214
25006221
25006374
25006581
25006653
25006679
25007306
25007318
25007452
25007704
25008503
25008625
25010195
25010314
25010410
25011233
25011582
25011780
25011814
25012024
25012276
25012974
25013055
25013097
25013192
25013440
25014316
25014386
25014727
25015248
25015383
25016093
25016195
25016497
25016993
25017242
25017635
25017687
25017695
25018437
25019097
25019190
25019226
25020154
25020379
25020557
25020602
25020929
25021040
25021070
25021341
25021639
25021715
25021947
25021961
25022709
25022756
25022906
25023389
25023973
25024234
25024457
25024475
25116923
25210185
25210247
25210339
25210525
25211300
25211732
25211862
25212134
25213717
25213956
25215500
25215710
25215805
25216212
25216340
25216556
25216612
25216792
25216830
25217171
25218001
25218064
25218363
25218644
25219857
25220267
25220616
25221011
25221513
25222195
25223203
25223662
25224817
25225923
25225994
25226452
25227151
25227566
25228397
25228425
25228548
25228721
25228925
25229046
25229353
25230252
25230304
25230432
25231243
25231338
25231661
25231951
25232130
25232573
25235411
25235517
25237180
25237901
25238673
25238703
25239797
25241957
25242102
25256839
25290692
25291063
25291837
25295443
25299136
25299140
25300693
25304188
25336941
25350803
25351145
25353458
25355564
25356775
25357138
25357139
25357743
25358927
25359046
25359406
25360893
25363183
25363674
25453404
25454972
25457476
25458359
25459340
25461016
25461899
25463767
25467539
25468572
25469220
25469450
25470435
25472485
25472859
25473580
25474274
25530121
25530659
25530750
25531091
25531136
25531383
25532242
25532850
25533274
25533790
25534071
25534503
25534556
25534909
25535084
25535136
25535801
25535813
25535946
25535966
25536032
25536646
25536716
25537202
25537442
25537978
25538186
25538309
25538651
25538684
25539047
25539229
25539266
25539656
25539815
25541147
25541407
25542461
25542605
25542770
25543132
25543194
25543539
25543944
25544565
25544657
25544959
25544974
25545643
25546195
25546722
25546974
25546993
25547032
25547306
25548211
25548422
25548422
25549078
25549729
25550414
25550557
25550764
25550769
25550890
25551336
25551466
25551859
25552387
25552817
25553595
25635319
25638337
25640318
25648571
25649271
25650066
25654243
25655863
25656012
25657142
25657800
25658342
25660119
25660794
25661023
25661211
25661332
25661351
25662496
25663086
25663248
25663660
25663823
25664279
25667503
25667546
25667977
25668097
25668252
25669211
25669697
25670107
25670514
25742099
25743541
25747519
25751659
25753090
25754160
25754650
25755553
25758320
25805427
25805458
25805540
25805906
25805982
25806138
25806897
25806979
25808256
25809353
25809472
25810076
25810901
25811256
25811427
25811465
25811485
25811572
25811756
25812103
25812316
25812776
25812799
25812971
25813754
25813912
25814437
25816214
25816283
25816750
25817272
25817622
25818366
25818509
25849275
25849807
25884132
25884542
25884802
25884910
25885905
25885946
25886023
25886225
25887701
25887847
25888037
25888353
25888409
25888640
25889073
25889375
25889669
25889718
25889865
25890258
25890278
25890467
25890523
25890808
25891090
25891218
25891652
25892161
25892386
25892638
25892797
25893288
25894375
25894920
25895307
25895312
25895480
25895503
25895539
25895545
25895614
25896387
25896463
25896591
25897121
25897936
25897988
25898362
25898560
25898729
25899078
25919523
25920270
25920280
25920393
25920629
25920806
25921076
25921078
25921116
25924706
25924805
25925807
25925851
25925919
25926048
25926276
25926479
25926689
25926732
25927912
25928076
25928245
25928605
25928753
25929728
25929946
25929963
25931235
25931278
25931600
25931792
25932289
25932461
25933298
25933700
25934047
25934598
25935262
26014158
26020971
26023069
26085289
26086343
26088325
26088694
26096667
26099169
26099922
26102389
26102506
26103447
26117097
26117267
26117339
26117559
26117651
26117678
26117700
26118117
26118139
26118365
26118798
26118911
26118988
26119292
26119472
26119979
26120409
26121270
26121293
26121969
26122049
26124059
26124191
26124377
26125218
26125343
26125763
26125836
26125957
26126458
26127130
26127682
26127877
26127963
26127974
26128459
26128707
26128953
26128990
26129040
26129115
26129552
26129646
26129683
26129769
26129835
26130542
26130840
26131020
26131468
26131575
26131864
26131918
26132697
26132738
26132806
26133367
26133905
26133919
26134042
26134369
26134428
26134479
26134771
26134971
26135128
26135434
26135439
26135591
26135746
26135909
26136027
26136453
26136972
26137055
26137060
26137178
26137310
26137494
26137723
26138111
26138216
26138526
26138625
26138786
26138881
26139051
26139198
26139997
26140104
26140317
26213686
26213847
26214176
26214236
26215355
26216087
26216104
26216581
26217459
26217473
26218136
26218199
26219403
26219433
26221390
26222107
26222321
26222867
26223115
26223127
26223133
26223666
26225235
26225473
26227660
26229654
26230237
26230557
26231759
26313710
26314083
26314522
26315048
26315686
26316008
26316264
26317283
26317358
26317934
26317946
26318304
26318651
26318995
26319082
26319130
26319219
26319407
26319563
26319572
26319838
26320005
26320038
26320376
26320516
26320868
26321411
26321473
26321543
26321554
26321571
26321726
26321807
26321844
26322394
26322580
26322594
26322809
26323517
26323529
26323542
26323664
26323991
26324142
26324695
26325171
26325307
26325416
26325571
26325742
26325747
26325895
26326286
26326324
26326569
26327185
26327353
26327366
26327530
26500793
26500975
26505103
26505411
26505657
26506308
26506412
26507799
26508147
26508412
26508915
26509383
26510241
26510390
26510531
26511144
26511260
26513821
26514049
26514245
26514579
26514910
26515233
26516370
26517424
26517488
26517601
26518293
26518838
26519309
26519963
26520245
26520623
26520749
26522367
26523226
26523619
26523765
26578523
26579598
26579644
26579839
26579895
26580226
26580259
26580665
26581761
26581863
26582490
26582794
26583204
26583916
26584081
26584776
26585134
26585172
26585213
26585405
26585929
26586608
26586728
26587271
26587421
26587546
26587631
26588063
26588580
26588611
26589112
26589978
26590049
26590902
26591922
26592051
26592283
26592284
26592644
26593549
26593775
26594628
26594766
26595155
26595371
26678624
26724893
26726341
26727608
26727986
26728889
26729410
26730315
26732615
26735180
26735578
26737279
26737896
26737926
26737999
26739168
26739814
26741359
26762910
26763848
26764241
26764566
26765103
26765136
26765268
26765714
26766093
26766676
26766900
26767087
26767114
26768217
26768522
26768719
26769030
26769218
26769311
26769686
26770516
26771017
26771159
26771454
26771707
26771765
26771880
26772018
26772488
26772534
26772555
26772849
26773220
26773413
26773644
26774045
26774610
26774701
26774875
26774935
26864854
26864975
26865172
26865173
26865253
26865447
26865517
26865702
26865741
26865969
26866014
26866230
26866416
26866663
26867019
26867197
26867302
26867363
26867704
26867938
26868195
26868217
26868764
26869169
26869289
26870031
26870131
26870275
26870288
26871335
26871428
26871968
26872168
26872399
26872592
26872705
26872793
26872825
26872876
26873375
26873376
26873918
26874367
26874559
26874791
26875186
26875357
26875411
26875472
26875495
26875497
26875620
26876701
26876855
26876979
26877112
26877646
26877917
26877961
26878514
26879117
26929071
26929078
26929874
26929978
26930035
26931973
26932072
26932138
26932518
26932569
26933359
26933974
26934040
26934303
26934848
26934935
26935338
26936003
26937288
26937726
26938995
26939229
26939318
26939513
26939587
26939731
26940522
26940712
26941377
26941744
26942014
26942109
26942979
26943132
26943386
26943870
26944669
26944690
26944799
26945515
26945724
26945785
26945877
26947212
26947636
26948791
26949566
26949695
26950535
26950616
26951079
26951211
27010177
27014669
27040190
27040689
27040718
27041786
27042543
27042714
27043089
27043363
27043553
27043977
27043989
27045175
27045678
27047000
27047498
27048093
27048345
27048564
27049437
27049539
27049721
27049744
27050268
27050289
27051932
27053775
27054631
27055100
27057329
27057910
27057925
27058946
27059008
27059272
27059685
27059913
27060278
27060336
27060811
27060855
27060905
27061222
27061476
27108108
27181357
27181897
27182203
27182305
27182544
27182743
27182753
27183147
27184928
27185329
27185589
27185793
27185830
27186166
27186777
27186850
27186999
27188124
27188208
27188338
27188365
27188553
27188634
27188731
27189135
27190290
27190323
27190689
27191114
27191159
27191695
27191819
27192452
27192627
27192698
27192818
27193043
27193083
27193349
27193411
27193811
27194061
27194267
27194726
27195226
27195604
27195856
27195887
27196114
27196256
27197044
27197438
27197815
27198086
27198304
27198909
27199200
27200191
27200481
27200707
27201159
27338512
27343057
27344280
27344426
27345467
27351732
27352487
27353587
27354791
27355259
27376413
27377312
27377456
27377887
27378110
27378763
27379000
27380240
27382274
27382720
27383037
27383095
27384569
27384731
27385045
27386076
27386801
27387892
27389686
27390039
27390844
27392535
27393738
27393824
27393838
27393959
27395614
27395687
27395804
27397292
27495151
27495850
27496122
27496706
27496913
27498429
27498479
27498730
27500644
27500705
27501173
27501316
27502061
27502393
27504610
27505470
27507179
27513395
27539671
27541047
27541916
27542014
27542258
27542586
27543619
27543677
27543946
27545425
27545902
27546615
27547596
27550324
27550410
27550705
27553481
27554695
27768247
27768670
27768949
27769867
27771524
27771759
27772843
27773025
27773277
27773346
27773702
27774149
27774192
27774656
27774687
27774825
27774926
27776255
27776488
27776804
27778421
27778844
27779135
27780043
27781088
27781673
27782255
27783300
27784150
27784705
27784943
27786191
27886697
27921926
27924775
27924893
27933486
27942283
27942952
27943913
27944216
27944248
27944752
27944999
27945065
27945074
27945529
27945593
27945670
27945953
27946034
27946623
27946632
27946950
27947081
27947770
27948043
27948495
27948637
27948725
27948788
27950452
27950479
27950641
27950672
27950848
27951825
27952099
27952219
27953259
27953295
27953326
27954177
27954469
27954514
27954575
27954982
27955089
27955958
28061248
28062981
28063352
28064455
28069184
28071752
28075368
28120088
28121309
28122151
28123130
28125998
28127099
28127580
28128234
28129224
28133236
28168528
28168681
28169320
28169764
28169876
28170166
28170470
28170681
28171119
28171460
28171579
28172163
28172195
28173133
28173373
28173377
28173490
28173773
28174595
28174640
28174710
28175552
28177031
28179361
28180302
28180451
28181728
28181880
28181951
28182135
28183012
28250228
28252524
28252748
28253715
28254518
28260638
28261676
28263760
28428309
28430808
28434476
28435587
28435790
28436158
28436166
28436225
28436344
28437393
28437410
28437756
28437910
28437913
28438150
28438184
28438352
28438434
28438564
28438606
28438774
28438784
28439084
28439105
28439138
28440035
28440146
28440447
28440519
28440568
28440727
28440969
28441072
28441285
28441322
28441660
28441933
28442664
28442814
28442890
28443397
28443548
28443632
28443934
28444035
28444186
28444291
28444389
28444537
28444738
28444781
28444853
28444874
28444975
28445198
28445259
28445696
28446034
28446580
28447015
28447017
28447138
28447405
28447454
28448028
28448067
28448169
28448599
28449062
28449150
28449444
28449845
28450385
28450629
28450686
28450751
28451463
28451559
28451627
28451633
28451842
28451975
28452455
28452571
28452923
28454386
28454494
28454510
28454636
28454780
28454849
28454896
28455482
28455843
28455897
28456165
28456407
28456486
28456644
28456861
28457291
28457335
28457466
28457986
28457995
28458277
28458388
28458444
28458550
28458568
28458574
28458670
28489433
28493014
28493057
28493158
28494119
28495251
28528064
28540715
28540975
28541923
28547903
28655583
28655964
28657600
28657644
28657746
28658287
28660023
28660182
28660640
28662334
28663136
28664151
28664215
28664227
28664349
28664742
28666175
28670524
28670705
28670788
28671205
28671798
28676275
28676527
28730090
28730554
28731578
28732319
28732346
28732542
28733755
28733826
28733844
28734015
28734295
28734466
28734578
28734827
28734898
28735231
28736858
28737929
28738844
28739540
28739725
28740696
28740812
28740857
28740874
28742062
28743466
28782047
28783601
28783739
28784836
28785704
28787209
28788002
28789116
28789182
28789219
28789696
28790713
28791085
28791505
28791743
28794724
28877055
28878093
28878668
28878706
28878715
28878791
28879117
28879939
28881048
28881819
28881832
28882652
28883850
28884952
28884955
28885094
28886605
28886738
28886984
28887989
28888141
28888289
28889241
28889564
28891505
28891647
28891940
28893165
28893457
28893684
28893802
28893852
28894092
28894667
28894764
28895550
28896541
28897149
28897552
28897869
28897908
28898060
28898186
28898707
28916527
28916985
28917196
28917397
28918314
28918331
28919473
28920473
28920834
28920856
28921444
28921666
28921680
28922721
28923073
28923170
28923495
28923504
28924756
28925647
28925922
28925965
28926100
28926120
28926172
28926811
28927013
28927153
28927372
28927413
28927575
28927959
28928208
28928246
28928690
28928770
28931023
28931425
28932022
28933020
28933682
28933723
28934121
28934142
28934223
28934599
28934707
28935027
28935195
28935206
28935842
28936309
28936589
28936666
28937762
28938453
29029011
29031111
29031823
29074485
29075399
29075954
29076042
29076912
29076922
29078250
29079364
29080144
29080275
29080476
29080615
29080668
29080700
29081548
29081763
29082248
29082798
29082835
29083078
29084140
29084306
29084409
29084566
29085013
29085084
29085375
29085599
29086263
29086345
29086428
29086899
29087254
29087548
29087619
29087748
29089219
29089248
29089318
29089597
29089769
29090109
29090477
29090532
29092257
29093401
29093497
29093667
29093725
29094397
29094468
29094928
29094979
29095035
29095403
29095859
29096116
29096618
29097119
29154717
29245903
29246218
29246550
29247427
29247608
29248004
29248076
29248213
29248424
29249007
29249075
29249136
29249519
29250054
29250061
29250309
29251791
29251916
29252669
29253030
29253244
29253854
29253899
29254355
29254894
29254973
29255348
29256059
29256093
29256262
29256430
29257482
29258026
29258149
29258196
29258629
29258809
29259016
29259188
29259253
29259541
29259841
29259904
29260628
29260750
29260891
29260922
29261121
29261483
29261608
29261646
29262069
29262272
29262346
29262366
29263107
29263427
29263719
29263991
29264236
29265021
29265073
29265151
29265675
29266744
29266879
29266925
29266944
29266947
29267186
29267764
29267801
29413911
29416034
29417474
29418024
29420912
29421587
29424923
29426564
29426886
29426936
29427178
29434754
29435536
29440696
29443562
29444871
29448499
29449790
29628280
29628600
29631509
29631642
29631816
29631878
29632002
29632820
29634645
29636226
29636342
29636652
29637030
29637805
29638128
29638212
29638613
29638830
29639345
29639454
29639619
29639757
29640855
29640954
29641573
29642287
29642602
29642660
29642786
29643298
29643862
29644906
29645673
29646400
29646444
29646576
29646752
29647087
29647314
29647480
29648432
29701294
29701392
29701465
29701735
29701910
29702034
29702875
29703069
29703178
29703232
29703932
29704831
29704970
29705259
29705263
29705760
29706568
29707057
29707736
29708708
29708985
29709338
29709560
29709572
29709816
29710284
29710375
29710599
29710945
29711702
29711779
29712028
29712115
29712120
29712483
29712620
29712786
29712860
29713003
29713618
29713815
29714703
29715009
29715214
29715313
29715495
29716389
29716502
29716777
29716918
29717126
29717146
29717451
29717853
29718549
29718584
29718748
29718928
29820881
29823207
29827725
29827837
29828338
29831706
29833602
29835196
29871923
29872111
29873036
29873281
29873806
29875436
29875793
29877998
29878199
29878427
29879207
29881059
29883184
29883728
29883912
29886432
29886472
29888664
29889755
29889806
29891440
29918337
29918610
29922452
29923594
29924630
29927103
29927628
29928146
30036262
30036500
30036833
30036996
30037505
30037525
30037789
30037835
30038038
30038392
30039072
30039733
30040263
30040411
30040837
30041053
30041238
30041375
30041450
30041513
30041819
30041823
30041874
30043131
30043319
30043487
30043632
30044029
30044402
30044431
30044449
30044479
30044484
30044494
30044622
30044676
30044731
30045011
30045095
30045163
30045686
30045711
30046290
30046294
30046445
30046751
30046829
30046991
30047029
30047128
30047279
30047427
30047869
30047999
30048132
30049190
30049640
30049832
30049929
30049998
30050029
30050145
30050337
30050539
30050660
30050905
30050969
30051307
30051438
30051466
30051648
30051720
30052024
30052547
30052598
30052882
30052905
30053054
30053248
30053837
30054585
30054659
30054769
30054777
30055386
30055635
30056466
30057152
30057227
30057489
30057496
30058392
30058561
30058754
30058811
30058854
30059000
30059056
30059193
30064828
30065632
30084108
30179764
30180220
30180648
30181307
30183849
30184662
30186984
30187020
30187150
30188779
30190179
30190976
30191100
30191606
30358597
30359290
30359728
30359962
30360061
30360211
30360323
30360509
30360833
30360845
30360952
30360975
30361874
30362141
30362465
30362567
30363273
30365158
30365298
30365831
30366085
30366521
30366863
30367522
30367589
30368730
30368814
30368835
30369144
30370020
30370437
30370834
30371099
30371522
30371558
30371651
30371820
30372178
30372819
30372902
30373586
30373711
30373723
30374108
30374848
30374959
30374965
30375555
30375753
30376004
30416933
30419225
30426426
