7166
9152
11521
12770
13685
14819
16412
27337
27343
29408
40084
41034
41391
46516
47933
48117
67840
67942
69272
69552
71829
72707
75144
76474
76917
78812
80657
81483
82203
86647
88257
88989
89412
91828
92969
96312
99815
101674
109770
110063
113714
113973
117318
117788
123273
135671
146242
146443
147612
154557
159548
160290
165199
165840
168825
169532
173004
175611
184996
185107
186105
188823
190266
193144
198466
198488
203100
203412
204009
206535
207016
210989
214878
215265
216569
219044
219715
219943
222800
226520
228052
230781
231514
233152
239583
239588
240582
248281
251464
253865
254445
263835
266838
271549
271668
275189
275624
278206
283479
283739
285103
295449
296265
301333
302777
312865
317686
320822
322427
324578
325187
327531
327737
335651
342734
351014
353476
355249
369629
373879
373920
378049
378140
385032
386583
387258
388881
391790
396772
401043
402362
408977
409604
413387
413681
414715
416582
417488
426318
433336
439307
444022
444112
446522
461791
471759
476583
477757
486946
489074
491270
493354
498600
501800
502264
504999
505668
506880
519133
524484
525344
528746
531154
536855
546207
549990
550498
550548
565596
570713
571930
577068
577310
589951
591565
593907
599041
602586
608378
608594
610490
610714
618954
621689
626512
627717
629762
632445
632814
634823
635422
640423
648783
653504
659327
659719
661126
666067
666319
668517
671009
677424
680180
681705
681780
687322
687353
694467
698254
703784
707398
709320
717290
718651
719714
721696
723763
724795
729338
731036
731439
733616
734985
741514
741664
742077
744114
744870
745118
746749
748604
753043
753523
762174
763362
767056
769866
772569
775719
776579
777063
786702
787638
795736
799645
802472
813595
820116
822301
823271
824055
824796
825520
829461
829767
832840
851193
859557
862584
869307
875914
878259
878415
879526
881528
889894
889992
891522
893735
894780
909017
909305
910776
915491
925218
926608
927640
935001
939073
943618
945169
954126
955820
956819
964424
969968
971173
975620
977258
982547
983889
984326
985593
994602
996102
996947
998059
999564
1001687
1002409
1007501
1009620
1019273
1024241
1025256
1025468
1029455
1030305
1032834
1036328
1037064
1042187
1042956
1051451
1053884
1059279
1061292
1062199
1065374
1066118
1068095
1070512
1081987
1087308
1091685
1101243
1105746
1106445
1108603
1109345
1112319
1118544
1126666
1131044
1132585
1140036
1140256
1142832
1144768
1146022
1154280
1158412
1168652
1169738
1172792
1175302
1175589
1179139
1181578
1181704
1182085
1182239
1187330
1187929
1196726
1200085
1204452
1204564
1206041
1217180
1218531
1222999
1237063
1239028
1241082
1247373
1247383
1247586
1247936
1251672
1264029
1264417
1264483
1265975
1267602
1275621
1276778
1277890
1279462
1282474
1282547
1283827
1285891
1291790
1292408
1296831
1297188
1298017
1298261
1299720
1300576
1303383
1310704
1311571
1311743
1316905
1318401
1318658
1321680
1328184
1329299
1339153
1340132
1341908
1345710
1346110
1348724
1352473
1366320
1371083
1374060
1375751
1376576
1377342
1382128
1383353
1388831
1396001
1396469
1407263
1409967
1410402
1413056
1420204
1425625
1432682
1432862
1434575
1437351
1443727
1445537
1451493
1452979
1455303
1456137
1456891
1459654
1461592
1462035
1462488
1463113
1469572
1477622
1478819
1484048
1486611
1486890
1488026
1488846
1492315
1497762
1498046
1505909
1505996
1512629
1524875
1525766
1530676
1530704
1531022
1534091
1539051
1541956
1548070
1550322
1552790
1557653
1560147
1561244
1561878
1564693
1567235
1568794
1573415
1573637
1574405
1580082
1582359
1583040
1584256
1586491
1587492
1587531
1588298
1589699
1597183
1598414
1604910
1605555
1611322
1612391
1612797
1615079
1624102
1628097
1641128
1642578
1642812
1645635
1650876
1658182
1661598
1664431
1666671
1668594
1669608
1670589
1672996
1676258
1682682
1683533
1688349
1696282
1703118
1703157
1704859
1709778
1710779
1711766
1718487
1720476
1725046
1727506
1729460
1730623
1736310
1741544
1742035
1753239
1754912
1755304
1756020
1757833
1758891
1761728
1763940
1769570
1771809
1773714
1777358
1779383
1780735
1782979
1784243
1786678
1789167
1791282
1791669
1792571
1795711
1796140
1797881
1801585
1802082
1802783
1803227
1806164
1809775
1812085
1812588
1814208
1814225
1817748
1820181
1825767
1830620
1831660
1832853
1833481
1834857
1836256
1837732
1837777
1847297
1849028
1849748
1859185
1865569
1865671
1871902
1876326
1877148
1877517
1878152
1878403
1881533
1884021
1886667
1888499
1892160
1902407
1905150
1912927
1916620
1919754
1920901
1921217
1923304
1925286
1925778
1931956
1934916
1936289
1938922
1940621
1941608
1943288
1946312
1951906
1955337
1955388
1956536
1956762
1961181
1961830
1966631
1966901
1974441
1977111
1978241
1980823
1981075
1983612
1991656
1995946
1997776
2000058
2000484
2005385
2005877
2006065
2011646
2012058
2012117
2012146
2012371
2013435
2014309
2014372
2014891
2017253
2017738
2019920
2021168
2022596
2027713
2033569
2035415
2042628
2043226
2047072
2053807
2056873
2058055
2060517
2060863
2070008
2071596
2078551
2081628
2083140
2095919
2095939
2097915
2105681
2107584
2108940
2108971
2109014
2114189
2114677
2115903
2119038
2122090
2124100
2125444
2125599
2128915
2129584
2137386
2141155
2142743
2144665
2148320
2153297
2153908
2154733
2162452
2165377
2172769
2174532
2176544
2182234
2189950
2190402
2194997
2196568
2198841
2200471
2202531
2206971
2210427
2222571
2235172
2235791
2238307
2240812
2244981
2245549
2245856
2246705
2246805
2249834
2251016
2252466
2252963
2260045
2267152
2268641
2276547
2277639
2283322
2284749
2290992
2292844
2294320
2294345
2295430
2296003
2296376
2299289
2312979
2320905
2322049
2322704
2327412
2327851
2328865
2329496
2345114
2345495
2347056
2349918
2354879
2355140
2356305
2357623
2359056
2363012
2364886
2367195
2372612
2374536
2375577
2379214
2380355
2385305
2386191
2390948
2391659
2394490
2394759
2397175
2397470
2397815
2400894
2411268
2411922
2412858
2418986
2419147
2419695
2420290
2422944
2427399
2427751
2427879
2435132
2435800
2436670
2438858
2441887
2442193
2442981
2447765
2447941
2452090
2457368
2458636
2461433
2461828
2462075
2462297
2462603
2466220
2476190
2477327
2478763
2484132
2486071
2488982
2493283
2493699
2495538
2499112
2499236
2505560
2507741
2510067
2510504
2510675
2512228
2513064
2517730
2520180
2522577
2527494
2527540
2530668
2531185
2531883
2534283
2537478
2546579
2553405
2553490
2554968
2555495
2561644
2564901
2566806
2571787
2572932
2574537
2576128
2576284
2580183
2582573
2587314
2588119
2588729
2604217
2604713
2612195
2612860
2613241
2614020
2621172
2622567
2624710
2629520
2629610
2632258
2632636
2642309
2646334
2646713
2649233
2657023
2657182
2659910
2663332
2665676
2667360
2673141
2675220
2675738
2676085
2682685
2686652
2687366
2689343
2691460
2694232
2694693
2702190
2704852
2707907
2710790
2711755
2713500
2714234
2716236
2719593
2720648
2722791
2723535
2725052
2729800
2733522
2738947
2741286
2743442
2745641
2749044
2750575
2750604
2753947
2758923
2763521
2765987
2769070
2769848
2773020
2774690
2775641
2777284
2777782
2778353
2779335
2781166
2783505
2784284
2787987
2791808
2792094
2792915
2793650
2798248
2801860
2803400
2806176
2808163
2808436
2808797
2809221
2810331
2812825
2823340
2833933
2842278
2848649
2859249
2859371
2863429
2864496
2868985
2869398
2872084
2877891
2878441
2881230
2885362
2887345
2887642
2890428
2892473
2892752
2895257
2896612
2896667
2897478
2901042
2902473
2902619
2903547
2908026
2919577
2920276
2921292
2923074
2932281
2932634
2936737
2937213
2938298
2938508
2939771
2941434
2943956
2945593
2948250
2948391
2950769
2950773
2951556
2952339
2956951
2958495
2960375
2963255
2963433
2976051
2978878
2979543
2980885
2982833
2983715
2987043
2989266
2995465
2995682
3007530
3014645
3014694
3014911
3016817
3018297
3024489
3024774
3031550
3040207
3041674
3045644
3055428
3057382
3060793
3072066
3077448
3077854
3079245
3081641
3083675
3084398
3087665
3087995
3090128
3092650
3092910
3094942
3100127
3106940
3108854
3111394
3111660
3114456
3123487
3126797
3132949
3135917
3138837
3145735
3152225
3155385
3155771
3158107
3160261
3166656
3167547
3170722
3173760
3175037
3178109
3182053
3182508
3187960
3191057
3191341
3191389
3195914
3208947
3208973
3210440
3210464
3219413
3220520
3223052
3223574
3231183
3233124
3233681
3239392
3241040
3244073
3245821
3248646
3250138
3251491
3251940
3252803
3252987
3254540
3261198
3268405
3271128
3271910
3275001
3276456
3280107
3280204
3296911
3300067
3304921
3311438
3320957
3324238
3328339
3329067
3334457
3335397
3339162
3341146
3341454
3341675
3343144
3349096
3349681
3349940
3351053
3351133
3352553
3354143
3357021
3359641
3366933
3371642
3375040
3382351
3383066
3383334
3383923
3391685
3392332
3393335
3394328
3396724
3397821
3398809
3400894
3402252
3402884
3404053
3404775
3408862
3413191
3414380
3414671
3416548
3421970
3424560
3430597
3431545
3432571
3437547
3439659
3440282
3444219
3444284
3450062
3456577
3457615
3458529
3459576
3469003
3476201
3478905
3481266
3484481
3489797
3493335
3493709
3495943
3496162
3497433
3499756
3501269
3505751
3506241
3507923
3509650
3514362
3515715
3524520
3524629
3527662
3529663
3538760
3538928
3540410
3540827
3545998
3551487
3554602
3562758
3565336
3567883
3569245
3572272
3576997
3579342
3583470
3589862
3593814
3598801
3599909
3604437
3604820
3608061
3609173
3613350
3613462
3620492
3620852
3623040
3623224
3627523
3633603
3634531
3634547
3643977
3647486
3650662
3654768
3656992
3657724
3660059
3670681
3671631
3680984
3684758
3684979
3685053
3695310
3699595
3701256
3701557
3702460
3703552
3709471
3714838
3721205
3721433
3725359
3726640
3731828
3736015
3737882
3738763
3740884
3744166
3744704
3744926
3750587
3753124
3753693
3756091
3756856
3757070
3757366
3757628
3759282
3760735
3763712
3765246
3765707
3778107
3778853
3780440
3787639
3788650
3793171
3793582
3795876
3798079
3805849
3806512
3809484
3809997
3810982
3811532
3812041
3812608
3814584
3815091
3827594
3835543
3836697
3836979
3837688
3842700
3854188
3856061
3858084
3859085
3859122
3863648
3867311
3877569
3886316
3888638
3890101
3891565
3899313
3903448
3903809
3910900
3911907
3914507
3920229
3922327
3925402
3926212
3930791
3931288
3932946
3933362
3934503
3937388
3940556
3943764
3943891
3944410
3949294
3954571
3954900
3958124
3958368
3963737
3964574
3964719
3967178
3969360
3970324
3973620
3975859
3979607
3983139
3983462
3984765
3986241
3994397
3995231
3996440
3996443
3999917
4005079
4021407
4032882
4033243
4036468
4037297
4044277
4047683
4052226
4057828
4058732
4060865
4063953
4064295
4064898
4068557
4071926
4074635
4078320
4082068
4082612
4083232
4083806
4092053
4093061
4093548
4095846
4097971
4098038
4106421
4112452
4114753
4118212
4122783
4123040
4124793
4127175
4128798
4137413
4143866
4155009
4157492
4157719
4157989
4164028
4167199
4167795
4168194
4172187
4172282
4174669
4177628
4177898
4181312
4182248
4182735
4184509
4187852
4189583
4194481
4196221
4196342
4197155
4198059
4198917
4203294
4204535
4205720
4206523
4207089
4207865
4211679
4211698
4214899
4217202
4218440
4221479
4221649
4226947
4228041
4234592
4235539
4244406
4245240
4257491
4258639
4258856
4261820
4262144
4262801
4267289
4273554
4274201
4280452
4281556
4288844
4293271
4296607
4298657
4309856
4310756
4311458
4318096
4320504
4324794
4326349
4326527
4327328
4331699
4335417
4335661
4338691
4339939
4347327
4348442
4348628
4353402
4354045
4363145
4378818
4379980
4382018
4383411
4383722
4389604
4390297
4396815
4400912
4401605
4403353
4404931
4412309
4414447
4415290
4423846
4426031
4428328
4432493
4433658
4434699
4445845
4447757
4449637
4454954
4464377
4468836
4470347
4473715
4476927
4481867
4484470
4486542
4489748
4493689
4494266
4494822
4500785
4503942
4504125
4504273
4511093
4512631
4512971
4514545
4514939
4521382
4522016
4522073
4526198
4533779
4535795
4545644
4547347
4547585
4548028
4548041
4548290
4549713
4550821
4561455
4561562
4563162
4564705
4567991
4568477
4569144
4570202
4570391
4570963
4572924
4574663
4575156
4576215
4576320
4576744
4583737
4583968
4588104
4589477
4597523
4599060
4603965
4609539
4615182
4615943
4621908
4623309
4624783
4625146
4631056
4639729
4643967
4644863
4645300
4647269
4650002
4650774
4652331
4652786
4653363
4657064
4659661
4664384
4666036
4669105
4672704
4673632
4674403
4677515
4679388
4680140
4681560
4682214
4684239
4686675
4691399
4694019
4696063
4698432
4702333
4703375
4703523
4704686
4706499
4707268
4708418
4710677
4719657
4721614
4723171
4729517
4738445
4738674
4742631
4742996
4744192
4747517
4756525
4759636
4763217
4767918
4768063
4770013
4770278
4771644
4776893
4779820
4786076
4791396
4793384
4800103
4800974
4802658
4806752
4806812
4808200
4808207
4809184
4811557
4820393
4832613
4835741
4837344
4841363
4846041
4854259
4858252
4859268
4862681
4864659
4871515
4872012
4873031
4873286
4882690
4887691
4888271
4889171
4892172
4894946
4898258
4900920
4903978
4904328
4910555
4912360
4918470
4918585
4919516
4923044
4929678
4932056
4935450
4936901
4937308
4938833
4944915
4946049
4947988
4950361
4951275
4951506
4959609
4962570
4963005
4963170
4965541
4965734
4972471
4974136
4974884
4981594
4983506
4983753
4984875
4985144
4985773
4986062
4987054
4987592
4988581
4989042
4990323
4991064
4994902
4997572
4999407
5000158
5004823
5005684
5006065
5007059
5008914
5010067
5010084
5010283
5011235
5011778
5015573
5022080
5022636
5022993
5026493
5026974
5028990
5030864
5038141
5045093
5046818
5050482
5050790
5058110
5071054
5072274
5075022
5076686
5078352
5080025
5080218
5087240
5098970
5102236
5103494
5110778
5116404
5120035
5122501
5126848
5127966
5134600
5135007
5137317
5152246
5163477
5168104
5168607
5169383
5175000
5175450
5175533
5178343
5179077
5179624
5184952
5186158
5188594
5194297
5197051
5198867
5202371
5204363
5214309
5218129
5221641
5232828
5235121
5236642
5237999
5251137
5251760
5271196
5271207
5271513
5274969
5278355
5278444
5281043
5281209
5286203
5287619
5288969
5292913
5298358
5305697
5315142
5315957
5319230
5320605
5323258
5325493
5332528
5335051
5355086
5356944
5357442
5358162
5358469
5358733
5359381
5363312
5365618
5369096
5369606
5370162
5370165
5371989
5372146
5376174
5377745
5382901
5389106
5389426
5391510
5393464
5396268
5397478
5401853
5402929
5404709
5407535
5410095
5418641
5430230
5430434
5432053
5450338
5452155
5454295
5454750
5459688
5461811
5463964
5464904
5466162
5472745
5472911
5475133
5475897
5478790
5481443
5483769
5484334
5485747
5489803
5490235
5497385
5499991
5501313
5501655
5501820
5507897
5511551
5522344
5524774
5529597
5531777
5535096
5538580
5545914
5548764
5554952
5556654
5558032
5560700
5571467
5574778
5589403
5590038
5590710
5594875
5596094
5601558
5603293
5606178
5612213
5612803
5615160
5615874
5616251
5616446
5616623
5617444
5618134
5620329
5620749
5621828
5624220
5625101
5633455
5637346
5638840
5639510
5641444
5641901
5649558
5649728
5650308
5651366
5653491
5658535
5663726
5665319
5665726
5667464
5673650
5681212
5683039
5692470
5692576
5694108
5696530
5702705
5704349
5705901
5707279
5708281
5710865
5712881
5713135
5721854
5726347
5735633
5735660
5738118
5738616
5738723
5739829
5744460
5744781
5748924
5749862
5756395
5756416
5756560
5759453
5761923
5764328
5765276
5768244
5770861
5772723
5774031
5776729
5779776
5785768
5796046
5799187
5801467
5803039
5809691
5810850
5810869
5814291
5818388
5832159
5838188
5838651
5845623
5850237
5866943
5873306
5875156
5880959
5882347
5883602
5888056
5888834
5890363
5891368
5893302
5895625
5900064
5900675
5902837
5903366
5904019
5905237
5909545
5917845
5922930
5927773
5928303
5929724
5930422
5938240
5942924
5948871
5959551
5960692
5962188
5963818
5965740
5966609
5967579
5968768
5972463
5973175
5976331
5977304
5979800
5982787
5984062
5984476
5996160
5997042
5997562
5998637
6001140
6002600
6005437
6013226
6016139
6016177
6021001
6023313
6026657
6026733
6026915
6028283
6031686
6042339
6043454
6044488
6045875
6047159
6047880
6049536
6057193
6065032
6071461
6072638
6076678
6079007
6081914
6082948
6090649
6099540
6100041
6100705
6100867
6105162
6110690
6112868
6112951
6115468
6117489
6120489
6121315
6128890
6129448
6136677
6139539
6140768
6142404
6143527
6146540
6147282
6147566
6148133
6149150
6149151
6158632
6160963
6163584
6164263
6165428
6165637
6166018
6166561
6177077
6180822
6180890
6185173
6192572
6194633
6203365
6207119
6207361
6212441
6213389
6214088
6215164
6215710
6215932
6217493
6220670
6222298
6223348
6223778
6224636
6226019
6227261
6227638
6229147
6231088
6231746
6235655
6237482
6237893
6238433
6239066
6242557
6247303
6254870
6256750
6257271
6257755
6258877
6259907
6264957
6269065
6272365
6273768
6276235
6280240
6281847
6282598
6282701
6287155
6290405
6291226
6294070
6297985
6304289
6307415
6308067
6308211
6310935
6317154
6319618
6330703
6336063
6346743
6351711
6355172
6358744
6363344
6367838
6372137
6372455
6375387
6379343
6379484
6379877
6380161
6383164
6383325
6386282
6388118
6389704
6396835
6408749
6415994
6420324
6421749
6424544
6425264
6427503
6432439
6436603
6439461
6448216
6448526
6454593
6455620
6456104
6464778
6470214
6471457
6474951
6487540
6489492
6491377
6493509
6495833
6496535
6501189
6503427
6514187
6514308
6515717
6517307
6522750
6526610
6527494
6527750
6530059
6534040
6534612
6540315
6550861
6551764
6552732
6552859
6560602
6564219
6566242
6577630
6579555
6583844
6585243
6589808
6592681
6595576
6596058
6596110
6600747
6603345
6603842
6616495
6623628
6623672
6624248
6628159
6629738
6633337
6641188
6655353
6655735
6662196
6663062
6668377
6669041
6670722
6671780
6674448
6674668
6685233
6704810
6709788
6710328
6721579
6727069
6727236
6727330
6727360
6733382
6734782
6736120
6736273
6736312
6741252
6745844
6746035
6746333
6762864
6763763
6764792
6766953
6767651
6768928
6770335
6770447
6772797
6775262
6775678
6784333
6789299
6792062
6797832
6799323
6804242
6806668
6813714
6820101
6821086
6823010
6826245
6838915
6846541
6847682
6849758
6852812
6855185
6859276
6866144
6869982
6872420
6872632
6877768
6880685
6881546
6882607
6886690
6887491
6889153
6890763
6891138
6892221
6892640
6897473
6901430
6901905
6902069
6902486
6903178
6905799
6906569
6907576
6910081
6912176
6913052
6913218
6919938
6920434
6923744
6923854
6925551
6928809
6929604
6933737
6941922
6942433
6943565
6944814
6945055
6952188
6952397
6958219
6959265
6963516
6964263
6964578
6969203
6970660
6973719
6973751
6974764
6976327
6977348
6982039
6988102
6990214
6995402
7004240
7004833
7005140
7005201
7005849
7009068
7010546
7010783
7012501
7012565
7017419
7017943
7018852
7020341
7022084
7026876
7028201
7031617
7032854
7038811
7040252
7043740
7046637
7051651
7052177
7053882
7056944
7069878
7072111
7074428
7087755
7087875
7092160
7093781
7096566
7097000
7100657
7106353
7110309
7110667
7111495
7117944
7120015
7122103
7122265
7128629
7131802
7135633
7142745
7145155
7146981
7148543
7151614
7152072
7154531
7154589
7155002
7159735
7163303
7163620
7170490
7173867
7175364
7178799
7182226
7186366
7189042
7197221
7197369
7203729
7207495
7212145
7213347
7214285
7215166
7223696
7226701
7229252
7229966
7234327
7236600
7240709
7241215
7243317
7249023
7254464
7265645
7270759
7275814
7280818
7289666
7289982
7290595
7290853
7292025
7292056
7295121
7299625
7299638
7299763
7301501
7301778
7302479
7305907
7308802
7312233
7315695
7322431
7329390
7334594
7336933
7340206
7342596
7344889
7345166
7345794
7347611
7352056
7358164
7360146
7363042
7364158
7367715
7373080
7375784
7377238
7380440
7380791
7381298
7385674
7386003
7386519
7388461
7391581
7396452
7397023
7397325
7399459
7410128
7411929
7416129
7418889
7431025
7432484
7440231
7443744
7450380
7450550
7453725
7453776
7456404
7457524
7460558
7464507
7464721
7472416
7472640
7474112
7476235
7478540
7479244
7479266
7480278
7487282
7489395
7492547
7496919
7496923
7502906
7505212
7505531
7506136
7509011
7509353
7510396
7512296
7513117
7516193
7517670
7520702
7524023
7526224
7528897
7528987
7529297
7530015
7533589
7535282
7535483
7537225
7551593
7553074
7558385
7560512
7566097
7582501
7584136
7592950
7593215
7604226
7607008
7611188
7618559
7623614
7626389
7627669
7627890
7629180
7632358
7635345
7636805
7639639
7640370
7641954
7660471
7663764
7671348
7672886
7674847
7675195
7675860
7678477
7681068
7681193
7686721
7688345
7688982
7689518
7691226
7692523
7695010
7696343
7699861
7701872
7702139
7703085
7706663
7708159
7709336
7709887
7711086
7716008
7716922
7718551
7718850
7721166
7725277
7727195
7728830
7731249
7731683
7732257
7740529
7742109
7746284
7755594
7760846
7766179
7766311
7773938
7776437
7779883
7781157
7781410
7781703
7787920
7794987
7795010
7803221
7803961
7809684
7818395
7818967
7824001
7824312
7826016
7828270
7830334
7832958
7837863
7839988
7854933
7860811
7863129
7864639
7865887
7878997
7879155
7880454
7880650
7884385
7887490
7888248
7894378
7899138
7903391
7908129
7909079
7912424
7913964
7916792
7919943
7922034
7922774
7928469
7928530
7930162
7930566
7932049
7935786
7936716
7937680
7938266
7941865
7942629
7944288
7947420
7949166
7957285
7961594
7964349
7965666
7965741
7966234
7974167
7980778
7981042
7981660
7982048
7994022
7995047
7996085
8000812
8006389
8007225
8011899
8013129
8013250
8013881
8016841
8017807
8026571
8027056
8027729
8029419
8029532
8031976
8037044
8037534
8040528
8045025
8050589
8054596
8056685
8057172
8057500
8058465
8063992
8065222
8069069
8071103
8076363
8078800
8081268
8089938
8097286
8099030
8100526
8101528
8106458
8108067
8109317
8109961
8115304
8116782
8116995
8117858
8128204
8129612
8138530
8150004
8160042
8163776
8164007
8165077
8170954
8171569
8171862
8185362
8186674
8188526
8191314
8192708
8194815
8201967
8202305
8204399
8207243
8208285
8212708
8214127
8215291
8216142
8217799
8219776
8234200
8234745
8235897
8240134
8240544
8240980
8248038
8251804
8256334
8263215
8266779
8267168
8270198
8270815
8271453
8274202
8276253
8278081
8278993
8281735
8283493
8288058
8290866
8291591
8293146
8293622
8295537
8298103
8301949
8302604
8307598
8309319
8310261
8310361
8311692
8316424
8324549
8327246
8327721
8330143
8333848
8334668
8348634
8352173
8352909
8354850
8355757
8357166
8360174
8360209
8362113
8363412
8364170
8364363
8369354
8371478
8371686
8371739
8372899
8374124
8377196
8387143
8400154
8400410
8401835
8413362
8420201
8421931
8422462
8424023
8434561
8438993
8439133
8446989
8448315
8453284
8458987
8462986
8463644
8465043
8465300
8469709
8477033
8481774
8489558
8492193
8498814
8501177
8501526
8509017
8513156
8513659
8515161
8519809
8521431
8522226
8522453
8523436
8532030
8536391
8537375
8537490
8546590
8547585
8550382
8551919
8557606
8562984
8564306
8568902
8572040
8572113
8574997
8575064
8577378
8579383
8585160
8588295
8589717
8591282
8593278
8595981
8598091
8601171
8603704
8605956
8614388
8616061
8623089
8623419
8625576
8636383
8638362
8638639
8639492
8647250
8651419
8654872
8659807
8662762
8664346
8684082
8684397
8690035
8690067
8690069
8690918
8695888
8696961
8697248
8697605
8706765
8706929
8711170
8711538
8714826
8717979
8727116
8732169
8735456
8736371
8736532
8736620
8737676
8738444
8741368
8745801
8746399
8750878
8752117
8756694
8759313
8766293
8766634
8768166
8776414
8777559
8778389
8780620
8791831
8795303
8798326
8799425
8799860
8800440
8801058
8801306
8802736
8814263
8814890
8821487
8821997
8823237
8832864
8834215
8834557
8835874
8836318
8836838
8842426
8842678
8848479
8848977
8851349
8854703
8855845
8873581
8876654
8877769
8883004
8886480
8887428
8891426
8892269
8896856
8896949
8897910
8901490
8904971
8905749
8909005
8912105
8912169
8917546
8923553
8924282
8929668
8935902
8940218
8943668
8945799
8947521
8948024
8960084
8966340
8967575
8968170
8970065
8970254
8971130
8972637
8974686
8975952
8979089
8988562
8992480
9005045
9009159
9014259
9014811
9015352
9023132
9029010
9029038
9030866
9033418
9036178
9039133
9040425
9047070
9048544
9051538
9055725
9058356
9058601
9060619
9065559
9069291
9073020
9076213
9081290
9081876
9089967
9091528
9096127
9099576
9104977
9106561
9115001
9115035
9116756
9122405
9125699
9129353
9132879
9141906
9147064
9152981
9156465
9156666
9159706
9172954
9178036
9178496
9182747
9183237
9193302
9195983
9196721
9198404
9198617
9203490
9203982
9204101
9206975
9207299
9207432
9207483
9213904
9215441
9219702
9234973
9235604
9238373
9242976
9260054
9260206
9262118
9264669
9266249
9268915
9275666
9278176
9278245
9279302
9281936
9283060
9290342
9297412
9304957
9305982
9310475
9318463
9318544
9326105
9328258
9332543
9338356
9340891
9342680
9343896
9345963
9346517
9350889
9363024
9363654
9364456
9367391
9370143
9372839
9373032
9374030
9375759
9375918
9391664
9393903
9394029
9400373
9403569
9409795
9410041
9414408
9416557
9417490
9419823
9423950
9424115
9426197
9428075
9429017
9429134
9429307
9429879
9431146
9436202
9436944
9437004
9442784
9442799
9448327
9449226
9450416
9450773
9455173
9455322
9455841
9457190
9462179
9464446
9473965
9477037
9479149
9481681
9489974
9490692
9490721
9491206
9491325
9494819
9504392
9507682
9507932
9511536
9514159
9516368
9520872
9521528
9524137
9535656
9538267
9538282
9539834
9553059
9555504
9558783
9560654
9566864
9569998
9581109
9583382
9583570
9585361
9590593
9591378
9592662
9594280
9596539
9597336
9602407
9607658
9613437
9621050
9624130
9625237
9627997
9628199
9630651
9634161
9636662
9639174
9639844
9642794
9645742
9645922
9648064
9648255
9651304
9651727
9652357
9652432
9656262
9657754
9659553
9659586
9667288
9676317
9676743
9686366
9686477
9687517
9689969
9691657
9692807
9698004
9702224
9706774
9712913
9716644
9717656
9720820
9724307
9737079
9738147
9739995
9741279
9746898
9747726
9749387
9749876
9751965
9754174
9759526
9762455
9762693
9764708
9769380
9770062
9770242
9776929
9777316
9777351
9780070
9784863
9786765
9789297
9792273
9793789
9796988
9801059
9814923
9819715
9824898
9836041
9837263
9837789
9838884
9839312
9848006
9848747
9852043
9852651
9853177
9854084
9857598
9860592
9866713
9868160
9869877
9873005
9874971
9881982
9885811
9888150
9897490
9900354
9901657
9907564
9911423
9912108
9914071
9915975
9918821
9921670
9926339
9928304
9928863
9934107
9934810
9939982
9943044
9943707
9952781
9955810
9956581
9957267
9957921
9957945
9962607
9963428
9966924
9968209
9969515
9971038
9980743
9982687
9989757
9992371
9993586
9998841
9999436
10001115
10001869
10006058
10012531
10014961
10015476
10015539
10016846
10025318
10034623
10037936
10041388
10041737
10041823
10044540
10046687
10047183
10048831
10051769
10055314
10056395
10057500
10058315
10061031
10062286
10063776
10068319
10072578
10072978
10087583
10089549
10091420
10095458
10097921
10098650
10099645
10100432
10104951
10105035
10109357
10112511
10114994
10123381
10125488
10125715
10126513
10126774
10134352
10134886
10135587
10136555
10137581
10140602
10141099
10142092
10143115
10146509
10146880
10151373
10152663
10152778
10157237
10159579
10162006
10162251
10165423
10166756
10168476
10172073
10186449
10186746
10189023
10189639
10191359
10196838
10199201
10199934
10201829
10202241
10202282
10203206
10205698
10208162
10209072
10212844
10215659
10219977
10220954
10222153
10231283
10232616
10232832
10238083
10243682
10244892
10246140
10248791
10252377
10253260
10262784
10264682
10267902
10268179
10268428
10270824
10271325
10274171
10274742
10277777
10279803
10280669
10286357
10286392
10287027
10299201
10301368
10303150
10303438
10307187
10310938
10311216
10312774
10317056
10318723
10318819
10320079
10321076
10325089
10338250
10340285
10340395
10341260
10341586
10347676
10350398
10350531
10352477
10353087
10354073
10354906
10355914
10357022
10360111
10360983
10361232
10362332
10363044
10368624
10370396
10376397
10381608
10385888
10389141
10392911
10395270
10396731
10397447
10402261
10406746
10410210
10411742
10412674
10414697
10414988
10418638
10420034
10420729
10425543
10425892
10434155
10439823
10443734
10450681
10451329
10452283
10455597
10457590
10458694
10459686
10463457
10464300
10474885
10479650
10484373
10487127
10490850
10494361
10494589
10496880
10497726
10509609
10513494
10517039
10530986
10536920
10542794
10544644
10545139
10546612
10547607
10551803
10551917
10554260
10562155
10570170
10573231
10576766
10577143
10579108
10585403
10586350
10586651
10588842
10593025
10594580
10594854
10600150
10603532
10603620
10606774
10611658
10612282
10613666
10615738
10619679
10619889
10620850
10620960
10622303
10623197
10623947
10624343
10625397
10626821
10630778
10633338
10633687
10636067
10636823
10638600
10640201
10641319
10644828
10646656
10658109
10658707
10659748
10660993
10662658
10664459
10664817
10666786
10668862
10671086
10673097
10676236
10684640
10688115
10689514
10689865
10691488
10694882
10697024
10697850
10700144
10709079
10710825
10715960
10724032
10726396
10728592
10728750
10730300
10736098
10737818
10744842
10749087
10751829
10752321
10752379
10753834
10754217
10756430
10759097
10759683
10761721
10762539
10763290
10764988
10767395
10772065
10773403
10775063
10779597
10779931
10787632
10788892
10790793
10793495
10796941
10805767
10810898
10812554
10813123
10814155
10819662
10825815
10825855
10827316
10828935
10831570
10832444
10832504
10840164
10843056
10843514
10848889
10850237
10852689
10854255
10858721
10860958
10875698
10880765
10884855
10888387
10891154
10897123
10900133
10900807
10903384
10903634
10903827
10904373
10906784
10908816
10917189
10918649
10926074
10926236
10927999
10928754
10928835
10929495
10931658
10933393
10935434
10938615
10938875
10940391
10944411
10945612
10945895
10948787
10950771
10952841
10953601
10964359
10968790
10974420
10974458
10984038
10986627
10989361
10990026
10991338
10992787
10993224
11000509
11007721
11010465
11013934
11013966
11015495
11015937
11022610
11024525
11025246
11026562
11028519
11030414
11031131
11036542
11036914
11040020
11043563
11049290
11050481
11051538
11053917
11054417
11054433
11055817
11059934
11066952
11069505
11070889
11071844
11073678
11074205
11076587
11079884
11087002
11095977
11100885
11101572
11102249
11112645
11115073
11115395
11115634
11121454
11123003
11123078
11128452
11134251
11134821
11134898
11135432
11135445
11139628
11155551
11161473
11164228
11166224
11168467
11169930
11173298
11174680
11178096
11178327
11180025
11180578
11182390
11183360
11193317
11193719
11200363
11202696
11203308
11206271
11206291
11207872
11210853
11211591
11215924
11217469
11220832
11220997
11221785
11223598
11229479
11235465
11236649
11238642
11238929
11243315
11243593
11248422
11253348
11260406
11262623
11262667
11272517
11274748
11277377
11283749
11286771
11289121
11297559
11299049
11315813
11317451
11322269
11324815
11325497
11326378
11329156
11331595
11331711
11332096
11334575
11340381
11347216
11347542
11348707
11349964
11352919
11353708
11358109
11358972
11359647
11359724
11360086
11360530
11367227
11372481
11373813
11374953
11375608
11380022
11381753
11382684
11384381
11385425
11385487
11385516
11386887
11387509
11387745
11390408
11392404
11397187
11402281
11402890
11405157
11408332
11411199
11412234
11415226
11415994
11417316
11417611
11417998
11418276
11419729
11420786
11421396
11429027
11429069
11430982
11431528
11432106
11434535
11440105
11454625
11454814
11457598
11459161
11460228
11460592
11460799
11467117
11469578
11471842
11474383
11478249
11482407
11488751
11491291
11492184
11494197
11494345
11495505
11501237
11501292
11505745
11506628
11510419
11510639
11512452
11514697
11518319
11519638
11521179
11523410
11523622
11530403
11530613
11531009
11531349
11532352
11532359
11537806
11541314
11551703
11558329
11573158
11573724
11573742
11575882
11576822
11583789
11590667
11597259
11604314
11604672
11619048
11619537
11620316
11621244
11621899
11625608
11630088
11630374
11631744
11643839
11643996
11649035
11655293
11661937
11668320
11669548
11674110
11675223
11677915
11683278
11687767
11692918
11696262
11696827
11700952
11705884
11707320
11707448
11710717
11714531
11716624
11718227
11720514
11722277
11724270
11726197
11728065
11734368
11736174
11739558
11739699
11747026
11748475
11751129
11757421
11758658
11759061
11760481
11764640
11775147
11780183
11784421
11785797
11788164
11795207
11797541
11799497
11800798
11801051
11806173
11806864
11809226
11809486
11813837
11820004
11822760
11826490
11834109
11834424
11834660
11841201
11841294
11841847
11845969
11847033
11850293
11851838
11854251
11857869
11863825
11866458
11868691
11869175
11869877
11873560
11877247
11878891
11883918
11890124
11899671
11901105
11902439
11908479
11909108
11912024
11913050
11913224
11921162
11922636
11922719
11923108
11925432
11928570
11928830
11929580
11933474
11934206
11937505
11938781
11939292
11939650
11940657
11946621
11950222
11968431
11976654
11978721
11983165
11983997
11984869
11989248
11992264
11992743
11994604
11994937
11995047
11997217
12003169
12005737
12006661
12010370
12010612
12018191
12019273
12022490
12022586
12029223
12030391
12038801
12042469
12049679
12050180
12057520
12058783
12059078
12059834
12062460
12069251
12069489
12074888
12077759
12078191
12083431
12093161
12102838
12104416
12107896
12120179
12120385
12123388
12125937
12126902
12130886
12132211
12139588
12140156
12157124
12158998
12160722
12166511
12170025
12170490
12171281
12175696
12179042
12181622
12181835
12185331
12185867
12189399
12195243
12198313
12199554
12200828
12203644
12207489
12214213
12214626
12216032
12216758
12221568
12231173
12233421
12234072
12235400
12237680
12238900
12243644
12243939
12246578
12248928
12249546
12251677
12253803
12254299
12256598
12267217
12271157
12271620
12285276
12286989
12287964
12291401
12299687
12299833
12300378
12301833
12302821
12310047
12314103
12316222
12316562
12319198
12325634
12327258
12330369
12332061
12334718
12336950
12343896
12345306
12347467
12356459
12360734
12363581
12366395
12368975
12373079
12374534
12375094
12375232
12381550
12384299
12386375
12387020
12387181
12396730
12401702
12401930
12403939
12409105
12410871
12411881
12415916
12418759
12420667
12421561
12422058
12433852
12437909
12438981
12441597
12445071
12448698
12452784
12456157
12456742
12461236
12462475
12468143
12468180
12474569
12479063
12483616
12486167
12504305
12510569
12511545
12516198
12517583
12521530
12521580
12522312
12523842
12524309
12529349
12537700
12547839
12549831
12552957
12563612
12564182
12567611
12571873
12574458
12576835
12579077
12583082
12585475
12585615
12585964
12586382
12586571
12586879
12587245
12588125
12588970
12594214
12597542
12597756
12598335
12599419
12600449
12601667
12604346
12604669
12605407
12606734
12612937
12613998
12616179
12617548
12620549
12621046
12622492
12623128
12637846
12641182
12642502
12664285
12666000
12666660
12668607
12672434
12674034
12679129
12682048
12689057
12694459
12694498
12695280
12700558
12701587
12703419
12705591
12709473
12711235
12717080
12721072
12722258
12725044
12725901
12731140
12731770
12733602
12736203
12736907
12744836
12755700
12756453
12756899
12759826
12765009
12766461
12766793
12772512
12773098
12773192
12774557
12777540
12785145
12785172
12785333
12787522
12789674
12791373
12802080
12811326
12814804
12816445
12817240
12819731
12820149
12823191
12824425
12829070
12833030
12835398
12838396
12839548
12841461
12847315
12855115
12858829
12862896
12866018
12869183
12879423
12881693
12892668
12894867
12894922
12901492
12901828
12902909
12906402
12906717
12910282
12914844
12920431
12934952
12940740
12943683
12949481
12951722
12962566
12963368
12964485
12972198
12983479
12983883
12986228
12987512
12992077
12994000
12998039
12998842
13000156
13004939
13012910
13016380
13017476
13022352
13022444
13023768
13030650
13034746
13035953
13037067
13038637
13040280
13043428
13047674
13059024
13065666
13066710
13067774
13070579
13077368
13080783
13080982
13086030
13086911
13087709
13093525
13093577
13097318
13097648
13099046
13104635
13109676
13111282
13112912
13114043
13114169
13119276
13128976
13138684
13141620
13145174
13151629
13151862
13154943
13155309
13156334
13165925
13167266
13168771
13175603
13179549
13180740
13183973
13186511
13187352
13189546
13191408
13193458
13193581
13194951
13200364
13200439
13202682
13205304
13222397
13225740
13229462
13230585
13232095
13236088
13239356
13239687
13241124
13244247
13246163
13246938
13248646
13249687
13250875
13253102
13254819
13258318
13268451
13269314
13275968
13277913
13279664
13280294
13281029
13281327
13286111
13288354
13291823
13293133
13293283
13297893
13302783
13303201
13305208
13306827
13307146
13314543
13321098
13326070
13332134
13332162
13332543
13336622
13341325
13343261
13354137
13366695
13375169
13376582
13382077
13383255
13383941
13387663
13388123
13388166
13390943
13401976
13405351
13408024
13409057
13409252
13410007
13410103
13410936
13415135
13420965
13421108
13423544
13431372
13433434
13440367
13440567
13448782
13449410
13449483
13450054
13455424
13457650
13458828
13459058
13459405
13460359
13462581
13469356
13472257
13477290
13487741
13488042
13494682
13496330
13504524
13505701
13507199
13507288
13516442
13517396
13517804
13520848
13521688
13525784
13527900
13529309
13530183
13541707
13543134
13547996
13548695
13549817
13554165
13561153
13567684
13568576
13574443
13578759
13584230
13587324
13591455
13593789
13594077
13595204
13599525
13605361
13606098
13611843
13611846
13613263
13614120
13615080
13617059
13618053
13620948
13635144
13636391
13637415
13638564
13638688
13639124
13643624
13645790
13648202
13649055
13653291
13654463
13657693
13660224
13663037
13663181
13663211
13677585
13679445
13685543
13690820
13693109
13699827
13700230
13701859
13703538
13706322
13709410
13711547
13714697
13717398
13730149
13739541
13745191
13751273
13751974
13758667
13764558
13765107
13768131
13773580
13773810
13776772
13783253
13786690
13787465
13789031
13789864
13794903
13802876
13803144
13806311
13810719
13811944
13812821
13815131
13822484
13825355
13826786
13828738
13829487
13830443
13831239
13837477
13849322
13850741
13854177
13856567
13857206
13859038
13859137
13860023
13867137
13874345
13874905
13874918
13876882
13879435
13883059
13885491
13886541
13893718
13893976
13904921
13906122
13908266
13910751
13915177
13916106
13920927
13922291
13924128
13924195
13928267
13928928
13937785
13938189
13943033
13946196
13948609
13951245
13956598
13960303
13961147
13966204
13966840
13972281
13976388
13979853
13984602
13985727
13986092
13986349
13988205
13988561
13992863
13994433
13997097
13998734
13999309
14000566
14003049
14004464
14005660
14012340
14015624
14015987
14018189
14018533
14019745
14020118
14020561
14020903
14046150
14047535
14051816
14055948
14060063
14065336
14066409
14066661
14067144
14082311
14090308
14090486
14091010
14098644
14098706
14099595
14102347
14110161
14114389
14116912
14121217
14125126
14126073
14127717
14131182
14131898
14132342
14142631
14148126
14149361
14149784
14153180
14155663
14157365
14157494
14162966
14171203
14178716
14180223
14182635
14187759
14190436
14190466
14193549
14195039
14195339
14199184
14199313
14201969
14206425
14210817
14212135
14212502
14217937
14224211
14226175
14227321
14228692
14228877
14230508
14231233
14232035
14234434
14238171
14252552
14254260
14256180
14263036
14268998
14278538
14278600
14279937
14288111
14288846
14289687
14291132
14295992
14301412
14301521
14306937
14318895
14320849
14323372
14325433
14327055
14330373
14342925
14345768
14351118
14357951
14360460
14362614
14362694
14366627
14367542
14368900
14372393
14379416
14381099
14381762
14382899
14385851
14388619
14389738
14392408
14396915
14400529
14401152
14401201
14401571
14412179
14413036
14414019
14419044
14419549
14422262
14423196
14432165
14432629
14435961
14436757
14436875
14441677
14443262
14449640
14453079
14455295
14457403
14459830
14461376
14480242
14482375
14483818
14485984
14486590
14488266
14492171
14496049
14497762
14501005
14501051
14501696
14504205
14508634
14508979
14521359
14523623
14526884
14527226
14529431
14532285
14533928
14537212
14540290
14547415
14552186
14554563
14554868
14555093
14555286
14556879
14561457
14562150
14566155
14566822
14568110
14571439
14574521
14583564
14588177
14592312
14595638
14596053
14596959
14609967
14612656
14615645
14616477
14625635
14626066
14626276
14629648
14630107
14633313
14636697
14638166
14639180
14640802
14640959
14642982
14644731
14644863
14645533
14656789
14656943
14657638
14660520
14662848
14671100
14672610
14673220
14673673
14674149
14680100
14683152
14689908
14690840
14690895
14696965
14697583
14706989
14710510
14710934
14711301
14713606
14713878
14714478
14718917
14726285
14730435
14737678
14744652
14745794
14752227
14753213
14755089
14777083
14780416
14782081
14785469
14787289
14793029
14793142
14795369
14799515
14806491
14806688
14806806
14810177
14813880
14814024
14816395
14817642
14819847
14823724
14824012
14824357
14824870
14825880
14829005
14832999
14839820
14843770
14845789
14853974
14854572
14863851
14873599
14876094
14880147
14880265
14888858
14896553
14908154
14922455
14924602
14927871
14936520
14938813
14939091
14939831
14942632
14944029
14945590
14946177
14949471
14952728
14954260
14959274
14960731
14961233
14977155
14978158
14984245
14986280
14989724
14996576
14998519
15001838
15005292
15005677
15009270
15009850
15013353
15022566
15032590
15036296
15037392
15039565
15040996
15044874
15051126
15053700
15054504
15056323
15059399
15060367
15061628
15061706
15062301
15063414
15069243
15070107
15070942
15071077
15072903
15078724
15080142
15087542
15091803
15098013
15099744
15101523
15102923
15103654
15110289
15110508
15111409
15112586
15114553
15115247
15115342
15122716
15124771
15127502
15127931
15128761
15132580
15134567
15135916
15140551
15141950
15146397
15147008
15148933
15151180
15156147
15157555
15162042
15162364
15164126
15168591
15170559
15173108
15174303
15175692
15175735
15176461
15176540
15177597
15181382
15183852
15186332
15190125
15191820
15199144
15202154
15205602
15205891
15206600
15208678
15210779
15212188
15216609
15217211
15221490
15223022
15228188
15234598
15235516
15237447
15241993
15244112
15247128
15249632
15253433
15255759
15259970
15264624
15268224
15272297
15275346
15281113
15292198
15294822
15302226
15303016
15305328
15305785
15309846
15315508
15316614
15319691
15319733
15321309
15322212
15322342
15331002
15333147
15334113
15334704
15334752
15336174
15338061
15343060
15347148
15350451
15352962
15366138
15368081
15369290
15373394
15380006
15383129
15384441
15387520
15389188
15392987
15393529
15393712
15394103
15400182
15400993
15404714
15406611
15410336
15415709
15416021
15416431
15417368
15420236
15423095
15423269
15425050
15425625
15425810
15428097
15436118
15444780
15450382
15458872
15459003
15460729
15460795
15465278
15470082
15471447
15471585
15477838
15479076
15484640
15487654
15490528
15491369
15499897
15506885
15510604
15512208
15515989
15518472
15521197
15525530
15529428
15531033
15532829
15549378
15561475
15563272
15565391
15573410
15575083
15578976
15584749
15584823
15585177
15585694
15585863
15588256
15589203
15589393
15589841
15590677
15591589
15593401
15595068
15596180
15596484
15598896
15604844
15607398
15607930
15609527
15609590
15612952
15613012
15613940
15617066
15631269
15634253
15640438
15643156
15649969
15656074
15656408
15665293
15666380
15666836
15675873
15678857
15679224
15679259
15680008
15685997
15686073
15688117
15688490
15688801
15689702
15697590
15697829
15705969
15707157
15707565
15710884
15711403
15714133
15714496
15716037
15718589
15719560
15723595
15729657
15729920
15733192
15735028
15735222
15736472
15737650
15737790
15740993
15741591
15742696
15746239
15752147
15752474
15756196
15761765
15761882
15764678
15770703
15774320
15779125
15782645
15787256
15787357
15789814
15792099
15792544
15794660
15795196
15798161
15798367
15801153
15804677
15806862
15808668
15813536
15817573
15819388
15830215
15830425
15830771
15842157
15846029
15849711
15850136
15853091
15853852
15863467
15863520
15864121
15869018
15872072
15872139
15873567
15875443
15876546
15877290
15882665
15883928
15885959
15886753
15887833
15887863
15888860
15891221
15895635
15898434
15899889
15901490
15902763
15906225
15908382
15912789
15922205
15925064
15930275
15933400
15936299
15941460
15952371
15952452
15955009
15955204
15959942
15964431
15967148
15968360
15968391
15970482
15972299
15972444
15974204
15982634
15983865
15984076
15993155
15993335
15995153
15999884
16005329
16012623
16015543
16016533
16018681
16028229
16032980
16035342
16036260
16050076
16050729
16052306
16053473
16055929
16056210
16071260
16073992
16075307
16076524
16078509
16078554
16083876
16091563
16109494
16109836
16111955
16113235
16116734
16119369
16119502
16120197
16120585
16129715
16132647
16138219
16139276
16145501
16149546
16159297
16162433
16162829
16164196
16172428
16172855
16183206
16189299
16193184
16193806
16194378
16198090
16201730
16202819
16209564
16210770
16211960
16216495
16220202
16221800
16222682
16223611
16227444
16235188
16238426
16239703
16239745
16242741
16244470
16245326
16245483
16245489
16258929
16261383
16265290
16265896
16270539
16272785
16276261
16277510
16278780
16281877
16286682
16288641
16298715
16301322
16302708
16302741
16304319
16304508
16306690
16307297
16320212
16325569
16325787
16328538
16331807
16336610
16337410
16337639
16339052
16339650
16340932
16354541
16363188
16363871
16365209
16366625
16368106
16379955
16392514
16395420
16395577
16396249
16402895
16403407
16404739
16407119
16409841
16409984
16410653
16415902
16416030
16417525
16424863
16431212
16436207
16436980
16437709
16441124
16444098
16447112
16452116
16453281
16455781
16461429
16461548
16466195
16474256
16483218
16483463
16483799
16490596
16490613
16492619
16494317
16503515
16505217
16511713
16511770
16512041
16513149
16513180
16520332
16521616
16522180
16522555
16528536
16529577
16531036
16536129
16541049
16543572
16545888
16546347
16557011
16557405
16559195
16566456
16575454
16576006
16577401
16584116
16586649
16591714
16593037
16594191
16609022
16609813
16609962
16612398
16627430
16628465
16629884
16636672
16638294
16638919
16647035
16647930
16649158
16652343
16652611
16655332
16655570
16657845
16658055
16662877
16663127
16664113
16666408
16666811
16668912
16669759
16669966
16672889
16673609
16674464
16674648
16675619
16675825
16677449
16683390
16692284
16693229
16696783
16697781
16698473
16698753
16698985
16701632
16703607
16709885
16710082
16714065
16714393
16714811
16715585
16716150
16716984
16718933
16719230
16719368
16719626
16721038
16725563
16726793
16727066
16734950
16736556
16736964
16737745
16737831
16748122
16749859
16752898
16754563
16757990
16762040
16763459
16777765
16780897
16781451
16783880
16791974
16793210
16795119
16796794
16801553
16803036
16807832
16810495
16811372
16818235
16822054
16823668
16826481
16836332
16837781
16845034
16851436
16866987
16867360
16867990
16874461
16876478
16878570
16880873
16886575
16886662
16890552
16896215
16898363
16904985
16905659
16910157
16910901
16921695
16926183
16926884
16932945
16935279
16938894
16940373
16946173
16950655
16950767
16951797
16960661
16974771
16975339
16975421
16987727
16987792
16989629
16993267
16996500
16999765
17000777
17006989
17007206
17012322
17012790
17012891
17013173
17013361
17016505
17019824
17028878
17039179
17047863
17049762
17055255
17056187
17056738
17059662
17062342
17067034
17070169
17070922
17081444
17082240
17083612
17083973
17088484
17096496
17102192
17106571
17108236
17109124
17109459
17113470
17114181
17122807
17125019
17128844
17134111
17135515
17135841
17136952
17137757
17139032
17141218
17141348
17142039
17143983
17144734
17145203
17147346
17151843
17152147
17152872
17152941
17154270
17159819
17165261
17172308
17173751
17175059
17176807
17179747
17180492
17182845
17185400
17185742
17191466
17193164
17206937
17210418
17214443
17215456
17218540
17223616
17225866
17226168
17229274
17232529
17234022
17235669
17237481
17239512
17242808
17243295
17244126
17244707
17244822
17246226
17247423
17257324
17257357
17259144
17261340
17263838
17272061
17276076
17296647
17297700
17301800
17301871
17303155
17303766
17307863
17308125
17308566
17312704
17313102
17316073
17317016
17317948
17320617
17320900
17321199
17323862
17334487
17338793
17340916
17342038
17344145
17344215
17345655
17353711
17357667
17358011
17366357
17367040
17369063
17383576
17389045
17389886
17391293
17393220
17395645
17401336
17401919
17402499
17405192
17408097
17411010
17416359
17417536
17419632
17419823
17424155
17424651
17425802
17430149
17432569
17433568
17437208
17441321
17442608
17442847
17443148
17444917
17445681
17450660
17454682
17455046
17456136
17456702
17457059
17457076
17461802
17463085
17463184
17465067
17467289
17471529
17476113
17481727
17482010
17483576
17484889
17485024
17486775
17487504
17488379
17490056
17490677
17494777
17496985
17500263
17500943
17507087
17512185
17513674
17515269
17516206
17520276
17522081
17527269
17528087
17528185
17531474
17532041
17535791
17536692
17537061
17538020
17544822
17546497
17552642
17553564
17554022
17554053
17559129
17560020
17566622
17581650
17582634
17585091
17587958
17591335
17594168
17595766
17596844
17600482
17602847
17604571
17607401
17617820
17630312
17631192
17642341
17645974
17646197
17646650
17649062
17654581
17656037
17660975
17662118
17662434
17665174
17667448
17671155
17671717
17672618
17678545
17678686
17679290
17689161
17689920
17696596
17701105
17701868
17705118
17706077
17708432
17711036
17715302
17725249
17727943
17733097
17733972
17735678
17741444
17749384
17752479
17752537
17755865
17756545
17758686
17759281
17761453
17767870
17771376
17776778
17780784
17792985
17794126
17794943
17796714
17797339
17804650
17814895
17815151
17816646
17820575
17827483
17830613
17832009
17834260
17834809
17836513
17837548
17838279
17839305
17842925
17848252
17852530
17854982
17855196
17858565
17862418
17875324
17876127
17877357
17878809
17878966
17880942
17881740
17884682
17885360
17887083
17887399
17889664
17890469
17892787
17900218
17900800
17900973
17903876
17905734
17909994
17911366
17912828
17924441
17928494
17929626
17930192
17931698
17938060
17938532
17940737
17941251
17942865
17952479
17964171
17965449
17974938
17981921
17982866
17986371
17997538
18004831
18006734
18007066
18018948
18019975
18023631
18024962
18026585
18029644
18032107
18033756
18042957
18045394
18045533
18045593
18047579
18051222
18053919
18058139
18064859
18068372
18080904
18081701
18085761
18089388
18092140
18094473
18095324
18100043
18107084
18111680
18113450
18116317
18121868
18122679
18126565
18127632
18128447
18137111
18139077
18139364
18139647
18143879
18146334
18146924
18153101
18157933
18158623
18163233
18186610
18186914
18189027
18189763
18191075
18193296
18195525
18197287
18201721
18203607
18209053
18213219
18214233
18214422
18214981
18217181
18217749
18219446
18221055
18221461
18222385
18222481
18222670
18224758
18230959
18234264
18236261
18240888
18241628
18251148
18251314
18256513
18262573
18264689
18272762
18278085
18280937
18295439
18298690
18303587
18303901
18308059
18317550
18323078
18324068
18327939
18329033
18329355
18332060
18336041
18338464
18339150
18341434
18343382
18348200
18356443
18356471
18356976
18358352
18361763
18364142
18371020
18376504
18379830
18388780
18390669
18390751
18393367
18396360
18397207
18397723
18399367
18400260
18406548
18409838
18413425
18418383
18423257
18424092
18426085
18429301
18429918
18430782
18432644
18434175
18438152
18442286
18453495
18455976
18459755
18463014
18463557
18464151
18464668
18466198
18469959
18469995
18473799
18475052
18475417
18477421
18477710
18483146
18484881
18486126
18487111
18489761
18490380
18492299
18493437
18495334
18501493
18506052
18507452
18508921
18510355
18517517
18529831
18530715
18532250
18533730
18534456
18536639
18544483
18547984
18549037
18551678
18557105
18561139
18563603
18564470
18567838
18572369
18580112
18582082
18583688
18586678
18589348
18599952
18601468
18601619
18605827
18608221
18608537
18611875
18615409
18615561
18616570
18619926
18621092
18621318
18633472
18635259
18635931
18636140
18636979
18640322
18641610
18644015
18646065
18655054
18658944
18663777
18663810
18667540
18670276
18674325
18675052
18676811
18681768
18681825
18682614
18683297
18686843
18689681
18689760
18696392
18696463
18697834
18699729
18702518
18704360
18705459
18710314
18713420
18716094
18723961
18724760
18730243
18730702
18732774
18734795
18735437
18738559
18739615
18740202
18740969
18741343
18743778
18747833
18753110
18753413
18755403
18758421
18758550
18766317
18768332
18769186
18769417
18771081
18775602
18777287
18778507
18779855
18780857
18782375
18782883
18786628
18788338
18790978
18792067
18792884
18793568
18799302
18799320
18804610
18806108
18812359
18813429
18819807
18821608
18824202
18824597
18828463
18831629
18835064
18843667
18848650
18857788
18858022
18862548
18865802
18873274
18883014
18884608
18899587
18901573
18901842
18903668
18911305
18913204
18915822
18920594
18922717
18925383
18930719
18931083
18932954
18934145
18934934
18940748
18941514
18941963
18942279
18942655
18948831
18949707
18952713
18953610
18955653
18956509
18960861
18964472
18968960
18970573
18971606
18978378
18978774
18982525
18984320
18989012
18989707
18994492
18995861
19007793
19010555
19015284
19019531
19021969
19022078
19023226
19023477
19034981
19039316
19041197
19045483
19054324
19054406
19054572
19062714
19066970
19067966
19071287
19079575
19080397
19081221
19089698
19090691
19091054
19092654
19098316
19098520
19104654
19106454
19109244
19114633
19125440
19127140
19130216
19133478
19134991
19135139
19139168
19141284
19143955
19146674
19149837
19150820
19154836
19156774
19157128
19158525
19159112
19159980
19160617
19168588
19172590
19178174
19184131
19189346
19195903
19199991
19201109
19204364
19214422
19214728
19217151
19218150
19221508
19222451
19224856
19228874
19229750
19230201
19230340
19237206
19238621
19245782
19246709
19256199
19258745
19260428
19269863
19274182
19276268
19278976
19280170
19295144
19296282
19297837
19298567
19301763
19305623
19315736
19317697
19319068
19332841
19338773
19341184
19345326
19345416
19347061
19350805
19357624
19359109
19360130
19362157
19362740
19369378
19370410
19371172
19371512
19372477
19377489
19382902
19398145
19400077
19402457
19405772
19408617
19414086
19417430
19418528
19419496
19420729
19422460
19424993
19429867
19432676
19436491
19436877
19437498
19437711
19441155
19442878
19444076
19445141
19447862
19448646
19449075
19451332
19455736
19455854
19456805
19463015
19474185
19479555
19482838
19482942
19486151
19487771
19488005
19490708
19490877
19498928
19499596
19503842
19505034
19505822
19507143
19511225
19514727
19515883
19518518
19520889
19526932
19529163
19539564
19539621
19539842
19541192
19552093
19554760
19555890
19557984
19559675
19562959
19565784
19566263
19571271
19573710
19575092
19576797
19579435
19579790
19583516
19584560
19585540
19588381
19593809
19598431
19600356
19602850
19610449
19611732
19615004
19617798
19618630
19621154
19629617
19633707
19635343
19637735
19639587
19640082
19643804
19644969
19645630
19646333
19655621
19656646
19659671
19662409
19662766
19663147
19667953
19671595
19676768
19678625
19679263
19690275
19691109
19694752
19699121
19700594
19701847
19709419
19721359
19723757
19724158
19725107
19726378
19727497
19728478
19731044
19733236
19736457
19738045
19739602
19742995
19743617
19746291
19749790
19749942
19752815
19761230
19773240
19776261
19778809
19781552
19783880
19793898
19794454
19795213
19796282
19796406
19799260
19799584
19805456
19810549
19814080
19816544
19821479
19824838
19826746
19826800
19833157
19835037
19841897
19843374
19844852
19846314
19849678
19851736
19853320
19857274
19861043
19861582
19868892
19881689
19887626
19893215
19893350
19899701
19899732
19900341
19912652
19914113
19917352
19918193
19919531
19928332
19933737
19934502
19935226
19936621
19940688
19952291
19952450
19957400
19957922
19965135
19965965
19968944
19970895
19977590
19978971
19981105
19981350
19985107
19996810
20000382
20000550
20000926
20001885
20004565
20010138
20014255
20015819
20017778
20019154
20031477
20032457
20033545
20033612
20037161
20037641
20040280
20045082
20062412
20064579
20067341
20067879
20070528
20072365
20072732
20074416
20076357
20079190
20080343
20082484
20088819
20091447
20092933
20096483
20108173
20108680
20109862
20111081
20112368
20113989
20118820
20119438
20120206
20121649
20127956
20133097
20134606
20140701
20142379
20145128
20145320
20146022
20146787
20148682
20150190
20151432
20152105
20154404
20155238
20169019
20172939
20173041
20173288
20174024
20176626
20185573
20188542
20188925
20189825
20193954
20194084
20197113
20198984
20202247
20202454
20206944
20208471
20213669
20225231
20227302
20231179
20233221
20234177
20235595
20235698
20236394
20236528
20236625
20239309
20239613
20240622
20247258
20257375
20257606
20266225
20266320
20269460
20269957
20271550
20275533
20276994
20282122
20283968
20284189
20284651
20284707
20286797
20287515
20287879
20290096
20290597
20290670
20293075
20297865
20301872
20303357
20307439
20307579
20310341
20310734
20311186
20315778
20323730
20326350
20326883
20329004
20330057
20331998
20333670
20338293
20339591
20343726
20348215
20351717
20353681
20353912
20355673
20364256
20374453
20377913
20378717
20379780
20389981
20392816
20396414
20400033
20402392
20403619
20405598
20405855
20413248
20419115
20422674
20423489
20423574
20425183
20428274
20436684
20437261
20437365
20437776
20438153
20439503
20443892
20445367
20446998
20447318
20447831
20450962
20451312
20452388
20452659
20454801
20456221
20458523
20461796
20467485
20468641
20471905
20474184
20476135
20476291
20478022
20479880
20481153
20482640
20485182
20492644
20500805
20501664
20504090
20506389
20509749
20514328
20515013
20517848
20521185
20529083
20531385
20532215
20533270
20537299
20538381
20539651
20543858
20550746
20552846
20561211
20564340
20568813
20572022
20572441
20579369
20583282
20585073
20588221
20589305
20592764
20593576
20597439
20599213
20603094
20604361
20611292
20614005
20614974
20620003
20620210
20622813
20626513
20627981
20628453
20629272
20632481
20633483
20633649
20634052
20637867
20641265
20644796
20646414
20649235
20650571
20651063
20654526
20663489
20663764
20664920
20666536
20666566
20671223
20671289
20673624
20674716
20684865
20685764
20686740
20688194
20694131
20696036
20698752
20699894
20704847
20705440
20714685
20719466
20719835
20719854
20720089
20728051
20728288
20734985
20740626
20744854
20747696
20753690
20754152
20757258
20757918
20758482
20759742
20761159
20774492
20777470
20784057
20792486
20794858
20799025
20799748
20801717
20806854
20808789
20811034
20812079
20815449
20821212
20829209
20832153
20832958
20841764
20848524
20850590
20865339
20868596
20872813
20875717
20875939
20877132
20879322
20883337
20887052
20887231
20888627
20888712
20893215
20894015
20898189
20899377
20901955
20903842
20908932
20912759
20915734
20920268
20920665
20921950
20929100
20932461
20933604
20937594
20938350
20941198
20942899
20948259
20956920
20957881
20965849
20968540
20974419
20984175
20986114
20986938
20988237
20997532
20998138
20998789
20999481
21008103
21011631
21016669
21027341
21027828
21029235
21032817
21034674
21039458
21045283
21049451
21050778
21056355
21057151
21057497
21061100
21061882
21063762
21066878
21066984
21067786
21069180
21069247
21074149
21075019
21085289
21087456
21088350
21089146
21089923
21093099
21093601
21094826
21095464
21097231
21097344
21102821
21105673
21105967
21107299
21112578
21117060
21118562
21118787
21127911
21129863
21135618
21135832
21135883
21136734
21145888
21146270
21148187
21152272
21154866
21155117
21155357
21156955
21157743
21168308
21170503
21171283
21171607
21174871
21176337
21184259
21186937
21191455
21195232
21195628
21197327
21199409
21200411
21201437
21206745
21213655
21213752
21215123
21217784
21220662
21224343
21226973
21227742
21228061
21228699
21228899
21233507
21233550
21247273
21247793
21249739
21256830
21258784
21260924
21264168
21264275
21269494
21272296
21273211
21273811
21276392
21276619
21276660
21292754
21303601
21304045
21306006
21309450
21319925
21327352
21328000
21330964
21336418
21336981
21337529
21340238
21340545
21342687
21355272
21356914
21360191
21365225
21365240
21366648
21370102
21371323
21373695
21374459
21374766
21378479
21381186
21390927
21392650
21395417
21397044
21398276
21400855
21402604
21404628
21410738
21419600
21420242
21420878
21421193
21423826
21428271
21429269
21431709
21433330
21441223
21444557
21450886
21452161
21463869
21463888
21479668
21480318
21481048
21481545
21484957
21490238
21491074
21491156
21493491
21495561
21496407
21500537
21508514
21508693
21512212
21514257
21518896
21520615
21524027
21525361
21526074
21526808
21528406
21529119
21529210
21529630
21531882
21532911
21533175
21534473
21541523
21545728
21546837
21547615
21547796
21554082
21558970
21563430
21567320
21575912
21577950
21579823
21581573
21593248
21597585
21603624
21606306
21607161
21619830
21621968
21625964
21626289
21629881
21631275
21635487
21636383
21639139
21646488
21650634
21652599
21653710
21653932
21654396
21655193
21660362
21662580
21664389
21667448
21674464
21676809
21681536
21681792
21683725
21689593
21690431
21691482
21694577
21695268
21704964
21708600
21709339
21709443
21715207
21723601
21724902
21733099
21735207
21735808
21739170
21743035
21743122
21743333
21747301
21751018
21755598
21758076
21758392
21760824
21762597
21767457
21770724
21774476
21777186
21778665
21784399
21788679
21789768
21791468
21791590
21799997
21802791
21803403
21808223
21809291
21813451
21814099
21814218
21821594
21823892
21829164
21832294
21833832
21838479
21838654
21842973
21844703
21848531
21851038
21853606
21857067
21862826
21865713
21868416
21868952
21869791
21874611
21882489
21883794
21888813
21890001
21898074
21908689
21909044
21912671
21912673
21919232
21920837
21920951
21932438
21935160
21939189
21939400
21939557
21945852
21946979
21948239
21951702
21959984
21961463
21965629
21967646
21967865
21971285
21980574
21990071
21990418
21992013
21995026
22002683
22009388
22011048
22014827
22019834
22021320
22024860
22026216
22028015
22033897
22036916
22037357
22048903
22049086
22056717
22058590
22061119
22069885
22079342
22083916
22088414
22091988
22096093
22097011
22100486
22101761
22101838
22103731
22104581
22104869
22108500
22117338
22119444
22119507
22121807
22123554
22124987
22132516
22138561
22144005
22150828
22155924
22157245
22160076
22162661
22167581
22169706
22173511
22175060
22179723
22183891
22184966
22187127
22194215
22195251
22203715
22206012
22207583
22213753
22214791
22218390
22221113
22221154
22222458
22224431
22224857
22231758
22231783
22236763
22239982
22243015
22245328
22246696
22248810
22249724
22250184
22256320
22256332
22256705
22260202
22262051
22262301
22263226
22264274
22268580
22280654
22282463
22283609
22284026
22284675
22284779
22291977
22296376
22299194
22300068
22300779
22301942
22304982
22305842
22309445
22314242
22315324
22315566
22316499
22318718
22325499
22326359
22326976
22329124
22331146
22331382
22333211
22333256
22336961
22339019
22340586
22340983
22343032
22344501
22345654
22355608
22356698
22358422
22359699
22361127
22361970
22362186
22378062
22379377
22379890
22382975
22383864
22384707
22386224
22390911
22391224
22393126
22394627
22394973
22396145
22396644
22396697
22397444
22400198
22403249
22407573
22407581
22410756
22411485
22420468
22421378
22422060
22422752
22426301
22426525
22430320
22431548
22432427
22433198
22433685
22434640
22435247
22437730
22440343
22441292
22450216
22453078
22455127
22458958
22460698
22462210
22469844
22472156
22472942
22480890
22485731
22489924
22490145
22492648
22493350
22495842
22496041
22500546
22500891
22501065
22505426
22505702
22506445
22506886
22508966
22511053
22511138
22511217
22513339
22514831
22514977
22516389
22517939
22518030
22522404
22530465
22533539
22536402
22537081
22537194
22540189
22540532
22540785
22545308
22546528
22548930
22551385
22551790
22555183
22555445
22558407
22566443
22566779
22569263
22571962
22572994
22573945
22573952
22577682
22594809
22602745
22603173
22607271
22610948
22611435
22616979
22619479
22627745
22628267
22629503
22631526
22634564
22636565
22640319
22643411
22643434
22645043
22646184
22652056
22658374
22659232
22664128
22664752
22666547
22666663
22670189
22673251
22675273
22685427
22690531
22690832
22692283
22697156
22700198
22701300
22703261
22705066
22708077
22713963
22714390
22716680
22721586
22728088
22733172
22740219
22740945
22747756
22752696
22755468
22766604
22770042
22772875
22776504
22778616
22780081
22784496
22786078
22786723
22787858
22787984
22789329
22801740
22802593
22804717
22805008
22805805
22811855
22813962
22814714
22815107
22821719
22821928
22829694
22837827
22839623
22841356
22841720
22843475
22844224
22846094
22848138
22852103
22853387
22856670
22867408
22868562
22869517
22871376
22872644
22884546
22890219
22890613
22893358
22894004
22894619
22898433
22911737
22913387
22913743
22915162
22915892
22918002
22921778
22921954
22924082
22924105
22924952
22926516
22927688
22928015
22929719
22932691
22933456
22933771
22936418
22937715
22938900
22939891
22943973
22944348
22944447
22949266
22955898
22959042
22961125
22964033
22970908
22974184
22979137
22982630
22983080
22983571
22996515
22996605
22998275
23000458
23000789
23005921
23007181
23007837
23008719
23014252
23017666
23017995
23018137
23018220
23019996
23020461
23022098
23022475
23025668
23027089
23030307
23031174
23033247
23033299
23034323
23035106
23037831
23041652
23041682
23044412
23048736
23053951
23057864
23058271
23060769
23063601
23063649
23070333
23077876
23079672
23082694
23091627
23095050
23096510
23099546
23103354
23103917
23113107
23116731
23117381
23118121
23120574
23122661
23123218
23123645
23130037
23136308
23139692
23144952
23146383
23151460
23152586
23168454
23182890
23189980
23191024
23191453
23192398
23200799
23205520
23206025
23209128
23237343
23239276
23240389
23241126
23242003
23242287
23245419
23248078
23251760
23251895
23252341
23253527
23254121
23259856
23265133
23266086
23274517
23276891
23280576
23281521
23282300
23286235
23289849
23292192
23293297
23295198
23299408
23306271
23307643
23321983
23324714
23324834
23325083
23325211
23327540
23334908
23336577
23344788
23348048
23348057
23348536
23351673
23358905
23360033
23361408
23364134
23367724
23374345
23375906
23376100
23376742
23377439
23378436
23379758
23385193
23388355
23390817
23392845
23395576
23399824
23400168
23401150
23407682
23412048
23414027
23414252
23416491
23419570
23423139
23423237
23425633
23432054
23438064
23439231
23441395
23442969
23447702
23451318
23463020
23466592
23469618
23471221
23471477
23472266
23472287
23483400
23483806
23485446
23506044
23506583
23519822
23521176
23523494
23524015
23528716
23532829
23533020
23533582
23537868
23538117
23543952
23546653
23547321
23551737
23552388
23554042
23557755
23560194
23563390
23574168
23579328
23583090
23591672
23592023
23597537
23600262
23603059
23604039
23605593
23606615
23606756
23611603
23614393
23614524
23619208
23630337
23631573
23637105
23639477
23640984
23643433
23644031
23644370
23646910
23648613
23648621
23649931
23651111
23651720
23653275
23654032
23655907
23657115
23665717
23667595
23673866
23678952
23680065
23688509
23689430
23690339
23698771
23701573
23703034
23705509
23711488
23712258
23715696
23716764
23717060
23727034
23737915
23739105
23744611
23745489
23748357
23750501
23751620
23752491
23752828
23753927
23754456
23757962
23761946
23765541
23766376
23771795
23775300
23778272
23783814
23786162
23787432
23789474
23789938
23790175
23791564
23793347
23795277
23797913
23798230
23798645
23799274
23801322
23801625
23803995
23804684
23808660
23809365
23810732
23812415
23816212
23816665
23816714
23817488
23817945
23818791
23819635
23820333
23827819
23829187
23829491
23834151
23836271
23837401
23842287
23847310
23847476
23848889
23849185
23853227
23856877
23857475
23858328
23862516
23866377
23872912
23873163
23876684
23880008
23883117
23888203
23888665
23888906
23889500
23897630
23900822
23901670
23905695
23906419
23906422
23910767
23911642
23911835
23914523
23915934
23916856
23918648
23919134
23920104
23922688
23923991
23925149
23926678
23926715
23928976
23930050
23931006
23932073
23935140
23938717
23942918
23943941
23946844
23947941
23950224
23952023
23957063
23962785
23966450
23968154
23969680
23973026
23974465
23975178
23976667
23979358
23980587
23986288
23987291
23991368
23997252
24001327
24006852
24008773
24009792
24021032
24022251
24025027
24030722
24031728
24033669
24034300
24034443
24035764
24035938
24037017
24038957
24039741
24047342
24049232
24049836
24056189
24060008
24064342
24065788
24066442
24066923
24079247
24082105
24082744
24087879
24088668
24093510
24095484
24101234
24102336
24104174
24108719
24108871
24110935
24112149
24112172
24118358
24119023
24121586
24125662
24129066
24129338
24131665
24132418
24139391
24140241
24148088
24148437
24149114
24159030
24162368
24173266
24175471
24176849
24176922
24180678
24182726
24183242
24200555
24203037
24203365
24209305
24211750
24214054
24217998
24218410
24225825
24227566
24230778
24231964
24236785
24237406
24238206
24239832
24241128
24242827
24249269
24250717
24254998
24255618
24255688
24263343
24267322
24267644
24267825
24269152
24272375
24272521
24273656
24276731
24280360
24280522
24281876
24283888
24295387
24299327
24299340
24299937
24302338
24302839
24305594
24307561
24311673
24316076
24316517
24317376
24323389
24323570
24324863
24328498
24331217
24331347
24331845
24342058
24344200
24344783
24344828
24347036
24349773
24351393
24360600
24367470
24368590
24375018
24375811
24376044
24376707
24376868
24379333
24380754
24381588
24382394
24386473
24388014
24388990
24389237
24390689
24391967
24394479
24405706
24407540
24411573
24412077
24417783
24420371
24425846
24426446
24426580
24427950
24428369
24432527
24437840
24442539
24444688
24457507
24462173
24462615
24464065
24468134
24468630
24468919
24469600
24474375
24475146
24475291
24475477
24477321
24479665
24491219
24496825
24497790
24500167
24502408
24504334
24505133
24505187
24506073
24508766
24510942
24512743
24514059
24517372
24536658
24538115
24541788
24545538
24547326
24549507
24550913
24552079
24554734
24555999
24569988
24582655
24584318
24592057
24596312
24598253
24599501
24614339
24615708
24617276
24617988
24619782
24620013
24620684
24624491
24628941
24639872
24640026
24641362
24644174
24646812
24648464
24654585
24655490
24656934
24657668
24661636
24664467
24665109
24667766
24668403
24668879
24669364
24672230
24674479
24677374
24680414
24681070
24681739
24685003
24691422
24691520
24692423
24695421
24697465
24698427
24699740
24700374
24701541
24704477
24705639
24711234
24711259
24717696
24718174
24720971
24722231
24723112
24724423
24725913
24727018
24730088
24734563
24734663
24742080
24742910
24743896
24744446
24746279
24748710
24761938
24764344
24764692
24767204
24769282
24769652
24770938
24780439
24782913
24784728
24788955
24790886
24799054
24801653
24805537
24807095
24811612
24813430
24815799
24816761
24825010
24832704
24842417
24842547
24846649
24847673
24851100
24851799
24853408
24857906
24864716
24870557
24871889
24872807
24873694
24876815
24877632
24882686
24882906
24884598
24889337
24890894
24892585
24896801
24899769
24903631
24904055
24905457
24909321
24910354
24913387
24920419
24921803
24924083
24927221
24927860
24930859
24931100
24932408
24933377
24933967
24934469
24934622
24937248
24937716
24939465
24940569
24942023
24947149
24954827
24956070
24971769
24976880
24976982
24990687
24993036
24997501
25002061
25003071
25003741
25004843
25007803
25014541
25015860
25016681
25018118
25021380
25022063
25023003
25023013
25023364
25024548
25025307
25038435
25040226
25043493
25057197
25061043
25063017
25063669
25065903
25066377
25069362
25070019
25072079
25072818
25073395
25073539
25076287
25076295
25078785
25083888
25084627
25088684
25090445
25093712
25094026
25095437
25099504
25101324
25101934
25111202
25113215
25115759
25119348
25124375
25125162
25125623
25126113
25134041
25136249
25136888
25137579
25139353
25141273
25143133
25143290
25144647
25150196
25153747
25155087
25156546
25157026
25158014
25159597
25160337
25163019
25164049
25164128
25168697
25169265
25174370
25174968
25177524
25178243
25189776
25192529
25193384
25195404
25199389
25200021
25204437
25204532
25206588
25221791
25222663
25227007
25227273
25229236
25230315
25230759
25235556
25236065
25237160
25238772
25240665
25244507
25245534
25249749
25255509
25255583
25257170
25260744
25261127
25261695
25264460
25269395
25273498
25277836
25280638
25285701
25289096
25290499
25292110
25292196
25293132
25297546
25300703
25301086
25304235
25304850
25307835
25313638
25318345
25318371
25319169
25330005
25332693
25332712
25333732
25340445
25343086
25343495
25351935
25353969
25358148
25364618
25368106
25369872
25374350
25375999
25381613
25383477
25384631
25388889
25398550
25399658
25401150
25404405
25405348
25408128
25409554
25412032
25428425
25433117
25437037
25440768
25442961
25446962
25448982
25450890
25453743
25455194
25458526
25462200
25467032
25476384
25478970
25480031
25481642
25482066
25487151
25487609
25487674
25490259
25492312
25502014
25503130
25506080
25506745
25511218
25512216
25517629
25518535
25520803
25525361
25526338
25527143
25528417
25531532
25531612
25535036
25549096
25550066
25552619
25557936
25558917
25563915
25573626
25581998
25587312
25595125
25597713
25598097
25598362
25598617
25598988
25603771
25611571
25613352
25616840
25621699
25624270
25624449
25629168
25635183
25640599
25645446
25646144
25646211
25647655
25649641
25653365
25653973
25658656
25665497
25667765
25668283
25671523
25675660
25681562
25683144
25685537
25688819
25691631
25692949
25694901
25695000
25695960
25702688
25709811
25710047
25711160
25713068
25713376
25715683
25718589
25721871
25724013
25724484
25727070
25727417
25729493
25729743
25733216
25733218
25738969
25746325
25751840
25756040
25759349
25765114
25774740
25776734
25778453
25781922
25783937
25788026
25790953
25792362
25793034
25793600
25793688
25802819
25806723
25806777
25806792
25807093
25813321
25826211
25846180
25846618
25854907
25861063
25867704
25868757
25870354
25871270
25873731
25878668
25879962
25881766
25885145
25888833
25889420
25895817
25896651
25897003
25897467
25901811
25907483
25908300
25917952
25919219
25923083
25934608
25936091
25942294
25943609
25944452
25951790
25953163
25954692
25957320
25963991
25966066
25966100
25966720
25968078
25974281
25974937
25976900
25978777
25983221
25984079
25992071
26001387
26004661
26008750
26009646
26014518
26015021
26016448
26017377
26018726
26019776
26022504
26025935
26027435
26029005
26029070
26029154
26029632
26030856
26036450
26039404
26040520
26041471
26044677
26046546
26049632
26050174
26052495
26059666
26062117
26068726
26071525
26072081
26074278
26076806
26086121
26087347
26090268
26092864
26094410
26094735
26094782
26096872
26097440
26097470
26100305
26108753
26119689
26121264
26123228
26123577
26125771
26128031
26135538
26135543
26138247
26142553
26144355
26146608
26159982
26164885
26165539
26165607
26167877
26170372
26177103
26177567
26177880
26180690
26184367
26196952
26202779
26204469
26205061
26209274
26213258
26216363
26230490
26234381
26236548
26240955
26241162
26247586
26248464
26253174
26256251
26256421
26265775
26266040
26267058
26273811
26277677
26277802
26286056
26289346
26289942
26297286
26299684
26305161
26305726
26313816
26315913
26319220
26320986
26322356
26324143
26328140
26335704
26337877
26341492
26345106
26347768
26349906
26351424
26352967
26360324
26363069
26364431
26377464
26381038
26384255
26385205
26386936
26393338
26400632
26403393
26405443
26408369
26409784
26413934
26415796
26432770
26437013
26445455
26447813
26451482
26466635
26468027
26472191
26483252
26484745
26485662
26488565
26497640
26500815
26500896
26504631
26510892
26514489
26516226
26517304
26522233
26526904
26531888
26532504
26533448
26533916
26535168
26538327
26541904
26543678
26543925
26544214
26545602
26548192
26549899
26550044
26552214
26553334
26553521
26554290
26560571
26560697
26563286
26563677
26564055
26570624
26582775
26584149
26596370
26598905
26601226
26603420
26604191
26615708
26616032
26617863
26619512
26620748
26625391
26629410
26631306
26638682
26639395
26646868
26648522
26648967
26658345
26659017
26659594
26662258
26662459
26662512
26663414
26672198
26681951
26683823
26688944
26692688
26693825
26695939
26702222
26702349
26703973
26704033
26704725
26705259
26707974
26712207
26712221
26716632
26717882
26718445
26720063
26724882
26726248
26732579
26732845
26738752
26742351
26753874
26763207
26763209
26764128
26770691
26774291
26777165
26777571
26778416
26787551
26791727
26792650
26793568
26799735
26803989
26804841
26806095
26815678
26818532
26821604
26829611
26834695
26835963
26838578
26840207
26844609
26847201
26849644
26850858
26856902
26857082
26857689
26861023
26867237
26872549
26876525
26877388
26877561
26879583
26880609
26885765
26887879
26887921
26892334
26894366
26895630
26898036
26904538
26907172
26918255
26919637
26921627
26923390
26940485
26940990
26943162
26948747
26949024
26949594
26951079
26952216
26952385
26956647
26962423
26966313
26970094
26972749
26972967
26973035
26976378
26978208
26981334
26983167
26985373
26988398
26989456
26990442
26990520
26993293
26996383
26999687
27001268
27003136
27003923
27004231
27009834
27018673
27019219
27024212
27027996
27029354
27037997
27040949
27044320
27048959
27049471
27057416
27058287
27059995
27061626
27065131
27067427
27072311
27074452
27076509
27078456
27080762
27082031
27084429
27086618
27086714
27093456
27093893
27095115
27095251
27096662
27096951
27098759
27100305
27108435
27111006
27111370
27112540
27119355
27121587
27123823
27133346
27134380
27140837
27152134
27152419
27160796
27164538
27168971
27173652
27174289
27176376
27176460
27179228
27194240
27195204
27196057
27201753
27205812
27207718
27218652
27219239
27219606
27220965
27226559
27227499
27228632
27229046
27229705
27232379
27232715
27237122
27237310
27239477
27242826
27245503
27246282
27246531
27248888
27249012
27251572
27254597
27256528
27260693
27261973
27262763
27267748
27268666
27269649
27270461
27273659
27276254
27279758
27280352
27284950
27289322
27293628
27293666
27295681
27300833
27305743
27306058
27306959
27307103
27316741
27324599
27324777
27324965
27327214
27329801
27335811
27336744
27342033
27342666
27343968
27344896
27349593
27351460
27353164
27353648
27356269
27356284
27360814
27362908
27362968
27363632
27367971
27374983
27375327
27375972
27385389
27385730
27398230
27398715
27399432
27401810
27403128
27404550
27406285
27411088
27411166
27417712
27421010
27423422
27424960
27426417
27428334
27428786
27432924
27434830
27435169
27439996
27440706
27444903
27447300
27451596
27451774
27453262
27455357
27458477
27458829
27459002
27459292
27459416
27460699
27466607
27466795
27474399
27474659
27484484
27484735
27486093
27486235
27487374
27489041
27489153
27491984
27494989
27496225
27496269
27500552
27513599
27517019
27518104
27526519
27532689
27540730
27542796
27544672
27547736
27548169
27550494
27552969
27555348
27556408
27560081
27562422
27562800
27563674
27565432
27567126
27571074
27571111
27573691
27573913
27574176
27585171
27594607
27599835
27600460
27602091
27603545
27604179
27609782
27613135
27614120
27617081
27623810
27625655
27626325
27627923
27634543
27640190
27641458
27651343
27653970
27659067
27659207
27661278
27666048
27670734
27670910
27673453
27674454
27677894
27679702
27682301
27683062
27686775
27690867
27695195
27698054
27698308
27700846
27704995
27706305
27712685
27721149
27723727
27724045
27728405
27731511
27733463
27735561
27736722
27746241
27754250
27757083
27760875
27771118
27771809
27774048
27776001
27776983
27780684
27786305
27789318
27790348
27795921
27796163
27803321
27805579
27808759
27809397
27814012
27816093
27816847
27817849
27819556
27819946
27830166
27838662
27859490
27860881
27862512
27863758
27864671
27866408
27867931
27869329
27875006
27877526
27881685
27881748
27883564
27892830
27892860
27897691
27900672
27902927
27911139
27911168
27915267
27916824
27920861
27925804
27928229
27928878
27931658
27935082
27940465
27941126
27942622
27942625
27944298
27948213
27951816
27954195
27954402
27954502
27957545
27966627
27968665
27971364
27971784
27974092
27979888
27983738
27987564
28003216
28004818
28006896
28013222
28013723
28014049
28014181
28020501
28020782
28020899
28022611
28023797
28026896
28027557
28028577
28029133
28032176
28032348
28032508
28034836
28040220
28041186
28051743
28055491
28055578
28060503
28060523
28064249
28068738
28070220
28072690
28079629
28079850
28082497
28083153
28085105
28090336
28096108
28104481
28104573
28106477
28107777
28113879
28114581
28115830
28117485
28118467
28122284
28132824
28136987
28140852
28159813
28169593
28171245
28172686
28172695
28173970
28174361
28176257
28179195
28194110
28195621
28199136
28202574
28203423
28209424
28212395
28213815
28214526
28215080
28227547
28236458
28240149
28241889
28248579
28255691
28259522
28259816
28260114
28260793
28264417
28277648
28279908
28285340
28289233
28300832
28301617
28303623
28306768
28308314
28308358
28309783
28311301
28317029
28317313
28320486
28326220
28329591
28331754
28332905
28334653
28337387
28338832
28350485
28352071
28363789
28364326
28364729
28365585
28368591
28372481
28378290
28379198
28380686
28393559
28394074
28409509
28411442
28413271
28413668
28415446
28417912
28418353
28418664
28418926
28429208
28430809
28435557
28436666
28436821
28437023
28438345
28439594
28442204
28453836
28454916
28459469
28463473
28463718
28465843
28469436
28472232
28472364
28477129
28477311
28478124
28478265
28488142
28491495
28494880
28496656
28497166
28499784
28500016
28508409
28508499
28517748
28517993
28519493
28522954
28526725
28527792
28528907
28531497
28532275
28539748
28541506
28542552
28543699
28547668
28550215
28551657
28569256
28571089
28571620
28577636
28596515
28601663
28604028
28610980
28611980
28612515
28616441
28617053
28623121
28628891
28630962
28632418
28645086
28645108
28646144
28647021
28653072
28653730
28656664
28656802
28658717
28663592
28664189
28667782
28668306
28676480
28676939
28687843
28688962
28689065
28695002
28696495
28698068
28708445
28714947
28716225
28716649
28727881
28730353
28733138
28736651
28739181
28744015
28744863
28745107
28746177
28746851
28747667
28752703
28755122
28755757
28760017
28764706
28765771
28769331
28770533
28772324
28775997
28780659
28781138
28784863
28785820
28790289
28798846
28808351
28809683
28810088
28810926
28812347
28814147
28814399
28817083
28817245
28817808
28818962
28821752
28824273
28825149
28829877
28831757
28832933
28833245
28833791
28834454
28840030
28848688
28849480
28855508
28856363
28858695
28866116
28872091
28876700
28881414
28883234
28887967
28890625
28898140
28902153
28907064
28913119
28916163
28919706
28920101
28921229
28921979
28923291
28928530
28938976
28939151
28940287
28940976
28943622
28944152
28945800
28951652
28958641
28959280
28963084
28966331
28968057
28970780
28974094
28974559
28977228
28978049
28979923
28980067
28982249
28986913
28987301
28989497
28999377
29002033
29011754
29013458
29024031
29025299
29026460
29026686
29028187
29031159
29054176
29055750
29058369
29059713
29063219
29064041
29065441
29066042
29074401
29080793
29082806
29090640
29093197
29094397
29099543
29104827
29117093
29121355
29125357
29127347
29128680
29129547
29129693
29134487
29142827
29152605
29154455
29154742
29156129
29162142
29162892
29164621
29165145
29168046
29168427
29172468
29173018
29176905
29178488
29179267
29185183
29193198
29195993
29200014
29203533
29203874
29204855
29205091
29205490
29207122
29207813
29208579
29212290
29215268
29216056
29216466
29219190
29221821
29222580
29222931
29223002
29234885
29236130
29238288
29239005
29241812
29242408
29242572
29247462
29247968
29251516
29253170
29258272
29260412
29262274
29263199
29265572
29269341
29271974
29273167
29279486
29282893
29284270
29288043
29290383
29294897
29299539
29305467
29307773
29312739
29318431
29318840
29321351
29321793
29322230
29322836
29333019
29334092
29337125
29338816
29347927
29359591
29359619
29360432
29362324
29362811
29364776
29367011
29371442
29376629
29378416
29380975
29385286
29386554
29386826
29391042
29392508
29394336
29395165
29395320
29397355
29398438
29405366
29407914
29409136
29410348
29414344
29415656
29416622
29416810
29418035
29420232
29420684
29421365
29422819
29429552
29441079
29444441
29446660
29447178
29451118
29452022
29453243
29454130
29457268
29461491
29463203
29482545
29484263
29488817
29489075
29490670
29491331
29495492
29501597
29506097
29513047
29518478
29520789
29521533
29530749
29536186
29539637
29544012
29547806
29548676
29552524
29553736
29560053
29564758
29566761
29571633
29573499
29577091
29579193
29580504
29580518
29586149
29592191
29604902
29605894
29614052
29623517
29624381
29626054
29627365
29629736
29635104
29635181
29637811
29639740
29643453
29647465
29648742
29649943
29652243
29659432
29667851
29670447
29672062
29672731
29674521
29675335
29677222
29680825
29687111
29688803
29690810
29698651
29702571
29702973
29704217
29709166
29714413
29716086
29720995
29724530
29727938
29728466
29729379
29732705
29733340
29734040
29734172
29737590
29747198
29751715
29752143
29755481
29758417
29762110
29763902
29764523
29768108
29770499
29775746
29778632
29783089
29783143
29791495
29798772
29798873
29799418
29808017
29808070
29809299
29811990
29814328
29815826
29816907
29821318
29826255
29834512
29837952
29844555
29849473
29853031
29860396
29866373
29868519
29870609
29872415
29873594
29874868
29876217
29886350
29887703
29902379
29903200
29920403
29933976
29939124
29950042
29950411
29951105
29952387
29953792
29954846
29961191
29966371
29975926
29981764
29993106
29993722
29994072
29994082
29994669
29995094
30004265
30010808
30012746
30013351
30015310
30016974
30019523
30020714
30020769
30021997
30022013
30023950
30024662
30025144
30026221
30029521
30032065
30035570
30035972
30037243
30039577
30039674
30040578
30048950
30049517
30058357
30061554
30062700
30064247
30064936
30069717
30071127
30075854
30076013
30077887
30078371
30084985
30085713
30088539
30089094
30089814
30093916
30097366
30098375
30099874
30100717
30102006
30103822
30105055
30108446
30108510
30113747
30115637
30118392
30120405
30121607
30123305
30124856
30125298
30125728
30127047
30129138
30130932
30132707
30134362
30134906
30166535
30166987
30179186
30179555
30181062
30184944
30186001
30187152
30191381
30193975
30196900
30206762
30210762
30210994
30211474
30211669
30227834
30231986
30243780
30247502
30248380
30249652
30253237
30257141
30260558
30261592
30264699
30269847
30273858
30280636
30282347
30293943
30297676
30299153
30302872
30310466
30311220
30315221
30318109
30320422
30320952
30324500
30326355
30327070
30327172
30329845
30331008
30335305
30336214
30340106
30341466
30344537
30346006
30346622
30352913
30354984
30355662
30356367
30358936
30368917
30369855
30372552
30375316
30378575
30382638
30391461
30392402
30395172
30401212
30403061
30406786
30407571
30408823
30409174
30412417
30415128
30415810
30416385
30424382
30425027
