7166
9152
11521
12770
13685
14819
16412
27337
27343
29408
40084
41034
41391
46516
47933
48117
67840
67942
69272
69552
71829
72707
75144
76474
76917
78812
80657
81483
82203
86647
88257
88989
89412
91828
92969
96312
99815
101674
109770
110063
113714
113973
117318
117788
123273
135671
146242
146443
147612
154557
159548
160290
165199
165840
168825
169532
173004
175611
184996
185107
186105
188823
190266
193144
198466
198488
203100
203412
204009
206535
207016
210989
214878
215265
216569
219044
219715
219943
222800
226520
228052
230781
231514
233152
239583
239588
240582
248281
251464
253865
254445
263835
266838
271549
271668
275189
275624
278206
283479
283739
285103
295449
296265
301333
302777
312865
317686
320822
322427
324578
325187
327531
327737
335651
342734
345799
346260
353757
356419
359474
362357
363322
365067
365801
370165
374415
374456
378585
378676
385568
387119
387794
389417
392326
397308
401579
402898
409513
410140
413923
414217
415251
417118
418024
426854
433872
439843
444558
444648
447058
462327
468168
468618
468701
471511
472245
472792
478120
479326
481762
493548
496159
496174
497726
517757
523108
523968
527370
529778
535479
544831
548614
549122
549172
564220
569337
570554
575692
575934
588575
590189
592531
597665
601210
607002
607218
609114
609338
617578
620313
625136
626341
628386
631069
631438
633447
634046
639047
647407
652128
657951
658343
659750
664691
664943
667141
669633
676048
678804
680329
680404
685946
685977
693091
696878
702408
706022
707944
715914
717275
718338
720320
722387
723419
727962
729660
730063
732240
733609
741513
744651
744724
747608
747675
749989
751994
757771
762115
763303
766997
769807
772510
775660
776520
777004
786643
787579
795677
799586
802413
813536
820057
822242
823212
823996
824737
825461
829402
829708
832781
851134
859498
862525
869248
875855
878200
878356
879467
881469
889835
889933
891463
893676
894721
908958
909246
910717
915432
925159
926549
927581
934942
939014
943559
945110
954067
955761
956760
964365
969909
971114
975561
977199
982488
983830
984267
985534
994543
996043
996888
998000
999505
1001628
1002350
1007442
1009561
1019214
1024182
1025197
1025409
1029396
1030246
1032775
1036269
1037005
1042128
1042897
1051392
1053825
1059281
1060161
1071310
1079578
1084899
1089276
1098834
1103337
1104036
1106194
1106936
1109910
1116135
1124257
1128635
1130176
1137627
1137847
1140423
1142359
1143613
1151871
1156003
1166243
1167329
1170383
1172893
1173180
1176730
1179169
1179295
1179676
1179830
1184921
1185520
1194317
1197676
1202043
1202155
1203632
1214771
1216122
1220590
1234654
1236619
1238673
1248533
1256459
1257603
1258258
1264233
1265860
1273879
1275036
1276148
1277720
1280732
1280805
1282085
1284149
1290048
1290666
1295089
1295446
1296275
1296519
1297978
1298834
1301641
1307060
1310925
1326637
1327752
1337606
1338585
1340361
1344163
1344563
1347177
1350926
1364773
1369536
1372513
1374204
1375029
1375795
1380581
1381806
1387284
1391192
1391641
1392504
1392688
1394241
1400899
1408106
1410758
1417906
1423327
1430384
1430564
1432277
1435053
1441429
1443239
1449195
1450681
1453005
1453839
1454593
1457356
1459294
1459737
1460190
1460815
1467274
1475324
1476521
1481750
1484313
1484592
1485728
1486548
1490017
1495464
1495748
1503611
1503698
1510331
1522577
1523468
1528378
1528406
1528724
1531793
1536753
1539658
1545772
1548024
1550492
1555355
1557849
1558946
1559580
1562395
1564937
1566496
1571117
1571339
1572107
1577784
1580061
1580742
1581958
1584193
1585194
1585233
1586000
1587401
1594885
1596116
1602612
1603257
1609024
1610093
1610499
1612781
1621804
1627369
1634675
1638091
1640924
1644805
1657836
1659286
1659520
1662343
1664373
1666296
1667310
1668291
1670698
1673960
1680384
1681235
1686051
1693984
1700820
1700859
1702561
1707480
1708481
1709468
1716189
1718178
1722748
1725208
1727162
1728325
1734012
1739246
1739737
1750941
1752614
1753006
1753722
1755535
1756593
1759430
1761642
1767272
1769511
1771416
1775060
1777085
1778437
1780681
1781945
1784380
1786869
1788984
1789371
1790273
1793413
1793842
1795583
1799287
1799784
1800485
1800929
1803568
1803951
1807192
1808304
1812481
1812593
1819623
1819983
1822171
1822355
1824238
1829091
1830131
1831324
1831952
1833328
1834727
1836203
1836248
1845768
1847499
1848219
1857656
1864040
1864142
1870373
1874797
1875619
1875988
1876623
1876874
1880004
1882492
1885138
1886970
1890631
1900878
1903621
1911398
1915091
1918225
1919372
1919688
1921775
1923757
1924249
1930427
1933387
1934760
1937393
1939092
1940079
1941759
1944783
1950377
1953808
1953859
1955007
1955233
1959652
1960301
1965102
1965372
1972912
1975582
1976712
1979294
1979546
1982083
1991318
1991810
1991998
1997579
1997991
1998050
1998079
1998304
1999368
2000242
2000305
2000824
2003186
2003671
2005853
2007101
2008529
2011486
2012998
2025777
2025797
2033610
2037379
2038967
2040889
2043791
2049647
2051493
2056044
2060334
2062164
2064446
2064872
2071244
2071842
2075688
2082423
2085489
2086671
2089133
2089479
2098624
2100212
2107167
2113992
2114480
2115706
2118841
2121893
2123903
2125247
2125402
2128718
2129387
2131352
2139118
2141021
2142377
2142408
2142451
2146791
2151768
2152379
2153204
2160923
2163848
2171240
2173003
2175015
2180705
2188421
2188873
2193468
2195039
2197312
2198942
2201002
2205442
2208898
2221042
2233643
2234262
2236778
2239283
2243452
2244020
2244327
2245176
2245276
2248305
2249487
2250937
2251434
2258516
2265623
2267112
2275018
2276110
2281793
2283220
2289463
2291315
2292791
2292816
2293901
2294474
2294847
2297760
2307881
2307891
2308094
2308444
2312180
2324537
2324925
2324991
2325216
2325655
2326669
2327300
2342918
2343299
2344860
2349313
2353911
2356377
2359460
2360238
2363410
2365080
2366031
2367674
2368172
2368743
2369725
2371556
2373895
2374674
2378377
2382405
2382783
2392456
2396481
2396860
2399852
2400997
2402602
2404193
2404349
2408248
2410638
2415683
2415978
2416323
2419402
2429776
2430430
2431366
2434284
2439245
2439506
2440671
2441989
2443422
2447378
2449252
2451561
2456978
2458503
2459308
2459918
2475406
2475902
2483040
2485119
2485637
2485984
2492584
2496551
2497265
2499242
2501359
2504422
2506578
2508777
2512180
2513711
2513740
2517083
2521881
2525603
2531028
2536331
2536492
2537040
2537635
2540289
2544744
2545096
2545224
2549608
2552058
2554455
2559372
2559418
2562546
2562717
2564740
2565741
2565778
2570304
2573967
2580888
2588678
2588837
2591565
2594987
2597331
2599015
2605140
2605805
2606186
2606965
2614117
2615512
2617655
2622465
2622555
2628673
2639273
2639395
2643495
2644193
2646593
2649788
2658889
2661672
2665029
2666084
2668227
2668971
2670488
2673551
2674116
2675529
2679585
2680017
2687167
2689773
2691095
2691437
2691602
2700751
2702932
2705258
2705695
2705866
2707419
2708255
2711382
2711668
2712489
2713224
2717822
2721434
2722974
2725658
2725834
2729983
2735261
2736529
2739326
2739721
2739968
2740190
2740496
2743595
2745582
2745855
2746216
2746640
2747750
2750244
2760759
2767657
2767742
2769220
2769747
2775896
2779153
2781058
2789527
2791989
2793762
2805629
2806670
2810307
2811448
2816398
2817284
2822041
2822752
2825583
2825852
2836252
2844597
2847055
2848994
2851905
2856206
2856622
2858461
2862035
2862159
2863970
2865037
2869526
2869939
2872625
2878432
2878982
2881771
2885903
2887886
2888183
2890969
2893014
2893293
2895798
2897153
2897208
2898019
2901583
2903014
2903160
2904088
2908567
2920118
2920817
2921833
2923615
2932822
2933175
2937278
2937754
2938839
2939049
2940312
2941975
2944497
2946134
2948791
2948932
2951310
2951314
2952097
2952880
2957492
2959036
2960916
2963796
2963974
2976592
2979419
2980084
2981426
2983374
2984256
2987584
2989807
2996006
2996223
3008071
3015186
3015235
3015452
3017358
3018838
3025030
3025315
3032091
3040748
3042215
3046185
3055969
3057923
3061334
3072607
3077989
3078395
3079786
3082182
3084216
3084939
3088206
3088536
3090669
3093191
3093451
3095483
3100668
3107481
3109395
3112166
3113644
3113857
3114720
3125066
3127584
3133736
3136704
3139624
3146522
3153012
3156172
3156558
3158894
3161048
3167443
3168334
3171509
3174547
3175824
3178896
3182840
3183295
3188747
3191844
3192128
3192176
3196701
3209734
3209760
3211227
3211251
3220200
3221307
3223839
3224361
3231970
3233911
3234468
3240179
3241827
3244860
3246608
3249433
3250925
3255540
3256008
3266802
3269506
3269941
3272666
3273448
3276539
3277994
3281645
3281742
3298449
3301605
3306459
3312976
3322495
3325776
3329877
3330605
3335995
3336935
3340700
3342684
3342992
3343213
3344682
3350634
3351219
3351478
3352591
3352671
3354091
3355681
3358559
3361179
3368471
3373180
3376578
3383889
3384604
3384872
3385461
3393223
3393870
3394873
3395866
3398262
3399359
3400347
3402432
3403790
3404422
3405591
3406313
3410400
3414729
3415918
3416209
3418086
3423508
3426098
3432135
3433083
3434109
3439085
3441197
3441820
3445757
3445822
3451600
3458115
3459153
3460067
3461114
3470541
3477739
3480443
3482804
3486019
3491335
3494873
3495247
3497481
3497700
3498971
3501294
3502807
3507289
3507779
3509461
3511188
3515900
3517253
3526058
3526167
3529200
3531201
3540298
3540466
3541948
3542365
3547536
3553025
3556140
3564296
3566874
3569421
3570783
3573810
3578535
3580880
3585008
3591400
3595352
3600339
3601447
3606273
3609884
3612194
3612697
3614317
3614334
3617857
3620290
3628292
3634372
3635300
3635316
3644746
3648255
3651431
3655537
3657761
3658493
3660828
3671450
3672400
3681753
3685527
3685748
3685822
3696079
3700364
3702025
3702326
3703229
3704321
3710240
3715607
3721974
3722202
3726128
3727409
3732597
3736784
3738651
3739532
3741653
3744935
3745473
3745695
3751356
3753893
3754462
3756860
3757625
3757839
3758135
3758397
3760051
3761504
3764481
3766015
3766476
3769863
3781044
3786158
3787526
3788537
3793058
3793469
3795763
3797966
3805736
3806399
3809371
3809884
3810869
3811419
3811928
3812495
3814471
3814978
3827481
3835430
3836584
3836866
3837575
3842587
3854075
3857519
3867489
3868626
3870062
3880072
3888819
3891141
3892604
3894068
3901816
3905951
3906312
3913403
3914410
3917010
3922732
3924830
3927905
3928715
3933294
3933791
3935449
3935865
3937006
3939891
3943059
3946267
3946394
3946913
3951797
3957074
3957403
3960627
3960871
3966240
3967077
3967222
3969681
3971863
3972827
3976123
3978362
3982110
3985642
3985965
3987268
3988744
4008592
4014783
4015182
4019175
4019270
4021657
4024616
4024886
4028127
4028872
4031225
4033780
4034122
4039846
4041544
4049488
4050322
4051531
4051534
4055008
4060170
4064644
4068050
4072593
4082575
4082936
4086161
4086990
4096165
4097173
4097660
4099958
4102083
4102150
4110440
4111344
4113477
4116565
4116907
4117510
4121169
4124538
4126790
4132821
4135122
4138581
4141004
4147457
4158600
4161083
4161310
4161580
4167619
4170790
4172840
4176525
4180273
4180817
4181437
4182011
4185273
4186209
4186696
4188470
4191813
4193544
4198442
4200182
4200303
4201116
4202020
4202878
4207255
4208496
4209681
4210484
4211050
4211826
4215640
4215659
4218860
4221163
4222401
4225440
4225610
4230908
4232002
4238553
4239500
4248367
4249201
4261452
4262600
4262817
4265781
4266105
4266762
4271250
4277515
4278162
4284413
4285517
4292805
4297232
4300568
4302618
4313817
4314717
4315419
4322057
4324465
4328755
4330310
4330488
4331289
4335660
4339378
4339622
4342652
4343900
4351288
4352403
4352589
4357363
4358006
4367106
4382779
4383941
4385979
4387372
4387683
4395545
4405042
4405389
4406984
4408845
4410900
4413631
4414060
4414890
4418709
4420696
4422045
4426680
4428680
4432845
4434010
4435051
4446197
4448109
4449989
4455306
4465068
4468352
4471177
4471656
4476664
4479964
4484904
4487507
4489579
4492785
4496726
4497303
4497859
4503822
4506979
4507162
4507310
4514130
4515668
4516008
4517582
4517976
4524419
4525053
4525110
4529235
4536816
4538832
4548681
4550384
4550622
4551065
4551078
4551327
4552750
4553858
4564492
4564599
4566199
4567742
4571028
4571514
4572181
4573239
4573428
4574000
4575961
4577700
4578193
4579252
4579357
4579781
4586774
4587005
4591141
4593741
4595502
4598769
4599083
4600494
4604561
4606381
4606991
4612051
4617694
4618455
4624420
4625821
4627295
4627658
4633568
4642241
4646479
4647375
4647812
4649781
4652514
4653286
4654843
4655298
4655875
4659576
4662173
4666896
4668548
4671617
4675216
4676144
4676915
4680027
4681900
4682652
4684072
4684726
4686751
4689187
4693911
4696531
4698575
4700944
4704845
4705887
4706035
4707198
4709011
4709780
4710930
4713189
4722169
4724126
4727947
4735899
4738519
4739052
4742760
4742989
4746946
4747311
4748507
4751832
4760840
4763951
4767532
4772233
4772378
4774328
4774593
4775959
4781208
4784135
4790391
4795711
4797699
4804418
4805289
4806973
4811067
4811127
4812515
4812522
4813499
4815872
4824708
4836928
4840056
4841659
4845678
4850356
4858574
4862567
4863583
4866996
4868974
4875830
4876327
4877346
4877601
4887005
4892006
4892586
4893486
4896487
4899261
4902573
4905235
4908293
4908643
4914870
4916675
4922785
4922900
4923831
4927359
4933993
4936371
4939765
4941216
4941623
4943148
4949230
4950364
4952303
4954676
4955590
4955821
4963924
4966885
4967320
4967485
4969856
4970049
4976786
4978451
4979199
4985909
4987821
4988068
4989190
4989459
4990088
4990377
4991369
4991907
4992896
4993357
4994638
4995379
4999217
5001887
5003722
5004473
5009138
5009999
5010380
5011374
5013229
5014382
5014399
5014598
5015550
5016093
5019888
5026395
5026951
5027308
5030808
5031289
5033305
5035179
5042456
5049408
5051133
5054797
5055105
5062425
5075369
5076589
5079337
5081001
5082667
5084340
5084533
5091555
5103285
5106551
5107809
5115093
5120719
5124350
5126816
5131163
5132281
5138915
5139322
5141632
5156561
5167792
5172419
5172922
5173698
5183442
5188266
5189440
5198442
5201196
5203012
5206516
5208508
5218454
5222274
5225786
5236973
5239266
5240787
5242144
5251272
5255731
5257242
5260610
5272775
5272786
5273092
5276548
5279934
5280023
5282622
5282788
5287782
5289198
5290548
5294492
5299937
5307276
5316721
5317536
5320809
5322184
5324837
5327072
5334107
5336630
5349582
5353070
5357929
5360500
5360679
5365398
5370808
5371318
5371874
5371877
5373701
5373858
5377886
5379457
5384613
5390818
5391138
5393222
5395176
5397980
5399190
5403565
5404641
5406421
5409247
5411807
5420353
5431942
5432146
5433765
5452050
5453867
5456007
5456462
5461400
5463523
5465676
5466616
5467874
5477813
5478058
5478394
5485191
5485208
5490238
5490906
5491776
5493964
5496993
5497299
5498087
5503655
5507309
5518102
5520532
5525355
5527535
5530854
5534338
5541672
5544522
5550710
5552412
5553790
5556458
5567225
5570536
5585161
5585796
5586468
5590633
5591852
5597316
5599051
5601936
5607987
5612050
5620241
5621122
5629476
5633367
5634861
5635531
5637465
5637922
5645579
5645749
5646329
5647387
5649512
5654556
5664410
5668350
5668813
5677766
5679593
5689024
5689130
5690662
5693084
5699259
5700903
5702455
5703833
5704835
5707419
5709435
5709689
5718408
5722901
5733457
5733920
5740892
5745506
5755983
5759124
5761404
5762976
5769628
5770787
5770806
5774228
5777707
5777734
5780192
5780690
5780797
5781903
5786534
5786855
5791244
5793106
5794414
5797112
5800159
5806151
5807716
5810272
5810991
5821309
5822087
5823616
5824621
5826555
5828878
5833317
5833928
5836090
5836619
5837272
5838490
5840548
5854319
5861302
5862106
5863925
5867001
5867969
5869230
5869308
5869903
5871016
5876845
5878762
5879700
5886233
5886254
5886398
5889291
5891761
5894166
5895114
5898082
5902601
5910901
5915986
5920829
5921359
5922780
5923478
5931296
5935980
5941927
5951881
5952115
5956641
5959895
5965314
5968470
5969443
5971939
5974926
5976201
5976615
5988299
5989181
5989701
5990776
5993279
5994739
5997576
6005365
6008278
6008316
6013140
6015452
6018796
6018872
6019054
6020422
6023825
6034478
6035593
6036627
6038014
6039298
6040019
6041675
6049332
6057171
6063600
6064777
6068817
6071146
6074053
6075087
6082788
6091679
6092180
6092844
6093006
6097301
6102829
6105007
6105090
6107607
6109628
6112628
6113454
6121029
6121587
6128816
6131678
6132907
6134543
6135666
6138679
6139421
6139705
6140272
6141289
6141290
6150771
6153102
6155723
6156402
6157567
6157776
6158157
6158700
6169216
6172961
6173029
6177312
6184711
6186772
6195504
6199258
6199500
6204580
6205528
6206227
6207303
6207849
6208071
6209632
6212809
6214437
6215487
6215917
6216775
6218158
6219400
6219777
6221286
6223227
6223885
6227794
6229621
6230032
6236953
6238021
6239869
6241153
6246772
6247600
6249261
6249750
6251590
6256640
6260748
6264048
6265451
6267918
6271923
6273530
6274281
6274384
6278838
6282088
6282909
6285753
6289668
6295972
6299098
6299750
6299894
6302618
6308837
6311301
6322386
6327746
6338647
6342173
6351200
6356358
6360523
6365017
6369316
6369634
6372566
6376522
6376663
6377056
6377340
6380343
6380504
6383461
6385297
6386883
6394014
6405928
6413173
6417503
6418928
6421723
6422443
6424682
6429618
6433782
6436640
6445395
6445705
6451772
6452799
6453283
6461957
6467393
6468636
6472130
6484719
6486671
6488556
6490688
6493012
6493714
6498368
6500606
6511366
6511487
6512896
6514486
6519929
6523789
6524673
6524929
6527238
6531219
6531791
6537494
6548040
6548943
6549911
6550038
6557781
6561398
6563421
6574809
6576734
6581023
6582422
6586987
6589860
6592755
6593237
6593289
6597926
6600524
6601021
6613674
6629499
6630097
6631138
6632383
6634048
6635849
6636207
6638176
6640252
6642476
6643559
6657724
6658106
6664567
6665433
6670748
6671412
6673093
6674151
6676819
6677039
6687604
6703869
6704021
6705933
6708484
6710064
6712730
6726046
6731536
6731703
6737115
6737611
6740921
6741031
6742728
6752387
6753128
6756424
6757032
6757558
6758465
6761979
6764973
6766082
6766194
6768544
6771009
6771425
6780080
6785046
6787809
6793579
6795070
6799989
6802415
6809461
6815848
6816833
6818757
6821992
6834662
6842288
6843429
6845505
6848559
6850932
6855023
6861891
6865729
6868167
6868379
6873515
6876432
6877293
6878354
6882437
6883238
6884900
6886510
6886885
6887968
6888387
6893220
6897177
6897652
6897816
6898233
6898925
6901546
6902316
6903323
6905828
6907923
6908799
6908965
6910367
6910397
6916419
6917819
6919157
6919310
6919349
6924289
6928881
6929072
6931897
6933346
6940599
6947503
6947712
6953534
6954580
6958831
6959578
6959893
6964518
6965975
6969034
6969066
6970079
6971642
6972663
6977354
6983417
6985529
6990717
6999555
7000148
7000455
7000516
7001164
7004383
7005861
7006098
7007816
7007880
7012734
7013258
7014167
7015656
7017399
7022191
7023516
7026932
7028169
7034126
7035567
7039055
7041952
7046966
7047492
7049197
7052259
7065193
7067426
7069743
7083070
7083190
7087475
7089096
7091881
7092315
7095972
7101668
7105624
7105982
7106810
7113259
7115330
7117418
7117580
7123944
7127117
7130948
7138060
7140470
7142296
7143858
7146929
7147387
7149846
7149904
7150317
7155050
7158618
7158935
7165805
7169182
7170679
7174114
7177541
7181681
7184357
7192536
7192684
7199044
7202810
7207460
7208662
7209600
7210481
7219011
7222016
7224567
7225281
7229642
7231915
7236024
7236514
7236574
7244234
7247126
7247584
7252959
7254307
7256759
7258325
7268687
7269433
7271020
7281906
7286910
7295758
7296074
7296687
7296945
7298117
7298148
7301213
7305717
7305730
7305855
7307593
7307870
7308571
7311999
7314894
7318325
7321787
7328523
7335482
7340686
7343025
7346298
7348688
7350981
7351258
7351886
7353703
7358148
7364256
7366238
7369134
7370250
7373807
7379172
7381876
7383330
7386532
7386883
7387390
7391766
7392095
7392611
7394553
7397673
7402544
7403115
7403417
7405551
7416220
7418021
7422221
7424981
7437117
7438576
7446323
7449836
7456472
7456642
7459817
7459868
7462496
7463616
7466650
7470599
7470813
7478508
7478732
7480204
7482327
7484632
7485336
7485358
7486370
7492268
7495811
7501719
7502046
7505768
7507859
7510165
7510484
7511089
7513964
7514306
7515349
7517249
7518070
7521146
7522623
7525655
7528976
7531177
7533850
7533940
7534250
7534968
7538673
7542929
7543925
7547246
7559947
7560106
7565056
7565578
7573516
7589920
7591555
7600369
7600634
7611645
7614427
7618607
7625978
7631033
7633808
7635088
7635309
7636599
7639777
7642764
7644224
7647058
7647789
7649373
7667890
7671183
7678767
7680305
7682266
7682614
7683279
7685896
7688487
7688612
7694140
7695764
7696401
7696937
7698645
7699942
7702429
7703762
7707280
7709291
7709558
7710504
7714082
7715578
7716755
7717306
7718505
7723427
7724341
7725970
7726269
7728585
7732696
7734614
7736249
7738668
7739102
7739676
7747948
7749528
7753703
7763013
7768265
7773598
7773730
7781357
7783856
7787302
7788576
7788829
7789122
7795339
7802406
7802429
7810640
7811380
7817103
7825814
7826386
7831420
7831731
7833435
7835689
7837753
7840377
7845282
7847407
7862352
7868230
7870548
7872058
7873306
7886416
7886574
7887873
7888069
7891804
7894909
7895667
7901797
7906557
7910810
7915548
7916498
7919843
7921383
7924211
7927362
7929453
7930193
7935888
7935949
7937581
7937985
7939468
7943205
7944135
7945099
7945685
7949284
7950048
7951707
7954839
7956585
7964704
7969013
7971768
7973085
7973160
7973653
7981586
7988197
7988461
7989079
7989467
8001441
8002466
8003504
8008231
8013808
8014644
8019318
8020548
8020669
8021300
8024260
8025226
8033990
8034475
8035148
8036838
8036951
8039395
8044463
8044953
8047947
8052444
8058008
8062015
8064104
8064591
8064919
8065884
8071411
8072641
8076488
8078522
8083782
8086219
8088687
8097357
8098579
8100413
8104446
8104950
8110656
8113244
8118719
8119319
8119453
8121819
8122085
8124881
8133912
8136112
8145030
8156504
8166542
8170276
8170507
8171577
8177454
8178069
8178362
8191862
8193174
8195026
8197814
8199208
8201315
8208467
8208805
8210899
8213743
8214785
8219208
8220627
8221791
8222642
8224299
8226276
8240700
8241245
8242397
8246634
8247044
8247480
8254538
8258304
8262834
8269715
8273279
8273668
8276698
8277315
8277953
8280702
8282753
8284581
8285493
8288235
8289993
8294558
8297366
8298091
8299646
8300122
8302037
8304603
8308449
8309104
8314098
8315819
8316761
8316861
8318192
8322924
8331049
8333746
8334221
8336643
8340348
8341168
8355134
8358673
8359409
8361350
8362257
8363666
8366674
8366709
8368613
8369912
8370670
8370863
8375854
8377978
8378186
8378239
8379399
8380624
8383696
8393643
8406654
8406910
8408335
8419862
8426701
8428431
8428962
8430523
8441061
8445493
8445633
8453489
8454815
8459784
8464760
8467883
8469195
8472274
8473942
8477741
8478283
8478466
8478857
8484730
8489471
8497255
8499890
8506511
8508874
8509223
8516714
8520853
8521356
8522858
8527506
8529128
8529923
8530150
8531133
8540444
8542889
8546168
8548039
8554249
8557383
8559596
8561133
8566820
8572198
8573520
8576741
8576891
8577304
8579341
8580097
8580345
8581976
8583831
8588270
8588750
8596192
8597614
8599179
8601175
8603878
8605988
8609068
8611601
8613853
8619710
8622333
8624542
8629046
8629702
8632311
8636232
8647039
8649018
8649295
8650148
8657906
8662075
8665528
8670463
8673418
8675002
8694738
8695053
8700691
8700723
8700725
8701574
8706544
8707617
8707904
8708261
8717421
8717585
8721826
8722194
8725482
8728635
8737772
8742825
8746112
8747027
8747188
8747276
8748332
8750845
8752992
8753488
8755136
8758074
8761619
8762700
8763805
8764620
8772582
8772923
8774455
8782703
8783848
8784678
8786966
8787744
8791000
8794100
8794164
8799541
8805045
8805543
8807915
8811269
8812411
8821811
8825809
8826652
8831239
8831332
8832293
8835873
8843027
8846332
8848329
8852853
8855363
8855432
8856489
8859123
8860247
8867529
8869562
8870661
8871096
8871676
8872294
8872542
8873972
8885499
8886126
8889425
8895303
8895331
8897159
8899711
8903660
8904246
8912337
8913898
8918497
8923411
8927598
8930229
8930474
8932492
8937144
8940628
8940829
8943869
8951544
8962755
8966227
8975482
8980564
8981024
8985275
8985765
8995204
8996623
9000059
9002449
9003088
9004920
9005019
9005905
9011434
9012163
9017549
9023783
9032765
9036683
9042231
9045186
9046478
9053123
9054597
9054650
9058100
9060231
9061953
9062456
9067276
9070045
9074648
9092409
9097377
9100838
9104410
9120794
9121367
9121962
9123857
9124046
9124922
9126429
9128478
9129744
9132881
9146720
9149793
9150908
9156143
9159619
9166906
9171020
9176120
9176672
9177213
9184910
9190311
9191895
9201006
9205984
9206524
9210404
9210728
9210861
9210912
9217333
9218870
9223131
9233185
9239441
9247612
9250293
9251031
9252714
9252927
9257800
9258292
9258411
9263928
9263962
9265683
9271332
9274626
9276971
9277010
9277792
9283070
9284099
9285931
9288103
9291985
9298483
9306028
9307053
9311546
9319534
9319615
9327176
9329329
9333614
9339427
9341962
9343751
9344967
9347034
9347588
9351960
9364095
9364725
9365527
9368462
9371214
9373910
9374103
9375101
9376830
9376989
9392735
9394974
9395100
9401444
9404640
9410866
9411112
9415479
9417628
9418561
9420894
9425021
9425186
9427242
9431560
9432537
9433736
9442866
9444199
9444415
9448490
9449389
9450579
9450936
9455336
9455485
9456004
9457353
9462342
9464609
9474128
9477200
9479312
9481844
9490137
9490855
9490884
9491369
9491488
9494982
9504555
9507845
9508095
9514274
9515947
9522975
9523305
9527164
9529292
9531488
9533572
9538818
9542018
9542482
9545217
9545886
9547098
9551828
9556189
9557173
9557288
9566388
9567383
9579078
9581351
9581539
9583330
9588562
9589347
9590631
9592249
9594508
9595305
9600376
9605627
9611406
9619019
9622099
9623206
9625966
9626168
9628620
9632130
9634631
9637143
9637813
9640763
9643711
9643891
9646033
9646224
9649273
9649696
9650326
9650401
9654231
9655723
9657522
9657555
9665257
9674286
9674712
9684335
9684446
9685486
9687938
9689626
9690776
9695973
9700193
9704743
9710882
9714613
9715625
9718789
9722276
9728667
9729300
9732791
9737537
9745104
9746984
9747505
9747989
9749111
9750390
9752599
9757951
9760880
9761118
9763133
9767805
9768487
9768667
9775354
9775741
9775776
9778495
9783288
9785190
9787722
9790440
9790478
9800058
9802647
9816283
9821075
9826258
9837401
9838623
9839149
9840244
9840672
9841962
9858493
9859392
9860421
9862582
9863280
9864557
9870976
9872423
9874140
9877268
9879234
9886245
9890074
9892413
9901753
9904617
9905920
9911827
9915686
9916371
9918334
9920238
9923084
9925933
9930602
9932567
9933126
9938370
9939073
9944245
9947307
9947970
9957044
9960073
9960844
9961530
9962184
9962208
9966870
9967691
9971187
9972472
9973778
9975301
9985006
9986950
9994020
9996634
9997849
10003104
10003699
10005378
10006132
10010321
10016794
10019224
10019739
10019802
10021109
10029581
10038886
10042199
10045651
10046000
10046086
10047058
10049982
10054415
10055013
10059492
10060731
10065308
10067927
10069661
10070916
10072406
10076949
10081208
10081608
10096213
10098179
10100050
10104088
10106551
10107280
10108275
10109062
10113581
10113665
10117987
10121141
10123624
10132011
10134118
10134345
10135143
10135404
10142982
10143516
10144217
10145185
10146211
10149232
10149729
10150722
10151745
10155139
10155510
10160003
10161293
10161408
10165867
10168209
10170636
10170881
10174053
10175386
10177106
10180703
10195079
10195376
10197653
10198269
10199989
10205468
10207831
10208564
10210459
10210871
10210912
10211836
10214328
10216792
10217702
10221474
10224315
10226193
10227135
10227252
10227425
10227997
10229264
10234320
10235062
10235122
10240902
10240917
10247621
10253220
10254430
10255678
10258329
10261915
10262798
10272322
10274220
10277440
10277717
10277966
10280362
10280863
10284386
10287140
10290863
10294374
10294602
10296893
10297739
10302614
10302658
10303234
10307145
10308724
10312323
10320048
10320374
10326464
10329186
10329319
10331265
10331875
10332861
10333694
10334702
10335810
10338899
10339771
10340020
10344277
10346023
10351158
10359372
10361365
10362469
10363461
10367232
10368075
10369637
10382798
10384833
10384943
10388393
10390757
10392953
10393111
10394661
10400095
10403234
10411638
10415113
10416512
10416863
10419066
10421179
10424331
10428703
10428707
10436152
10439213
10442748
10443125
10445090
10451385
10452332
10452633
10454824
10460561
10464867
10466990
10468112
10470219
10470289
10471729
10479509
10483394
10494230
10495125
10496353
10499538
10499806
10502527
10502765
10505040
10505250
10507382
10508077
10512891
10513240
10521503
10525830
10526542
10532122
10533894
10539895
10545106
10547167
10549727
10550076
10552456
10553212
10554989
10556590
10557708
10561217
10563045
10567837
10567951
10570294
10578189
10587481
10591966
10595430
10596962
10597894
10599917
10600208
10603858
10604947
10605512
10609637
10614569
10616005
10616133
10619402
10623216
10625309
10627473
10627761
10631510
10635261
10635539
10637097
10641379
10643046
10643142
10644402
10645399
10651411
10655322
10662269
10662917
10663871
10668047
10669602
10669876
10675172
10678554
10678642
10681796
10685444
10688838
10690980
10691806
10694100
10700750
10701321
10704356
10706382
10707248
10712936
10712971
10713606
10725785
10730550
10742084
10744251
10747072
10748792
10755816
10760061
10762803
10763295
10763353
10764808
10765191
10767404
10770071
10770657
10772695
10773513
10774264
10775962
10778369
10783039
10784377
10786037
10790571
10790905
10798606
10799866
10801767
10804469
10807915
10816741
10821872
10823528
10824097
10825129
10830636
10836789
10836829
10838290
10839909
10842544
10843434
10845536
10851242
10859800
10862037
10876777
10881844
10885934
10889466
10892233
10898202
10901212
10901886
10904463
10904713
10904906
10905452
10907863
10909895
10918268
10919728
10927153
10927315
10929078
10929833
10929914
10930574
10932737
10934472
10936513
10939694
10939954
10941470
10945490
10946691
10946974
10949866
10951850
10953920
10954680
10965438
10969869
10975757
10977273
10980472
10984543
10987505
10988170
10989482
10990931
10991368
10998653
11005865
11008609
11012078
11012110
11013639
11014081
11020754
11022669
11023390
11024706
11026663
11028558
11029275
11034686
11035058
11038164
11041707
11047434
11048625
11049682
11052061
11052561
11052577
11053961
11058078
11065096
11067649
11069033
11069988
11071822
11072349
11074731
11078028
11085146
11094121
11099029
11099716
11100393
11110789
11113217
11113539
11113778
11119598
11121147
11121222
11126596
11132395
11132965
11133042
11133576
11133589
11137772
11153695
11159617
11162372
11164368
11166611
11168074
11171442
11172824
11176240
11176471
11178169
11178722
11180534
11181504
11191461
11191863
11198507
11200840
11201452
11204415
11204435
11206016
11208997
11209735
11214068
11215613
11218976
11219141
11219929
11221742
11227623
11233609
11234793
11236786
11237073
11241459
11241737
11246566
11251492
11258550
11260767
11260811
11270661
11272892
11275521
11281893
11284915
11287265
11295703
11297193
11313957
11315595
11320413
11322959
11323641
11324522
11327300
11329739
11329855
11330240
11332719
11338525
11345360
11345686
11346851
11348108
11351063
11351852
11356253
11357116
11357791
11357868
11358230
11358674
11365371
11370625
11371957
11373097
11373752
11378166
11379897
11380828
11382525
11383569
11383631
11383660
11385031
11385653
11385889
11388552
11390548
11395331
11400425
11401034
11403301
11406476
11409343
11410378
11413370
11414138
11415460
11415755
11416142
11416420
11417873
11418930
11419540
11427171
11427213
11429126
11429672
11430250
11432679
11438249
11452769
11452958
11455742
11457305
11458372
11458736
11458943
11465261
11467722
11469986
11472527
11476393
11482571
11488633
11488896
11492168
11494004
11494198
11495448
11496626
11496766
11499969
11500567
11501199
11506931
11506986
11511439
11512322
11516113
11516333
11518146
11520391
11524013
11525332
11526873
11529104
11529316
11536097
11536307
11536703
11537043
11538046
11538053
11543500
11547008
11557397
11564023
11583634
11585742
11586343
11589705
11593570
11593657
11593868
11607838
11611089
11620801
11621290
11622069
11622997
11623652
11627361
11631841
11632127
11633497
11645592
11645749
11650788
11657046
11663690
11670073
11671301
11675863
11676976
11679668
11685031
11689520
11694671
11700359
11700983
11702367
11704439
11708380
11708590
11709551
11709661
11711004
11711898
11712648
11713044
11714098
11715522
11719267
11722138
11722570
11727810
11737343
11738987
11744014
11750220
11760864
11769087
11771154
11775598
11776430
11777302
11782014
11787050
11791288
11792664
11794015
11795340
11802717
11803285
11817137
11817233
11823870
11825038
11831040
11840717
11842295
11845775
11851258
11851351
11851904
11856026
11857090
11860350
11861895
11864329
11865630
11865883
11871005
11871696
11874058
11874318
11878669
11881671
11884687
11885166
11887027
11887360
11887470
11889640
11895592
11898886
11900317
11902269
11903018
11903974
11904770
11911008
11916455
11918059
11921840
11924323
11927048
11931381
11936793
11938599
11941983
11942124
11949451
11950900
11953337
11954771
11956105
11962145
11962774
11965690
11966716
11966890
11974828
11976302
11976385
11976774
11979098
11982236
11982496
11983246
11987540
11991208
11998418
11998919
12005274
12006006
12009305
12010581
12011092
12011450
12012457
12018421
12022022
12033184
12033390
12036393
12038942
12039907
12049070
12051056
12051325
12053151
12060788
12062687
12065305
12069538
12070801
12071096
12071852
12074478
12081269
12081507
12086078
12089696
12095652
12098285
12100518
12101002
12101704
12105387
12112204
12114078
12115802
12121493
12121612
12126259
12134320
12136142
12142434
12143671
12144074
12145494
12149653
12162992
12165748
12169478
12177097
12177412
12177648
12180579
12182866
12184629
12186622
12188549
12190417
12197119
12202963
12206033
12207274
12208548
12211364
12215209
12221933
12222346
12223752
12224478
12229288
12238893
12241141
12241792
12243120
12245400
12246620
12251364
12251659
12254298
12256648
12257266
12259397
12261523
12262019
12264318
12270274
12271867
12272274
12274012
12280198
12292463
12294176
12295151
12298588
12306874
12307020
12307565
12309020
12310008
12317234
12321290
12323409
12323749
12326385
12332821
12334445
12337556
12339248
12341905
12344137
12351083
12352493
12354654
12363646
12367921
12370768
12373582
12376162
12380266
12381721
12382281
12382419
12388737
12391486
12393562
12394207
12394368
12403917
12413357
12414127
12417565
12418633
12418929
12428198
12439992
12444049
12445121
12447737
12451211
12454838
12458924
12462297
12462882
12467376
12468615
12474283
12474320
12480709
12485203
12489756
12492307
12510445
12516709
12517685
12522338
12523723
12527670
12527720
12528452
12529982
12530449
12535489
12543840
12553979
12555971
12559097
12569752
12570322
12573751
12578013
12580598
12582975
12585217
12589222
12591615
12591755
12592104
12592522
12592711
12593019
12593385
12594265
12595110
12600354
12603682
12603896
12604475
12605559
12606589
12607807
12610486
12610809
12611547
12612874
12619077
12620138
12622319
12623688
12626689
12627186
12628632
12629268
12643986
12647322
12648642
12670817
12670844
12671005
12673194
12675346
12677045
12683466
12694747
12695151
12697545
12697875
12699273
12704862
12709903
12711509
12713139
12714270
12714396
12717201
12723046
12727038
12728224
12735535
12737250
12737910
12739857
12746071
12755317
12759854
12770829
12773028
12773083
12782859
12785802
12791600
12793841
12804685
12805487
12806604
12814981
12815784
12817098
12821881
12829852
12833322
12834418
12837552
12838759
12839873
12841443
12843086
12846234
12850480
12862477
12865892
12866091
12871139
12872020
12872818
12878634
12878686
12884136
12890778
12891822
12892886
12895691
12899617
12908671
12918972
12920258
12931122
12931875
12932321
12935248
12940431
12942212
12956733
12958636
12961801
12972041
12976599
12976691
12978015
12984897
12990116
12993830
12997897
13000626
13002267
13003062
13005553
13005971
13009013
13010247
13014892
13018852
13021220
13024218
13025370
13027283
13033137
13039332
13039664
13045383
13045969
13046063
13047428
13050411
13055357
13055867
13057107
13066796
13068396
13073491
13076410
13083419
13089157
13089493
13090574
13094067
13094382
13097947
13102509
13107944
13109228
13113793
13115716
13122138
13131838
13141546
13144482
13148036
13154491
13154724
13157805
13158171
13159196
13168787
13170128
13171633
13178465
13182411
13183602
13186835
13189373
13190214
13192408
13194270
13196320
13196443
13197813
13203226
13203301
13205544
13208166
13225259
13228602
13232324
13233447
13234957
13238950
13242218
13242549
13243986
13247109
13249025
13249800
13251508
13252549
13253737
13255964
13257681
13261180
13271313
13272176
13278830
13280775
13282526
13283156
13283891
13284189
13288973
13291216
13294685
13295995
13296145
13300755
13305645
13306063
13308070
13309689
13310008
13317405
13323960
13328932
13334996
13335024
13335405
13339484
13344187
13346123
13356999
13369557
13378031
13379444
13384939
13386117
13386803
13390525
13390985
13391028
13393805
13404838
13408213
13410886
13411919
13412114
13412869
13412965
13413798
13417997
13423827
13423970
13426406
13434234
13436296
13443229
13443429
13451644
13452272
13452345
13452916
13458286
13460512
13461690
13461920
13462267
13463221
13465443
13472218
13475119
13480152
13490603
13490904
13497544
13499192
13507386
13508563
13510061
13510150
13519304
13520258
13520666
13523710
13524550
13528646
13530762
13532171
13534836
13555040
13562028
13568106
13579719
13583772
13584904
13585470
13586976
13593592
13595926
13596214
13597341
13601662
13607498
13608235
13613980
13613983
13615400
13616257
13617217
13619196
13620190
13623085
13637281
13638528
13639552
13640701
13640825
13641261
13645761
13647927
13650339
13651192
13655428
13656600
13659830
13662361
13665174
13665318
13665348
13679722
13681582
13683147
13685284
13688434
13691135
13703886
13712042
13712445
13714074
13715753
13718537
13728562
13734212
13741325
13746602
13748891
13753410
13754111
13760804
13766695
13767244
13770268
13775717
13775947
13778909
13785390
13788827
13789602
13791168
13792001
13797040
13805013
13805281
13808448
13812856
13814081
13814958
13817268
13824621
13843587
13847319
13851048
13854241
13863084
13870292
13870852
13870865
13872829
13875382
13879006
13881438
13882488
13889665
13889923
13900868
13902069
13904213
13906698
13911124
13912053
13916874
13918238
13920075
13920142
13924214
13924875
13933732
13934136
13938980
13940397
13940770
13941213
13941555
13966835
13967471
13972912
13977019
13980484
13985233
13986358
13986723
13986980
13988836
13989192
13993494
13995064
13997728
13999365
13999940
14001197
14003680
14005095
14006291
14012971
14016255
14016618
14018820
14019164
14020984
14032508
14033935
14038797
14039496
14040618
14048359
14048578
14049479
14050656
14052623
14053317
14053412
14060756
14062699
14063908
14068012
14076123
14083166
14085500
14087021
14094133
14097964
14098258
14098556
14099235
14102949
14106333
14107802
14108816
14110438
14110595
14112618
14114367
14114499
14115169
14118250
14121661
14124040
14130918
14135451
14137394
14140713
14144167
14144552
14148145
14148725
14152228
14154114
14154171
14154442
14155550
14155581
14162733
14164017
14164581
14164956
14170937
14172818
14176817
14177475
14178874
14179131
14183540
14191118
14193153
14196597
14206684
14207757
14208009
14208492
14220479
14220648
14223041
14223988
14224178
14224626
14225462
14226374
14228186
14229853
14230965
14231269
14244391
14246538
14249807
14252585
14255903
14268455
14271298
14274868
14276685
14276830
14278590
14287020
14288251
14288462
14301698
14302351
14303928
14305095
14307866
14315160
14318080
14319070
14321218
14327624
14327804
14329622
14334353
14345403
14345600
14345718
14349089
14352792
14352936
14355307
14356554
14362624
14365231
14366617
14366650
14368228
14368417
14370599
14371206
14373686
14374521
14374656
14376482
14382303
14383721
14390479
14390610
14392336
14392402
14396885
14412440
14415424
14420246
14424744
14428318
14432423
14433341
14440441
14441252
14444973
14446870
14450595
14455968
14456280
14456690
14457627
14460209
14464002
14465697
14473021
14476031
14478663
14482280
14487085
14490605
14495216
14495317
14497774
14503723
14514808
14517196
14524029
14526538
14528692
14528772
14532705
14533620
14534978
14538471
14540532
14544409
14544697
14545042
14545555
14546565
14549690
14553684
14560505
14564086
14565618
14570632
14572089
14572591
14578674
14579515
14588043
14595031
14599047
14601779
14603094
14604311
14606296
14606341
14611663
14618682
14618971
14619680
14621758
14623859
14625268
14629689
14630291
14634570
14636102
14642329
14647134
14649093
14657377
14661638
14667848
14669579
14671358
14672758
14673489
14675418
14675699
14693388
14697297
14698244
14699888
14703353
14704069
14704513
14709047
14714995
14717549
14718081
14719678
14719741
14723103
14723163
14724091
14727217
14730945
14738349
14739139
14741451
14741908
14745969
14751631
14752737
14754411
14754838
14765189
14771282
14775167
14777330
14783693
14785543
14791346
14792734
14793989
14797897
14800042
14801008
14801599
14801647
14803069
14804956
14809845
14810212
14810247
14810996
14816985
14817061
14819105
14819478
14819789
14820690
14832945
14835663
14841322
14848835
14850342
14852754
14859476
14862330
14863973
14867257
14870335
14876304
14878919
14880548
14884950
14887542
14889985
14891199
14892844
14896283
14898499
14900607
14903034
14904580
14917486
14917528
14919104
14920007
14920137
14929539
14934004
14935972
14938521
14939716
14941105
14941148
14941874
14941953
14943010
14946795
14949265
14953346
14953810
14957142
14957938
14958056
14962858
14964443
14973335
14983083
14985578
14989631
14989749
14994109
14995494
14999775
15003907
15008022
15010666
15012271
15014067
15030616
15041344
15051368
15055074
15056170
15057383
15058144
15067759
15067812
15068413
15078120
15079630
15080240
15080693
15081169
15087120
15090405
15093075
15097582
15101196
15101819
15101868
15102238
15114406
15115238
15124396
15124827
15125037
15128409
15128868
15133113
15133352
15141492
15142680
15143088
15146407
15146926
15149656
15150019
15151560
15154112
15155083
15161088
15163319
15173720
15173777
15173998
15175348
15182146
15186018
15189700
15190125
15198622
15200915
15201193
15201933
15204734
15206131
15207692
15208279
15211573
15215335
15218460
15221359
15226520
15239197
15243242
15256439
15256501
15257390
15260142
15267956
15272184
15274707
15276594
15277736
15284169
15285155
15287031
15300078
15303599
15304023
15304390
15306695
15306967
15307567
15312006
15317378
15317984
15322627
15324873
15328349
15329598
15330868
15337398
15342893
15344128
15344551
15347947
15350430
15352132
15352261
15353851
15358258
15367674
15370533
15385205
15388403
15392308
15396186
15397899
15401142
15401188
15401833
15404342
15408771
15412182
15420179
15420357
15420881
15423942
15426619
15426649
15429732
15431222
15431522
15435367
15435496
15438152
15442608
15447000
15447193
15451281
15454584
15457095
15474634
15477566
15483138
15484195
15489127
15489244
15492040
15501336
15506756
15506865
15515164
15522908
15526146
15527423
15527465
15529376
15529718
15531837
15533117
15536616
15539251
15539384
15540079
15540467
15547355
15549063
15550983
15557839
15563801
15570358
15570439
15572996
15573191
15577929
15582418
15585135
15586347
15586378
15588536
15589393
15590376
15595401
15595906
15598619
15599553
15605246
15606674
15607517
15607733
15623609
15624924
15625437
15627607
15636650
15641263
15645398
15648724
15649139
15650045
15663053
15665742
15667225
15679605
15681869
15685130
15685472
15687685
15689050
15689188
15695441
15696679
15702243
15705257
15712860
15712922
15714259
15722433
15723168
15724009
15725454
15735079
15736876
15738995
15741662
15753620
15755574
15758097
15760158
15762889
15769233
15771773
15772666
15774679
15774827
15779369
15781488
15784504
15787008
15790809
15793135
15800604
15809548
15828315
15833066
15835428
15836346
15842706
15847153
15847764
15849689
15851936
15856903
15858311
15862798
15863120
15875355
15876358
15881967
15890614
15891297
15892635
15894051
15895532
15902435
15907206
15909583
15909888
15910113
15910306
15911899
15917514
15919533
15927718
15928316
15936602
15942707
15943041
15948940
15951799
15951973
15953754
15954329
15954514
15956801
15964397
15970807
15971725
15973656
15980122
15981795
15985688
15991461
15991535
15991889
15997868
15998955
15999411
16008448
16011536
16023137
16027811
16029242
16033120
16039372
16048518
16048672
16049367
16052249
16054577
16056677
16057492
16057577
16059186
16062277
16070687
16071264
16071368
16071779
16072156
16073506
16075559
16082315
16083247
16083302
16089372
16089990
16097521
16098093
16101805
16105445
16106534
16117348
16129907
16130545
16130990
16133106
16133642
16136607
16136813
16139599
16143123
16145308
16147114
16151982
16159060
16160743
16161406
16162543
16165495
16168263
16170727
16173781
16173848
16175276
16177152
16178255
16178999
16184374
16185637
16187668
16188462
16189957
16197335
16199473
16200316
16208872
16211057
16218140
16219085
16222639
16223637
16224329
16225839
16228975
16229371
16230738
16240791
16242606
16253433
16253643
16253989
16269195
16271328
16272771
16274937
16275543
16286375
16291732
16291950
16294701
16298975
16304849
16306699
16307194
16308667
16309662
16313294
16313560
16315523
16316602
16317046
16321843
16322352
16323447
16325059
16326952
16330614
16332343
16333199
16333356
16333362
16346802
16349256
16353190
16353220
16354217
16356578
16360992
16363791
16365246
16366847
16368120
16371582
16373960
16375625
16379013
16380833
16386573
16386686
16388913
16393059
16397585
16397713
16399208
16406546
16412895
16417890
16418663
16419392
16422807
16425781
16428795
16433799
16434964
16437464
16444347
16445271
16448980
16449222
16456801
16457883
16466105
16466271
16468493
16469257
16472150
16474803
16478927
16480625
16489823
16491525
16500621
16505424
16506224
16506453
16507866
16508464
16509746
16518646
16520105
16525198
16530118
16532641
16534957
16535416
16546080
16546474
16548264
16555525
16564523
16565075
16566470
16573185
16575718
16580783
16582106
16583260
16591764
16595135
16599774
16600286
16608231
16609102
16610810
16612441
16615784
16616819
16618238
16625026
16626648
16627273
16632043
16635296
16639066
16641425
16642886
16643602
16647956
16648206
16649192
16651487
16651890
16653991
16654838
16655045
16657968
16658688
16659543
16659727
16660698
16660904
16662528
16668469
16672296
16673021
16673823
16676222
16679959
16694376
16694564
16702168
16702428
16705744
16706072
16706490
16707264
16707829
16708663
16710612
16710909
16711047
16711305
16712717
16717242
16718472
16718745
16726629
16728235
16728643
16729424
16729510
16739801
16741538
16744577
16746242
16749669
16753719
16755138
16769444
16772576
16773130
16775559
16783653
16784889
16786798
16788473
16793232
16794715
16799511
16802174
16803051
16809914
16813733
16815347
16818160
16826487
16827282
16831415
16839600
16840111
16841243
16842492
16842733
16849364
16864915
16865288
16865918
16872389
16874406
16876498
16878801
16884503
16884590
16888480
16894143
16896291
16902913
16903587
16908085
16908829
16919623
16924111
16924812
16930873
16933207
16936822
16938301
16944101
16948583
16948695
16949725
16958589
16972699
16973267
16973349
16985655
16985720
16987557
16991195
16994428
16997693
16998705
17004917
17005134
17010250
17010718
17010819
17011101
17011289
17014433
17019522
17020379
17025618
17026248
17028080
17030681
17031385
17046712
17048611
17054104
17055036
17055587
17058511
17061191
17065883
17069018
17069771
17080293
17081089
17082461
17082822
17087333
17095345
17101041
17105420
17107085
17107973
17108308
17112319
17113030
17121656
17123868
17127693
17132960
17134364
17134690
17135801
17136606
17137881
17140067
17140197
17140888
17142832
17143583
17144052
17146195
17150692
17150996
17151721
17151790
17153119
17158618
17159599
17164597
17174308
17182505
17182762
17184515
17186897
17188520
17205176
17208657
17212682
17213695
17216779
17221855
17224105
17224407
17227513
17230768
17232261
17233908
17235720
17237751
17241047
17241534
17242365
17242946
17243061
17244465
17245662
17255563
17255596
17257383
17259579
17262077
17270300
17274315
17299267
17303223
17303567
17311689
17312053
17313143
17313709
17314066
17314083
17318809
17320092
17320191
17322074
17324296
17331464
17332421
17336890
17345657
17349770
17351057
17351296
17351597
17353366
17354130
17359109
17367079
17370585
17380221
17391891
17392944
17397044
17397115
17398399
17399010
17403107
17403369
17403810
17408560
17414029
17414870
17416277
17418204
17420629
17426320
17426903
17429006
17432866
17442979
17444940
17448128
17448351
17448804
17451216
17456735
17458191
17463129
17464272
17464588
17467328
17469602
17473309
17473871
17474772
17479562
17481575
17482482
17485657
17486401
17488378
17490795
17495462
17499728
17510059
17514643
17520257
17520540
17522106
17523419
17523554
17525305
17526034
17526909
17528586
17529207
17533307
17535024
17542964
17546059
17546117
17549445
17550125
17552266
17552861
17555033
17555492
17558186
17563340
17564215
17565921
17570882
17573715
17575313
17576391
17580029
17582394
17584118
17586948
17595733
17596717
17599174
17602041
17609628
17609769
17610373
17620244
17621003
17623648
17626926
17627606
17633750
17638848
17640337
17641932
17642869
17649459
17653968
17654731
17657981
17658940
17661295
17666686
17668491
17673679
17674497
17674595
17677884
17678451
17682201
17683102
17683471
17684430
17685580
17689586
17699434
17713381
17717842
17718240
17721211
17722154
17723086
17725755
17726038
17726337
17729000
17740579
17742254
17748399
17749321
17749779
17749810
17752844
17753527
17755550
17771469
17772360
17778962
17793014
17794155
17794972
17796743
17797368
17804679
17818418
17819379
17827347
17830038
17836160
17837864
17838899
17839630
17840656
17844276
17849603
17853881
17856333
17856547
17859916
17870619
17871611
17876621
17877424
17878654
17880106
17880263
17882239
17883037
17885979
17886657
17888380
17888696
17890961
17891766
17894084
17901515
17902097
17902270
17905173
17907031
17911291
17912663
17914578
17915470
17921337
17925653
17931124
17934218
17938095
17938567
17940772
17941286
17942900
17952514
17964206
17965484
17967763
17970488
17974309
17974339
17977069
17981393
17994342
18001635
18003538
18003870
18015752
18016779
18020435
18021766
18023389
18026448
18028911
18030560
18039761
18042198
18042337
18042397
18044383
18048026
18050723
18054943
18061663
18065176
18077708
18078505
18082565
18086192
18088944
18091277
18092128
18096847
18103888
18108484
18110254
18113121
18118672
18119483
18123369
18124436
18125251
18133915
18135881
18136168
18136451
18140683
18143138
18143728
18149905
18154737
18155427
18160037
18183414
18183718
18185831
18186567
18187879
18190100
18192329
18194091
18198525
18200411
18205857
18210023
18211037
18211226
18211785
18213985
18214553
18216250
18217859
18218265
18219189
18219285
18219474
18221562
18224767
18226118
18226460
18227777
18228221
18228741
18234329
18234581
18239532
18240272
18249792
18249958
18255157
18261217
18263333
18271406
18276729
18279581
18288499
18295554
18295912
18305473
18305787
18309945
18319436
18324964
18325954
18329825
18330919
18331241
18333946
18337927
18340350
18341036
18343320
18345268
18350086
18358329
18358357
18358862
18360547
18360914
18366349
18372623
18374587
18375733
18377104
18377289
18379398
18382724
18391674
18393563
18393645
18396261
18399254
18400101
18400617
18402261
18403154
18409442
18412732
18416319
18421277
18426151
18426986
18428694
18429131
18430353
18430489
18431900
18432189
18433997
18435543
18443673
18446244
18446608
18457358
18459839
18463618
18466877
18467420
18468014
18468531
18470061
18473822
18473858
18477662
18478915
18479280
18481284
18481573
18487009
18488744
18489989
18490974
18493624
18494243
18496162
18497300
18499197
18505356
18509915
18511315
18512784
18514218
18521380
18533694
18534578
18536113
18537593
18538319
18540502
18548346
18551847
18552900
18555541
18560968
18565002
18567466
18568333
18571701
18576232
18583975
18585945
18587551
18590541
18593211
18603815
18605331
18605482
18609690
18612084
18612400
18615738
18619272
18619424
18620433
18623789
18624955
18625181
18637335
18639122
18639794
18640003
18640842
18644185
18645473
18647878
18649928
18658917
18662807
18667640
18667673
18671403
18674139
18678188
18678915
18680674
18685631
18685688
18686477
18687160
18690706
18693544
18693623
18700255
18700326
18701697
18703592
18706381
18708223
18709322
18714177
18717283
18719957
18727824
18728623
18734106
18734565
18736637
18738658
18739300
18742422
18743478
18744065
18744832
18745206
18747641
18751696
18756973
18757276
18759266
18762284
18762413
18770180
18772195
18773049
18773280
18774944
18779465
18781150
18782370
18783718
18784720
18786238
18786746
18790491
18792201
18794841
18795930
18796747
18797431
18803165
18803183
18808473
18809971
18816222
18817292
18824210
18826006
18827739
18828103
18829858
18830607
18832477
18834521
18838486
18839770
18843086
18848246
18852008
18860822
18861963
18863459
18865089
18867011
18867880
18868850
18870039
18873734
18876499
18886239
18887833
18897471
18900985
18901450
18902241
18906656
18910002
18912582
18912795
18916291
18916827
18921718
18923841
18926507
18931843
18932207
18934078
18935269
18936058
18941872
18942638
18943087
18943403
18943779
18949955
18950831
18953837
18954734
18956777
18957633
18961985
18965596
18970084
18971697
18972730
18979502
18979898
18983649
18985444
18990136
18990831
18995616
18996985
19008917
19011679
19016408
19020655
19023093
19023202
19024445
19026297
19026792
19030514
19031679
19032340
19033043
19042331
19043356
19045457
19047338
19051624
19060465
19060547
19060713
19068724
19070417
19070618
19072360
19085290
19086112
19086936
19095413
19096406
19096769
19098369
19104031
19104235
19110369
19112169
19114959
19120348
19131155
19132855
19135931
19139193
19140706
19140854
19144883
19146999
19149670
19152389
19155552
19156535
19160551
19162489
19162843
19164240
19164827
19165695
19166332
19174303
19178305
19183889
19189846
19195061
19201618
19205706
19206824
19210079
19220137
19220443
19222866
19223865
19227223
19228166
19230571
19234589
19235465
19235916
19236055
19242921
19244336
19251497
19252424
19261914
19264460
19266143
19275578
19279897
19281983
19284691
19285885
19300859
19301997
19303552
19304282
19306159
19306174
19307582
19311036
19312257
19314629
19315393
19315700
19319413
19322120
19327164
19340937
19346869
19349280
19353422
19353512
19355157
19358901
19365720
19367205
19368226
19370253
19370836
19377474
19378506
19379268
19379608
19380573
19385585
19390998
19406241
19408173
19410553
19413868
19416713
19422182
19425526
19426624
19427592
19428825
19430556
19433089
19437963
19440772
19444587
19444973
19445594
19445807
19449251
19450974
19452172
19453237
19455958
19456742
19457171
19459428
19463832
19463950
19464901
19471111
19482281
19487651
19490934
19491038
19494247
19495867
19496101
19498804
19498973
19507024
19507692
19511938
19513130
19513918
19515239
19519321
19522823
19523979
19526614
19528985
19532235
19536385
19543628
19558887
19561554
19562684
19564778
19573135
19577225
19578861
19585560
19586183
19597635
19603063
19607685
19609610
19612104
19616656
19618038
19619743
19622381
19622736
19626462
19627506
19628486
19632544
19633827
19637099
19639893
19640725
19643249
19644315
19644566
19656070
19661329
19664067
19664424
19664805
19669611
19673253
19678426
19680283
19680921
19691933
19692767
19696410
19700779
19702252
19703505
19711077
19723017
19725415
19725816
19726765
19728036
19729155
19730136
19732702
19734894
19738115
19739703
19741260
19744653
19745275
19747949
19751448
19751600
19754473
19762888
19774898
19777919
19780467
19783210
19785538
19795556
19796112
19796871
19797940
19798064
19800918
19801242
19807114
19812207
19815738
19818202
19823137
19826496
19828404
19828458
19834815
19836695
19843555
19845032
19846510
19847972
19851336
19853394
19854978
19858932
19862701
19863240
19870550
19883347
19889284
19894873
19895008
19901359
19901390
19901999
19914310
19915771
19919010
19919851
19921189
19929990
19935395
19936160
19936884
19938279
19942346
19950974
19952455
19957766
19959893
19964753
19965583
19968562
19970513
19977208
19978589
19980723
19980968
19984725
19996428
20000000
20000168
20000544
20001503
20004183
20009756
20013873
20015437
20017396
20018772
20031095
20032075
20033163
20033230
20036779
20037259
20039898
20044700
20062030
20064197
20066959
20067497
20070146
20071983
20072350
20074034
20075975
20078808
20079961
20082102
20088437
20091065
20092551
20096101
20107791
20108298
20109480
20110699
20111986
20113607
20118438
20119056
20119824
20121267
20127574
20132715
20134224
20140319
20141997
20144746
20144938
20145640
20146405
20148300
20149808
20151050
20151723
20154022
20154856
20168637
20172557
20172659
20172906
20173642
20176244
20185191
20188160
20188543
20189443
20193572
20193702
20196731
20198602
20201865
20202072
20206562
20208089
20213287
20224849
20226920
20230797
20232839
20233795
20235213
20235316
20236012
20236146
20236243
20238927
20239231
20240240
20246876
20256993
20257224
20259688
20261097
20261769
20262335
20262423
20271554
20277737
20279583
20279804
20280266
20280322
20282412
20283130
20283494
20285711
20286212
20286627
20288310
20292107
20292560
20292609
20293383
20293840
20294686
20295530
20296228
20303714
20304586
20310932
20318273
20319326
20321267
20322939
20327562
20328860
20332995
20337484
20340986
20342950
20343181
20344942
20353525
20363722
20367182
20367986
20370327
20372278
20372434
20374165
20376023
20377296
20378783
20381325
20383280
20385582
20388855
20394544
20395700
20398964
20405856
20414017
20415703
20416122
20423050
20426963
20428754
20431902
20432986
20435373
20445574
20448409
20452007
20455626
20457985
20459212
20461191
20461448
20468841
20474708
20481738
20490600
20491242
20491878
20492193
20494826
20502127
20505256
20509729
20511617
20514203
20515264
20516875
20517299
20522384
20522842
20522907
20525492
20527545
20533791
20538445
20542045
20546118
20549167
20551240
20559138
20561440
20562270
20563325
20567354
20568436
20569706
20573913
20580801
20582901
20586695
20587507
20591370
20593144
20597025
20598292
20605223
20607936
20608905
20613934
20614141
20616744
20620444
20621912
20622384
20623203
20626412
20627414
20627580
20627983
20631798
20635196
20638727
20640345
20643166
20644502
20644994
20648457
20657420
20657695
20658851
20660467
20660497
20665154
20665220
20667555
20668647
20678796
20679695
20680671
20682125
20688062
20689967
20692683
20693825
20697205
20698571
20704902
20705168
20711075
20718585
20718954
20718973
20719208
20727170
20727407
20734104
20739227
20739689
20742795
20743455
20744019
20745279
20746696
20761406
20765634
20768476
20773611
20776589
20783176
20790430
20791017
20791384
20792743
20798337
20802845
20804780
20807025
20808070
20811440
20817203
20825200
20828144
20828949
20837755
20844515
20846581
20861330
20864587
20868804
20871708
20871930
20873123
20875313
20879328
20883043
20883222
20884618
20884703
20889206
20890006
20894180
20895368
20897946
20899833
20904923
20908750
20911725
20916259
20916656
20917941
20925091
20928452
20929595
20933585
20934341
20937189
20938890
20944250
20949417
20949673
20951168
20955097
20962005
20965135
20966531
20968782
20969088
20978844
20980783
20981607
20982906
20992201
20992807
20993458
20994150
21002772
21006300
21011338
21022826
21024138
21025104
21025292
21026517
21028714
21029166
21029847
21031301
21038034
21045527
21046854
21052431
21053227
21053573
21057176
21057958
21059838
21062954
21063060
21063862
21065256
21065323
21070225
21071095
21081365
21083532
21084426
21085222
21085999
21089175
21089677
21090902
21091540
21093307
21093420
21098897
21101749
21102043
21103375
21108654
21113136
21114638
21114863
21123987
21125939
21131694
21131908
21131959
21132810
21141964
21142346
21144263
21148348
21150942
21151193
21151433
21153031
21153819
21164384
21166579
21167359
21167683
21170947
21172413
21180335
21183013
21187531
21191308
21191704
21193403
21195485
21196487
21197513
21202821
21209731
21209828
21211199
21213860
21216738
21220419
21223049
21223818
21224137
21224775
21224975
21229583
21229626
21243349
21243869
21245815
21252906
21254860
21257000
21260244
21260351
21265570
21268372
21269287
21269887
21272468
21272695
21272736
21288830
21299677
21300121
21302082
21305526
21316001
21323428
21324076
21327040
21332494
21333057
21333605
21336314
21336621
21338763
21351348
21352990
21356267
21361193
21362370
21364466
21364657
21368989
21369485
21370636
21374983
21377403
21378402
21384427
21386150
21388917
21390544
21391776
21394355
21396104
21398128
21402867
21404342
21405973
21406293
21406806
21409937
21410287
21411363
21411634
21413776
21417599
21418597
21421037
21422658
21430551
21433885
21440214
21441489
21453197
21453216
21468996
21469646
21470376
21470873
21474285
21479566
21480402
21480484
21482819
21484889
21485735
21489865
21497842
21498021
21501540
21503585
21508224
21509574
21513464
21522056
21524094
21525967
21527717
21532949
21538713
21547107
21548408
21551561
21554973
21556307
21557020
21557754
21559352
21560065
21560156
21560576
21562828
21563857
21564121
21565419
21572469
21574863
21578580
21583160
21585638
21585954
21588386
21591479
21592588
21593366
21593547
21599833
21604721
21608983
21609205
21609669
21610466
21615635
21617853
21619662
21622721
21626321
21626887
21626905
21629045
21629985
21636952
21643830
21648366
21650504
21654500
21654825
21658417
21659811
21665480
21666318
21667369
21670464
21671155
21680851
21684487
21685226
21689465
21698930
21699794
21701467
21702778
21708242
21710587
21715314
21715570
21717503
21726807
21731144
21736553
21736774
21739421
21740077
21742029
21747260
21752223
21757083
21760350
21764102
21766812
21768291
21774025
21778305
21779394
21781094
21781216
21789623
21792417
21793029
21797849
21798917
21803077
21803725
21803844
21811220
21813518
21818790
21821920
21823458
21828105
21828280
21832599
21834329
21838157
21840664
21843232
21846693
21852452
21855339
21858042
21858578
21859417
21864237
21872115
21873420
21878439
21879627
21887700
21898315
21898670
21902297
21902299
21908858
21910463
21910577
21922064
21924786
21928815
21929026
21929183
21935478
21936605
21937865
21941328
21949610
21951089
21955255
21957272
21957491
21960911
21968220
21968913
21975431
21979528
21980221
21981969
21984704
21992361
21999066
22000726
22004505
22009512
22010998
22014538
22015894
22017693
22023575
22026594
22027035
22038581
22038764
22046395
22048268
22050797
22059563
22069020
22071877
22072034
22072706
22079352
22079864
22081196
22083576
22086298
22086441
22087110
22088074
22088255
22089548
22093183
22095902
22096032
22096530
22106743
22108910
22110657
22112090
22119619
22125664
22131108
22137931
22143027
22144348
22147179
22149764
22154684
22156809
22160614
22162163
22166826
22170994
22172069
22174230
22181318
22182354
22190818
22193115
22194686
22200856
22201894
22205493
22208216
22208257
22209561
22211534
22211960
22218861
22218886
22223866
22227085
22230118
22232431
22233799
22235913
22236827
22237287
22243423
22243435
22243808
22247305
22249154
22249404
22250329
22251377
22255683
22267757
22269566
22270712
22271129
22271778
22271882
22279080
22283479
22286297
22287171
22287882
22289045
22292085
22292945
22296548
22301345
22302427
22302669
22303602
22305821
22312602
22313462
22314079
22316227
22318249
22318485
22320314
22320359
22324064
22326122
22327689
22328086
22330135
22331604
22332757
22342711
22343801
22345525
22349206
22350412
22351602
22356137
22359844
22361442
22362324
22363253
22365294
22366183
22367026
22368543
22373230
22373543
22375445
22376946
22377292
22378464
22378963
22379016
22379763
22382517
22385568
22389892
22389900
22393075
22393804
22402787
22403697
22404379
22405071
22408620
22408844
22412639
22413867
22414746
22415517
22416004
22416959
22417566
22420049
22422662
22423611
22432535
22435397
22437446
22441277
22443017
22444529
22452163
22454475
22455261
22463209
22468050
22472243
22472464
22474967
22475669
22478161
22478360
22482865
22483210
22483384
22487745
22488021
22488764
22489205
22491172
22492076
22493297
22494184
22497322
22501545
22503257
22512194
22515268
22518131
22518810
22518923
22521918
22522261
22522514
22527037
22528257
22530659
22533114
22533519
22536912
22537174
22540136
22548172
22548508
22550992
22553691
22554723
22555674
22555681
22559411
22570048
22571908
22572065
22573422
22578971
22582522
22583862
22585321
22585801
22586789
22588372
22589112
22592560
22593047
22598591
22601091
22609357
22609879
22611115
22613138
22616176
22618177
22621931
22625023
22625046
22626655
22627796
22633668
22639986
22640844
22645740
22646364
22648159
22648275
22651801
22654863
22656885
22667039
22672143
22672444
22673895
22678768
22681810
22682912
22684873
22686678
22689689
22695575
22696002
22698292
22703198
22709700
22714784
22721831
22722557
22729368
22734308
22737080
22748216
22751654
22754487
22758116
22760228
22761693
22766108
22767690
22768335
22769470
22769596
22770941
22783352
22784205
22786329
22786620
22787417
22793467
22795574
22796326
22796719
22803331
22803540
22811306
22818899
22820700
22823294
22823689
22827555
22830721
22834156
22838113
22848851
22850005
22850960
22852819
22854087
22865989
22871662
22872056
22874801
22875447
22876062
22879876
22893180
22894830
22895186
22896605
22897335
22899445
22903221
22903397
22905525
22905548
22906395
22907959
22909131
22909458
22911162
22914134
22914899
22915214
22917861
22919158
22920343
22921334
22925416
22925791
22925890
22930709
22937341
22940485
22942568
22945476
22952351
22955627
22960580
22964073
22964523
22965014
22977958
22978048
22979718
22981901
22982232
22987364
22988624
22989280
22990162
22995695
22999109
22999438
22999580
22999663
23001439
23001904
23003541
23003918
23007111
23008532
23011750
23012617
23014690
23014742
23015766
23023759
23030742
23031687
23035192
23038625
23042538
23042945
23045443
23048275
23048323
23055007
23062550
23064346
23067368
23076301
23079724
23081184
23084220
23088028
23088591
23097781
23101405
23102055
23102795
23105248
23107335
23107892
23108319
23114711
23120982
23124366
23129626
23131057
23136134
23137260
23153128
23167564
23174654
23175698
23176127
23177072
23185473
23190194
23190699
23193802
23222017
23223950
23225063
23225800
23226677
23226961
23230093
23232752
23236434
23236569
23237015
23238201
23238795
23244530
23249807
23250760
23259191
23261565
23265250
23266195
23266974
23270909
23274523
23276866
23277971
23279872
23284082
23290945
23292317
23306657
23309388
23309508
23309757
23309885
23312214
23319582
23321251
23329462
23332722
23332731
23333210
23336347
23343579
23344707
23346082
23348808
23352398
23359019
23360580
23360774
23361416
23362113
23363110
23364432
23369867
23373029
23375491
23377519
23380250
23384498
23384842
23385824
23392356
23396722
23398701
23398926
23401165
23404244
23407813
23407911
23410307
23416728
23422738
23423905
23426069
23427643
23432376
23435992
23447694
23455545
23460631
23461744
23468722
23469018
23473060
23476710
23477308
23478161
23482349
23486210
23491077
23491834
23493709
23494917
23503519
23505397
23512386
23514744
23518413
23532268
23532496
23534505
23539671
23541437
23542447
23546482
23549325
23551233
23552127
23557162
23557624
23557865
23558459
23566589
23569781
23570629
23574654
23575378
23575381
23575851
23576029
23577517
23579612
23582732
23583084
23583257
23583547
23583671
23584954
23588178
23593710
23596082
23597589
23600038
23600636
23600975
23603515
23605218
23605226
23606536
23607716
23608325
23615298
23620281
23629358
23632157
23632713
23634910
23637438
23645919
23651461
23653809
23655079
23657121
23657585
23657822
23659211
23660745
23661154
23663665
23664107
23664544
23665150
23675333
23676406
23682693
23683044
23688558
23691283
23694080
23695060
23696614
23697636
23697777
23707039
23708393
23710711
23711232
23715933
23720046
23720237
23720799
23724680
23727470
23727601
23732285
23743414
23748332
23749207
23749400
23752088
23753499
23754421
23756213
23756699
23757669
23768777
23769316
23778500
23779151
23780805
23784518
23786957
23790153
23801794
23802045
23805566
23808890
23811999
23813837
23815767
23818403
23818720
23819135
23819764
23821812
23822115
23824485
23825174
23829150
23829855
23832636
23833557
23834466
23842898
23845700
23847161
23849636
23849841
23852867
23854470
23854726
23855515
23855536
23866995
23867299
23871959
23874079
23875209
23880095
23885118
23885284
23890710
23891588
23894456
23896600
23897719
23898590
23898927
23900026
23900555
23904061
23908045
23910195
23910601
23912241
23923995
23924830
23930249
23933754
23936144
23937100
23938167
23941234
23944811
23949012
23950035
23952938
23954035
23956318
23958117
23963157
23968879
23972544
23974248
23975774
23979120
23980559
23981272
23982761
23985452
23986681
23992382
23993385
23997462
24003346
24007421
24012946
24014867
24015886
24027126
24028345
24031121
24036816
24037822
24039763
24040394
24040537
24041858
24042032
24043111
24045051
24045835
24053436
24055326
24055930
24062283
24066102
24070436
24071882
24072536
24073017
24085341
24088199
24088838
24093973
24094762
24099604
24101578
24107328
24108430
24110268
24114813
24114965
24117029
24118243
24118266
24124452
24125117
24127680
24133699
24137218
24137559
24138540
24138776
24139175
24140807
24141498
24142264
24145975
24148953
24149741
24150151
24157855
24158204
24158881
24168797
24172135
24183033
24185238
24186616
24186689
24190445
24192493
24193009
24210322
24212804
24213132
24219072
24221517
24223821
24227765
24228177
24235592
24237333
24240545
24241731
24246552
24247173
24247973
24249599
24250895
24252594
24259036
24260484
24264765
24265385
24265455
24273110
24277089
24277411
24277592
24278919
24282142
24282288
24283423
24286498
24290127
24290289
24291643
24293655
24305154
24309094
24309107
24309704
24312105
24312606
24315361
24317328
24321440
24325843
24326284
24327143
24334496
24335771
24335848
24337741
24338591
24338879
24342510
24351348
24353454
24353517
24355792
24356375
24356420
24358628
24361365
24362985
24372192
24379062
24380182
24386610
24387403
24387636
24388299
24388460
24390925
24392346
24393180
24393986
24398065
24399606
24400582
24400829
24402281
24403559
24406071
24423424
24425168
24426664
24427666
24432596
24434205
24435455
24436099
24440215
24440634
24444792
24450105
24454804
24456953
24469772
24474438
24474880
24476330
24480399
24480895
24481184
24481865
24486640
24487411
24487556
24487742
24489586
24491930
24503484
24509090
24510055
24512432
24514673
24516599
24517398
24517452
24518338
24521031
24523207
24525008
24526324
24529637
24548923
24550380
24554053
24557803
24559591
24561772
24563178
24564344
24566999
24568264
24582253
24594920
24596583
24604322
24608577
24610518
24611766
24626604
24627973
24629541
24630253
24632047
24632278
24632949
24636756
24641206
24652137
24652291
24653627
24656439
24659077
24660729
24666850
24667755
24669199
24669933
24673901
24676732
24677374
24680031
24680668
24681144
24681629
24684495
24686744
24689639
24692679
24693335
24694004
24697268
24703687
24703785
24704688
24707686
24709730
24710692
24712005
24712639
24713806
24716742
24717904
24723499
24723524
24729961
24730439
24733236
24734496
24735377
24736688
24738178
24739283
24742353
24746828
24746928
24754345
24755175
24756161
24756711
24758544
24760975
24774203
24776609
24776957
24779469
24781547
24781917
24783203
24791056
24793223
24797630
24797837
24803586
24807470
24809028
24813545
24815363
24817732
24818694
24826943
24834637
24844350
24844480
24848582
24849606
24853033
24853732
24855341
24859839
24866649
24872490
24873822
24874740
24875627
24878748
24879565
24884619
24884839
24886531
24891270
24892827
24894518
24898734
24901702
24905564
24905988
24907390
24911254
24912287
24915320
24922352
24923736
24926016
24929154
24929793
24932792
24933033
24934341
24935310
24935900
24936402
24936555
24939181
24939649
24941398
24942502
24943956
24949082
24956760
24958003
24973702
24978813
24978915
24992620
24994969
24999434
25003994
25005004
25005674
25006776
25009736
25016474
25017793
25018614
25020051
25023313
25023996
25024936
25024946
25025297
25026481
25027240
25040368
25042159
25045426
25059130
25062976
25064950
25065602
25067836
25068310
25071295
25071952
25074012
25074751
25075328
25075472
25078220
25078228
25080718
25085821
25086560
25089390
25097436
25098973
25103878
25113660
25115673
25118217
25121806
25126833
25127620
25128081
25128571
25136499
25138707
25139346
25140037
25141811
25150221
25158157
25158585
25162683
25165594
25166624
25166703
25171272
25171840
25176945
25194941
25196315
25219596
25220468
25225313
25233975
25239577
25246529
25247556
25251771
25257531
25257605
25259192
25262766
25263149
25263717
25266482
25271417
25275520
25279858
25282660
25287723
25291118
25292521
25294132
25294218
25295154
25299568
25302725
25303108
25306257
25306872
25309857
25315660
25320367
25320393
25321191
25332027
25334715
25334734
25335754
25342467
25345108
25345517
25353957
25355991
25360170
25366640
25370128
25371894
25376372
25378021
25383635
25385499
25386653
25390911
25400572
25401680
25403172
25406427
25407370
25410150
25411576
25414054
25430447
25435139
25439059
25442790
25444983
25448984
25451004
25452912
25455765
25457216
25460548
25464222
25469054
25478900
25481326
25483625
25486985
25491564
25492249
25495084
25503377
25504493
25507443
25508108
25512581
25513579
25518992
25519898
25522166
25526724
25527701
25528506
25529780
25532895
25532975
25536399
25550459
25551429
25553982
25559349
25564791
25571838
25573281
25574589
25576337
25582513
25587827
25595640
25598228
25598612
25598877
25599132
25599503
25604286
25612086
25620950
25622808
25623306
25624026
25624333
25624597
25625245
25629176
25631482
25635565
25640981
25645828
25646526
25646593
25648037
25650023
25653747
25654355
25659038
25665879
25668147
25668665
25671905
25676042
25681944
25683526
25685919
25689201
25692013
25693331
25695283
25695382
25696342
25703070
25710193
25710429
25711542
25713450
25713758
25716065
25718971
25722253
25724395
25724866
25727452
25727799
25729875
25730125
25733598
25733600
25739351
25746707
25752222
25756422
25759731
25765496
25775122
25777116
25778835
25782304
25784319
25788408
25797490
25797585
25800725
25801222
25802815
25806798
25808259
25811108
25811162
25811177
25811478
25817706
25830596
25850565
25851003
25859292
25865448
25869137
25875340
25876655
25877498
25884836
25886209
25889248
25889676
25893014
25895950
25899643
25901435
25902056
25908574
25911848
25915937
25916833
25922999
25926687
25927274
25933671
25934505
25934857
25935321
25937384
25940012
25946683
25948758
25948792
25949412
25950770
25956973
25957629
25959592
25961469
25965913
25966771
25974763
25982460
25993985
25998420
25999473
26001070
26001986
26004447
26009384
26010678
26012482
26014840
26014905
26014989
26015467
26016691
26022285
26025239
26026355
26027306
26030512
26032381
26034806
26040478
26041295
26050947
26052214
26055580
26056122
26058443
26065614
26068065
26071570
26082451
26083641
26086761
26087987
26090908
26093504
26095050
26095375
26095422
26097512
26098080
26098110
26100945
26109393
26120329
26121904
26123868
26124217
26126411
26128671
26136178
26136183
26138887
26143193
26144995
26147248
26160622
26165525
26166179
26166247
26168517
26171012
26177743
26178207
26178520
26181330
26185007
26197592
26203419
26205109
26205701
26209914
26213898
26217003
26231130
26236669
26239143
26240958
26245185
26247116
26255284
26258558
26259436
26264146
26267223
26267393
26276747
26277012
26278030
26284783
26288649
26288774
26297028
26300318
26300914
26308258
26310656
26316133
26316698
26324788
26326885
26330192
26331958
26333328
26335115
26339112
26346676
26348849
26352464
26356078
26358740
26360878
26362396
26363939
26371296
26374041
26375403
26388436
26392010
26395227
26396177
26397908
26404310
26411604
26414365
26416415
26419341
26420756
26424906
26426768
26443742
26447985
26454324
26454573
26460408
26463109
26463777
26467948
26469340
26473504
26484565
26486058
26486975
26489878
26498953
26502128
26502209
26505944
26512205
26515802
26517539
26518617
26523546
26530261
26535489
26536114
26537745
26539199
26539833
26545436
26551429
26553203
26553450
26553739
26555127
26557717
26559424
26559569
26561739
26562859
26563046
26563815
26570174
26570579
26571417
26572838
26574638
26574890
26577574
26577736
26578299
26579453
26582243
26584764
26585823
26587002
26588276
26589625
26599758
26601111
26605799
26608334
26610655
26612849
26613620
26625137
26625461
26627292
26628941
26630177
26634820
26638839
26640735
26648111
26648824
26656297
26657951
26658396
26667774
26668446
26669023
26671687
26671888
26671941
26672843
26681627
26691380
26693252
26698373
26702117
26703254
26705368
26711651
26711778
26713402
26713462
26714154
26714688
26717403
26721636
26721650
26726061
26727311
26727874
26729492
26735884
26736477
26745722
26746592
26758115
26767448
26767450
26768369
26774932
26778532
26781406
26781812
26782657
26791792
26795968
26796891
26797809
26803976
26808230
26809082
26810336
26819919
26822773
26825845
26833852
26838936
26847737
26860473
26860653
26861260
26864594
26870808
26876120
26880096
26880959
26881132
26883154
26884180
26889336
26891450
26891492
26895905
26897937
26899201
26901607
26908109
26910743
26921826
26923208
26925198
26926961
26944056
26944561
26946733
26952318
26952595
26953165
26954650
26955787
26955956
26960218
26965994
26969884
26973665
26976320
26976538
26976606
26979949
26981779
26984905
26986738
26988944
26991969
26993027
26994013
26994091
26996864
26999954
27003258
27004839
27006707
27007494
27007802
27013405
27022244
27022790
27027783
27031567
27032925
27041568
27050847
27051638
27051787
27054223
27069417
27071713
27076597
27078738
27080795
27082742
27085048
27086317
27088715
27090904
27091000
27098027
27101243
27101860
27102724
27104586
27106117
27110094
27114228
27115857
27122672
27124904
27127140
27136663
27137697
27144154
27155451
27155736
27164113
27167855
27172288
27176969
27177606
27179693
27179777
27182545
27197557
27198521
27199374
27205070
27209129
27211035
27223144
27225516
27229683
27230406
27232375
27233944
27235077
27235491
27236150
27238824
27239160
27243567
27243755
27245922
27249271
27251948
27252727
27252976
27255333
27255457
27258017
27261042
27262973
27267138
27268418
27269208
27274193
27275111
27276094
27276906
27280104
27282699
27286203
27286797
27291395
27295767
27300073
27300111
27302126
27307278
27312188
27312503
27313404
27313548
27323186
27331044
27331222
27331410
27333659
27336246
27342256
27343189
27348478
27349111
27350413
27351341
27356038
27357905
27359609
27360093
27362714
27362729
27367259
27369353
27369413
27370077
27374416
27381428
27381772
27382417
27391834
27392175
27404675
27405160
27405877
27408255
27409573
27410995
27412730
27417533
27417611
27424157
27427455
27429867
27431405
27432862
27434779
27435231
27439369
27441275
27441614
27446441
27447151
27451348
27453745
27460185
27461488
27462646
27464175
27464212
27466473
27467030
27467262
27469909
27471884
27478162
27478359
27488851
27489102
27490460
27490602
27491741
27493408
27493520
27496351
27499356
27500592
27500636
27504919
27517966
27521386
27522471
27530886
27537056
27545097
27547163
27549039
27552103
27552536
27554861
27557336
27559715
27560775
27564448
27566789
27567167
27568041
27569799
27571493
27575441
27575478
27578058
27578280
27578543
27589538
27596930
27601914
27602530
27603474
27603942
27605194
27608353
27609290
27610275
27613236
27619965
27621810
27622480
27624078
27630698
27636345
27637613
27647498
27650125
27655222
27655362
27657433
27662203
27666889
27667065
27669608
27670609
27674049
27675857
27678456
27679217
27682930
27687022
27691350
27694209
27694463
27697001
27701150
27702460
27708840
27717304
27719882
27720200
27724560
27727666
27729618
27731716
27732877
27742396
27748624
27748644
27752370
27756859
27758341
27760811
27767264
27767955
27770194
27772147
27773129
27776830
27782451
27785464
27786494
27792067
27792309
27799467
27801725
27804905
27805543
27810158
27812239
27812993
27813995
27815702
27816092
27826312
27834808
27855636
27857027
27858658
27859904
27860817
27862554
27864077
27865475
27871152
27873672
27877831
27877894
27879710
27888976
27889006
27893837
27896818
27899073
27907285
27907314
27911413
27912970
27917007
27921950
27924375
27925024
27927804
27931228
27936611
27937272
27938768
27938771
27940444
27944359
27947962
27950341
27950548
27950648
27953691
27962773
27964811
27967510
27967930
27970238
27976034
27979884
27983710
27999362
28000964
28003042
28009368
28009869
28010195
28010327
28016647
28016928
28017045
28018757
28019943
28023042
28023703
28024723
28025279
28028322
28028494
28028654
28030982
28036366
28037332
28047889
28051637
28051724
28058430
28061263
28065055
28073980
28074876
28077632
28084981
28089127
28091092
28093770
28102143
28102235
28104139
28105439
28111541
28112243
28113492
28115147
28116129
28119946
28130486
28136551
28137418
28137590
28142752
28144248
28144505
28147527
28157280
28167060
28168712
28170153
28170162
28171437
28171828
28173724
28176662
28191577
28193088
28196603
28200041
28200890
28206891
28209862
28211282
28211993
28212547
28225014
28233925
28237616
28239356
28247383
28249796
28252432
28257785
28261490
28262334
28263368
28276599
28278859
28284291
28288184
28299783
28300568
28302574
28305719
28307265
28307309
28308734
28310252
28315980
28316264
28319437
28325171
28328542
28330705
28331856
28333604
28336338
28337783
28349436
28351022
28362740
28363277
28363680
28364536
28367542
28371432
28377241
28378149
28379637
28392510
28393025
28408460
28410393
28412222
28412619
28414397
28416863
28417304
28417615
28417877
28428159
28429760
28434508
28435617
28435772
28435974
28437296
28438545
28441155
28452787
28453867
28458420
28462424
28462669
28464794
28468387
28471183
28471315
28476080
28476262
28477075
28477216
28487093
28490446
28493831
28495607
28496117
28498735
28498967
28507360
28507450
28516699
28516944
28518444
28521905
28525676
28526743
28527858
28530448
28531226
28538699
28540457
28541503
28542650
28546619
28549166
28550608
28568207
28570040
28570571
28576587
28595466
28600614
28602979
28609931
28610931
28611466
28615392
28616004
28622072
28627842
28629913
28631369
28644037
28644059
28645095
28645972
28652023
28652681
28655615
28655753
28657668
28662543
28663140
28666733
28667257
28675431
28675890
28686794
28687913
28688016
28693953
28695446
28697019
28707396
28713898
28715176
28715600
28726832
28729304
28732089
28735602
28738132
28742966
28743814
28744058
28745128
28745802
28746618
28751654
28754073
28754708
28758968
28763657
28764722
28768282
28769484
28771275
28774948
28779610
28780089
28780364
28783057
28785962
28788875
28797389
28806894
28808148
28808274
28810863
28811254
28811632
28818201
28826265
28830993
28832873
28834049
28834361
28834907
28835570
28843159
28844979
28849712
28852370
28859885
28869135
28870403
28871564
28871790
28873291
28876263
28881990
28890648
28891440
28899999
28900394
28901522
28902272
28903584
28908823
28919295
28921914
28923258
28926764
28927586
28928986
28929587
28937946
28957844
28959392
28959567
28960703
28961392
28964038
28964568
28966216
28972068
28979247
28988968
28990672
28994419
28999567
29011305
29011770
29014439
29015260
29017134
29017278
29019460
29023515
29028426
29034481
29037525
29041372
29041760
29043956
29053836
29055326
29056181
29058513
29065934
29071909
29076518
29083003
29085016
29092850
29095407
29096607
29101753
29107037
29119303
29123565
29127567
29129557
29130890
29131757
29131903
29136697
29145037
29154815
29156665
29156952
29158339
29164352
29165102
29166831
29167355
29170256
29170637
29174678
29175228
29179115
29180698
29181477
29187393
29195408
29198203
29200281
29203685
29203957
29206284
29207037
29214010
29214860
29217727
29220358
29221117
29221468
29221539
29233422
29234667
29236825
29237542
29240349
29240945
29241109
29245999
29246505
29250053
29251707
29256809
29258949
29260811
29261736
29264109
29267878
29270511
29271704
29278023
29281430
29282807
29286580
29288920
29293434
29300717
29304728
29311506
29313217
29314992
29317397
29322187
29326194
29327679
29331761
29331901
29334663
29335056
29335508
29340142
29347736
29348490
29354179
29356490
29357234
29366450
29368888
29371776
29374089
29374619
29378167
29380022
29380737
29380839
29383844
29387379
29390787
29391315
29392228
29395554
29396189
29396889
29397021
29400248
29400407
29402281
29402765
29409379
29410107
29412933
29413488
29414208
29420193
29424693
29431643
29435260
29436875
29437544
29439334
29440148
29442035
29445638
29453068
29455993
29464088
29468642
29468900
29470495
29471156
29475317
29484618
29502413
29508956
29510894
29511499
29513458
29515122
29517671
29518862
29518917
29520145
29520161
29522090
29523253
29527550
29528459
29532351
29533711
29537558
29538704
29540251
29540940
29545721
29547131
29552224
29552768
29565088
29565575
29566982
29570564
29572421
29577205
29583030
29585835
29597177
29597793
29598143
29598153
29598740
29599165
29605569
29608322
29609177
29611197
29615182
29615814
29620230
29620325
29622381
29636512
29637333
29648614
29653794
29663349
29670088
29670727
29674531
29677778
29679504
29682227
29683404
29685407
29690279
29692145
29695737
29697839
29710486
29712469
29714769
29721958
29730377
29732032
29732535
29733962
29734891
29736240
29737290
29740018
29743449
29744949
29748419
29752571
29764365
29768087
29768965
29771460
29772050
29774407
29775121
29775498
29775693
29775870
29776691
29777381
29779576
29779996
29781075
29783101
29783115
29788746
29794788
29799647
29809628
29810566
29813263
29816027
29820918
29824369
29828744
29832538
29833408
29836844
29842772
29845078
29850044
29860271
29863633
29865852
29866370
29870423
29872510
29872595
29872674
29874796
29876288
29876434
29877846
29879396
29879487
29883861
29890422
29891115
29895120
29895787
29897075
29900404
29904279
29906613
29906710
29907614
29915986
29916553
29925393
29927941
29929632
29938743
29943830
29950433
29955351
29958909
29964860
29970047
29971834
29974393
29978704
29979972
29980244
29983860
29989228
29989305
29991935
29993864
29997577
30001589
30002866
30007929
30013906
30016052
30018142
30020043
30029651
30034293
30034662
30036169
30040051
30041108
30042259
30046488
30048832
30048886
30057238
30064515
30064616
30065161
30071499
30074181
30075036
30087718
30091718
30091950
30092430
30092625
30107783
30109252
30109868
30116159
30118230
30118908
30119613
30122989
30124879
30127634
30129647
30130849
30132547
30134098
30134540
30134970
30136289
30138380
30140174
30141949
30144935
30145304
30145998
30147280
30148685
30149739
30156692
30157904
30164221
30170387
30172778
30178025
30180911
30184578
30185290
30185772
30186849
30190149
30192693
30196198
30196600
30203409
30203437
30204250
30206142
30206629
30208594
30210829
30212902
30216487
30220391
30223808
30224842
30227949
30248937
30248990
30250219
30252910
30255248
30256746
30257827
30260156
30262867
30263549
30264124
30272121
30272766
30276458
30276860
30278104
30283053
30288300
30289973
30295373
30298823
30299832
30301331
30302174
30303463
30305279
30306512
30309903
30309967
30314583
30316275
30318282
30326123
30335547
30335999
30349033
30353970
30362227
30367670
30368611
30371381
30377421
30379270
30382995
30383780
30385032
30385383
30389989
30391455
30393283
30394112
30394267
30396302
30397385
30404313
30406861
30408083
30409295
30421589
30425322
30426799
