300
550
1242
1374
1493
1866
2173
4970
4990
5121
5606
5825
6181
6293
6707
6807
6870
7055
7124
7271
7480
7665
7930
8093
8549
8999
9642
9653
9682
9703
9889
9959
10002
10167
10418
11393
11701
11704
12957
13212
13226
13687
13800
13975
14116
14383
14699
15013
15021
15388
15532
15633
15745
15905
15940
16719
17149
18370
18519
19355
19529
20206
20246
20570
20599
20902
21002
21548
22249
22428
187400
187766
188243
188350
189348
189457
189534
189992
190347
190582
190844
191198
191254
191304
191791
191856
192300
192320
192952
193987
194427
195129
195161
195476
195484
195947
197032
197835
198374
198593
198948
200439
200970
201314
202196
203401
203404
203885
204163
204342
204373
205338
205432
205842
206023
206448
206778
206959
207091
207468
207710
208055
208064
208755
209170
355587
363446
367257
404757
405013
405268
406032
406045
406397
407670
407838
407970
408228
408352
408693
409174
409228
409674
409843
409904
410020
411486
411773
412020
412161
412839
413003
413201
413604
413729
414105
414250
414728
414907
414918
415562
416026
416551
417179
417342
417461
417493
417592
418508
418883
419125
419359
419833
419945
419977
420229
420613
421100
476265
483171
487966
538061
544643
547780
578665
580616
581424
581476
581873
583484
583875
584507
586667
586749
587116
589276
589611
589771
590279
590557
590614
591493
591518
592128
593379
593754
595101
596200
596652
596693
597143
597553
598179
599556
599809
600095
602782
603704
603713
610587
610596
612488
618286
618506
661510
663717
664080
664331
664821
664937
664992
665814
666036
666085
667023
667082
667186
667591
667875
668127
669207
669218
669610
669847
670371
670432
670818
672021
672033
672180
672363
672491
673281
673291
673962
673977
674100
674154
674468
674595
675319
675460
675656
675742
675843
677200
677412
677966
678147
679287
679338
680321
680389
774261
777362
786830
787925
788382
788410
788994
789807
790909
791331
791931
793125
793791
793809
793824
794038
794426
795185
795445
795715
795793
796090
796506
796601
796748
797138
797154
797185
797781
797915
798057
798147
798248
798322
798733
798835
799519
800304
877900
884331
887176
887705
889831
892253
921835
922222
922528
922836
922866
923168
923957
924452
924526
924806
924920
925435
926768
927008
927011
927050
927212
927447
927512
927660
927917
928675
928826
929003
929035
929141
929170
929453
929988
930922
931251
931887
931954
932144
932167
932343
932494
932512
932578
932598
932742
932787
933100
933620
933741
933851
934400
934710
934998
935255
935604
935658
936165
936228
936358
936953
937581
938628
939037
939480
939701
939881
940155
941150
941214
941220
941599
1172569
1172919
1173042
1173201
1173236
1173530
1173846
1174271
1174487
1174603
1174865
1175030
1175119
1175166
1175231
1175599
1176127
1176562
1177248
1177320
1177596
1177663
1177666
1177852
1177865
1178079
1178307
1178445
1178690
1178905
1179555
1180252
1180646
1180879
1181120
1181478
1181550
1181729
1182503
1182860
1183688
1184203
1184296
1184398
1184562
1184823
1185707
1185897
1185974
1186241
1186413
1186592
1186723
1186966
1187091
1187934
1188036
1188403
1189146
1189401
1189532
1190417
1190427
1191176
1191521
1191580
1192100
1192183
1300377
1353389
1353745
1353998
1354349
1354382
1354904
1355110
1355159
1355871
1356093
1356231
1356892
1357092
1357516
1357641
1357731
1357961
1357974
1358284
1358362
1358783
1358883
1359231
1359775
1359825
1359876
1361358
1361505
1361624
1361807
1361808
1363517
1363623
1363762
1364810
1364963
1365531
1365763
1365784
1366323
1366754
1366891
1367016
1367146
1367191
1367472
1367856
1367863
1368009
1368119
1368218
1368265
1368272
1368293
1368661
1368734
1368738
1368815
1369454
1369644
1369848
1369930
1370038
1370101
1370611
1370759
1370941
1371039
1371090
1371297
1371440
1371732
1371805
1371821
1372183
1372279
1372632
1372740
1373012
1373274
1518755
1519403
1519888
1520059
1520114
1520244
1520409
1520571
1521516
1522177
1522301
1522881
1522906
1522990
1523684
1523773
1524322
1524714
1524939
1525041
1525428
1526157
1526410
1526616
1526647
1526738
1527113
1527133
1528564
1528823
1529063
1529094
1529173
1529723
1529735
1530274
1530816
1530865
1532896
1533532
1539823
1542697
1562707
1566518
1571784
1612170
1613739
1613760
1614228
1614503
1615228
1615791
1617074
1617192
1617261
1619085
1619121
1619311
1620271
1620679
1621054
1621705
1621900
1622323
1624205
1624331
1655732
1682238
1682332
1682410
1682840
1682893
1682988
1683205
1683462
1683540
1683651
1683714
1683805
1684433
1684779
1684969
1685290
1685449
1686796
1687015
1687508
1687616
1687745
1688842
1688963
1689040
1689516
1689556
1689762
1690375
1690433
1690502
1690827
1690847
1691606
1691747
1692122
1692210
1692430
1692702
1692965
1693995
1694187
1694483
1694822
1695172
1695174
1696210
1696713
1696967
1697088
1697408
1697520
1697717
1697937
1698036
1698159
1698192
1698316
1698526
1698838
1698961
1699126
1699669
1699801
1699918
1700825
1700868
1701468
1865291
1865305
1865361
1865666
1865722
1865926
1866312
1866475
1867026
1867063
1867132
1867263
1867270
1867342
1867554
1867618
1867700
1868001
1868009
1869050
1869300
1869614
1869742
1870263
1870350
1870476
1870536
1870652
1870735
1870760
1870796
1870955
1871433
1871763
1872389
1872417
1872575
1872589
1873291
1873348
1873634
1873854
1873974
1874289
1874586
1875334
1875526
1875879
1875939
1876186
1876251
1876254
1876854
1876943
1876993
1877147
1877452
1877642
1878303
1878335
1878421
1878869
1896130
1933648
1934571
1934749
1934871
1935139
1935877
1936018
1937828
1940273
1940379
1940593
1941001
1941128
1942316
1942605
1942784
1944156
1944788
1945729
1945750
1945753
1947387
1949106
1989890
1990483
1991719
1992332
1992397
1992443
1993928
1994126
1994317
1994422
1994451
1994535
1995118
1995256
1995861
1995988
1996945
1997214
1997840
1998472
1998646
1998822
1999687
2000700
2000705
2001989
2082017
2082848
2083055
2083345
2083645
2083893
2084176
2085084
2085218
2085228
2085393
2085431
2085457
2085607
2085921
2086523
2086859
2087169
2087512
2087912
2088508
2088764
2088908
2088934
2088993
2089037
2089486
2089899
2089952
2090016
2090260
2090587
2090668
2090822
2090967
2090994
2091083
2091179
2091508
2091561
2091835
2091845
2092045
2092296
2093434
2093483
2093789
2093814
2093883
2093994
2094074
2094380
2094597
2094652
2094835
2095150
2095241
2095351
2095762
2095845
2095912
2095951
2096001
2096485
2096995
2157476
2164299
2229638
2230698
2231406
2232111
2232148
2232401
2234339
2234362
2235127
2235274
2235313
2236616
2238498
2239083
2239113
2239758
2240446
2241287
2241552
2241563
2275051
2289339
2415892
2415984
2417000
2417244
2417720
2418271
2418453
2418715
2419311
2420243
2420588
2420825
2421581
2421931
2422562
2422813
2425511
2427790
2501083
2502205
2502451
2503028
2503162
2503624
2507284
2508056
2509932
2514023
2569390
2569554
2569629
2570749
2570926
2571003
2571201
2571431
2571815
2571851
2572053
2572170
2572282
2572390
2572575
2573140
2573286
2573721
2573735
2573940
2574155
2574175
2574337
2574651
2574800
2575071
2575123
2575248
2575510
2575549
2575579
2575802
2576071
2576353
2576716
2576765
2576794
2576889
2577254
2577846
2577962
2578223
2579002
2579416
2579489
2579714
2579849
2579929
2581207
2581250
2581306
2581416
2581426
2581555
2581582
2581771
2581799
2581847
2582030
2582042
2582253
2583025
2583050
2583463
2583961
2584470
2585088
2585155
2585389
2586095
2586111
2586757
2586944
2586976
2587262
2587449
2587779
2588026
2588071
2588380
2588648
2588672
2589103
2589343
2589695
2589706
2589898
2589981
2590295
2590691
2590872
2591217
2591913
2592174
2592513
2592829
2593160
2593403
2593430
2593999
2594185
2595377
2595872
2595906
2596181
2596608
2596776
2596883
2597531
2597575
2597971
2598185
2598249
2598646
2599958
2600131
2600396
2601322
2601941
2602726
2602803
2602906
2603311
2603591
2603609
2603610
2603737
2604393
2605459
2605902
2606066
2606349
2606492
2606656
2606688
2606739
2607071
2607175
2607632
2607665
2608065
2608194
2608262
2608331
2791800
2791912
2792036
2793374
2795101
2795433
2795533
2797273
2797626
2799241
2801632
2803212
2803590
2890805
2893007
2896538
2897131
2899174
2899865
2899996
2900639
2902497
2904290
2905311
2905990
2906768
2907019
2908654
3003616
3003904
3005410
3005868
3006688
3007927
3008647
3009859
3011384
3011398
3012523
3013410
3014486
3014833
3016813
3017100
3020609
3021235
3021316
3021665
3043271
3043592
3044098
3045092
3045408
3045913
3046385
3046736
3047075
3047415
3047920
3048387
3048680
3049485
3049733
3049816
3050573
3050597
3050624
3050644
3051114
3051230
3051325
3051433
3051668
3051806
3053381
3053834
3055230
3055272
3055544
3055602
3055741
3055769
3055948
3056329
3056421
3059189
3230205
3231174
3235178
3240372
3270315
3270758
3271743
3274139
3277518
3277978
3278950
3279442
3280541
3281537
3282936
3305463
3305897
3306553
3306653
3306685
3306737
3307433
3307519
3307665
3307785
3308378
3308552
3308725
3308749
3309054
3309262
3309617
3309849
3310229
3310350
3310608
3311077
3312094
3312538
3312650
3312673
3312806
3312945
3313223
3313428
3313498
3313947
3314042
3314196
3314973
3315197
3316215
3316404
3316510
3316740
3317065
3317089
3317117
3317231
3317264
3317276
3456249
3456676
3457131
3457136
3457970
3459523
3461995
3464921
3466492
3466638
3468654
3469954
3477049
3477379
3477515
3477686
3478664
3478886
3478948
3479510
3480007
3480655
3480938
3481434
3481480
3482156
3482241
3482274
3482883
3483269
3483977
3484307
3485077
3485808
3485976
3487044
3487350
3487580
3488405
3488880
3488913
3489090
3489109
3489323
3489684
3490824
3491475
3492865
3494934
3504259
3529645
3529761
3529780
3530396
3530811
3531242
3531270
3531284
3531538
3532058
3532617
3532642
3533369
3533811
3534079
3534746
3535332
3535609
3536106
3536358
3536524
3536786
3536825
3536956
3539363
3539514
3540181
3541389
3541446
3541743
3542392
3542678
3542931
3723653
3723686
3724142
3725288
3726892
3726939
3726946
3727307
3727652
3727992
3728105
3728130
3728229
3729065
3729750
3729971
3730077
3730820
3730931
3731743
3731834
3731892
3732026
3732923
3733767
3733817
3734040
3734161
3734414
3735403
3735947
3736411
3736844
3736845
3737045
3737063
3737307
3737641
3738037
3738163
3738222
3738718
3739232
3739720
3740611
3740645
3740780
3741013
3741639
3741651
3741710
3742031
3742446
3742486
3742544
3742745
3742963
3743273
3743532
3744283
3744874
3745002
3746287
3746300
3746671
3746792
3746825
3876483
3876609
3876954
3877973
3878693
3879808
3884008
3924997
3927168
3928753
3932349
3932922
3934910
3935264
3935286
3937333
3938779
3938906
3939920
3940444
3941392
3943232
3946184
3946534
3946767
3947479
3949261
3951074
3951304
3951633
3952727
3953393
3953415
3953863
3954417
3956862
3957287
3959590
4029996
4030035
4030385
4030844
4030876
4030970
4031086
4031104
4031289
4031579
4032231
4032277
4032532
4032664
4032668
4032986
4033251
4033507
4034049
4034312
4034778
4035262
4036174
4036500
4037436
4037441
4037478
4037849
4038420
4038650
4038842
4039280
4039363
4039893
4040309
4040407
4040417
4040676
4040898
4040980
4041077
4074305
4074787
4076389
4076938
4078343
4079665
4080111
4084291
4084595
4120300
4120322
4120372
4120520
4121087
4121649
4121897
4121902
4122137
4122156
4122375
4122989
4123027
4123298
4123310
4123483
4123546
4123694
4123857
4124760
4125360
4125430
4125485
4125650
4125694
4125728
4126277
4126960
4127769
4129161
4129192
4130085
4130726
4130930
4131186
4131279
4131355
4131399
4131424
4131434
4131467
4131504
4131580
4131620
4131626
4131671
4131774
4132183
4132420
4132560
4132689
4133152
4133826
4133911
4133958
4134022
4134349
4134930
4135242
4135294
4135302
4135689
4135945
4135970
4136299
4136528
4181459
4182006
4182171
4182732
4183551
4184951
4185917
4186580
4187668
4187896
4188847
4189184
4189352
4189359
4189788
4189815
4191073
4191360
4191500
4191517
4192493
4192589
4192700
4192926
4195095
4220131
4224430
4226117
4230841
4370697
4371106
4371198
4371508
4371744
4372202
4373240
4373348
4373591
4373838
4374299
4374369
4374537
4375125
4375671
4375925
4376163
4376405
4376565
4376758
4376929
4377024
4377183
4377639
4377983
4378103
4378240
4378263
4378547
4378968
4379262
4379430
4379520
4379539
4379584
4379602
4379640
4380062
4380605
4380651
4380823
4381144
4381447
4381581
4382020
4382070
4382515
4382554
4382682
4383313
4383373
4383574
4383621
4383629
4383921
4384081
4384138
4384455
4384963
4385051
4385113
4386290
4409456
4411179
4412191
4412942
4414956
4415713
4416034
4416301
4417403
4417874
4417988
4418527
4420423
4421665
4423819
4426862
4427983
4448401
4448901
4448977
4448993
4449007
4449794
4449975
4450424
4450475
4450632
4450707
4451068
4451201
4451613
4451732
4451785
4451849
4451872
4451919
4451943
4452113
4452344
4452477
4453361
4453421
4453442
4454864
4455427
4456128
4456311
4456483
4456524
4456740
4457010
4457073
4457255
4457614
4457950
4458192
4458222
4458612
4458835
4458839
4459423
4459931
4460062
4460318
4460672
4460692
4460748
4460787
4461035
4461122
4461135
4461189
4461212
4461374
4461756
4461767
4461799
4461867
4461880
4461948
4462100
4462461
4462485
4462596
4463216
4463295
4463395
4463416
4463564
4463693
4464049
4464646
4464717
4464937
4464988
4465067
4569767
4570039
4570134
4570173
4570582
4570602
4570899
4571132
4571138
4571198
4571505
4571667
4572101
4572209
4572364
4572734
4572742
4573431
4573635
4574055
4574631
4575007
4576616
4576731
4576937
4577208
4577549
4577577
4577991
4578342
4579265
4579320
4579777
4579981
4580229
4581619
4582022
4582307
4582641
4582821
4582955
4583081
4583128
4583459
4583482
4583504
4583631
4584949
4585418
4585605
4585686
4585692
4585734
4585813
4586215
4586367
4586583
4586817
4586946
4587558
4587905
4588067
4588320
4588788
4588858
4589174
4589663
4589751
4589926
4590094
4724111
4724917
4725329
4725524
4725861
4726028
4726299
4726502
4726781
4726902
4726935
4727331
4727882
4727965
4728509
4728518
4728669
4729187
4729247
4729580
4729862
4729944
4730220
4730450
4730685
4730974
4731170
4731348
4731820
4731938
4732158
4732318
4732509
4732564
4732583
4732608
4732646
4732663
4733104
4733123
4733357
4733582
4733594
4734929
4735007
4735143
4735491
4735782
4735932
4735978
4736179
4736659
4898022
4898411
4900611
4901295
4901419
4902329
4903036
4904898
4906398
4907129
4907868
4911450
4912723
4914962
4915471
4915667
4916921
4938282
4940087
4944502
4946432
4948232
4952787
4955027
4958426
4958478
4958481
4958542
4959726
4960855
4961130
4961227
4961263
4962221
4962645
4963256
4964873
4965533
4965776
4965862
4966084
4967201
4967455
4967802
4968027
4971650
4971870
4971963
4974032
4974405
4974513
4974833
4974989
5013441
5013650
5014250
5014430
5014459
5014595
5014947
5015027
5015249
5016013
5016039
5016101
5016220
5016342
5016848
5017318
5017395
5017940
5018105
5018752
5019762
5020070
5020440
5020781
5020832
5021083
5021614
5022083
5022452
5022909
5023710
5024503
5024959
5025110
5025344
5025901
5026695
5026775
5027000
5027006
5027184
5027778
5028098
5028223
5029046
5029409
5029776
5029785
5029825
5029999
5030377
5031153
5031331
5031370
5031431
5032300
5032364
5032841
5032856
5032931
5037131
5040401
5040910
5262949
5263061
5263904
5264003
5264654
5265591
5266057
5266835
5267483
5267609
5267750
5267894
5268363
5268689
5269157
5270142
5270523
5270692
5270744
5270839
5271083
5271463
5271553
5271700
5271714
5272126
5272979
5273122
5273357
5273980
5274342
5274801
5274917
5274946
5274998
5275311
5275538
5275986
5276252
5276654
5276720
5276770
5277137
5277481
5277788
5277823
5277939
5278075
5278246
5278483
5278536
5278812
5279355
5279689
5348303
5350763
5351666
5352892
5353062
5357858
5359095
5363758
5363969
5365281
5365556
5367530
5368822
5369251
5406627
5409007
5418853
5420170
5420706
5422210
5558994
5559596
5559995
5560275
5561002
5561138
5561392
5561704
5561758
5562415
5562726
5563076
5563549
5564396
5564820
5565046
5565395
5565715
5565723
5566434
5566723
5566755
5567306
5567402
5567660
5568025
5568148
5568378
5568654
5568881
5568895
5569425
5569570
5570238
5570258
5570274
5571777
5572062
5572315
5572846
5572885
5572978
5573153
5573345
5573457
5573841
5573992
5574123
5575471
5576284
5576377
5576560
5577302
5577528
5577615
5578702
5578829
5578866
5579264
5579675
5579792
5580360
5604681
5604893
5605735
5770244
5770263
5770350
5770465
5771146
5771315
5771405
5771655
5771791
5772283
5772473
5772473
5772570
5772653
5773678
5773973
5774346
5774873
5774885
5775453
5775460
5775719
5775829
5776622
5776980
5776994
5777145
5777241
5777302
5777453
5777655
5777815
5777921
5777924
5777976
5778097
5778639
5778802
5779033
5779047
5779653
5779773
5779809
5780480
5780841
5780881
5780917
5780987
5781125
5782045
5782281
5782616
5782934
5783037
5783254
5783352
5783401
5783479
5783533
5783859
5783879
5784295
5784722
5784875
5784988
5785105
5785528
5785849
5786030
5786099
5786143
5786316
5786506
5786647
5786855
5786863
5786868
5787424
5787512
5865872
5867713
5869213
5875538
5877480
5880842
5881072
5884798
5955308
5955434
5956127
5956335
5956570
5957483
5957544
5958348
5959111
5959517
5959721
5959949
5960043
5960333
5960700
5961609
5961722
5962053
5963745
5963910
5964131
5965375
5965767
5965840
5966339
5966787
5966936
5968067
5968106
5968834
5968871
5969385
5970913
5972747
5973071
5973116
6009497
6068925
6069505
6073203
6073544
6074993
6075359
6085056
6104294
6104312
6104996
6105034
6105241
6105328
6105599
6105687
6106775
6107508
6107552
6107862
6108180
6108210
6108271
6108346
6108458
6108562
6108699
6109065
6109119
6109827
6110072
6110647
6110918
6111114
6111322
6111391
6111655
6111689
6112050
6112140
6112237
6112390
6112403
6112466
6112565
6112747
6112918
6113110
6113372
6113741
6113918
6114426
6114688
6114828
6115068
6115748
6116100
6116164
6116428
6116614
6116693
6116752
6116919
6117029
6117240
6117276
6117288
6117523
6118000
6118123
6118230
6118287
6118480
6118874
6118881
6119132
6119159
6119419
6119823
6119853
6119898
6120127
6120481
6120491
6120708
6120767
6121216
6121273
6121328
6121539
6121618
6121717
6121735
6122229
6122427
6122517
6122730
6123246
6299662
6371972
6371990
6372652
6372796
6372855
6373166
6373699
6375143
6375325
6375464
6375550
6375894
6375921
6376148
6376314
6376393
6376495
6376563
6376788
6377015
6377532
6377584
6378285
6378410
6378541
6379034
6379366
6379442
6380023
6380341
6380701
6380861
6381321
6381488
6381521
6381820
6381882
6382082
6382282
6382525
6383188
6383339
6383355
6383910
6384080
6384583
6384754
6385025
6385744
6385758
6385947
6386069
6386366
6387016
6387236
6387737
6388093
6388354
6388398
6388844
6388923
6388963
6389073
6389267
6390235
6390510
6391105
6391253
6391360
6391412
6391722
6391853
6392020
6392061
6392234
6392457
6392730
6392779
6392991
6393112
6393357
6393517
6393746
6393855
6393994
6396252
6415883
6416547
6416695
6416965
6417550
6418046
6418968
6419485
6423860
6424093
6424125
6426079
6426658
6426877
6427385
6429938
6432915
6433263
6434062
6434568
6435348
6532347
6557457
6558374
6560418
6561031
6567222
6579156
6584262
6584297
6586054
6604997
6605959
6606258
6606634
6607224
6608092
6608464
6609100
6609216
6610010
6610738
6612904
6614982
6616331
6616747
6617296
6619003
6619506
6696308
6709726
6709735
6709741
6709791
6709921
6710004
6710172
6710270
6710765
6710981
6713434
6714271
6716069
6716261
6716579
6716741
6716831
6716861
6716878
6717615
6717810
6718059
6718176
6718362
6718696
6719828
6720200
6720850
6720866
6721109
6721407
6721674
6722047
6722102
6722332
6723461
6723560
6723635
6753897
6782382
6782807
6783150
6783603
6784516
6786395
6787575
6787787
6787800
6788295
6789305
6791159
6791473
6791908
6793162
6793422
6793786
6794886
6795004
6797279
6799045
6864414
6867831
6870212
6879349
6879923
6879950
6880201
6880226
6880761
6881161
6881298
6881556
6881673
6882138
6882296
6882384
6882407
6882621
6883217
6883337
6883816
6884176
6884317
6884569
6885001
6885047
6885171
6885256
6885478
6885550
6885563
6886080
6887219
6887943
6888177
6888358
6888723
6888773
6889135
6889258
6889728
6889760
6890071
6890245
6890312
6890371
6890422
6890523
6890790
6890962
6891002
6891538
6892554
6892910
6893934
6893939
6894467
6894717
6895072
6966550
6966837
6967442
6971748
6974214
6975340
6975833
6976526
6978805
7030407
7030558
7030761
7030814
7031209
7031277
7031407
7031505
7031988
7032307
7032612
7032651
7032982
7034167
7035285
7035471
7035538
7035691
7035696
7037140
7037204
7037381
7037845
7037989
7038946
7039134
7039139
7039459
7039801
7040051
7040141
7040424
7041018
7041076
7041829
7041930
7042073
7042464
7042781
7042809
7042905
7043352
7043504
7043517
7043837
7043973
7044017
7044288
7044347
7044865
7045298
7045442
7046147
7046663
7046688
7046776
7046882
7047728
7047960
7048078
7252219
7252527
7253085
7254307
7256966
7257599
7257774
7258038
7258875
7259493
7260458
7261853
7265065
7265103
7265512
7289393
7289604
7289784
7289894
7290170
7290272
7290578
7290764
7290811
7290885
7290907
7290967
7291049
7291090
7291496
7291879
7292062
7292277
7292945
7292991
7293207
7293416
7293551
7293903
7294036
7295419
7296210
7296714
7296907
7297757
7298259
7299487
7299657
7299678
7299929
7299939
7301316
7301322
7301342
7301441
7301465
7301572
7301715
7302070
7302161
7302469
7302490
7302597
7302679
7303068
7303265
7303357
7303370
7303872
7304398
7305071
7305463
7305678
7306337
7306923
7307202
7307326
7307524
7307667
7307689
7307866
7307943
7426868
7427195
7427383
7428957
7429243
7429420
7429487
7429492
7429630
7430186
7430244
7430367
7430425
7431756
7431974
7433233
7433390
7433716
7433819
7433839
7434161
7434668
7435407
7435570
7435667
7436769
7437114
7437717
7437777
7437869
7438102
7438673
7438829
7438860
7438877
7438883
7439741
7440640
7442155
7443092
7443930
7444064
7444184
7444201
7444248
7478632
7483813
7484437
7485555
7486603
7488396
7488830
7491536
7544554
7545258
7545841
7546136
7546806
7546869
7547528
7547600
7547650
7548078
7548413
7548743
7548964
7549105
7549172
7549985
7550059
7551144
7551290
7551483
7551880
7552278
7552544
7552922
7552999
7553158
7553481
7553681
7554030
7554943
7555358
7556148
7556321
7556550
7556552
7556838
7557292
7558082
7560964
7562839
7566820
7568678
7569472
7578964
7642409
7643139
7643231
7643508
7643530
7643728
7644002
7644481
7644677
7644734
7644799
7645306
7645767
7645931
7645933
7646233
7646605
7647465
7648517
7648578
7649580
7649708
7649885
7650764
7650881
7651095
7651148
7651757
7652069
7652442
7652551
7652883
7653113
7653423
7653606
7654120
7654762
7655016
7655362
7655767
7655772
7656115
7656257
7656485
7656540
7656799
7657301
7657526
7658069
7658089
7658169
7658209
7658650
7658779
7658903
7659233
7659261
7659523
7659703
7659803
7660705
7660889
7661519
7662358
7662447
7662860
7662999
7663065
7663179
7663690
7664513
7664817
7686664
7688100
7690069
7690155
7692117
7692427
7694778
7696792
7698381
7700659
7701449
7703027
7707184
7816132
7817120
7817229
7817231
7818918
7820054
7820544
7821025
7821584
7823481
7825053
7825537
7825972
7827558
7827792
7828121
7828713
7828784
7828932
7828958
7829110
7830597
7830991
7831158
7832360
7832845
7832955
7833400
7834633
7835282
7874689
7879181
7993623
7994809
7995165
7995765
7996099
7996148
7997073
7997685
7997782
7997783
7998361
7999094
7999096
7999517
8000155
8000838
8001348
8002212
8002368
8002404
8003213
8003220
8003313
8003380
8005071
8005336
8168251
8168684
8169105
8169760
8169875
8169941
8170456
8170954
8171191
8171198
8171263
8171905
8171921
8171945
8172011
8172153
8172374
8172924
8173147
8173214
8173313
8173931
8174290
8174708
8174943
8175037
8175187
8175546
8175808
8175884
8176565
8176880
8176895
8177926
8178113
8178181
8178810
8178861
8178898
8179132
8179146
8179477
8180015
8181072
8181080
8181613
8182152
8182164
8183771
8183895
8184047
8184173
8184268
8184501
8185225
8186752
8186766
8187408
8187418
8187509
8187816
8187981
8188623
8227341
8227909
8228036
8228485
8228689
8228701
8229048
8230326
8230373
8230503
8231109
8231945
8233667
8233678
8234812
8234877
8234942
8235439
8235608
8235973
8236254
8236429
8236772
8236995
8237305
8237477
8237781
8238512
8239580
8240559
8241159
8241797
8242882
8244201
8244307
8244378
8244547
8245177
8246146
8246818
8246916
8247916
8248136
8248535
8249902
8285338
8285370
8285595
8285726
8286648
8286921
8289335
8290778
8292596
8293509
8293939
8295564
8296161
8296955
8297034
8297295
8297342
8315436
8404363
8405028
8405136
8406978
8407575
8407642
8407798
8408144
8408250
8409268
8409365
8409862
8410139
8410799
8411487
8411873
8412645
8413033
8413098
8413325
8413500
8413713
8413770
8414181
8414398
8414412
8414638
8414693
8415319
8415568
8416007
8416015
8416148
8416440
8416558
8416900
8417144
8417571
8418270
8418357
8418645
8418670
8418741
8418742
8418743
8419631
8419938
8419981
8420138
8420896
8421134
8473825
8484920
8488277
8527768
8528433
8528443
8528478
8528990
8529341
8531535
8532142
8532377
8534358
8534565
8535878
8536125
8537699
8538706
8539027
8539082
8539268
8539370
8539788
8540843
8541940
8543027
8543165
8544547
8545727
8545785
8547393
8547520
8547999
8549291
8647000
8648485
8650752
8658312
8664093
8666809
8666882
8687778
8687790
8687879
8687938
8688157
8688228
8688280
8688444
8688494
8688667
8688950
8688951
8688956
8689014
8689175
8689619
8689799
8689997
8690353
8690480
8690713
8690783
8691051
8691053
8691158
8691243
8691304
8691583
8692018
8692272
8692289
8692321
8692547
8692972
8693061
8693424
8694752
8695128
8695223
8695532
8696085
8696300
8696514
8696846
8696888
8697272
8697577
8697655
8697819
8697846
8698462
8698470
8698501
8698566
8698876
8699011
8699038
8699556
8700851
8700901
8701237
8701308
8701377
8701534
8701568
8701900
8701903
8702019
8702138
8702142
8702439
8703222
8703266
8703469
8703559
8703989
8704045
8704079
8704221
8704270
8704616
8705255
8705692
8705934
8706321
8706643
8706792
8707169
8707278
8951576
8951603
8952083
8952357
8953500
8954178
8954344
8955657
8955781
8955965
8956009
8956393
8956738
8957276
8957563
8957672
8957908
8957970
8958427
8958831
8958947
8959015
8959531
8959614
8959980
8961189
8961472
8961589
8961848
8961970
8962771
8962792
8962884
8963212
8963478
8963526
8963657
8963764
8963924
8964340
8964527
8964693
8964770
8965313
8965497
8965799
8965948
8966319
8968580
8969188
8969380
8971641
8974313
8974638
8978020
8978289
8978764
8979528
8980404
8999000
9000592
9000972
9001253
9002559
9004639
9005485
9006681
9008137
9008912
9011265
9014729
9016527
9063661
9066353
9070461
9088986
9149767
9149874
9149875
9149893
9149940
9150298
9150524
9152487
9152508
9153475
9153660
9153778
9153787
9153853
9153941
9154069
9154133
9154413
9154494
9154706
9155106
9155302
9155573
9155882
9155892
9155917
9156033
9156245
9156688
9157924
9158017
9158030
9158112
9158589
9158757
9158879
9159069
9159774
9160182
9160330
9160463
9160535
9160541
9160867
9161148
9161343
9161890
9161971
9162533
9162593
9162908
9163349
9163373
9163519
9164223
9164239
9164498
9164523
9165205
9165215
9327591
9327673
9328070
9328894
9328900
9329622
9329627
9329740
9329814
9330054
9330123
9330307
9330742
9331136
9331531
9331906
9331925
9331994
9332115
9332181
9332871
9333778
9333895
9333939
9334649
9334683
9334809
9335383
9335442
9335548
9335943
9336152
9337544
9337616
9337837
9338254
9338585
9339033
9339114
9339604
9339837
9340067
9340154
9340189
9340342
9340985
9341791
9341928
9342923
9342996
9343434
9343968
9344326
9344343
9344791
9344969
9344999
9346226
9346337
9346672
9346823
9346996
9347214
9347304
9348013
9348449
9348523
9348974
9349096
9349250
9349357
9349530
9349618
9350345
9350391
9528310
9528804
9528930
9529003
9533063
9533466
9534574
9534725
9540754
9542050
9542196
9544096
9545696
9548317
9549136
9550577
9551490
9551895
9552903
9553481
9554502
9554638
9554839
9555837
9558361
9559656
9561247
9562204
9562690
9562941
9565236
9565490
9565943
9566746
9570663
9571751
9571927
9572004
9572055
9638279
9638411
9638489
9638691
9638732
9639221
9640169
9640268
9640332
9640545
9640719
9641142
9641224
9641270
9641720
9641830
9641958
9642208
9642273
9642393
9642522
9642614
9642931
9642957
9644351
9644474
9644545
9644597
9645500
9645561
9645642
9645654
9645785
9645804
9645993
9646089
9646089
9646176
9646181
9646596
9646931
9647644
9648794
9648976
9649406
9649435
9649617
9649731
9649812
9649895
9649988
9650356
9650436
9651115
9804505
9804792
9804946
9805192
9805214
9805534
9805547
9805617
9805653
9806239
9806336
9806681
9806829
9806886
9807521
9807984
9808297
9808342
9808831
9809036
9809156
9809315
9809339
9809342
9809818
9809846
9810224
9810261
9810453
9810576
9810933
9810985
9811898
9811998
9812313
9812895
9813148
9813537
9814005
9814413
9814532
9814594
9815015
9815291
9815490
9815848
9816064
9816514
9816534
9816561
9816625
9817469
9817669
9819480
9819497
9819653
9819829
9820362
9820368
9820441
9820485
9820777
9820941
9820951
9821325
9821578
9821619
9821624
9822002
9822414
9822465
9822657
9823372
9823666
9823816
9823929
9823948
9824145
9824254
9824403
9824539
9824800
9825193
9825504
9825895
9826087
9826553
9827014
9827078
9827299
9950639
9950643
9951442
9951742
9951976
9951986
9951989
9952535
9952730
9953034
9953045
9953053
9953655
9953921
9954932
9955282
9957364
9957411
9957454
9957614
9957834
9958187
9958759
9959027
9959404
9959668
9959717
9959824
9960168
9960247
9961046
9961047
9961228
9961480
9961581
9962146
9962630
9962889
9963843
9964227
9964369
9965200
9965217
9965451
9965559
9965692
9965767
9965956
9966094
9966544
9966883
9967254
9967412
9967528
9967557
9968308
9968494
9968867
9968878
9969242
9969840
9970411
9974050
9974920
9975883
9979097
9987153
9988589
9989689
10085173
10085177
10085216
10085747
10085766
10085828
10086106
10086148
10086399
10086768
10087256
10087282
10087437
10087442
10087807
10088002
10088036
10088039
10088206
10088372
10088409
10088556
10088824
10088920
10089071
10089108
10089207
10089237
10089526
10089686
10090087
10090134
10090264
10090669
10091071
10091260
10091262
10091525
10091709
10092219
10092226
10092305
10092334
10092367
10092403
10092938
10093169
10093234
10093535
10093669
10093783
10094708
10095463
10095576
10095581
10095735
10096194
10096212
10096311
10096343
10096413
10096963
10097101
10097167
10097425
10097737
10097896
10097920
10098044
10098121
10098123
10098145
10098703
10098833
10098900
10099022
10099087
10099106
10099203
10099281
10099480
10099806
10100214
10100557
10100568
10100781
10101463
10101651
10102094
10102184
10102413
10102445
10102922
10103203
10103278
10103384
10103637
10103779
10104217
10104608
10104817
10105423
10105557
10105983
10106062
10106212
10106259
10106356
10106465
10107357
10107468
10107912
10108334
10194486
10195668
10196026
10196951
10197020
10198106
10198209
10198436
10199398
10199903
10200212
10200938
10201100
10202930
10203618
10203995
10204070
10204071
10204204
10205015
10205294
10205342
10205966
10206544
10206962
10207261
10207411
10207500
10207723
10208121
10209640
10209766
10210167
10210211
10210551
10212251
10213758
10303690
10303823
10304213
10304747
10305376
10306082
10306439
10306771
10309614
10309700
10311266
10312259
10313327
10313788
10313932
10314342
10314931
10315402
10316699
10316951
10317189
10317790
10318032
10319348
10320159
10322951
10324369
10420490
10421027
10421226
10421367
10422214
10422247
10422434
10422644
10423428
10423765
10424088
10424289
10424558
10424623
10425238
10427193
10427715
10427720
10427784
10427970
10428015
10428070
10428564
10428608
10428868
10429466
10429478
10429507
10429599
10429970
10430065
10430241
10430562
10430761
10430826
10431933
10432176
10432268
10432455
10433299
10433330
10433350
10433355
10433601
10433622
10433705
10433790
10433815
10434099
10434566
10434579
10434942
10435046
10435058
10435548
10436056
10436231
10436617
10436678
10436844
10437607
10437931
10437949
10453434
10453624
10454254
10454600
10455061
10455286
10455670
10456402
10456405
10456571
10456661
10456752
10457363
10457801
10458488
10459484
10460837
10461083
10461179
10461195
10461496
10461567
10462935
10463271
10463343
10463763
10464211
10464302
10464546
10464770
10465199
10465329
10465915
10466230
10517945
10523768
10591088
10591148
10591267
10591713
10592002
10592179
10592604
10592677
10592841
10593037
10593058
10593134
10593444
10593727
10593784
10594143
10594245
10594659
10594749
10595595
10595785
10595937
10595949
10596085
10596509
10596590
10596692
10596883
10597683
10597747
10597944
10598302
10598356
10598430
10598502
10598660
10598902
10598948
10599026
10599042
10599378
10599979
10600160
10600219
10600259
10601284
10601352
10601408
10601459
10602327
10602458
10602534
10602631
10602822
10602987
10604019
10604556
10604839
10605094
10605105
10605604
10606234
10606240
10606436
10607467
10607964
10608397
10608650
10608874
10608922
10609212
10609719
10610179
10610596
10610598
10610646
10610736
10610822
10610909
10611063
10611134
10736348
10736478
10736501
10736622
10738009
10738318
10738803
10739855
10740679
10740696
10741058
10741430
10741476
10741570
10743067
10743661
10744161
10744258
10744510
10745069
10745321
10747116
10747648
10747970
10748344
10748355
10748755
10750144
10750383
10750752
10939323
10939333
10939808
10939830
10940456
10940726
10940822
10941562
10941986
10942306
10942433
10942513
10942652
10943164
10943748
10943785
10944141
10944288
10944413
10944903
10944993
10945042
10945112
10945227
10945348
10945547
10945563
10946054
10946399
10946467
10946473
10946492
10946612
10946650
10946708
10947239
10947636
10947647
10947759
10948043
10948273
10948414
10948499
10948597
10948645
10948772
10949158
10950018
10950064
10950106
10951487
10951924
10952162
10952276
10952288
10952433
10952635
10952712
10952807
10953059
10953191
10953946
10954009
10954020
10954201
10954509
10954976
10955213
10955451
10955759
10955954
10956005
10956122
10956214
10957297
10957469
10957685
10957732
11010646
11010694
11010974
11011126
11011433
11012290
11013880
11013886
11014348
11016916
11018000
11018908
11019144
11019235
11019427
11019727
11020088
11021937
11022604
11024033
11024771
11030129
11034409
11037258
11043213
11082377
11083016
11084076
11084580
11084727
11086603
11094350
11095713
11096322
11096603
11226895
11226938
11227217
11227590
11228327
11228826
11228923
11228936
11229316
11229399
11229944
11230332
11230451
11230998
11231616
11231849
11232425
11232525
11232667
11233246
11233634
11234678
11235424
11235487
11235783
11236511
11237057
11237414
11238765
11239209
11239485
11240091
11240563
11241036
11386934
11387711
11387902
11388600
11388680
11388803
11388941
11389699
11390026
11390340
11390468
11390614
11391321
11392292
11392440
11392597
11392695
11392779
11393271
11393890
11394424
11394493
11394504
11394756
11394879
11395287
11395338
11395482
11396027
11396113
11396669
11396703
11396787
11397217
11397853
11398135
11398272
11398379
11398968
11399011
11399024
11399028
11399272
11399877
11400291
11400311
11400389
11400747
11401606
11402267
11402314
11403014
11403526
11404024
11404243
11404314
11404483
11404533
11404578
11405190
11405432
11405665
11405724
11405946
11406070
11406156
11406529
11406766
11407751
11408278
11408291
11408363
11408481
11408650
11408724
11408775
11409054
11409154
11409408
11409486
11409488
11409512
11409525
11410458
11410461
11410866
11410874
11411006
11411195
11411525
11411649
11411750
11412287
11412340
11412434
11412634
11413168
11413201
11413225
11413262
11413597
11413831
11413874
11414261
11414324
11414733
11414784
11415556
11415617
11415710
11416197
11416519
11417118
11417137
11417192
11417314
11417501
11417522
11417643
11418127
11418202
11418611
11419103
11419616
11419656
11419705
11419982
11420481
11420658
11420727
11421622
11422290
11422422
11422668
11422853
11423458
11423544
11423574
11423970
11424045
11424146
11424508
11425120
11425137
11425203
11425372
11425423
11425493
11426242
11426367
11426414
11426444
11426530
11426594
11426932
11426973
11427042
11427067
11427714
11613252
11614303
11614777
11615134
11615663
11615749
11616335
11616530
11616564
11616601
11616607
11616679
11617274
11617681
11617950
11618090
11618488
11618603
11618661
11619692
11620328
11620415
11620726
11620993
11621072
11621164
11622290
11622445
11622507
11622850
11622910
11622990
11623169
11623242
11623377
11623697
11623762
11624269
11624333
11625146
11625200
11625376
11625430
11625497
11626004
11626466
11626781
11627143
11627427
11627552
11627695
11627772
11627858
11628015
11628052
11628516
11628570
11628603
11731037
11731289
11731497
11731966
11732134
11732279
11732426
11732473
11733484
11733766
11733799
11734299
11734421
11734435
11734626
11735396
11735601
11736227
11736292
11736528
11736688
11737181
11737727
11739054
11739184
11739369
11739484
11739813
11740374
11741403
11741857
11742565
11742661
11743282
11743379
11743545
11743679
11743952
11744255
11745390
11745468
11745827
11746150
11746360
11747475
11748355
11905249
11914823
11916169
11917343
11965498
11966302
11966364
11968171
11968344
11968774
11969134
11969443
11969528
11969830
11971788
11971892
11975710
11976969
11979161
11979687
11979876
11980013
11981310
11983257
11983549
11983600
11984097
11985709
11986092
11986389
11986548
11986585
12021245
12021901
12023889
12023935
12026552
12026837
12027024
12027630
12027703
12028468
12029075
12034106
12072367
12072580
12072797
12072944
12073771
12074137
12074429
12074602
12074864
12075155
12075261
12076334
12076974
12078427
12078547
12078584
12079277
12080408
12081174
12081303
12082792
12083360
12084272
12084728
12085119
12085251
12087083
12087110
12087241
12087412
12087702
12088019
12088248
12163802
12183161
12183376
12183781
12183811
12184082
12184889
12184952
12185368
12185667
12185668
12186111
12186526
12186914
12186961
12187280
12187780
12187903
12188986
12189207
12189340
12189698
12189882
12189893
12189929
12189960
12190242
12190635
12191501
12192357
12192426
12193048
12193215
12194004
12194251
12194611
12194857
12194937
12194984
12195029
12195352
12195833
12195950
12195971
12196076
12196190
12196228
12196419
12196574
12196713
12196891
12196919
12196933
12197153
12197956
12197962
12198065
12198241
12198322
12198846
12199109
12199202
12199573
12199815
12199825
12200448
12200718
12200768
12223347
12231425
12315344
12316122
12321721
12325498
12373526
12373706
12373766
12373958
12374026
12375430
12375545
12375605
12375720
12376223
12376541
12376826
12376943
12377000
12377045
12377685
12377856
12378109
12378339
12378447
12378644
12378802
12379129
12379238
12379603
12380277
12380332
12380339
12380461
12381062
12381119
12381223
12381271
12381387
12381833
12381917
12382447
12382464
12383546
12383587
12383812
12384362
12384846
12385408
12385498
12385788
12386165
12386735
12387315
12387427
12387512
12387550
12387661
12387841
12388483
12388606
12388649
12389130
12389198
12389605
12390050
12390545
12390986
12391031
12391300
12391794
12391861
12392657
12393050
12393175
12393192
12393213
12393813
12393865
12394502
12395400
12591030
12591876
12593508
12594916
12596952
12598227
12599196
12600201
12601201
12601285
12602321
12603034
12604491
12604505
12605229
12606204
12607221
12607390
12607523
12666922
12668140
12676711
12678547
12681590
12685134
12686405
12810528
12822907
12826499
12826712
12860939
12861372
12861904
12861910
12862073
12862135
12862640
12862891
12862988
12863502
12863574
12864091
12864377
12864735
12865187
12865208
12865291
12865292
12865314
12865416
12865442
12866392
12866529
12866654
12867520
12867553
12867751
12867941
12868356
12868874
12868966
12869176
12869535
12869916
12870502
12870613
12870633
12870700
12871209
12871729
12871808
12872571
12872664
12872908
12873442
12873728
12873904
12873947
12874190
12874828
12874883
12875105
12875143
12875439
12875684
12875716
12972839
12979111
12979189
12979742
13053368
13053875
13055213
13056235
13056246
13056356
13056508
13056535
13057437
13057466
13057912
13058248
13058295
13059449
13059503
13059611
13059745
13059829
13060115
13060418
13061137
13061460
13061572
13061635
13061638
13061693
13061829
13062152
13063468
13063998
13064384
13064786
13065705
13066522
13066615
13067362
13068967
13069132
13069791
13069801
13069820
13069871
13070364
13179014
13179293
13179846
13181286
13183164
13183211
13185526
13188633
13188648
13189334
13190171
13229229
13229311
13229344
13229713
13229746
13230313
13232597
13232761
13232859
13233130
13233172
13233388
13233532
13233694
13235916
13236758
13237030
13237379
13237899
13238199
13238269
13238955
13239318
13239939
13240404
13240467
13241200
13242426
13242830
13242841
13243161
13243617
13243648
13244226
13244591
13245054
13245246
13245514
13245914
13246138
13246252
13246489
13246536
13246578
13247677
13248587
13248702
13248947
13249118
13249494
13527645
13527765
13528225
13528714
13528741
13528896
13529314
13529506
13529567
13529858
13529866
13530392
13530446
13530561
13530710
13530713
13530729
13531100
13531313
13532103
13532935
13532973
13533059
13533312
13533339
13533549
13533701
13533889
13534263
13535507
13535851
13536253
13536302
13536585
13536799
13536864
13536901
13536986
13537228
13537877
13537980
13538110
13538172
13538961
13539333
13539758
13539872
13539921
13539982
13540288
13540530
13540550
13540932
13540961
13541060
13541075
13541243
13541266
13541515
13541543
13541916
13542351
13542372
13542373
13542553
13542933
13543001
13543099
13543326
13543732
13543773
13544071
13544749
13545238
13545329
13545366
13545719
13546578
13546720
13547002
13547022
13547336
13547413
13547480
13548050
13548359
13549251
13691640
13693505
13694377
13696761
13697100
13697861
13698957
13699142
13703377
13705654
13705923
13706033
14550868
14561738
14654020
16516695
16659645
16662973
16663236
16665204
16668380
16669352
16909951
16909992
16910074
16910205
16910377
16910511
16910943
16911354
16911393
16911680
16911740
16911767
16912407
16912440
16912625
16913898
16914891
16915228
16915342
16915427
16915551
16915588
16915752
16915852
16917268
16917280
16918091
16919710
16919748
16920189
16920300
16921036
16923537
17055510
17056337
17059123
17064404
17065468
17068695
17070815
17071152
17071584
17075609
17177352
17177476
17177573
17177811
17178105
17179950
17180476
17181436
17181505
17181754
17182067
17182378
17182769
17182784
17183339
17183503
17184121
17184511
17184614
17184738
17184762
17184884
17184892
17185077
17185329
17186185
17186649
17186983
17187173
17187561
17187595
17187614
17187942
17188264
17188755
17188977
17189226
17189423
17189474
17191216
17191594
17191649
17191820
17192179
17192209
17192283
17192972
17193301
17193369
17193404
17193449
17193456
17193585
17193817
17194056
17194331
17194720
17194761
17208937
17208963
17208995
17209149
17209838
17209996
17210180
17210768
17210769
17210825
17211026
17211176
17211624
17211632
17211912
17212260
17212374
17212735
17212826
17212947
17213525
17213896
17214522
17215110
17215616
17215754
17215855
17215975
17216496
17216754
17216991
17217694
17217736
17217889
17217985
17219135
17220329
17220527
17220580
17220894
17222434
17222718
17222731
17222752
17222817
17223232
17223295
17224247
17224249
17224388
17224472
17224525
17224861
17225191
17363310
17366270
17366300
17366719
17367072
17367320
17367428
17367896
17368123
17369824
17369984
17370101
17370778
17371950
17376051
17376072
17377585
17378330
17378577
17382434
17383728
17384462
17388051
17397132
17431955
17432085
17432130
17432689
17434380
17434552
17434682
17434794
17434893
17435200
17435395
17435401
17435673
17436322
17436509
17436728
17436960
17437752
17438277
17438476
17438477
17438661
17438940
17439111
17439266
17440488
17442094
17442529
17443052
17443246
17443397
17443612
17443737
17444892
17445600
17445643
17446295
17446630
17446768
17447293
17447536
17447572
17447909
17448358
17448493
17449573
17576091
17576648
17581881
17582355
17584471
17586139
17586160
17610707
17611032
17611360
17611579
17612097
17612453
17612872
17613014
17613034
17613460
17614577
17614590
17615161
17615262
17615382
17615899
17617257
17618311
17618329
17618719
17618991
17619097
17619329
17619882
17619939
17620115
17620429
17620480
17620746
17620849
17620976
17621556
17621738
17621787
17622176
17622567
17623344
17763278
17788437
17788469
17788477
17788659
17789047
17790210
17790265
17790620
17790817
17791179
17791217
17791255
17791353
17791380
17791701
17791859
17791917
17791980
17792262
17792461
17792479
17792659
17792703
17793006
17793173
17793988
17794942
17795731
17796054
17796165
17796348
17796379
17796437
17796488
17796737
17797066
17797079
17797483
17797619
17798063
17798168
17798755
17799032
17799452
17799783
17800211
17800502
17800587
17800606
17800850
17801400
17802008
17802121
17802416
17802773
17802825
17802891
17803088
17803239
17803470
17803784
17803855
17803892
17804133
17804280
17804471
17804581
17804630
17804691
17804830
17805007
17805613
17806058
17806188
17806249
17806670
17806834
17806849
17806906
17807033
17807034
17807407
17807589
17807943
17808885
17808904
17809035
17809442
17809475
17810053
17810093
17810103
17810531
17810758
17810935
17811029
17811288
17811583
17965741
17966500
17967389
17968377
17969088
17969613
17970978
17974255
17976364
17977254
17977870
17978319
17978492
17979594
17980880
17981698
17982111
17982832
17982897
17984570
17985216
17985226
17998731
17999127
17999968
18004070
18004351
18004644
18004971
18005502
18008486
18008964
18009094
18010548
18012067
18014062
18015895
18018425
18019618
18197004
18197205
18199355
18199453
18199897
18200576
18200914
18201173
18201261
18201420
18201660
18202776
18203501
18203610
18203653
18204792
18204815
18205043
18206058
18206132
18206804
18207137
18209041
18209775
18209959
18211072
18211257
18211632
18212086
18212572
18213319
18213806
18214195
18214578
18214967
18215319
18215331
18215403
18216844
18217217
18218053
18218105
18219565
18220128
18220169
18337163
18339452
18347111
18389040
18389234
18389375
18389393
18390165
18390930
18391000
18391350
18391846
18392022
18392230
18392335
18392718
18392795
18393066
18393308
18393466
18393777
18393885
18394180
18394262
18394322
18394323
18394378
18395579
18395589
18395793
18396071
18396687
18397972
18397990
18399096
18399165
18399558
18399639
18399907
18400273
18400744
18400891
18401010
18401046
18401688
18402609
18403052
18403277
18435380
18435437
18435962
18436405
18436487
18436489
18436599
18437307
18437336
18437338
18437672
18438192
18438890
18439473
18439520
18439653
18440042
18440167
18441593
18441737
18441851
18442032
18442036
18442064
18442819
18442880
18443008
18443015
18443307
18443388
18443497
18443529
18444022
18444183
18444227
18444296
18444312
18444809
18444941
18445086
18445810
18445851
18445950
18446091
18446347
18446498
18446569
18446907
18446974
18447060
18447245
18447597
18447704
18448044
18448570
18448706
18587097
18587639
18588107
18588635
18588866
18589344
18589573
18589819
18590221
18591128
18591489
18591993
18592522
18592749
18592995
18593248
18593844
18593874
18594517
18594893
18594911
18595487
18595601
18595847
18596071
18596249
18597135
18597151
18597303
18597375
18597385
18597578
18598670
18599142
18599158
18599458
18600145
18600375
18600569
18601167
18601201
18601538
18601773
18602408
18602422
18602605
18602826
18604864
18604979
18604997
18605998
18606319
18607059
18607115
18828691
18828739
18828822
18828978
18829252
18829365
18829714
18829992
18830027
18830292
18830459
18830561
18830727
18831202
18831222
18831757
18832100
18832313
18833054
18833065
18833079
18833330
18833462
18833894
18834007
18834088
18834173
18834528
18834773
18834792
18835072
18835196
18835606
18835616
18835680
18835926
18836142
18836188
18836707
18836743
18836986
18837316
18837320
18837383
18837474
18837479
18837761
18838080
18838312
18838577
18838764
18838878
18839142
18839175
18840180
18840266
18840467
18840603
18840623
18840692
18840991
18841233
18841451
18841538
18841584
18842000
18842014
18842086
18842340
18842572
18843044
18843738
18843961
18844470
18844925
18844939
18844972
18844991
18845030
18845262
18845265
18845423
18845503
18845549
18845584
18845763
18846273
18846445
18846587
18846765
18846882
18846983
18847067
18847192
18847196
18847576
18848034
18848825
18848916
18848968
18849035
18849209
18889328
18890554
18890615
18891429
18895761
18895784
18895833
18897942
18898545
18898758
18898962
18899808
18900182
18901185
18903953
18905893
18907771
18908216
18998447
18998477
18998801
18999091
18999406
18999550
19000038
19000104
19000179
19000751
19001053
19001183
19001450
19001532
19001809
19001845
19001932
19002068
19002422
19002511
19002974
19003449
19004009
19004071
19004518
19005031
19005674
19005903
19007262
19007773
19007886
19008080
19008288
19008520
19008869
19008924
19009414
19009435
19009823
19010446
19011601
19011761
19012071
19012107
19012168
19012507
19012768
19012849
19013042
19013370
19013897
19013973
19014231
19014445
19014978
19015338
19015398
19015538
19015550
19015989
19016118
19016195
19016352
19016389
19016664
19017534
19017667
19017987
19018343
19018492
19018521
19018607
19019008
19019613
19019839
19019903
19020347
19020437
19075754
19076160
19076466
19076546
19076694
19076879
19076926
19077685
19078051
19078246
19078266
19078593
19079326
19080381
19081070
19081166
19081214
19081216
19082153
19082259
19082592
19083589
19083609
19084780
19084788
19085083
19085216
19086085
19086128
19087220
19087427
19087776
19087935
19088558
19088612
19088722
19089443
19089897
19089999
19090511
19091128
19091971
19092192
19092330
19093040
19093203
19093768
19094152
19094312
19234885
19235524
19235750
19236716
19239288
19239659
19240203
19243523
19244512
19244830
19245122
19245323
19245983
19246386
19247723
19248087
19250469
19250971
19250974
19250996
19252062
19252926
19252952
19253442
19254832
19254843
19294367
19360666
19360687
19361010
19361290
19361462
19361919
19362491
19363203
19363476
19363821
19364019
19364029
19364509
19365459
19365471
19365652
19365789
19366071
19366115
19366355
19366662
19367080
19368230
19368875
19369022
19369116
19369751
19371086
19371240
19371443
19371532
19371752
19372318
19393738
19397786
19399800
19399845
19402799
19404890
19405064
19407927
19410975
19414053
19448697
19453113
19454385
19542363
19545128
19546135
19546676
19548385
19549716
19551528
19551863
19552198
19553088
19556806
19586329
19587876
19587950
19587961
19588786
19588949
19589209
19589326
19589499
19590185
19590584
19590680
19590783
19592170
19592762
19592798
19592915
19593593
19593691
19593785
19594681
19595383
19595407
19595590
19596076
19597319
19598326
19598709
19599264
19599445
19599582
19599871
19599915
19600363
19601061
19602064
19606399
19606556
19646754
19648200
19666270
19666439
19666953
19667693
19668506
19668702
19668757
19669080
19669104
19669365
19669587
19669759
19669871
19670220
19670642
19671240
19671628
19671745
19671943
19673266
19673406
19673599
19673781
19673981
19674089
19674278
19674445
19675161
19675429
19675512
19675698
19676052
19676323
19676831
19676948
19676968
19677446
19677533
19678297
19678715
19679391
19679398
19679728
19679732
19680018
19680474
19680954
19681124
19681383
19681761
19682331
19682740
19682979
19683012
19683352
19683417
19683490
19683938
19684116
19684119
19684327
19684997
19744921
19750280
19750499
19750918
19751318
19754436
19756450
19757000
19757013
19760518
19761098
19763245
19766590
19768466
19769899
19771193
19771505
19772673
19773568
19773687
19776532
19776601
19777501
19777937
19778219
19778323
19778581
19778660
19779163
19779493
19780200
19780379
19780706
19780886
19781578
19781964
19781998
19783254
19783545
19783984
19784487
19786870
19788098
19788793
19788825
19807950
19808817
19809205
19810228
19810282
19810392
19810697
19811195
19811290
19811586
19811612
19811701
19811722
19812568
19814440
19814466
19814697
19814898
19815201
19815659
19815842
19816066
19816207
19816249
19816262
19816271
19816892
19816949
19817890
19818558
19818883
19819418
19819476
19819514
19819766
19820971
19821179
19821684
19821743
19822132
19822230
19822335
19822474
19822488
19822493
19874997
19875254
19878078
19878268
19878737
19880874
19882445
19884044
19884081
19884301
19885245
19885887
19888171
19888383
19888795
19892356
19895525
19924952
19953576
19953584
19953669
19954746
19954772
19955142
19955269
19955481
19955514
19955713
19955893
19955938
19956021
19956217
19956369
19956570
19956892
19957077
19958017
19959285
19959511
19960124
19960839
19960915
19961097
19961882
19962345
19962347
19962518
19962757
19962910
19963038
19963254
19963753
19964269
19964575
19964592
19964797
19965097
19965269
19965288
19965331
19965545
19965598
19965752
19966392
19966677
19966977
19967018
19967449
19967603
19968833
19968856
19969836
19969985
19970144
19970460
19970656
19971158
19971592
19972113
19972212
19972246
19972263
19972425
19972646
19972854
19972960
19973207
19973276
19973567
19973730
19973764
19973788
19973860
19974384
19974397
19974517
19975254
19975476
19975571
19976272
20173881
20174687
20174892
20175073
20175141
20175708
20175722
20176036
20176222
20176430
20176885
20177084
20177134
20177210
20177434
20177692
20177919
20178187
20178350
20178368
20178411
20178800
20179365
20179491
20179616
20179669
20179732
20180263
20180339
20180389
20180717
20180994
20181012
20181021
20181970
20182570
20183563
20183572
20183748
20183762
20183834
20184278
20184571
20184713
20184955
20185450
20185665
20185928
20185950
20185988
20186169
20186231
20186430
20186569
20186794
20186822
20186953
20187804
20187944
20188397
20188519
20188763
20188953
20189117
20189146
20189162
20189310
20189352
20189601
20189643
20189728
20190011
20190194
20190293
20190357
20190423
20375868
20376475
20376840
20377168
20377883
20377958
20377971
20378276
20378506
20378772
20379048
20379405
20379510
20379558
20380002
20380352
20381412
20381943
20382110
20382262
20382327
20382363
20382403
20382508
20382577
20382617
20382735
20382772
20383111
20383168
20383820
20384047
20384286
20384323
20384429
20384910
20384928
20384955
20384987
20385335
20385384
20385967
20385978
20386023
20386064
20386426
20386531
20386546
20387120
20387319
20387540
20387763
20387822
20387824
20388128
20388228
20388272
20388447
20388712
20388897
20389108
20389350
20389482
20389533
20389793
20389830
20389878
20389906
20390022
20390032
20390038
20390519
20419057
20419737
20422161
20427451
20513070
20514117
20515870
20516032
20517345
20520610
20523217
20524038
20525391
20641064
20644684
20645951
20646384
20666216
20666393
20667537
20668559
20670994
20671225
20672360
20672822
20673960
20675659
20675951
20676517
20679471
20681664
20681937
20689085
20690585
20692898
20692953
20696257
20696320
20698076
20698733
20699488
20699569
20699621
20699659
20701005
20701309
20701313
20701675
20701737
20701842
20701849
20702123
20702640
20702658
20702813
20703742
20703864
20704103
20704411
20704770
20705041
20705561
20706172
20706404
20706486
20706517
20706824
20707126
20707469
20707504
20707671
20708000
20708522
20708649
20708758
20709066
20709732
20709881
20709972
20710108
20710549
20710657
20751766
20752171
20975778
20976081
20976113
20976617
20976864
20976930
20976939
20977394
20977458
20977535
20977818
20977899
20978488
20978497
20978815
20978946
20979635
20979908
20980360
20980502
20980590
20980653
20982317
20982344
20982506
20982537
20982713
20983690
20983964
20984084
20985124
20985160
20985191
20986042
20986334
20986379
20986440
20986847
20986954
20987823
21002937
21120091
21120512
21121173
21121209
21121574
21121613
21122439
21122504
21123066
21123227
21123406
21123964
21124443
21124949
21126134
21126964
21128971
21129005
21129545
21129827
21130488
21130556
21130793
21131967
21132175
21132677
21132704
21132900
21132911
21133150
21133878
21134103
21134697
21135176
21135574
21135798
21136380
21136705
21136709
21136978
21137141
21137356
21137508
21137752
21138180
21138261
21138539
21138548
21138816
21139172
21140345
21140991
21141003
21141019
21141236
21141284
21141760
21141872
21141992
21142251
21142705
21143674
21144923
21144930
21145440
21145484
21145637
21145644
21145763
21146082
21147191
21147253
21147750
21148113
21148299
21148832
21148865
21148994
21149071
21149256
21149599
21149870
21170418
21170578
21170825
21170871
21170962
21171174
21171644
21172124
21172656
21172790
21172882
21172893
21172910
21173786
21173813
21173847
21174099
21174242
21174507
21175199
21175319
21175348
21175502
21175736
21175870
21176131
21176245
21176717
21177192
21177302
21177498
21177890
21178976
21179135
21179469
21179749
21179985
21180199
21180230
21180525
21180562
21180843
21181576
21181719
21181888
21181939
21181998
21182113
21182470
21182544
21182641
21182843
21183427
21183601
21183658
21183917
21184270
21184288
21184290
21184722
21184863
21301902
21302823
21302987
21303652
21305387
21305785
21306255
21308271
21308626
21308986
21309559
21311523
21311925
21312690
21312828
21313283
21313396
21314801
21315906
21317299
21319246
21319711
21320076
21421733
21424542
21425717
21425735
21429857
21433582
21434571
21436325
21437840
21438758
21444631
21444855
21444863
21444879
21445636
21445867
21446102
21446869
21446884
21447065
21447355
21447361
21447939
21448554
21448645
21448715
21448794
21449391
21449578
21449895
21450452
21450535
21450697
21451558
21451663
21452103
21452251
21452480
21452689
21452727
21452820
21452905
21453108
21453287
21453304
21453447
21453528
21453607
21454274
21454901
21455084
21455402
21455575
21456078
21456428
21456628
21456714
21456938
21457045
21457479
21458772
21458932
21459031
21459171
21459444
21459709
21459751
21459800
21459861
21459899
21460468
21460491
21460545
21460557
21539380
21561061
21565295
21565640
21568557
21570816
21575376
21575768
21576675
21581142
21630587
21630900
21630970
21631213
21631893
21631991
21632309
21632451
21632698
21633248
21633453
21633982
21634032
21634244
21634304
21634540
21635019
21636380
21637344
21637783
21637805
21637949
21638284
21638386
21639204
21639434
21639548
21639584
21640335
21641367
21642109
21642124
21643324
21644282
21644765
21644920
21644931
21645071
21645529
21646117
21647124
21647763
21648171
21648944
21724320
21725354
21726277
21726786
21726876
21727941
21729231
21730061
21734305
21736613
21738560
21738921
21739448
21741700
21860039
21860125
21860412
21860436
21860674
21860931
21861341
21861774
21862398
21862601
21863015
21863037
21863461
21863524
21863724
21864166
21864744
21864867
21865260
21866172
21866341
21866384
21866456
21866611
21866806
21866820
21866837
21867162
21867366
21867811
21867945
21868327
21869126
21869381
21869610
21869635
21869643
21869676
21869842
21869843
21869871
21869938
21870147
21870170
21870767
21870861
21871016
21871194
21871277
21871461
21871580
21872595
21873023
21873051
21873406
21873958
21874023
21874358
21874830
21875789
21875979
21876016
22037529
22038613
22039805
22039852
22040949
22041792
22042421
22042756
22043005
22043073
22043336
22043563
22043643
22043874
22044451
22044495
22046247
22046389
22046508
22046955
22047102
22047826
22048092
22048116
22048385
22048946
22048964
22049249
22049274
22049515
22049841
22050063
22050136
22050156
22050323
22050378
22050717
22051787
22052121
22052175
22052986
22053202
22053223
22053254
22053394
22053580
22053878
22054662
22054695
22054748
22054833
22054849
22055559
22055671
22086282
22087227
22091586
22093998
22116690
22118031
22118194
22118643
22118818
22118945
22118961
22119031
22119122
22119550
22119580
22120105
22120486
22120551
22120623
22120788
22120819
22120992
22121711
22121802
22121994
22122287
22123201
22123839
22123903
22123964
22124210
22124220
22124450
22124790
22124914
22125093
22125156
22125944
22126319
22126444
22126738
22126778
22126958
22127054
22127562
22128041
22128411
22128551
22128720
22129470
22130803
22131053
22131374
22131984
22132611
22133517
22133650
22261191
22261610
22262712
22263740
22263858
22264139
22264349
22265436
22265562
22265633
22265700
22265810
22265915
22266337
22266337
22266460
22266555
22266828
22267029
22267507
22267663
22267720
22268173
22268433
22268653
22268931
22269117
22269570
22269869
22270591
22271038
22272528
22272782
22273285
22273537
22273952
22274527
22274593
22274815
22275119
22275470
22275521
22275713
22275823
22276343
22276635
22276807
22277152
22277797
22278353
22278562
22279664
22279857
22280218
22280436
22280699
22280756
22280778
22281146
22281493
22414321
22414649
22414985
22415009
22415148
22415937
22415960
22416659
22416791
22416832
22416834
22417198
22417278
22417470
22417510
22417516
22417899
22417958
22418405
22418489
22418581
22418703
22418859
22418873
22418973
22419198
22419425
22419613
22419759
22420346
22421036
22421327
22421399
22421660
22422044
22422324
22422843
22423001
22423411
22423611
22424070
22424389
22424907
22425102
22425433
22425460
22425481
22425488
22425837
22426200
22427190
22427212
22427711
22427930
22428042
22428260
22428309
22428534
22428963
22429055
22429208
22429519
22430400
22430874
22431010
22431679
22432183
22433635
22433781
22433786
22433897
22434585
22434944
22435002
22435263
22435315
22435343
22435822
22436463
22436626
22436902
22436952
22560336
22561667
22561799
22561847
22562531
22563051
22563600
22563714
22564606
22564702
22565369
22566464
22566540
22566659
22566891
22567455
22567681
22567853
22567923
22568033
22568186
22568291
22568681
22568685
22569230
22569374
22569741
22569981
22570768
22570793
22571156
22571175
22571584
22571885
22572192
22572404
22572951
22572970
22573191
22573226
22574299
22574315
22574320
22574653
22574769
22575238
22575281
22575282
22575400
22575468
22575963
22576355
22576526
22577075
22577366
22577386
22577464
22578029
22578030
22578366
22578622
22578669
22578837
22579226
22579813
22580082
22580155
22580602
22580867
22581040
22581043
22581063
22581237
22581300
22581429
22581547
22582197
22788302
22800389
22804621
22804622
22805049
22805415
22805667
22805973
22806147
22806689
22806917
22807154
22807247
22807314
22808402
22808678
22808989
22809637
22809689
22809733
22810037
22810170
22810629
22811838
22811990
22812028
22812340
22813242
22813442
22813600
22813839
22814226
22814348
22814950
22815403
22816000
22816088
22816365
22816502
22816623
22816969
22816997
22817785
22817818
22817964
22818157
22818344
22818567
22881056
22882135
22882637
22883008
22883157
22884099
22884111
22884413
22884963
22885751
22885990
22886666
22886855
22887378
22888063
22888063
22888119
22888544
22888956
22889546
22889620
22889665
22890098
22890667
22890996
22891212
22891292
22891508
22891622
22892010
22892010
22892166
22892275
22892571
22893184
22893557
22894010
22894153
22894156
22894464
22894874
22894942
22895012
22895221
22895644
22895963
22896279
22896656
22896887
22897421
22897643
22898062
22898218
22898259
22898275
22898309
22898795
22898860
22898912
22899657
22900270
22900510
22900625
22900706
22900746
22900840
22901438
22902005
22902197
23040748
23040918
23041249
23041260
23041324
23041374
23041541
23041614
23041702
23041778
23041863
23041892
23042058
23042877
23042967
23043101
23043283
23043446
23043570
23043577
23043786
23043811
23043998
23044090
23044316
23044700
23044729
23044771
23045230
23045514
23046203
23046848
23046942
23047697
23047831
23048304
23048637
23048746
23048763
23048856
23049065
23049128
23049462
23049767
23049772
23050097
23050626
23051825
23051908
23051958
23052327
23052773
23053527
23054003
23054377
23054620
23054810
23055496
23055510
23055606
23055713
23055794
23056421
23056676
23057878
23169763
23170327
23170488
23171415
23171594
23171905
23172247
23172534
23172681
23175377
23175908
23176346
23176623
23177846
23178353
23178354
23178364
23178621
23179244
23179561
23179565
23180665
23181961
23182189
23182378
23183287
23183408
23183784
23184412
23184931
23185005
23185721
23186040
23186257
23186301
23186472
23187585
23187772
23187776
23187985
23188399
23188496
23188765
23189126
23189487
23189848
23189937
23190302
23191112
23191460
23191584
23192013
23192933
23193400
23363206
23363645
23367216
23367716
23380647
23381719
23382837
23383295
23383318
23383361
23383365
23383855
23383910
23383942
23384061
23384363
23384405
23384597
23385129
23385249
23385848
23385852
23385979
23386024
23386035
23386065
23386368
23386556
23386583
23386726
23387003
23387032
23387130
23387257
23387397
23387776
23388656
23388699
23388770
23388893
23388940
23389009
23389275
23389579
23390313
23390510
23391044
23391161
23391171
23391500
23391678
23391728
23392260
23392337
23392645
23392874
23392979
23393050
23393103
23393180
23393211
23393238
23393477
23393625
23393629
23394320
23394437
23394888
23395072
23395319
23456355
23456384
23456480
23456629
23456989
23457667
23457814
23458473
23458607
23458642
23458907
23459364
23459741
23459911
23460388
23460586
23460669
23461120
23461538
23462111
23462348
23462363
23462464
23462951
23462954
23463091
23463411
23463448
23463826
23463832
23463995
23464244
23464358
23465024
23465055
23465091
23465503
23465552
23466520
23466825
23466834
23467853
23468596
23468807
23469823
23470463
23470996
23471690
23471825
23472335
23472412
23472436
23473433
23473444
23474142
23474965
23475173
23475413
23475538
23475791
23476030
23476529
23476882
23476893
23477061
23477341
23477463
23477474
23477575
23477589
23477631
23477902
23478298
23478378
23620531
23621045
23621767
23622072
23622188
23622371
23623169
23623271
23623898
23624107
23625228
23625642
23626324
23626563
23628161
23628674
23629065
23629188
23630406
23631066
23631312
23632789
23633298
23633418
23634003
23634100
23635804
23637096
23637118
23637145
23637656
23637953
23638005
23639114
23639292
23640193
23640487
23641060
23641140
23641150
23641469
23642024
23642304
23642407
23642431
23793717
23793924
23797281
23801107
23801738
23801791
23802118
23802437
23802637
23802814
23803083
23803457
23806951
23807090
23808167
23808866
23809728
23838266
23938523
23938765
23939965
23944728
23947627
23947769
23948413
23955228
23996119
23996524
23996837
23997044
23997189
23997248
23997325
23997358
23997384
23997648
23998290
23998605
23998666
23998685
23998821
23998858
23999291
23999605
23999947
24000998
24001033
24001630
24001665
24001923
24002305
24002351
24002454
24002560
24002792
24002945
24003590
24003796
24004008
24004603
24004616
24004930
24004976
24005207
24005955
24006050
24006307
24007680
24007973
24008631
24008645
24009252
24009554
24009613
24009697
24009790
24009869
24010184
24010298
24010425
24180731
24180825
24180952
24181085
24181330
24181564
24183052
24183361
24183536
24183559
24183651
24183973
24184608
24185055
24185328
24185370
24186129
24186410
24188064
24188309
24188395
24189497
24189525
24189567
24189635
24189769
24189885
24190345
24190606
24190997
24191348
24191364
24191818
24191892
24192588
24192673
24192852
24192919
24193136
24193229
24193406
24193886
24194193
24194358
24194540
24194832
24194951
24195004
24195135
24195603
24195643
24195670
24195857
24196434
24197632
24197965
24197968
24198148
24198630
24297227
24299836
24300618
24404055
24412427
24413081
24414296
24415594
24416469
24418833
24419259
24419309
24420994
24421057
24421482
24422103
24422714
24422788
24423104
24423330
24423770
24423930
24424161
24424735
24424919
24424955
24426028
24426112
24426600
24426789
24426963
24427366
24427630
24427721
24427770
24427900
24427948
24428057
24428257
24428402
24428922
24429041
24429211
24429652
24429736
24430185
24430636
24430883
24431003
24431540
24432013
24432113
24432130
24432340
24433273
24433408
24433663
24433866
24433870
24434047
24434109
24434149
24434195
24434398
24434805
24435012
24435061
24435069
24435157
24435164
24435557
24435778
24436272
24436379
24436519
24436836
24436944
24437207
24437532
24437855
24438201
24438250
24438987
24439120
24439434
24439510
24439533
24439809
24439839
24566843
24573313
24577440
24577904
24581248
24583739
24586848
24588855
24609255
24609665
24609925
24610033
24611028
24611069
24611146
24611348
24612824
24612970
24613160
24613476
24613532
24613763
24614196
24614498
24614792
24614841
24614988
24615381
24615401
24615590
24615646
24615931
24616213
24616341
24616775
24617284
24617509
24617761
24617920
24618411
24619498
24620043
24620430
24620435
24620603
24620626
24620662
24620668
24620737
24621510
24621586
24621714
24622244
24623059
24623111
24623485
24623683
24623852
24624201
24718908
24719645
24721056
24721174
24721466
24721549
24721642
24721712
24721740
24721795
24721922
24722025
24722118
24722143
24722609
24722899
24723126
24723796
24723976
24724042
24724122
24724382
24724678
24724788
24725007
24725109
24725927
24726011
24726161
24726459
24727178
24727360
24727887
24728336
24728760
24728904
24729431
24729576
24729705
24729941
24730570
24730708
24730984
24731143
24731496
24732249
24732357
24732542
24732781
24733176
24733401
24733751
24734011
24734789
24734847
24734998
24735055
24735327
24735342
24735422
24735440
24736176
24736422
24737125
24737201
24737465
24737786
24848589
24848716
24848857
24848858
24849297
24849481
24850243
24850475
24850815
24851549
24851594
24852249
24853091
24853144
24853212
24853378
24853441
24853749
24853906
24854323
24854575
24855273
24855544
24855669
24855841
24856122
24856736
24856830
24857081
24857236
24857545
24857661
24858194
24858234
24859193
24859208
24859246
24859764
24859767
24859926
24860582
24860868
24861748
24862156
24862524
24862579
24863330
24863733
24864009
24864445
24864773
24865790
24866134
24866369
24866988
24867658
24868630
24868993
24869404
24871582
24872013
24873380
24874222
24875698
24875866
24876075
24879831
24880317
24881485
24881577
24883440
24951601
24951943
24954256
24956362
24957573
24957936
24957937
24958541
24959725
24959844
24960204
24961691
24963981
24964472
24995384
25041934
25042005
25042463
25043162
25043577
25044408
25044436
25044559
25044732
25044936
25045057
25045364
25046263
25046315
25046443
25047254
25047349
25047672
25047962
25048141
25048584
25051422
25051528
25053191
25053912
25054684
25054714
25055808
25057968
25058113
25059765
25099203
25099574
25100348
25103954
25107647
25107651
25109204
25112699
25159067
25161467
25197081
25198523
25202501
25206641
25208072
25209142
25209632
25210535
25213302
25214586
25214648
25214740
25214926
25215701
25216133
25216263
25216535
25218118
25218357
25219901
25220111
25220206
25220613
25220741
25220957
25221013
25221193
25221231
25221572
25222402
25222465
25222764
25223045
25224258
25224668
25225017
25225412
25225914
25226596
25227604
25228063
25229218
25291106
25291156
25291206
25292094
25292273
25292340
25292433
25292904
25293562
25293566
25293832
25293853
25293988
25294235
25295184
25295695
25295702
25295855
25296062
25296134
25296160
25296787
25296799
25296933
25297185
25297984
25298106
25299676
25299795
25299891
25300714
25301063
25301261
25301295
25301505
25301757
25302455
25302536
25302578
25302673
25302921
25303797
25303867
25304208
25304729
25304864
25305574
25305676
25305978
25306474
25306723
25307116
25307168
25307176
25307918
25308578
25308671
25308707
25309635
25309860
25310038
25310083
25310410
25310521
25310551
25310822
25311120
25311196
25311428
25311442
25312190
25312237
25312387
25312870
25313454
25313715
25313938
25313956
25355362
25514572
25515110
25515201
25515542
25515587
25515834
25516693
25517301
25517725
25518241
25518522
25518954
25519007
25519360
25519535
25519587
25520252
25520264
25520397
25520417
25520483
25521097
25521167
25521653
25521893
25522429
25522637
25522760
25523102
25523135
25523498
25523680
25523717
25524107
25524266
25525598
25525858
25526912
25527056
25527221
25527583
25527645
25527990
25528395
25529016
25529108
25529410
25529425
25530094
25530646
25531173
25531425
25531444
25531483
25531757
25532662
25532873
25532873
25533529
25534180
25534865
25535008
25535215
25535220
25535341
25535787
25535917
25536310
25536838
25537268
25538046
25614986
25616554
25619058
25619941
25620922
25622598
25623481
25625349
25629121
25630154
25630802
25631032
25632017
25634067
25634441
25635162
25635856
25639299
25642317
25644298
25652551
25653251
25654046
25658223
25659843
25659992
25661122
25661780
25662322
25664099
25664774
25665003
25665191
25665312
25665331
25666476
25667066
25667228
25667640
25667803
25668259
25671483
25671526
25671957
25672077
25672232
25673191
25673677
25674087
25674494
25804499
25804530
25804612
25804978
25805054
25805210
25805969
25806051
25807328
25808425
25808544
25809148
25809973
25810328
25810499
25810537
25810557
25810644
25810828
25811175
25811388
25811848
25811871
25812043
25812826
25812984
25813509
25815286
25815355
25815822
25816344
25816694
25817438
25817581
25848347
25848879
25883261
25884107
25884750
25885133
25885961
25886084
25886118
25886448
25887071
25887458
25887950
25887969
25888889
25888965
25889011
25889275
25889293
25890458
25890503
25890851
25891055
25891964
25892556
25892714
25892723
25893166
25893638
25896059
25896369
25897800
25898035
25898043
25898916
25899055
25900024
25900162
25920567
25921314
25921324
25921437
25921673
25921850
25922120
25922122
25922160
25925750
25925849
25926851
25926895
25926963
25927092
25927320
25927523
25927733
25927776
25928956
25929120
25929289
25929649
25929797
25930772
25930990
25931007
25932279
25932322
25932644
25932836
25933333
25933505
25934342
25934744
25935091
25935642
25936306
26014858
26021671
26023769
26086492
26087546
26089528
26089897
26097870
26100372
26101125
26103592
26103709
26104650
26118300
26118470
26118542
26118762
26118854
26118881
26118903
26119320
26119342
26119568
26120001
26120114
26120191
26120495
26120675
26121182
26121612
26122473
26122496
26123172
26123252
26125262
26125394
26125580
26126421
26126546
26126966
26127039
26127160
26127661
26128333
26128885
26129080
26129166
26129177
26129662
26129910
26130156
26130193
26130243
26130318
26130755
26130849
26130886
26130972
26131038
26131745
26132043
26132223
26132671
26132778
26133067
26133121
26133900
26133941
26134009
26134570
26135108
26135122
26135245
26135572
26135631
26135682
26135974
26136174
26136331
26136637
26136642
26136794
26136949
26137112
26137230
26137656
26138175
26138258
26138263
26138381
26138513
26138697
26138926
26139314
26139419
26139729
26139828
26139989
26140084
26140254
26140401
26141200
26141307
26141520
26214889
26215050
26215379
26215439
26216558
26217290
26217307
26217784
26218662
26218676
26219339
26219402
26220606
26220636
26222593
26223310
26223524
26224070
26224318
26224330
26224336
26224869
26226438
26226676
26228863
26230857
26231440
26231760
26232962
26314913
26315286
26315725
26316251
26316889
26317211
26317467
26318486
26318561
26319137
26319149
26319507
26319854
26320198
26320285
26320333
26320422
26320610
26320766
26320775
26321041
26321208
26321241
26321579
26321719
26322071
26322614
26322676
26322746
26322757
26322774
26322929
26323010
26323047
26323597
26323783
26323797
26324012
26324720
26324732
26324745
26324867
26325194
26325345
26325898
26326374
26326510
26326619
26326774
26326945
26326950
26327098
26327489
26327527
26327772
26328388
26328556
26328569
26328733
26501996
26502178
26506306
26506614
26506860
26507511
26507615
26509002
26509350
26509615
26510118
26510586
26511444
26511593
26511734
26512347
26512463
26515024
26515252
26515448
26515782
26516113
26516436
26517573
26518627
26518691
26518804
26519496
26520041
26520512
26521166
26521448
26521826
26521952
26523570
26524429
26524822
26524968
26678681
26724950
26726398
26727665
26728043
26728946
26729467
26730372
26732672
26735237
26735635
26737336
26737953
26737983
26738056
26739225
26739871
26741416
26762967
26763905
26764298
26764623
26765160
26765193
26765325
26765771
26766150
26766733
26766957
26767144
26767171
26768274
26768579
26768776
26769087
26769275
26769368
26769743
26770573
26771074
26771216
26771511
26771764
26771822
26771937
26772075
26772545
26772591
26772612
26772906
26773277
26773470
26773701
26774102
26774667
26774758
26774932
26774992
26865467
26865588
26865785
26865786
26865866
26866060
26866130
26866315
26866354
26866582
26866627
26866843
26867029
26867276
26867632
26867810
26867915
26867976
26868317
26868551
26868808
26868830
26869377
26869782
26869902
26870644
26870744
26870888
26870901
26871948
26872041
26872581
26872781
26873012
26873205
26873318
26873406
26873438
26873489
26873988
26873989
26874531
26874980
26875172
26875404
26875799
26875970
26876024
26876085
26876108
26876110
26876233
26877314
26877468
26877592
26877725
26878259
26878530
26878574
26879127
26879730
26929684
26929691
26930487
26930591
26930648
26932586
26932685
26932751
26933131
26933182
26933972
26934587
26934653
26934916
26935461
26935548
26935951
26936616
26937901
26938339
26939608
26939842
26939931
26940126
26940200
26940344
26941135
26941325
26941990
26942357
26942627
26942722
26943592
26943745
26943999
26944483
26945282
26945303
26945412
26946128
26946337
26946398
26946490
26947825
26948249
26949404
26950179
26950308
26951148
26951229
26951692
26951824
27040738
27041237
27041266
27042334
27043091
27043262
27043637
27043911
27044101
27044525
27044537
27045723
27046226
27047548
27048046
27048641
27048893
27049112
27049985
27050087
27050269
27050292
27050816
27050837
27052480
27054323
27055179
27055648
27057877
27058458
27058473
27059494
27059556
27059820
27060233
27060461
27060826
27060884
27061359
27061403
27061453
27061770
27062024
27108656
27181905
27182445
27182751
27182853
27183092
27183291
27183301
27183695
27185476
27185877
27186137
27186341
27186378
27186714
27187325
27187398
27187547
27188672
27188756
27188886
27188913
27189101
27189182
27189279
27189683
27190838
27190871
27191237
27191662
27191707
27192243
27192367
27193000
27193175
27193246
27193366
27193591
27193631
27193897
27193959
27194359
27194609
27194815
27195274
27195774
27196152
27196404
27196435
27196662
27196804
27197592
27197986
27198363
27198634
27198852
27199457
27199748
27200739
27201029
27201255
27201707
27245559
27250104
27251327
27251473
27252514
27258779
27259534
27260634
27261838
27262306
27374465
27375364
27375508
27375939
27376162
27376815
27377052
27378292
27380326
27380772
27381089
27381147
27382621
27382783
27383097
27384128
27384853
27385944
27387738
27388091
27388896
27390587
27391790
27391876
27391890
27392011
27393666
27393739
27393856
27395344
27402776
27415164
27415863
27416135
27416719
27416926
27418442
27418492
27418743
27420657
27420718
27421186
27421329
27422074
27422406
27424623
27425483
27427192
27522188
27523263
27523309
27523504
27523560
27523891
27523924
27524330
27525426
27525528
27526155
27526459
27526869
27527581
27527746
27528441
27528799
27528837
27528878
27529070
27529594
27530273
27530393
27530936
27531086
27531211
27531296
27531728
27532245
27532276
27532777
27533643
27533714
27534567
27535587
27535716
27535948
27535949
27536309
27537214
27537440
27538293
27538431
27538820
27539036
27600189
27601565
27602434
27602532
27602776
27603104
27604137
27604195
27604464
27605943
27606420
27607133
27608114
27610842
27610928
27611223
27613999
27615213
27769385
27769808
27770087
27771005
27772662
27772897
27773981
27774163
27774415
27774484
27774840
27775287
27775330
27775794
27775825
27775963
27776064
27777393
27777626
27777942
27779559
27779982
27780273
27781181
27782226
27782811
27783393
27784438
27785288
27785843
27786081
27787329
27887835
27923064
27925913
27926031
27934624
27943421
27944090
27947553
27948417
27948711
27950966
27951600
27952185
27953725
27953898
27956141
27959080
28063202
28064935
28065306
28066409
28071138
28073706
28077322
28122042
28123263
28124105
28125084
28127952
28129053
28129534
28130188
28131178
28135190
28170482
28170635
28171274
28171718
28171830
28172120
28172424
28172635
28173073
28173414
28173533
28174117
28174149
28175087
28175327
28175331
28175444
28175727
28176549
28176594
28176664
28177506
28178985
28181315
28182256
28182405
28183682
28183834
28183905
28184089
28184966
28252182
28254478
28254702
28255669
28256472
28262592
28263630
28265714
28430263
28432762
28436430
28437541
28437744
28438112
28438120
28438179
28438298
28439347
28439364
28439710
28439864
28439867
28440104
28440138
28440306
28440388
28440518
28440560
28440728
28440738
28441038
28441059
28441092
28441989
28442100
28442401
28442473
28442522
28442681
28442923
28443026
28443239
28443276
28443614
28443887
28444618
28444768
28444844
28445351
28445502
28445586
28445888
28445989
28446140
28446245
28446343
28446491
28446692
28446735
28446807
28446828
28446929
28447152
28447213
28447650
28447988
28448534
28448969
28448971
28449092
28449359
28449408
28449982
28450021
28450123
28450553
28451016
28451104
28451398
28451799
28452339
28452583
28452640
28452705
28453417
28453513
28453581
28453587
28453796
28453929
28454409
28454525
28454877
28456340
28456448
28456464
28456590
28456734
28456803
28456850
28457436
28457797
28457851
28458119
28458361
28458440
28458598
28458815
28459245
28459289
28459420
28459940
28459949
28460231
28460342
28460398
28460504
28460522
28460528
28460624
28534075
28546726
28546986
28547934
28553914
28661594
28661975
28663611
28663655
28663757
28664298
28666034
28666193
28666651
28668345
28669147
28670162
28670226
28670238
28670360
28670753
28672186
28676535
28676716
28676799
28677216
28677809
28682286
28682538
28736101
28736565
28737589
28738330
28738357
28738553
28739766
28739837
28739855
28740026
28740306
28740477
28740589
28740838
28740909
28741242
28742869
28743940
28744855
28745551
28745736
28746707
28746823
28746868
28746885
28748073
28749477
28788058
28789612
28789750
28790847
28791715
28793220
28794013
28795127
28795193
28795230
28795707
28796724
28797096
28797516
28797754
28800735
28883029
28884067
28884642
28884680
28884689
28884765
28885091
28885913
28887022
28887793
28887806
28888626
28889824
28890926
28890929
28891068
28892579
28892712
28892958
28893963
28894115
28894263
28895215
28895538
28897479
28897621
28897914
28899139
28899431
28899658
28899776
28899826
28900066
28900641
28900738
28901524
28902515
28903123
28903526
28903843
28903882
28904034
28904160
28904681
28922501
28922959
28923170
28923371
28924288
28924305
28925447
28926447
28926808
28926830
28927418
28927640
28927654
28928695
28929047
28929144
28929469
28929478
28930730
28931621
28931896
28931939
28932074
28932094
28932146
28932785
28932987
28933127
28933346
28933387
28933549
28933933
28934182
28934220
28934664
28934744
28936997
28937399
28937996
28938994
28939656
28939697
28940095
28940116
28940197
28940573
28940681
28941001
28941169
28941180
28941816
28942283
28942563
28942640
28943736
28944427
29034985
29037085
29037797
29080459
29081373
29081928
29082016
29082886
29082896
29084224
29085338
29086118
29086249
29086450
29086589
29086642
29086674
29087522
29087737
29088222
29088772
29088809
29089052
29090114
29090280
29090383
29090540
29090987
29091058
29091349
29091573
29092237
29092319
29092402
29092873
29093228
29093522
29093593
29093722
29095193
29095222
29095292
29095571
29095743
29096083
29096451
29096506
29098231
29099375
29099471
29099641
29099699
29100371
29100442
29100902
29100953
29101009
29101377
29101833
29102090
29102592
29103093
29160691
29251877
29252192
29252524
29253401
29253582
29253978
29254050
29254187
29254398
29254981
29255049
29255110
29255493
29256028
29256035
29256283
29257765
29257890
29258643
29259004
29259218
29259828
29259873
29260329
29260868
29260947
29261322
29262033
29262067
29262236
29262404
29263456
29264000
29264123
29264170
29264603
29264783
29264990
29265162
29265227
29265515
29265815
29265878
29266602
29266724
29266865
29266896
29267095
29267457
29267582
29267620
29268043
29268246
29268320
29268340
29269081
29269401
29269693
29269965
29270210
29270995
29271047
29271125
29271649
29272718
29272853
29272899
29272918
29272921
29273160
29273738
29273775
29374324
29377905
29377948
29378049
29379010
29380142
29410151
29410424
29414266
29415408
29416444
29418917
29419442
29419960
29444584
29449744
29452610
29453919
29457547
29458838
29493987
29496110
29497550
29498100
29500988
29501663
29504999
29506640
29506962
29507012
29507254
29514830
29632667
29632987
29635896
29636029
29636203
29636265
29636389
29637207
29639032
29640613
29640729
29641039
29641417
29642192
29642515
29642599
29643000
29643217
29643732
29643841
29644006
29644144
29645242
29645341
29645960
29646674
29646989
29647047
29647173
29647685
29648249
29649293
29650060
29650787
29650831
29650963
29651139
29651474
29651701
29651867
29652819
29705681
29705779
29705852
29706122
29706297
29706421
29707262
29707456
29707565
29707619
29708319
29709218
29709357
29709646
29709650
29710147
29710955
29711444
29712123
29713095
29713372
29713725
29713947
29713959
29714203
29714671
29714762
29714986
29715332
29716089
29716166
29716415
29716502
29716507
29716870
29717007
29717173
29717247
29717390
29718005
29718202
29719090
29719396
29719601
29719700
29719882
29720776
29720889
29721164
29721305
29721513
29721533
29721838
29722240
29722936
29722971
29723135
29723315
29823652
29825978
29830496
29830608
29831109
29834477
29836373
29837967
29874694
29874882
29875807
29876052
29876577
29878207
29878564
29880769
29880970
29881198
29881978
29883830
29885955
29886499
29886683
29889203
29889243
29891435
29892526
29892577
29894211
30037314
30037552
30037885
30038048
30038557
30038577
30038841
30038887
30039090
30039444
30040124
30040785
30041315
30041463
30041889
30042105
30042290
30042427
30042502
30042565
30042871
30042875
30042926
30044183
30044371
30044539
30044684
30045081
30045454
30045483
30045501
30045531
30045536
30045546
30045674
30045728
30045783
30046063
30046147
30046215
30046738
30046763
30047342
30047346
30047497
30047803
30047881
30048043
30048081
30048180
30048331
30048479
30048921
30049051
30049184
30050242
30050692
30050884
30050981
30051050
30051081
30051197
30051389
30051591
30051712
30051957
30052021
30052359
30052490
30052518
30052700
30052772
30053076
30053599
30053650
30053934
30053957
30054106
30054300
30054889
30055637
30055711
30055821
30055829
30056438
30056687
30057518
30058204
30058279
30058541
30058548
30059444
30059613
30059806
30059863
30059906
30060052
30060108
30060245
30065880
30066684
30085160
30161440
30162324
30162482
30163909
30165236
30165597
30166055
30166262
30166441
30166654
30166855
30167028
30167051
30167526
30167612
30168596
30169183
30169764
30170576
30171955
30172799
30173378
30173867
30174868
30176298
30176363
30177045
30177595
30177599
30180042
30180498
30180926
30181585
30184127
30184940
30187262
30187298
30187428
30189057
30190457
30191254
30191378
30191884
30358597
30359290
30359728
30359962
30360061
30360211
30360323
30360509
30360833
30360845
30360952
30360975
30361874
30362141
30362465
30362567
30363273
30365158
30365298
30365831
30366085
30366521
30366863
30367522
30367589
30368730
30368814
30368835
30369144
30370020
30370437
30370834
30371099
30371522
30371558
30371651
30371820
30372178
30372819
30372902
30373586
30373711
30373723
30374108
30374848
30374959
30374965
30375555
30375753
30376004
30416933
30419225
30426426
