1203
1214
1255
1262
1265
1270
1278
1297
1310
1320
1329
1333
1334
1346
1349
1376
1383
1389
1390
1408
1414
1417
1438
1455
1461
3343
3855
3868
3990
3990
4073
5074
5092
5122
5155
5160
5169
5170
5181
5187
5217
5226
5229
5230
5232
5241
5245
5245
5246
5254
5254
5258
5272
5283
5295
5328
5374
5375
5401
5427
5441
5447
5465
5506
5510
5513
5581
5599
5621
5633
5655
5717
5770
5889
5929
5963
5993
5999
8073
8083
8090
8186
8282
8306
8311
8457
8477
8520
8541
8543
8569
8599
8606
8626
8632
8651
8655
8666
8667
8674
8681
8703
8711
8723
8728
8734
8750
8756
8759
9800
9802
9812
9817
9840
9856
9867
9881
9882
9894
9939
9944
9982
10006
10027
10051
10052
10067
11254
11309
11356
11444
11481
11502
12360
12365
12397
12417
12440
12495
12543
12558
12564
12576
12577
12609
12829
15495
15532
15533
15549
15592
15596
15604
15628
15665
15671
15674
15695
15819
15881
16248
16264
16266
16286
16309
16317
16321
16376
16378
16424
16439
16447
16450
16469
16471
16472
16505
17791
17800
17803
17830
17836
17846
17862
17867
17908
17937
17971
17994
18005
18012
19626
19687
19744
19776
19881
19937
