582
1250
5496
6688
7476
8797
12879
16381
17537
20172
22543
24532
25574
29997
31416
32580
33431
35088
37065
46341
49110
53713
69729
70465
75588
76357
84852
87285
97291
99149
99647
100367
100674
100938
101586
105517
107823
114791
125391
125513
130701
135659
140533
141368
143226
144930
145965
146696
147722
151342
155454
155903
156766
156950
158503
165161
172368
183987
184622
185294
189550
192925
195598
196631
196826
197581
197677
198510
202709
205317
205538
208041
208743
211235
211434
215939
216284
216458
220819
221095
221838
222279
223818
224191
224634
224976
247507
247527
249108
252089
252827
257160
258705
262068
262233
263021
264834
277936
284754
288710
288851
289244
289528
292531
292692
295649
297485
299071
306202
313463
315146
315809
316946
319898
322666
326796
327663
327835
332997
334493
334750
337772
347062
349743
350481
352164
352377
357250
357742
357861
364630
374427
376682
384894
384923
389022
390579
394616
395789
397840
399668
400580
403322
405080
411203
413648
416927
418798
425008
428142
431274
437676
449962
450625
453597
454110
455095
455645
456154
456721
458697
459204
465455
469858
470299
471158
478052
483232
492787
498427
503155
505035
506211
506523
507069
507732
516091
517239
517456
520420
520744
521401
528288
536511
538578
543022
543854
544726
549280
551299
559484
560082
576104
577706
579784
590001
591139
592694
593424
595713
608721
611410
614948
618469
618893
619260
621565
621837
622437
626876
634466
640423
645638
651951
654473
656110
658767
658908
661286
661290
662073
662856
667468
670977
672992
673846
674077
675741
680262
681947
683313
687108
693615
694171
694528
698028
698509
700525
702399
706050
708684
716894
721059
722224
723265
734411
738333
745927
746681
750712
751026
755184
764675
770203
772656
773580
777289
777531
785110
786192
788990
790338
791340
792858
793366
797111
798821
801461
802550
803367
804051
809785
809803
812158
816439
817059
817129
824784
828390
833669
838151
839653
839878
843397
843842
845958
846494
849459
849665
852451
855975
858160
859966
864834
865989
866275
867096
867831
872429
876041
877581
881267
882007
891527
891693
896892
902788
904625
904992
906676
908617
911450
912603
914744
921079
924398
928027
930139
931604
936019
937130
937260
937951
939895
940646
941115
943258
947755
948059
948784
948853
950182
958208
958742
959443
960411
961437
964458
964955
965948
966971
970365
970736
973927
974868
977638
983678
985527
989252
990037
991289
991640
996404
996626
996889
1007884
1013152
1014003
1018819
1026752
1033906
1035360
1038562
1038913
1039420
1043796
1044125
1044641
1046583
1052762
1053250
1054476
1057611
1060663
1062673
1064017
1064172
1067488
1068157
1069452
1070995
1078352
1081097
1082459
1092064
1092548
1101222
1106658
1107901
1111395
1115060
1116895
1117646
1122311
1123172
1123553
1124547
1126402
1127555
1127572
1127771
1128723
1140974
1141977
1144534
1150704
1158846
1162464
1168420
1171053
1173286
1173770
1174472
1178155
1182731
1184312
1186180
1186967
1187275
1192878
1201717
1202263
1205637
1206912
1218620
1218639
1222027
1226179
1237973
1241695
1242573
1250105
1250846
1254142
1254750
1255276
1256183
1259697
1262691
1264367
1266701
1266798
1267702
1276074
1276641
1285481
1288214
1288537
1289275
1290602
1296805
1297866
1300047
1301416
1304417
1304914
1306360
1306996
1319888
1321007
1321110
1327047
1328540
1335178
1337249
1339337
1339499
1345863
1349036
1357427
1358080
1359657
1360824
1364086
1376854
1376856
1377775
1384338
1387938
1390949
1392619
1393570
1395213
1395711
1396282
1397264
1399095
1401434
1402213
1405916
1411499
1411817
1416177
1419283
1421235
1423333
1424494
1429139
1432193
1434566
1438657
1441761
1444067
1444386
1444991
1447866
1448208
1449251
1451151
1451972
1455048
1456525
1461489
1463363
1465087
1470850
1478393
1480189
1483211
1497598
1502651
1505938
1506853
1507014
1507102
1508158
1508882
1509281
1513274
1513369
1515756
1518715
1518985
1522855
1523121
1525084
1526163
1526607
1531404
1531913
1533008
1534620
1536513
1539325
1544244
1546670
1553716
1565185
1567220
1570664
1578517
1582422
1586300
1588013
1591256
1591302
1591947
1594456
1598885
1605568
1607028
1614453
1614615
1616378
1617133
1617214
1617874
1620037
1621772
1627019
1628557
1628897
1630471
1630865
1637308
1637942
1637999
1647117
1648468
1652936
1675457
1681978
1684163
1686222
1687413
1688202
1694016
1694782
1695231
1695547
1695923
1702099
1702975
1705981
1706951
1709328
1711569
1713495
1714294
1714348
1715234
1717927
1720103
1721904
1726656
1727536
1738685
1739753
1743757
1744002
1746127
1749720
1752516
1752648
1754920
1764901
1765839
1768536
1771300
1774366
1779431
1780754
1781908
1798831
1802269
1808144
1808941
1813001
1816628
1819380
1824959
1825527
1825834
1826683
1826783
1829812
1830994
1832444
1832941
1846487
1848473
1850842
1852091
1853006
1854140
1855733
1864510
1869494
1870110
1871054
1871522
1872774
1875933
1888494
1890969
1892391
1893956
1895952
1898655
1900765
1903845
1906378
1908630
1918075
1923157
1923617
1927868
1928358
1932020
1932793
1933522
1936937
1939911
1942925
1954249
1954817
1954899
1978682
1979367
1981330
1983234
1986080
1988929
1993598
1995563
1996122
2001040
2003127
2003212
2003291
2005413
2006905
2007051
2008463
2010013
2010104
2014478
2032312
2035043
2035163
2035412
2035540
2037869
2040522
2043934
2049215
2050051
2050133
2052468
2054538
2056467
2062246
2069859
2071000
2074742
2079175
2083856
2084493
2086580
2086664
2089432
2099496
2099900
2104744
2109009
2109140
2110866
2110932
2115415
2120116
2122930
2125510
2129614
2131069
2131629
2131767
2135370
2144125
2144435
2150502
2152168
2154218
2165417
2166317
2167019
2173941
2183406
2184270
2185943
2187254
2191784
2201484
2219707
2220926
2223702
2229848
2233859
2240637
2242348
2245576
2255297
2257001
2262642
2263037
2264165
2264915
2266227
2271466
2284184
2286426
2290431
2292824
2292964
2293313
2293731
2293920
2294228
2294594
2295855
2297393
2299354
2299702
2300367
2302984
2305575
2305700
2311228
2312852
2313489
2314025
2317005
2322136
2323792
2324361
2325393
2334956
2335207
2336565
2336707
2337846
2339513
2339625
2342456
2346283
2355668
2355779
2356777
2359600
2361903
2363141
2366180
2366350
2371648
2372742
2379858
2381136
2381560
2392792
2395264
2395492
2399382
2407974
2410012
2411885
2413635
2419741
2421234
2422151
2425054
2434129
2437304
2437385
2437504
2437943
2438957
2439588
2455206
2455587
2457148
2461039
2461709
2464659
2467607
2467787
2469929
2470120
2474336
2480139
2484846
2484872
2485670
2496661
2497942
2503130
2507317
2509184
2510065
2512186
2515468
2516006
2516228
2522464
2525870
2530413
2539831
2541288
2544961
2548711
2550499
2552680
2554086
2555252
2561043
2571081
2574815
2575046
2576116
2581305
2589071
2590974
2592330
2592361
2592404
2594995
2596873
2597815
2597932
2598105
2598677
2599944
2605000
2605742
2605802
2611582
2611597
2619283
2619348
2625126
2629313
2632412
2633073
2634093
2634649
2637692
2637864
2638024
2640352
2645736
2647736
2648665
2653486
2654850
2656687
2656754
2660826
2661487
2667140
2670924
2672282
2680925
2683323
2689526
2690841
2691684
2699022
2700395
2704225
2705530
2710549
2711737
2719810
2723064
2726749
2730497
2731041
2731661
2732235
2734555
2737939
2739408
2740422
2742044
2742201
2744224
2745973
2746105
2746775
2754879
2758299
2759384
2767692
2768155
2775127
2779741
2787004
2789243
2791148
2794792
2796817
2798169
2800413
2801677
2802637
2806099
2812835
2819794
2825606
2826894
2829299
2831349
2841489
2841964
2842128
2842545
2843237
2845858
2846628
2847635
2850140
2852235
2853111
2853277
2854830
2863053
2867068
2873191
2876845
2887638
2889797
2889951
2891287
2894099
2896737
2898389
2904510
2905415
2906859
2907593
2913634
2914132
2916504
2919858
2921000
2931957
2932659
2937313
2939551
2948857
2948889
2948891
2949740
2954710
2955783
2956070
2956427
2965587
2965751
2973990
2975351
2976414
2978396
2980463
2981495
2983854
2988774
2990899
2994704
2996253
3000916
3009250
3011122
3016243
3017829
3018392
3018940
3021649
3021956
3024098
3040136
3044960
3046134
3063113
3063732
3066248
3068753
3069725
3075457
3075512
3079965
3080848
3084639
3084859
3086672
3088917
3092229
3094109
3100969
3104598
3105548
3105905
3111030
3112447
3112631
3121820
3122441
3123241
3124867
3126163
3127862
3134304
3140089
3144571
3144683
3145713
3154577
3158570
3161281
3161963
3162538
3170535
3171180
3179836
3180185
3180862
3190778
3194116
3195920
3196339
3200497
3205810
3210509
3212658
3214606
3216037
3219915
3226167
3226185
3228741
3229460
3238684
3239351
3240409
3240598
3241170
3243131
3244870
3245363
3246422
3246527
3246951
3253944
3254175
3258311
3261838
3268482
3274865
3276093
3280655
3281196
3283272
3283522
3286995
3286997
3292748
3300484
3307692
3308252
3308265
3310229
3312782
3318599
3319652
3323752
3323823
3325107
3325718
3329815
3330077
3330518
3332314
3334337
3335338
3335375
3339901
3343564
3349225
3354275
3358383
3361683
3363086
3363723
3363753
3369775
3371175
3372513
3372666
3372705
3377645
3382237
3382428
3382833
3382944
3383984
3386436
3388124
3389274
3394471
3398691
3403241
3404245
3404674
3406931
3411335
3411453
3412404
3418614
3420418
3426263
3430255
3431441
3433070
3438598
3440776
3440859
3443376
3445397
3448397
3449223
3454560
3454594
3456315
3461964
3465258
3469098
3470004
3472272
3476830
3477807
3478612
3479886
3488094
3490387
3490665
3491405
3494206
3495603
3497164
3497751
3501045
3504317
3507711
3509853
3510679
3512973
3518400
3522073
3524414
3524792
3525666
3527424
3529118
3533066
3533103
3534266
3536204
3536558
3537955
3538542
3539410
3540047
3548018
3552020
3556887
3567127
3568009
3569391
3571096
3573734
3574089
3577815
3578859
3579839
3587234
3595160
3596304
3596959
3604804
3609363
3610763
3612232
3613666
3620828
3627088
3633010
3635765
3637269
3643690
3649700
3650867
3653031
3654605
3658162
3659979
3660124
3661884
3670314
3671545
3671756
3684013
3685367
3687685
3688206
3692907
3697020
3697211
3697773
3706477
3707431
3707839
3710883
3711723
3715819
3717935
3719344
3720123
3724707
3730321
3730604
3732170
3733483
3733618
3735369
3736098
3736973
3738650
3739271
3743371
3746768
3748317
3748392
3753766
3758388
3761247
3761421
3763202
3763777
3763962
3766249
3776844
3785491
3786174
3787512
3788928
3790409
3796917
3799261
3810815
3816421
3817313
3819356
3820212
3824564
3828175
3832663
3834276
3835309
3838190
3840141
3840297
3842028
3843886
3845159
3846646
3849188
3851705
3851994
3857430
3859165
3860410
3861395
3864045
3864664
3866583
3867721
3869618
3875418
3881262
3884332
3885573
3886847
3889663
3897213
3902708
3903943
3904366
3907762
3910245
3911947
3912076
3913876
3918341
3920309
3922858
3924053
3925442
3925485
3926211
3926290
3927347
3931132
3933602
3934107
3936156
3937625
3938778
3948732
3949822
3951546
3952546
3955040
3956137
3956771
3959586
3962128
3963687
3968652
3968811
3987488
3989554
4004282
4004915
4006217
4007145
4011842
4013709
4015413
4015897
4024119
4026009
4026613
4032966
4036785
4038607
4052554
4057372
4059879
4062447
4065908
4071667
4075897
4077628
4078348
4087785
4097004
4102774
4104845
4106301
4111254
4112307
4114948
4120375
4124578
4124882
4129542
4131662
4132792
4137678
4142701
4142867
4146813
4152669
4154515
4158104
4165894
4166053
4168781
4172203
4174547
4176231
4179652
4179833
4181126
4184761
4187480
4187610
4188108
4198321
4201469
4208344
4211620
4218535
4219909
4232038
4232889
4237608
4244649
4249245
4251015
4255652
4258016
4260212
4260370
4261920
4268287
4272239
4277226
4278334
4283404
4286917
4289447
4295409
4296563
4296845
4297554
4302566
4314054
4316375
4318359
4318667
4318888
4320357
4326309
4326894
4327153
4328266
4328346
4329766
4331356
4337291
4341977
4342153
4344696
4345697
4358165
4358795
4359597
4362532
4365284
4367980
4368173
4369171
4372714
4373779
4377339
4378541
4380332
4384005
4388667
4389146
4390199
4390572
4391202
4397673
4399690
4401782
4404085
4404960
4406601
4407396
4409887
4410305
4413347
4414581
4419226
4427198
4429556
4433225
4447696
4447750
4456102
4463379
4463480
4464025
4469119
4470154
4473146
4473914
4475236
4475531
4475918
4476196
4477649
4478706
4479316
4485970
4487581
4487667
4488603
4493017
4496174
4496557
4499706
4500321
4502313
4509425
4513256
4513550
4513848
4514527
4517995
4519011
4522424
4524402
4531258
4531755
4532774
4533029
4537951
4539824
4540576
4541996
4542650
4544675
4547111
4551835
4553635
4554317
4555198
4557976
4560415
4560531
4560916
4563395
4578266
4579867
4587110
4592021
4598076
4601120
4604753
4608940
4611571
4611816
4613834
4618551
4619389
4620440
4623535
4624226
4633922
4637558
4638297
4640080
4641961
4646247
4655088
4655170
4655336
4662232
4671909
4673487
4676967
4681720
4686170
4696975
4713506
4714405
4715434
4717595
4718293
4719570
4725583
4726675
4732358
4733785
4739271
4740134
4746788
4748733
4750484
4751114
4751849
4752147
4756931
4759174
4762420
4762627
4765230
4768930
4770398
4770870
4771689
4774898
4775900
4776066
4776469
4780284
4785812
4790211
4793029
4793493
4794188
4799002
4799351
4807614
4812053
4814745
4820108
4824597
4829748
4834085
4835023
4841556
4841577
4841721
4844614
4847084
4849489
4850437
4853405
4855651
4856764
4857501
4858378
4858662
4861794
4864453
4868135
4868270
4868716
4869902
4870496
4875249
4878502
4882272
4884631
4886092
4886808
4891784
4895499
4895678
4897074
4897159
4901662
4902462
4906636
4908000
4911819
4913433
4916246
4927759
4928989
4929110
4929741
4932701
4933667
4941744
4952608
4953361
4953807
4956734
4961917
4965126
4967934
4968659
4970214
4970690
4972605
4975171
4977589
4978809
4983553
4983848
4986487
4988837
4989455
4991586
4993712
4994208
4996507
4998444
5014365
5015406
5019043
5020184
5025134
5026020
5030777
5031488
5034319
5034588
5039721
5046039
5046897
5051793
5052417
5054212
5054328
5059478
5060952
5061035
5061424
5063748
5066886
5067146
5067896
5070421
5070788
5076223
5082497
5084461
5085607
5086978
5087163
5089000
5093169
5096622
5101557
5104512
5106096
5111847
5115731
5117289
5121806
5123624
5125993
5126955
5137981
5142095
5147195
5147747
5148288
5155894
5160765
5161336
5161638
5163772
5174441
5176242
5180780
5182588
5185187
5185948
5189661
5193753
5198081
5200940
5201194
5204048
5209461
5225649
5225870
5228517
5229173
5231125
5236356
5242315
5246037
5251462
5257315
5260766
5265141
5268935
5269805
5272611
5274614
5279486
5281352
5284944
5287046
5287375
5291018
5295387
5296860
5298113
5306119
5306976
5312215
5312845
5314677
5317278
5317982
5326033
5328627
5328878
5329118
5330716
5331504
5342069
5344264
5345044
5345368
5354946
5357017
5360894
5362936
5363892
5365310
5365413
5366109
5366243
5366340
5371095
5373945
5380133
5381835
5383675
5383963
5387712
5391463
5391741
5393299
5397581
5399248
5399344
5400604
5401601
5406082
5408565
5408792
5409062
5415101
5418272
5419247
5422466
5423944
5424181
5425899
5425963
5430817
5431992
5433607
5434276
5436066
5436880
5438767
5442370
5454303
5462130
5463705
5465669
5466018
5468212
5470472
5477979
5477984
5480688
5484628
5490179
5490990
5494876
5495943
5496758
5505422
5506719
5507710
5511792
5512167
5512266
5517085
5523717
5526861
5528944
5531652
5533646
5535365
5538834
5540849
5544938
5547455
5547779
5547912
5547963
5554384
5555921
5560182
5563215
5565976
5568026
5570952
5572367
5576517
5578379
5582096
5585221
5588120
5593281
5602148
5603841
5604042
5605784
5617132
5620635
5622494
5630590
5630883
5632311
5637679
5637756
5640386
5642315
5646028
5650040
5651317
5653720
5655151
5657103
5657852
5658808
5659604
5665842
5670922
5673877
5675169
5681814
5683288
5683898
5686081
5686412
5691544
5692804
5693460
5694342
5701822
5704749
5711005
5719136
5719401
5720419
5727172
5731038
5731163
5737432
5742423
5743165
5748074
5748715
5751700
5752407
5755879
5757348
5762880
5765252
5766759
5769208
5769806
5770145
5772685
5774388
5774396
5775706
5776886
5777495
5781502
5781530
5781911
5785990
5790693
5792629
5802442
5810857
5822867
5826920
5835631
5836203
5840949
5841848
5843038
5843395
5847795
5847944
5848463
5849812
5853700
5855762
5862695
5862895
5866665
5871349
5877296
5883342
5884708
5891039
5891305
5897212
5910653
5912164
5915679
5919117
5919966
5923302
5924168
5929483
5930147
5931828
5932886
5935554
5935774
5942852
5943788
5944275
5946049
5949392
5951123
5961739
5966740
5967320
5968220
5971221
5973995
5975919
5976071
5977080
5980436
5981602
5981828
5993982
5995769
5996441
5996650
5997489
6001380
6002503
6004013
6008006
6011116
6011522
6013162
6026623
6031123
6038073
6043060
6045820
6057956
6059415
6064035
6069074
6077047
6077315
6080482
6083635
6083685
6084417
6085947
6086414
6091454
6099805
6106802
6107922
6114350
6115143
6115376
6116039
6116200
6118665
6120086
6120920
6121726
6123804
6130645
6132913
6133431
6145406
6145759
6149862
6150338
6151423
6151633
6152896
6157371
6157941
6158018
6158552
6158565
6162748
6183325
6185224
6190717
6191649
6194344
6195647
6196805
6198334
6198371
6200632
6201239
6202964
6206628
6206936
6214256
6221067
6221577
6222133
6222136
6223960
6224117
6228145
6229716
6234872
6241077
6241397
6243481
6248971
6249373
6256017
6258350
6258962
6261138
6261478
6264114
6270550
6272174
6275285
6276977
6279634
6281866
6284266
6285399
6285813
6286472
6289146
6289482
6293889
6294077
6296244
6299593
6301864
6308620
6309552
6309607
6315677
6316295
6328899
6328984
6330462
6330989
6337138
6340395
6342300
6347016
6348459
6351337
6356659
6356681
6361293
6361605
6362202
6364728
6365209
6366247
6367362
6369952
6370730
6378203
6379961
6381007
6382154
6386123
6388670
6390462
6404627
6405009
6418493
6421974
6425468
6426758
6426873
6431332
6433674
6436101
6436346
6439518
6440851
6442571
6446252
6447055
6448285
6449737
6449894
6451870
6452668
6455610
6456288
6458011
6458327
6460592
6461397
6463597
6463612
6468142
6470236
6470296
6470960
6475299
6482311
6482655
6483300
6490470
6490659
6493443
6495006
6496073
6496437
6496644
6499824
6499948
6502802
6503126
6508998
6514091
6517622
6522646
6522880
6527406
6530660
6536085
6537536
6537943
6539468
6545550
6546684
6548623
6550996
6551910
6552141
6561305
6561928
6571416
6571638
6572102
6572899
6578068
6580286
6582095
6585154
6591822
6593204
6595194
6596957
6603833
6612751
6625741
6630168
6633374
6643158
6645112
6652935
6653826
6660428
6673006
6682711
6684655
6691725
6699232
6702254
6704604
6713042
6714532
6719128
6720501
6723134
6724833
6725820
6727500
6730524
6737711
6738379
6739249
6741437
6744466
6744772
6745560
6749503
6756735
6757863
6759238
6761964
6765554
6767966
6769004
6773731
6779308
6780144
6781058
6781125
6784674
6785154
6787793
6792595
6797341
6799497
6801696
6805099
6806630
6806659
6810002
6813849
6816682
6818280
6819358
6822996
6825361
6827085
6829915
6837992
6839467
6841098
6841418
6841931
6845062
6845412
6846488
6846759
6848901
6851702
6854191
6856306
6856693
6857595
6860735
6861164
6862905
6866609
6867106
6867807
6868251
6869979
6871726
6873159
6880688
6889526
6895588
6895851
6899123
6900959
6901153
6902403
6903581
6903721
6906924
6907522
6910678
6914209
6915827
6918648
6919984
6920476
6922699
6923983
6925601
6927860
6928657
6933728
6937520
6941967
6942578
6944503
6946750
6951717
6953125
6957612
6957934
6958899
6962516
6964539
6975927
6977852
6979920
6983408
6985174
6989652
6991301
6996915
6999666
7004814
7016949
7020083
7021230
7021546
7023633
7025615
7026107
7032285
7034150
7036899
7037091
7037793
7038558
7040453
7041961
7043203
7043876
7046175
7047009
7055452
7064376
7067238
7069287
7073929
7076692
7082462
7084268
7089712
7096535
7101631
7102952
7105783
7111365
7113617
7116085
7130487
7130775
7132246
7134232
7148003
7154230
7158095
7176351
7179378
7189034
7189760
7196571
7201511
7204283
7207841
7210543
7213989
7221390
7222147
7224022
7225230
7233832
7235710
7239949
7244024
7249549
7251470
7252489
7256362
7256608
7260975
7263124
7264057
7266390
7270517
7270682
7273951
7274201
7275187
7277482
7277885
7279986
7280833
7281040
7283963
7284683
7286003
7290653
7291855
7292793
7293674
7302204
7307035
7308755
7315779
7320024
7325385
7330389
7339237
7339553
7340166
7340424
7341596
7341627
7345123
7350722
7351932
7353180
7355831
7359417
7360300
7365581
7376792
7380264
7391015
7400904
7406181
7406510
7409734
7409978
7413051
7413840
7418682
7420656
7426406
7427508
7429346
7433031
7435311
7438449
7439088
7442087
7442328
7443636
7444605
7445195
7445697
7445850
7448476
7448944
7450693
7451797
7452798
7453689
7456864
7459902
7461179
7464251
7468195
7468650
7475428
7475978
7478767
7482899
7484882
7485179
7487965
7489860
7495897
7496845
7497871
7502847
7504959
7505582
7506911
7509723
7511041
7512993
7513092
7514052
7520780
7526349
7526854
7529957
7543565
7544406
7552934
7559922
7566644
7567373
7572759
7578993
7593163
7596896
7598373
7599946
7602678
7603993
7605210
7607195
7607240
7612562
7619501
7622372
7622804
7628044
7637996
7642368
7646674
7646712
7648727
7653879
7668782
7676712
7677081
7677100
7677335
7685297
7685534
7692231
7695486
7698021
7700342
7702536
7703307
7711793
7723394
7734319
7734487
7735969
7736386
7741042
7745860
7754103
7754131
7754636
7757390
7760883
7761333
7761824
7774768
7774858
7777697
7779062
7779200
7785453
7786691
7792255
7795269
7800709
7806224
7810424
7813733
7819940
7821838
7825058
7825335
7825584
7827980
7828481
7839855
7844966
7845068
7854583
7857857
7861946
7862842
7868263
7869938
7874697
7876180
7880976
7883639
7884516
7892363
7893472
7894250
7894431
7900717
7905605
7913642
7913723
7916280
7916475
7921213
7925702
7928419
7929631
7929662
7931983
7943777
7947834
7948906
7970566
7979457
7979958
7980622
7980784
7983714
7985200
7987524
7988358
7989112
7991875
7993813
7994256
7994709
7995334
7998583
7998648
7998732
7999210
8000434
8006028
8008982
8010098
8011049
8014255
8016124
8017945
8020633
8020652
8021672
8028385
8031026
8031435
8037606
8038585
8040361
8044163
8044563
8047177
8050926
8060273
8060614
8073114
8073599
8077141
8080572
8080623
8081771
8081997
8086416
8087065
8087839
8101070
8103330
8106704
8106764
8114424
8117316
8117774
8123149
8124497
8126949
8128515
8132561
8138091
8141705
8143627
8146868
8148056
8151750
8154560
8157263
8160413
8161273
8161757
8165975
8166931
8167998
8171065
8174642
8178843
8179866
8181605
8186099
8190652
8193203
8197737
8201985
8202329
8203311
8219956
8220162
8223165
8225714
8226679
8236976
8237173
8237291
8240662
8244365
8244509
8246880
8248127
8251520
8261260
8262854
8272486
8274864
8276182
8277604
8279339
8284142
8284220
8290609
8293663
8296173
8296460
8300010
8302449
8302575
8302956
8303110
8308201
8308800
8314977
8318137
8318523
8320859
8323013
8336911
8342232
8345512
8347975
8349624
8356717
8359303
8360364
8361975
8362399
8367484
8367942
8368007
8370592
8372645
8377134
8377699
8381824
8386756
8388192
8388320
8391589
8395403
8397496
8401787
8404083
8408967
8411108
8413165
8415112
8422631
8423790
8423809
8427231
8436646
8436699
8437928
8440619
8442957
8444455
8445536
8466716
8468107
8469738
8470984
8479835
8480827
8490673
8492785
8497973
8506811
8507404
8507711
8507772
8509445
8510344
8511320
8512774
8518711
8520616
8523332
8524474
8528124
8528450
8534540
8537262
8537395
8539341
8539951
8540937
8541770
8542778
8543886
8546975
8547847
8548096
8549322
8553452
8560972
8572153
8577267
8584115
8585534
8588970
8591360
8591999
8593831
8593930
8594816
8597604
8598388
8599129
8599853
8603794
8604100
8607173
8610464
8612407
8615726
8619180
8619565
8623158
8623738
8627241
8631467
8632199
8635498
8636774
8637285
8637643
8638650
8644614
8648215
8648754
8649611
8650594
8655619
8656124
8658837
8659771
8665651
8668106
8668511
8671904
8672166
8675128
8681740
8683856
8686527
8689246
8692409
8693392
8712217
8712268
8714896
8716016
8719050
8722999
8723213
8739553
8744316
8752199
8752342
8754778
8761920
8762216
8766258
8769908
8770506
8771359
8775547
8779408
8787683
8788664
8793662
8803373
8807680
8818487
8820466
8820743
8821596
8829039
8832582
8838490
8838817
8842539
8843971
8855929
8857883
8860406
8862467
8867385
8868528
8868844
8871584
8873858
8877565
8878127
8879028
8882990
8884072
8885342
8889549
8896437
8898537
8903117
8903774
8905834
8906573
8907150
8907294
8910042
8910050
8912540
8917643
8918382
8923292
8926706
8927035
8927177
8927260
8929036
8929501
8931138
8931515
8934708
8936129
8939347
8940214
8942287
8942339
8943363
8945381
8948804
8950264
8953300
8957108
8957671
8966034
8968082
8968598
8983860
8985814
8987954
8991198
8991305
8996524
8999326
9000241
9000841
9003422
9003649
9003690
9010349
9010852
9012354
9017002
9018624
9019419
9019646
9020629
9034546
9036713
9038959
9042140
9042400
9043916
9047936
9049137
9049420
9052312
9054296
9056366
9057126
9065267
9068236
9068619
9069519
9073648
9073778
9077322
9079005
9088440
9090908
9095179
9096498
9103113
9103740
9107523
9107817
9112323
9115122
9115678
9117875
9120403
9127781
9140942
9142977
9143087
9148170
9152088
9157846
9163817
9168532
9168622
9169982
9172707
9176528
9176558
9179288
9183612
9189886
9194691
9196650
9201531
9202708
9204804
9204995
9209327
9209823
9210974
9215321
9217741
9218740
9221156
9221671
9235139
9235928
9240329
9241192
9241867
9241944
9242306
9242750
9249447
9258744
9262834
9264470
9266803
9283896
9287239
9298469
9303185
9308857
9309674
9319326
9320593
9323184
9323435
9326956
9330280
9333389
9338930
9345201
9348345
9353617
9356747
9358285
9362932
9363107
9367426
9369156
9371933
9372237
9373246
9379882
9389999
9390230
9392344
9398452
9400434
9403330
9404446
9408003
9413368
9414326
9416731
9421521
9425528
9427013
9431095
9431235
9433997
9434390
9434842
9439282
9441830
9444573
9446901
9456919
9457475
9458234
9459768
9462907
9471311
9474786
9476185
9476536
9486490
9493783
9495769
9496048
9498553
9499908
9499963
9500774
9504338
9505769
9505915
9506843
9511322
9515089
9515884
9520017
9528202
9528713
9529845
9531094
9531335
9550209
9553627
9555401
9555648
9555937
9557325
9559915
9561622
9561767
9563937
9565057
9565244
9566013
9576912
9578898
9579167
9580993
9588630
9590529
9593147
9595640
9600310
9601648
9603308
9607842
9608176
9615877
9617137
9618690
9625505
9627737
9629973
9640252
9644993
9657975
9658835
9659452
9661600
9663622
9663858
9665687
9665732
9669437
9671495
9673062
9679176
9680849
9687877
9688207
9699181
9703946
9706731
9706788
9707059
9708167
9708198
9715350
9716634
9717198
9717573
9723554
9731009
9735346
9740557
9740745
9748349
9748609
9754260
9755210
9758555
9760095
9762923
9766074
9768165
9768905
9774119
9775076
9779545
9787907
9797685
9799535
9809224
9809970
9811557
9817693
9818056
9823966
9833307
9833453
9833998
9835453
9836441
9843667
9847723
9853240
9854062
9854886
9863363
9864356
9864719
9866319
9868988
9869046
9869459
9874192
9877760
9878077
9895289
9895545
9896970
9901361
9913301
9915699
9916100
9917049
9918320
9919439
9920420
9923935
9926737
9931800
9935195
9938544
9940884
9945398
9949297
9951156
9952424
9964326
9969999
9970393
9975985
9976675
9981285
10002097
10002981
10004516
10005996
10006722
10008598
10008929
10010366
10013489
10015405
10016180
10017888
10018929
10020117
10022344
10024061
10031252
10031704
10046448
10047833
10052114
10056246
10060361
10063338
10063924
10072015
10073576
10078175
10081367
10088378
10092207
10094546
10097601
10097867
10100663
10109694
10113807
10128258
10128561
10130551
10133569
10133698
10140211
10143015
10144225
10148600
10149676
10159657
10159902
10160238
10167035
10167052
10167657
10167908
10171038
10173526
10176172
10178004
10189676
10190791
10191825
10193212
10194496
10195217
10196873
10201231
10203859
10210530
10212605
10212639
10213259
10214617
10220820
10221476
10223439
10226116
10229733
10234538
10238058
10242669
10242770
10245227
10258804
10259108
10261020
10262211
10263268
10265647
10266147
10266163
10267547
10271664
10278682
10281235
10282619
10283574
10286578
10294235
10298701
10302789
10303907
10307162
10317220
10317526
10320554
10320706
10322618
10325169
10326749
10329415
10335968
10338722
10340538
10344042
10346034
10355227
10355988
10365603
10365656
10366257
10370533
10372428
10373145
10378556
10378928
10382034
10385577
10394312
10394494
10395307
10395448
10405325
10406773
10407665
10413532
10417848
10423319
10426413
10428233
10429885
10431326
10431335
10432610
10433001
10434897
10437835
10444469
10448958
10452460
10454424
10454655
10456416
10472817
10472975
10474274
10474470
10478205
10481310
10482068
10484995
10486461
10488289
10489118
10489273
10491308
10492391
10499319
10501867
10503089
10504301
10507709
10510011
10513284
10518973
10520129
10523393
10528377
10530234
10530872
10541884
10542918
10543341
10543971
10544046
10547876
10549368
10551167
10551200
10558902
10566368
10567961
10568368
10570106
10576292
10579846
10580265
10587193
10591106
10592897
10596045
10597129
10600907
10603981
10606844
10607523
10607636
10610631
10610974
10611227
10615750
10616970
10622079
10622144
10623981
10627619
10630852
10634117
10635129
10643191
10644954
10646966
10652656
10660358
10662210
10662705
10666427
10667592
10668253
10668956
10678244
10679269
10681212
10684495
10684599
10687808
10689428
10689662
10692365
10692534
10702049
10705103
10705170
10706598
10708474
10709577
10710321
10715696
10716959
10718990
10719784
10723416
10725409
10726513
10727505
10731276
10732119
10736822
10737051
10741008
10741373
10742569
10745894
10752279
10753278
10756636
10757579
10759984
10764002
10764878
10765329
10765468
10772956
10776954
10777797
10782384
10782477
10783438
10787018
10792516
10804041
10808883
10809774
10814684
10814712
10815030
10818099
10823059
10825964
10828583
10829189
10833832
10836078
10839554
10840803
10842073
10842537
10843232
10848017
10849386
10854730
10855698
10856931
10858662
10861195
10866069
10868878
10873266
10873843
10876507
10876708
10876761
10877663
10886447
10891903
10892136
10895217
10895583
10896608
10911146
10913279
10914722
10916888
10917494
10920342
10921741
10926306
10929179
10932074
10933551
10937428
10937716
10938061
10938574
10939584
10942709
10946703
10953524
10956339
10958042
10958280
10958723
10958736
10958985
10960408
10961516
10972150
10972257
10973857
10975400
10978686
10981851
10982187
10984671
10987370
10988402
10989353
10989360
10993090
11013077
11013616
11020388
11020484
11027121
11028289
11033997
11034852
11037184
11044605
11050580
11055189
11057268
11060892
11061542
11062282
11064735
11066822
11067379
11067806
11070450
11070489
11072191
11077110
11078111
11079098
11085819
11087808
11092378
11094195
11096308
11099460
11103832
11103836
11109454
11113984
11120865
11124429
11124818
11127848
11128465
11129103
11135289
11137601
11140945
11141021
11141203
11142571
11145974
11150018
11150642
11152026
11154098
11158039
11158249
11159210
11159320
11160663
11161557
11162307
11162703
11163757
11165181
11167266
11169901
11176522
11178885
11179234
11186725
11188664
11188706
11190619
11191165
11191743
11194172
11199742
11211080
11211172
11212496
11219378
11224736
11228991
11230932
11232180
11243617
11245790
11249405
11253019
11255681
11257819
11261144
11265372
11268214
11277637
11277998
11281223
11282052
11285243
11293515
11295095
11299270
11307373
11314488
11314537
11314754
11316660
11318140
11326078
11326235
11326907
11333553
11334065
11335397
11337777
11340499
11340642
11341311
11346426
11347127
11353820
11359711
11360260
11363411
11363660
11369495
11372196
11372864
11374884
11374936
11379573
11382171
11382668
11387362
11388055
11392060
11392727
11394015
11397344
11402261
11403492
11409988
11410633
11417315
11418942
11426961
11428118
11429230
11430802
11433814
11433887
11435167
11437231
11443660
11446416
11447941
11448016
11453558
11453589
11460703
11463702
11470690
11476909
11481870
11482131
11483296
11484614
11486047
11490003
11491877
11494186
11499603
11502322
11508775
11521121
11532824
11544317
11551562
11555439
11562817
11564955
11565798
11574354
11576539
11578208
11580310
11586016
11591762
11592487
11593289
11595688
11599425
11612292
11614144
11615620
11615645
11616730
11617303
11617676
11620589
11629518
11629930
11637345
11639086
11642298
11643484
11646086
11650136
11651555
11665724
11667905
11670231
11670668
11670839
11672392
11673228
11679118
11682850
11686579
11689772
11700133
11705200
11709290
11712822
11715589
11718003
11720857
11722500
11725784
11728862
11733991
11740594
11745512
11749070
11751441
11752467
11757623
11759737
11759779
11764192
11766224
11767488
11769894
11774413
11775008
11776903
11777092
11777968
11779475
11781524
11782790
11785927
11792092
11793706
11796048
11801182
11804727
11810519
11810735
11812631
11812855
11818591
11818708
11821504
11827446
11827731
11834507
11843164
11844631
11852551
11854539
11861258
11864304
11868213
11871040
11881502
11882157
11887151
11888872
11889814
11889914
11891245
11895977
11896617
11898484
11899390
11908220
11915630
11916475
11921719
11925047
11925261
11925840
11926924
11927954
11929172
11935659
11936307
11939271
11945804
11946725
11947634
11956066
11958868
11960329
11962804
11964286
11965680
11967787
11974939
11975277
11977371
11980637
11987047
11987965
11989896
11996586
11999304
12007534
12008026
12008214
12013795
12014207
12014266
12014295
12014520
12015584
12016458
12016521
12017040
12019402
12019887
12022069
12023317
12024745
12028159
12032049
12036882
12036915
12040645
12043381
12047430
12048157
12050432
12056310
12056338
12058166
12060718
12064838
12069048
12075911
12077283
12083957
12084174
12089290
12089758
12089859
12090141
12090329
12093473
12096712
12098778
12100654
12103718
12104151
12106476
12108951
12111330
12112462
12116545
12117346
12119008
12120618
12120993
12122076
12122495
12127328
12132267
12136156
12136543
12137847
12140322
12140993
12141221
12144078
12147798
12152182
12152466
12160329
12160416
12166497
12166965
12177759
12180463
12180898
12183177
12183913
12185225
12187446
12189675
12191437
12195871
12205452
12205635
12213266
12215139
12220159
12221442
12224714
12227508
12228340
12230864
12232626
12233927
12234180
12239302
12239993
12242355
12242615
12246966
12249201
12251627
12253926
12257286
12261865
12262550
12265385
12268810
12280152
12280768
12281118
12281128
12281715
12282140
12290830
12292647
12294787
12295242
12300180
12302303
12304456
12305396
12306654
12308256
12309160
12310381
12311268
12314406
12318629
12320341
12335138
12336020
12336540
12337615
12341922
12346178
12347174
12350495
12356131
12356909
12360165
12363265
12363329
12368706
12372042
12372827
12374833
12377978
12379524
12379568
12380993
12382511
12385286
12387120
12391153
12391657
12397363
12399951
12405426
12406026
12406160
12408515
12408581
12410916
12412008
12423563
12425303
12426815
12434449
12436863
12438796
12440625
12441022
12442800
12445266
12445707
12446018
12446280
12448169
12448295
12450884
12451275
12451653
12458222
12472217
12476726
12477489
12480739
12481698
12484053
12488383
12489187
12491006
12494082
12495050
12496311
12496389
12496984
12498097
12503926
12505299
12508612
12523187
12538513
12542422
12543369
12545013
12548478
12549194
12549638
12557272
12557362
12559007
12562751
12569570
12571055
12572076
12574103
12575286
12578725
12580941
12583049
12585476
12587022
12607091
12608804
12609779
12613216
12623732
12624242
12625482
12634564
12635070
12638618
12640272
12645374
12647514
12649376
12650301
12652674
12657625
12658075
12658158
12660968
12661702
12662249
12667577
12668783
12671219
12676172
12685083
12688774
12690514
12698172
12699837
12703225
12705045
12710785
12710898
12713125
12717271
12717570
12719371
12721965
12722360
12726226
12729392
12732827
12744188
12748619
12756354
12759873
12760214
12761195
12761431
12761830
12763462
12764153
12764919
12768630
12771608
12772396
12772806
12775510
12780450
12783053
12785125
12788331
12792272
12792849
12793436
12794893
12797952
12797984
12798997
12800560
12801581
12806272
12809290
12810325
12811744
12818532
12820154
12820779
12822218
12823696
12825158
12828522
12830580
12832164
12836118
12839887
12840426
12843134
12850177
12852511
12853971
12855654
12859451
12859904
12859953
12860727
12861184
12862030
12862874
12863572
12871058
12875554
12877677
12880343
12885679
12886043
12891204
12894336
12894890
12897319
12905413
12906649
12908944
12909726
12912817
12914272
12917923
12918020
12927628
12931673
12943507
12943791
12946964
12952698
12956386
12972391
12988289
12988767
12991564
12992824
12993705
12995016
12996506
12997611
13000681
13005156
13005256
13009148
13013398
13013439
13017568
13017659
13027548
13028616
13030464
13031748
13037367
13038195
13039856
13040345
13043525
13045327
13047580
13060954
13066484
13068708
13069440
13071775
13082397
13083347
13088531
13095962
13096544
13096717
13099620
13101478
13105738
13107110
13110336
13115764
13120386
13122311
13124805
13130495
13141233
13142387
13142849
13145468
13146812
13150318
13151140
13152540
13153141
13161500
13162403
13163082
13164247
13164456
13164837
13165380
13175896
13179597
13181855
13185035
13185673
13190288
13192369
13193123
13194125
13195832
13196222
13198112
13204750
13205782
13206544
13206884
13207849
13215365
13215452
13219342
13225005
13229897
13234395
13237969
13242074
13242992
13250663
13251059
13254810
13256605
13264395
13273900
13275720
13282553
13285062
13287216
13287296
13291229
13292144
13293502
13296995
13299170
13300482
13301448
13301636
13302861
13305058
13305510
13306191
13307645
13314378
13324329
13324599
13332139
13337117
13343270
13343310
13344771
13346390
13349025
13356739
13360624
13364820
13366616
13368349
13368713
13370468
13371217
13373087
13375131
13379096
13380380
13383044
13384313
13386711
13388900
13388996
13395803
13397543
13397664
13398477
13399381
13400239
13404616
13405857
13407042
13407845
13408411
13409187
13413001
13413020
13421648
13425417
13427005
13428927
13432935
13434024
13435724
13435846
13444253
13447517
13449925
13455626
13464978
13469198
13469788
13472145
13472859
13473236
13473431
13473608
13474429
13475119
13477314
13477734
13478813
13484235
13489213
13489753
13497780
13500790
13501464
13504041
13504291
13504484
13505030
13507441
13509473
13511985
13522186
13525021
13528619
13534326
13538811
13542275
13543807
13544739
13546762
13547053
13550703
13555020
13564768
13567263
13571316
13571434
13572045
13575960
13579563
13581942
13582149
13582249
13585292
13589695
13589816
13591225
13592815
13598258
13602118
13603002
13603258
13605567
13609051
13610276
13611153
13613463
13620816
13622390
13624445
13627176
13627605
13628435
13632254
13634241
13635590
13640225
13641766
13645137
13649776
13650288
13658233
13659104
13660812
13662443
13663253
13666177
13670610
13671208
13675687
13676926
13681503
13684122
13690909
13693487
13696034
13697396
13703959
13705291
13706431
13707086
13711500
13713231
13714162
13715859
13716903
13716965
13716994
13718034
13718349
13719250
13719394
13729032
13733635
13735828
13739829
13741849
13743757
13752426
13753942
13754093
13758301
13760695
13761011
13764349
13768904
13772592
13773179
13779576
13780410
13780762
13781226
13783812
13790158
13798800
13799937
13802051
13808334
13808461
13810085
13810145
13810837
13811371
13813072
13816607
13820015
13820543
13821456
13824782
13825417
13826117
13826249
13830611
13832970
13834197
13836176
13836433
13843826
13849693
13863203
13865684
13867398
13869127
13869983
13870140
13870146
13883586
13886040
13891787
13895680
13909556
13909779
13910232
13912644
13918163
13919619
13924434
13927947
13940644
13946086
13953133
13954576
13955884
13957632
13966414
13967205
13967354
13969790
13983022
13993269
13996012
14003789
14005990
14007202
14013519
14022062
14024818
14028548
14036167
14036482
14036718
14040321
14046496
14048140
14049692
14051070
14052072
14054656
14056682
14060967
14066780
14069315
14071104
14072320
14074387
14074941
14079313
14084865
14094697
14095280
14095325
14097533
14100270
14101890
14111097
14122751
14126597
14128571
14129223
14131457
14131931
14133276
14134512
14134556
14138839
14148139
14150893
14154616
14158127
14158355
14160646
14161492
14170194
14171749
14172023
14177319
14180701
14180789
14183943
14195463
14195818
14199445
14199447
14205955
14208879
14211559
14216251
14219386
14220139
14229118
14232444
14241394
14243283
14243365
14245981
14250420
14254331
14261278
14261926
14262880
14265596
14267675
14268193
14268540
14275140
14279107
14279821
14281798
14283915
14300713
14302351
14307169
14310532
14310901
14312910
14313509
14318510
14326870
14331591
14336848
14337963
14358392
14359264
14375068
14375588
14377534
14384447
14395728
14396132
14399856
14404235
14405900
14406788
14407123
14411134
14411845
14417746
14419884
14423880
14424205
14427797
14429191
14433448
14433502
14433517
14433818
14440046
14449191
14462222
14463672
14463906
14466729
14472228
14476100
14479782
14480207
14482598
14483707
14483862
14484064
14485386
14486635
14489245
14500877
14501957
14507140
14507476
14508557
14512050
14512365
14515930
14520492
14528181
14530300
14533316
14535820
14539621
14541947
14544938
14545192
14553911
14558404
14569139
14574423
14586689
14591082
14592548
14600470
14611622
14620118
14623094
14625455
14628670
14633986
14638571
14648298
14649688
14650720
14657443
14661356
14661763
14664261
14667093
14667141
14676549
14677452
14678420
14678547
14687578
14687716
14689631
14694506
14695103
14698696
14699220
14707394
14707853
14713947
14714950
14719027
14724038
14727858
14731370
14742487
14743123
14748564
14752671
14756136
14759732
14760974
14761351
14762860
14764801
14765459
14769368
14771195
14771606
14774332
14775370
14776284
14777331
14786758
14793956
14800185
14804035
14807861
14816537
14823179
14824223
14825287
14828092
14833288
14834639
14834981
14836298
14836742
14837262
14842850
14843102
14850454
14851147
14857665
14861762
14862455
14864203
14868309
14868952
14878052
14887992
14890400
14894690
14896245
14896423
14897224
14901883
14903574
14912685
14918489
14923349
14926616
14930368
14933078
14934557
14940291
14944153
14945651
14951902
14952972
14961200
14963591
14968838
14971724
14975294
14975696
14976940
14981889
14987136
14988809
14996886
14997110
14998582
15000705
15003010
15003714
15003736
15004748
15013507
15014491
15016948
15019815
15024845
15029349
15029362
15029487
15031225
15031502
15032203
15035631
15038526
15042823
15043229
15044074
15053209
15070767
15075915
15082642
15082846
15084465
15098329
15103237
15103924
15104601
15114997
15117425
15117747
15117986
15128291
15134547
15137778
15142715
15150972
15154461
15156558
15159865
15161631
15163001
15164788
15168785
15170851
15171183
15183065
15184092
15187748
15189079
15190702
15195835
15203674
15206471
15207796
15215173
15215741
15237705
15238087
15240004
15245986
15252091
15252425
15258811
15260845
15265024
15271472
15283085
15287138
15288270
15288836
15290342
15302144
15307634
15307801
15316987
15317803
15322871
15324315
15327627
15333468
15334800
15335718
15336605
15339726
15340543
15344558
15351706
15357127
15364184
15370432
15373938
15381209
15382005
15383377
15383738
15388249
15396261
15403839
15413085
15422531
15423467
15439555
15440376
15452698
15453313
15453606
15467106
15468418
15470270
15474979
15476673
15477672
15485277
15489323
15492897
15493280
15493848
15496613
15501548
15505651
15510178
15511404
15514325
15516921
15518467
15518792
15518839
15520929
15521497
15521527
15524362
15530818
15531650
15540808
15541239
15541449
15544821
15545280
15548682
15558290
15561582
15562034
15566629
15568200
15570473
15572103
15574163
15578603
15587626
15587707
15595268
15597932
15598084
15600148
15601362
15601385
15607571
15608236
15610799
15622187
15625051
15626354
15632261
15636414
15637559
15639164
15640755
15640911
15644810
15647200
15652281
15664866
15677991
15678002
15678308
15681764
15685150
15685238
15687931
15690836
15693749
15707962
15709759
15711878
15723737
15730576
15732306
15733593
15741106
15742613
15745025
15752033
15754180
15754676
15756324
15759262
15762807
15763888
15764993
15765808
15770488
15782632
15798513
15799477
15800330
15811407
15812888
15818199
15820326
15825785
15827195
15829356
15838348
15842623
15849854
15851867
15859701
15862258
15863458
15872624
15875986
15878205
15878723
15884486
15888014
15893052
15903393
15915111
15915648
15916051
15916907
15919913
15923803
15926264
15927160
15929916
15937265
15941411
15943376
15950168
15950713
15951865
15956102
15956512
15956948
15964006
15968875
15970805
15973441
15973758
15974173
15974802
15976850
15977153
15979523
15980212
15984188
15984893
15986016
15990075
15991981
16015541
16019052
16021885
16025677
16035719
16045916
16049376
16050180
16051342
16058449
16059938
16065345
16070712
16077079
16077307
16090256
16106867
16109104
16122962
16125070
16125671
16129033
16132898
16132985
16133196
16138216
16141573
16142628
16144771
16145515
16147032
16150724
16152236
16165015
16165035
16171303
16173930
16179027
16179167
16181238
16183874
16197647
16203579
16205990
16207656
16213198
16215546
16216816
16218858
16219322
16219559
16220948
16223865
16227865
16228097
16228577
16228772
16255208
16258192
16263882
16265323
16268811
16271708
16282943
16296587
16300335
16303867
16304190
16305493
16306969
16314623
16317761
16317834
16320718
16320785
16323099
16325104
16330881
16335905
16339389
16339590
16342630
16357096
16359061
16361115
16365493
16366139
16366754
16370568
16383872
16385522
16385878
16387083
16389615
16397908
16398626
16398655
16399140
16399259
16402753
16411363
16411390
16411551
16413740
16415892
16417591
16424401
16426546
16427512
16428103
16428151
16429573
16431460
16443601
16445593
16448719
16457046
16459012
16460883
16464921
16467384
16468113
16469108
16469895
16474414
16474498
16492836
16492938
16494268
16494548
16496825
16498999
16499946
16508813
16509647
16518753
16520247
16520917
16522851
16523308
16530965
16531135
16531715
16532773
16534898
16539942
16542180
16546185
16547792
16548543
16548646
16553100
16556350
16557171
16570767
16575459
16579379
16584847
16598974
16601694
16602327
16605818
16610564
16618131
16620011
16620532
16621016
16622138
16624395
16628719
16628727
16631902
16632631
16641941
16644339
16649816
16650381
16665334
16669274
16669287
16669884
16672285
16672786
16675541
16677508
16680406
16680520
16682863
16690758
16701638
16704943
16706940
16709652
16712329
16712359
16715442
16716932
16717232
16721077
16721206
16723862
16728318
16732710
16735817
16737459
16740736
16755973
16761330
16761548
16764299
16771463
16773869
16774217
16776729
16778807
16779177
16780463
16787039
16788108
16788514
16790796
16799819
16801188
16802170
16805987
16816527
16820009
16820341
16826060
16826646
16826740
16828105
16831088
16833343
16836268
16848826
16865230
16867415
16868262
16868778
16870422
16871315
16877603
16880893
16885047
16885325
16890154
16895080
16902450
16905861
16908240
16915118
16922324
16922866
16925187
16932358
16934809
16941664
16942841
16946881
16949210
16952117
16953151
16957542
16958114
16963817
16973377
16977131
16977373
16982453
16983401
16984100
16985176
16985722
16985944
16987505
16990682
16992310
16993360
16993790
16994648
16996875
16997468
17006713
17007872
17008640
17010083
17016390
17021531
17023040
17029135
17030953
17031731
17033260
17034265
17036199
17038522
17042961
17043572
17045734
17046263
17046916
17048134
17050100
17052564
17053431
17056799
17061330
17068202
17073603
17075187
17080083
17084112
17084323
17084480
17090775
17091902
17093162
17096625
17103186
17105668
17105996
17111936
17114381
17116685
17122245
17123243
17125683
17127304
17135197
17138531
17142863
17143508
17144643
17144769
17146114
17158525
17159378
17161502
17161793
17162590
17165414
17167276
17168584
17171282
17174329
17180321
17182179
17188116
17193705
17193840
17200191
17200222
17200831
17205987
17206371
17206636
17206891
17207262
17212045
17219845
17220490
17222777
17224540
17226533
17228460
17230328
17235454
17238432
17245019
17250303
17256455
17259423
17262343
17269241
17276008
17276504
17279814
17279924
17281621
17285751
17289989
17290885
17291322
17293291
17296024
17296796
17298353
17298808
17299385
17303086
17305683
17307801
17314576
17317477
17322510
17335256
17335475
17336376
17337553
17339520
17340214
17340309
17347653
17349596
17350805
17354909
17362194
17371248
17381549
17385122
17392189
17392212
17400423
17401163
17404123
17405265
17411698
17412684
17414560
17426195
17427932
17429455
17430853
17436530
17439050
17443620
17445440
17450173
17452831
17460346
17462249
17462979
17465089
17468865
17469041
17471169
17471192
17472039
17473603
17474775
17475102
17476806
17479778
17480543
17480858
17483505
17484802
17486635
17486737
17492968
17497392
17498214
17498583
17500041
17501325
17505890
17507813
17512154
17515739
17519643
17523060
17524094
17527201
17532342
17537985
17538746
17544711
17546112
17549104
17550431
17556008
17556804
17557150
17560753
17561535
17563415
17566531
17566637
17567439
17568833
17568900
17572459
17574587
17576783
17578867
17584113
17587313
17587777
17590512
17591181
17592393
17595396
17595765
17596459
17597741
17599146
17600200
17606996
17607783
17608244
17608734
17616662
17618870
17619509
17620200
17621974
17622439
17625562
17626874
17629953
17631621
17635420
17635962
17636145
17636536
17642833
17644333
17645178
17646290
17647795
17649918
17650640
17655732
17657851
17662627
17666077
17667086
17668585
17669428
17670717
17672533
17673766
17677157
17677221
17681853
17682609
17685457
17687158
17692518
17701269
17703614
17708341
17708597
17710530
17717865
17718259
17720049
17727310
17728727
17735679
17736679
17737214
17741140
17741752
17744797
17746004
17747118
17748688
17750331
17753479
17757725
17767277
17768439
17774034
17774059
17783308
17803747
17805420
17805812
17806528
17808341
17809399
17812236
17814448
17814911
17815820
17817309
17819052
17823844
17825169
17828585
17829822
17832559
17833345
17841293
17846134
17849080
17849485
17850323
17851744
17853544
17853796
17856480
17856642
17857205
17858359
17861149
17863670
17864914
17865295
17869336
17869886
17873773
17875356
17876135
17882376
17885129
17885984
17888004
17891989
17892621
17897037
17897132
17899188
17914069
17918861
17924044
17926602
17929699
17929983
17930031
17934556
17946961
17947136
17948272
17948961
17951607
17952137
17953785
17959637
17971657
17972083
17984515
17985834
17987375
17989606
17989818
17996167
17999617
18001748
18003470
18003973
18010276
18010784
18010834
18025882
18030999
18033801
18034175
18036409
18036628
18037899
18040222
18041735
18046217
18046707
18048389
18050116
18054828
18056868
18059318
18061715
18066632
18066678
18069806
18075744
18083866
18088244
18089785
18094673
18096995
18098458
18099922
18107670
18115346
18117810
18128895
18135959
18136300
18137832
18146080
18147225
18148055
18149770
18154623
18155663
18156856
18157484
18158860
18160259
18161735
18161780
18172068
18177942
18179792
18180287
18181760
18182755
18188883
18189717
18190926
18190929
18194403
18199565
18205207
18211750
18213688
18214293
18216252
18217916
18220465
18221656
18221711
18222939
18222955
18228666
18229104
18237393
18243549
18247469
18260597
18262388
18265655
18271794
18279088
18282008
18282998
18285146
18288207
18289768
18300306
18304738
18304878
18317537
18318307
18321745
18322813
18323109
18332873
18333495
18333731
18336394
18338390
18343173
18348267
18348876
18351143
18354318
18354969
18357178
18362530
18365459
18365697
18367712
18372384
18373066
18373246
18377214
18386028
18386293
18396151
18399989
18402427
18402639
18407775
18410692
18411553
18415539
18422651
18425061
18426887
18428449
18431520
18431978
18437881
18442858
18443469
18444294
18452013
18454938
18461156
18466384
18467009
18468640
18470094
18470728
18476331
18479694
18488460
18497917
18502852
18509907
18510265
18521144
18523483
18526756
18529146
18531439
18531716
18532344
18534161
18542603
18544975
18549142
18549865
18551834
18557801
18558429
18558502
18559073
18564443
18566669
18567847
18568077
18568424
18569378
18570229
18571328
18571763
18572343
18572961
18573209
18574639
18586166
18586793
18593782
18594619
18594764
18597223
18599405
18600369
18603665
18608307
18610870
18611149
18612285
18613105
18616574
18618838
18623976
18624218
18636620
18637524
18639657
18642745
18643087
18643690
18647349
18650718
18652850
18668119
18673586
18673947
18681038
18682045
18684645
18690367
18692465
18694466
18694755
18695464
18697542
18699643
18701052
18705473
18706075
18710354
18711886
18715950
18717247
18719734
18721067
18724585
18726596
18726863
18727809
18731387
18732883
18734060
18734611
18735810
18742837
18744683
18744904
18745366
18745422
18747512
18748230
18748594
18750811
18751312
18757579
18760708
18765181
18769875
18774678
18775478
18775707
18777120
18777718
18779000
18800848
18804141
18812027
18817187
18820949
18824955
18825703
18832413
18834325
18834572
18835694
18835963
18836592
18836881
18837873
18838411
18839400
18839861
18841142
18841883
18845721
18846479
18849655
18850157
18851382
18852020
18853787
18853900
18859377
18862229
18862523
18862679
18863898
18869362
18871097
18873982
18880474
18881498
18884925
18885624
18887233
18891731
18897348
18898333
18900257
18903492
18913916
18917584
18924794
18925295
18931404
18934179
18935459
18935680
18936970
18940148
18945227
18945591
18946681
18947247
18947604
18947621
18952347
18953630
18953729
18955612
18957834
18973913
18974033
18979885
18982124
18982250
18988594
18991790
18994279
18994621
18996740
18998020
19001519
19004154
19004287
19004982
19005370
19014076
19024647
19024848
19026017
19030039
19031365
19036334
19044438
19046801
19047534
19049429
19049841
19049882
19050806
19053298
19055762
19056672
19060444
19062967
19063394
19073745
19079838
19083723
19086052
19090201
19091511
19097891
19106355
19110905
19111302
19112587
19119737
19123098
19124241
19130504
19132838
19133126
19134253
19138574
19144410
19145147
19148549
19149463
19151092
19151391
19153707
19157818
19159736
19161371
19163790
19164224
19167633
19168105
19170310
19170824
19172438
19186604
19198334
19201600
19217249
19221378
19225380
19227370
19228703
19229570
19229716
19234510
19240416
19240960
19253519
19255887
19258885
19260037
19261950
19267804
19281822
19283044
19283570
19284665
19285093
19288725
19307085
19309248
19310399
19312147
19314881
19316326
19327979
19330189
19330365
19334514
19339792
19341060
19343857
19344252
19344499
19344721
19345027
19350774
19351975
19354119
19356604
19363216
19363475
19366820
19367290
19372775
19381891
19386927
19391165
19392541
19393629
19394696
19399185
19399598
19402284
19407674
19408083
19410594
19411036
19411473
19412079
19422262
19423335
19425184
19429628
19430486
19438478
19446285
19446446
19446994
19447589
19450243
19454698
19455050
19455178
19458121
19463247
19470925
19472168
19479979
19483772
19485467
19492791
19495801
19497509
19497876
19497911
19498660
19504649
19504725
19506769
19507142
19507453
19508354
19519033
19519290
19521043
19523425
19525048
19534463
19539912
19540142
19543104
19549585
19553022
19553797
19555363
19556220
19558019
19563901
19566920
19567361
19575419
19576017
19579863
19586598
19589664
19590846
19593308
19594629
19595241
19600061
19601129
19605289
19605937
19606056
19613432
19617904
19623890
19625074
19627067
19627354
19631141
19631460
19638857
19645412
19650384
19653531
19654034
19655461
19656390
19657739
19658789
19661517
19664948
19666448
19670657
19670699
19672275
19673178
19673308
19684595
19686293
19686696
19688873
19690242
19699566
19704843
19705796
19712473
19715751
19716431
19722575
19727673
19729162
19730757
19731694
19732421
19738299
19740617
19742127
19743375
19746875
19748746
19752009
19752216
19756706
19758233
19763431
19766165
19768281
19776354
19781677
19784529
19790571
19795225
19798825
19802898
19805947
19815751
19818448
19818923
19821345
19825050
19825870
19833476
19841021
19842046
19846539
19847721
19848424
19853596
19856658
19857321
19866868
19869491
19871700
19876204
19876860
19879469
19884581
19885462
19893816
19898062
19899808
19907927
19912236
19914991
19916308
19916383
19916876
19928265
19930217
19932102
19934234
19936992
19937416
19938818
19942682
19943715
19946748
19953780
19955258
19957219
19960663
19971138
19975710
19979943
19979957
19984368
19985618
19986181
19987799
19999302
20004053
20006415
20007333
20015048
20017751
20018287
20019126
20023946
20030542
20031029
20031860
20032441
20032556
20033960
20035157
20045058
20045091
20046878
20049074
20055595
20056102
20057284
20058503
20059790
20061411
20066242
20073591
20074421
20075407
20075957
20077790
20080221
20086670
20087518
20087762
20088832
20089506
20090322
20095358
20097777
20098412
20102672
20104975
20107371
20109405
20110128
20113395
20113725
20115858
20118380
20118640
20120672
20121586
20126311
20128656
20132784
20137035
20137496
20144993
20147655
20150710
20153593
20154558
20156303
20157037
20166517
20171144
20171647
20172423
20179336
20183343
20185432
20185919
20186247
20187212
20192739
20193969
20196712
20198249
20203936
20209314
20210636
20212328
20213039
20214202
20217242
20218102
20221705
20226502
20227584
20227826
20228759
20230978
20233054
20233166
20235516
20237981
20238397
20247052
20248201
20250800
20250966
20255960
20257376
20258726
20262670
20265644
20267810
20270222
20271075
20275311
20276483
20279713
20282244
20284618
20288336
20288580
20291610
20292858
20300246
20301361
20301547
20317660
20321903
20328142
20330453
20331197
20340413
20343748
20344059
20345763
20348017
20350081
20352705
20357610
20359735
20362410
20362424
20368055
20374097
20382700
20383051
20388565
20391290
20394087
20395067
20396621
20397643
20397784
20402923
20403953
20409526
20409768
20420682
20421288
20421939
20422631
20429848
20434402
20434660
20436255
20436916
20441077
20445192
20449510
20450487
20451686
20460816
20462149
20462365
20469905
20471574
20479785
20483045
20483054
20483533
20486468
20487303
20487438
20489264
20495085
20496503
20504606
20505640
20512097
20516270
20519299
20520070
20520756
20521410
20521434
20526096
20526917
20530413
20531698
20533004
20535062
20541684
20542358
20550241
20551782
20552758
20553005
20554457
20555735
20558247
20576347
20579856
20583032
20586877
20587087
20587483
20587823
20588826
20588833
20594280
20597788
20608177
20610386
20611051
20612363
20613812
20614249
20621534
20628746
20629720
20632390
20636897
20640511
20641134
20641183
20641553
20655544
20658081
20658650
20661048
20661813
20662027
20662323
20662585
20664239
20665692
20668669
20670203
20670664
20673681
20674335
20674403
20676673
20679168
20685899
20686363
20686676
20689486
20692427
20693596
20694318
20698405
20702734
20703923
20704214
20706091
20711513
20718596
20719604
20720091
20722389
20724514
20724581
20734133
20736087
20737250
20742937
20748171
20748662
20755279
20755299
20759025
20763514
20764996
20767466
20773358
20782916
20787419
20788118
20790276
20791018
20793992
20797695
20799355
20803134
20808141
20809627
20813167
20816306
20817403
20819686
20821485
20837707
20839854
20843123
20847480
20856443
20856718
20857874
20859490
20859520
20866027
20866491
20869823
20870619
20870737
20875539
20877124
20890232
20894188
20894532
20900742
20903362
20910654
20915363
20918761
20924456
20924784
20925202
20925976
20926541
20927375
20929324
20929621
20929759
20930017
20931429
20935954
20937184
20937457
20946085
20948834
20950910
20951555
20951716
20961265
20968788
20971162
20974847
20975792
20976571
20980506
20984120
20986463
20987568
20994007
20998990
21005585
21006156
21009191
21011217
21012083
21017771
21017806
21018441
21023977
21028049
21032594
21034145
21040997
21044374
21045871
21049306
21052733
21056873
21059549
21062971
21069578
21071923
21072079
21073190
21075192
21076726
21079942
21080559
21081423
21083285
21084816
21088793
21092927
21094393
21094572
21098091
21100136
21104775
21111158
21114889
21115901
21119065
21122552
21130987
21135277
21137107
21139389
21139815
21143192
21151854
21157456
21163756
21164571
21164656
21166265
21169356
21177766
21178343
21178447
21178858
21179235
21180585
21183235
21194210
21196409
21196464
21202841
21204978
21208128
21210829
21223580
21228776
21230039
21230334
21231090
21233716
21240507
21240745
21244540
21246000
21248834
21249565
21251149
21257948
21263364
21268211
21268909
21268976
21270420
21272406
21276130
21276738
21283871
21286164
21287685
21289042
21297747
21299117
21311212
21311369
21316408
21321347
21322622
21322699
21324592
21325442
21325730
21329361
21338199
21340305
21340368
21346280
21347188
21348676
21362548
21363418
21373688
21375855
21376749
21377545
21379092
21381923
21382565
21385222
21385859
21386335
21386820
21389686
21391935
21394830
21397870
21398526
21399195
21406449
21408124
21414269
21415191
21415649
21415680
21419687
21421502
21432329
21432539
21432885
21442428
21442950
21444186
21446209
21449247
21451248
21455002
21458094
21458117
21459726
21460867
21465247
21465397
21465810
21467847
21468603
21468851
21470482
21472337
21476776
21477256
21483651
21488169
21491946
21492342
21494041
21496123
21497125
21498151
21503189
21507867
21516085
21520119
21521534
21528695
21529622
21539112
21540667
21541705
21545304
21548027
21548068
21549372
21551345
21551771
21564007
21565959
21571714
21571928
21571979
21572830
21578607
21588619
21592682
21601877
21602275
21605246
21606189
21607121
21609790
21610073
21610372
21613035
21622506
21625763
21629980
21632884
21633106
21634299
21636489
21640440
21649722
21649748
21651215
21651239
21660188
21661295
21663827
21664349
21669010
21669232
21670000
21675677
21677954
21678635
21679851
21682086
21683087
21683126
21683893
21685294
21691499
21693190
21694015
21694781
21699567
21700792
21706270
21710045
21711650
21711764
21723251
21727909
21729509
21734604
21737523
21744532
21749816
21751967
21752576
21754920
21755126
21763040
21770123
21776806
21777026
21779602
21781538
21782792
21791050
21797912
21805218
21808634
21811467
21819894
21825544
21832139
21832941
21834058
21842327
21844207
21849524
21863687
21866294
21867680
21867713
21869291
21869480
21871662
21872269
21877342
21878220
21882930
21886007
21886177
21890655
21890979
21892810
21894459
21895695
21900338
21902775
21904635
21904792
21906149
21911698
21915249
21916589
21918048
21918528
21919516
21921099
21921839
21926144
21935188
21935439
21946943
21950478
21954484
21967454
21969928
21971743
21975970
21977901
21986069
21987383
21987413
21988410
21990771
21995185
21997984
21999439
22001040
22002313
22005775
22010764
22018103
22027548
22028363
22034149
22039401
22044734
22044866
22045581
22045606
22050586
22053805
22056838
22059151
22060519
22062633
22063547
22065057
22068211
22070694
22079081
22081188
22081415
22082213
22082474
22083689
22084843
22089101
22098762
22099870
22101362
22104617
22104871
22105080
22112846
22120755
22123581
22126141
22134687
22144239
22146180
22146737
22152448
22154096
22157129
22158877
22161702
22163194
22165036
22170482
22174648
22175662
22175851
22176410
22178610
22179178
22180875
22182484
22182890
22183814
22183910
22184099
22186187
22188219
22189022
22190336
22195119
22203090
22206560
22207656
22217685
22217844
22222794
22223316
22226940
22228632
22230639
22238480
22243172
22243459
22243742
22247974
22250429
22251019
22257196
22260207
22261332
22261697
22261954
22263810
22264166
22268468
22270038
22272702
22274339
22274914
22276171
22281832
22282845
22285929
22291005
22293255
22293557
22295095
22298201
22300875
22308742
22309541
22310780
22311765
22314726
22321455
22323300
22323737
22324959
22325095
22326506
22326795
22328603
22330149
22338279
22340850
22341214
22357221
22357536
22362416
22370789
22370881
22372785
22374085
22380187
22380889
22382138
22384622
22388907
22390568
22390869
22391772
22392864
22396717
22401977
22403408
22408485
22409611
22415106
22419929
22422109
22425428
22428912
22436283
22438029
22443164
22451376
22459373
22459551
22460075
22470658
22474017
22478384
22478496
22479973
22485454
22485638
22486609
22486815
22488439
22494380
22501474
22502061
22502428
22503787
22509381
22513174
22517435
22523645
22525376
22527155
22528555
22529286
22534685
22534813
22536308
22543646
22549995
22557175
22565475
22566602
22570014
22571348
22572061
22572795
22574393
22575106
22575197
22575617
22577869
22578898
22579162
22580460
22587510
22591727
22592757
22592836
22597405
22597973
22603078
22608835
22609336
22609662
22609794
22616114
22616395
22616512
22618224
22619825
22620312
22621719
22625301
22627158
22631942
22637767
22646933
22646995
22648332
22656506
22657241
22658082
22659527
22662076
22662661
22667155
22668394
22674062
22674099
22681622
22685091
22685123
22686652
22687094
22693767
22695682
22696403
22697719
22717783
22721331
22724857
22733884
22739042
22750120
22754941
22758077
22760644
22761697
22763638
22765310
22769933
22771231
22777912
22787259
22794958
22798141
22800542
22801122
22809082
22809571
22810350
22811278
22811933
22815642
22820122
22822199
22822914
22823182
22823771
22831533
22832180
22833183
22834176
22836572
22837669
22838657
22840742
22842100
22843870
22844298
22847636
22850572
22854265
22856057
22856678
22860208
22860670
22863776
22864436
22865000
22866260
22867677
22885676
22887973
22889544
22897670
22904172
22909256
22916654
22916725
22918096
22919991
22922780
22924622
22925721
22934411
22943273
22943915
22944551
22944866
22947499
22949735
22953351
22965053
22969814
22974221
22983637
22986496
22994945
23002723
23005888
23016128
23018108
23018146
23027726
23030315
23034552
23038412
23048525
23050486
23054912
23056847
23059092
23060137
23063507
23069537
23070155
23074578
23074935
23075764
23076008
23077467
23078323
23081130
23093813
23102158
23105848
23105992
23106022
23120396
23122256
23123643
23124021
23133694
23137719
23138098
23150216
23150721
23152893
23158478
23158755
23159325
23160810
23170302
23170900
23171941
23173186
23174851
23176652
23177010
23178979
23181055
23183279
23185160
23186535
23189188
23191423
23198458
23205672
23208134
23209907
23224871
23225049
23225237
23227486
23230073
23236083
23237016
23255630
23258692
23260714
23270868
23283459
23285958
23289404
23290678
23290931
23291224
23295754
23299669
23305973
23309099
23309751
23309895
23312619
23313767
23314897
23317479
23317731
23320268
23327005
23331499
23335798
23336116
23343915
23343921
23345986
23355664
23358174
23358243
23359300
23361934
23363058
23370340
23372351
23374231
23377111
23377289
23389907
23392734
23393399
23394741
23396648
23411169
23414836
23414904
23419187
23426586
23428647
23440190
23446167
23448313
23450403
23452702
23456771
23457267
23457556
23458237
23463012
23463783
23463928
23464114
23465404
23467647
23469110
23472478
23473860
23477276
23477507
23479205
23479758
23481570
23482540
23489102
23490511
23491183
23491749
23491837
23500968
23506456
23508352
23515728
23516441
23519024
23519193
23523455
23529231
23533121
23543909
23544608
23545624
23547406
23552636
23553447
23557168
23559065
23562790
23568163
23568475
23568885
23569822
23571330
23575011
23577641
23578410
23578729
23579367
23579567
23584175
23584218
23586442
23588609
23593016
23593223
23597831
23598636
23599246
23614734
23615230
23620176
23621780
23625561
23628044
23630769
23635102
23643478
23645690
23649515
23654782
23656186
23656512
23657623
23658428
23659703
23662301
23662761
23662804
23665581
23676512
23677899
23683912
23684662
23686391
23686915
23691664
23692869
23697316
23698954
23704243
23705585
23706022
23707289
23714414
23717375
23717810
23717975
23720346
23720539
23727276
23734373
23734539
23736761
23737525
23740418
23743071
23745376
23747089
23749865
23756241
23758051
23769093
23769273
23769880
23773214
23778248
23781028
23782454
23784932
23791738
23803430
23804708
23808009
23808089
23811513
23825573
23826543
23829096
23831000
23834298
23836710
23838248
23839705
23841622
23842074
23846212
23848118
23848457
23858024
23860995
23862415
23863126
23863680
23875580
23877224
23882251
23888457
23898004
23899438
23900772
23906812
23907441
23910357
23911383
23911557
23916239
23919643
23919915
23922242
23922995
23929968
23930818
23932882
23932926
23933502
23937413
23938992
23942591
23950695
23951261
23951279
23953419
23954359
23961326
23968204
23975610
23978040
23978555
23978618
23979925
23986757
23997842
24003146
24004798
24007867
24011466
24012394
24013165
24017692
24018179
24023723
24026223
24031918
24032630
24038210
24039982
24045983
24051194
24051839
24052103
24052721
24053109
24065083
24071262
24071820
24079049
24081911
24083140
24090667
24095635
24096650
24096862
24100849
24101699
24104228
24120102
24124768
24125210
24133242
24134137
24135365
24138550
24138818
24141539
24141777
24144052
24144262
24149044
24149412
24152700
24155853
24165140
24167902
24172631
24176878
24179316
24179425
24189430
24192503
24193618
24198853
24202329
24206065
24207071
24209012
24209643
24209786
24211107
24211281
24212360
24214300
24215084
24220816
24222157
24223662
24231063
24232925
24234975
24235098
24236468
24241881
24241956
24244199
24246635
24248319
24252413
24252473
24253861
24253868
24254845
24257218
24266239
24267314
24269475
24276563
24277599
24281200
24282716
24285915
24289986
24295028
24295264
24296377
24298285
24298593
24300900
24303806
24307088
24309230
24309701
24312287
24315415
24323159
24326397
24327674
24327716
24333429
24335442
24336349
24339524
24340268
24342245
24344662
24354848
24356511
24362428
24362709
24379567
24381173
24381581
24382362
24382448
24392739
24394476
24397515
24399180
24401968
24405223
24406716
24408363
24410175
24412206
24415143
24415399
24416894
24420823
24427731
24430861
24432257
24434508
24434836
24435401
24436814
24440870
24441302
24448452
24451058
24452380
24452722
24452887
24458195
24458940
24461293
24463848
24464190
24469914
24471612
24476716
24485521
24485630
24488663
24490664
24494527
24498677
24505920
24512049
24513535
24517085
24524999
24525118
24529765
24537826
24539292
24539931
24543735
24546982
24548708
24551431
24553087
24554619
24559633
24561090
24561592
24568480
24569245
24569969
24571364
24575431
24579407
24586988
24589004
24602812
24603690
24606558
24608702
24609821
24610692
24611029
24612128
24612657
24616163
24620147
24622919
24628847
24631153
24636119
24647170
24647198
24648011
24649903
24650390
24652355
24654590
24657300
24658998
24668196
24669898
24678392
24680436
24682805
24686706
24687748
24687896
24689059
24690872
24691641
24695070
24696778
24698698
24705554
24711516
24721424
24723139
24723799
24725746
24731327
24732572
24734730
24735447
24738254
24738850
24739014
24746175
24746238
24748054
24757320
24757350
24762181
24773824
24779175
24780035
24784696
24792648
24795268
24795801
24797480
24799467
24799740
24800101
24800525
24801635
24804129
24814644
24818605
24820537
24822917
24826232
24829077
24834546
24837890
24843306
24844136
24847115
24849066
24855761
24857142
24859276
24859521
24863596
24871000
24871790
24874102
24874559
24878620
24884282
24885388
24894782
24897055
24897243
24899034
24904266
24910067
24919372
24922685
24926137
24926486
24926572
24929841
24933226
24935002
24935512
24938130
24938362
24946856
24947738
24951066
24953289
24959488
24959705
24971822
24971832
24972035
24972385
24976121
24988478
24988866
24988932
24991949
24992414
24995083
24995904
24997778
24997922
25000104
25001645
25001946
25003397
25008270
25011312
25012414
25014375
25017103
25018244
25019061
25020832
25021457
25028768
25040182
25046545
25048395
25054198
25055586
25056841
25063234
25063402
25063778
25064737
25067417
25072990
25077107
25078722
25082439
25087019
25089497
25089813
25092245
25101045
25102313
25103474
25103700
25105201
25108173
25115675
25118357
25119212
25130354
25133242
25135555
25136085
25139633
25141488
25142203
25142305
25145554
25148216
25151274
25151624
25157851
25159656
25163874
25167873
25168531
25169930
25170187
25174596
25177472
25184307
25184633
25185798
25187055
25190192
25190764
25194476
25198116
25199205
25208414
25211346
25216918
25217975
25220472
25225440
25228901
25232473
25240880
25241021
25241625
25251496
25252255
25253704
25262505
25267587
25271198
25273508
25274011
25275631
25275648
25279171
25281604
25286849
25288277
25289120
25289336
25305212
25306527
25307040
25318926
25319211
25329426
25339031
25341279
25341930
25343258
25348756
25348818
25349707
25352459
25360273
25364501
25367024
25375857
25375879
25376915
25377792
25383843
25384501
25386688
25394532
25400289
25400972
25402995
25416410
25417730
25436557
25437432
25437625
25440313
25441724
25442646
25444438
25444924
25445894
25452610
25452758
25459118
25465067
25465718
25467372
25471085
25473524
25476720
25490321
25490324
25491741
25492598
25493558
25495537
25496531
25499426
25506867
25510157
25510753
25518970
25525231
25528828
25530565
25531643
25536572
25542221
25545636
25545835
25550883
25551764
25552562
25558378
25558430
25563990
25564378
25566574
25576454
25581599
25588509
25588606
25589977
25592638
25594692
25603735
25608348
25612483
25615809
25616224
25620671
25623132
25625396
25627937
25631803
25634830
25636281
25639613
25643287
25648119
25658207
25660399
25663620
25665208
25666765
25670158
25670780
25673454
25676953
25677105
25684650
25691633
25692578
25696083
25701250
25705363
25706650
25706889
25707190
25708959
25709723
25714702
25718494
25718714
25720406
25725145
25726702
25728393
25732609
25735577
25736890
25737560
25739158
25745778
25751425
25752693
25758451
25760374
25761388
25762369
25764776
25768038
25776833
25777886
25779483
25780399
25782860
25787797
25789091
25790895
25798346
25803623
25805912
25806254
25807044
25812029
25812947
25813930
25814742
25817940
25820535
25824039
25824633
25831071
25832517
25833171
25833652
25845976
25848834
25849473
25851783
25855871
25859174
25861685
25873891
25875350
25880443
25885363
25887886
25890202
25890661
25897160
25897187
25899645
25900143
25900250
25901356
25905987
25906308
25910130
25918176
25919713
25924618
25926284
25937557
25942939
25943345
25946910
25953329
25953427
25954330
25957328
25959372
25960334
25961647
25962281
25963448
25967525
25969331
25972715
25972856
25980183
25981632
25986918
25992232
26000045
26002568
26005579
26011465
26011892
26014182
26018895
26020373
26020586
26021449
26031795
26034886
26036335
26043588
26054768
26056215
26057932
26061060
26062724
26077100
26077397
26079674
26080290
26082010
26086389
26088826
26088965
26089025
26091011
26094654
26097351
26101571
26106475
26116445
26117582
26119018
26126974
26127784
26132363
26132860
26134518
26134934
26136075
26138960
26142128
26145336
26145463
26145982
26155361
26156538
26158036
26158125
26161579
26169519
26172614
26172672
26176000
26176680
26178821
26179416
26181588
26182105
26184064
26185440
26197763
26198743
26201966
26203656
26204248
26208461
26212445
26225433
26226680
26227704
26228853
26228977
26229413
26234599
26237660
26241195
26241572
26243537
26249832
26250779
26251080
26253271
26262536
26262690
26263385
26266267
26268595
26270645
26282169
26283596
26288458
26289157
26290279
26296435
26297396
26305364
26308055
26314307
26315005
26317405
26320600
26329701
26334399
26335322
26336240
26342407
26345162
26345457
26345802
26348881
26359255
26359909
26360845
26366927
26368000
26368252
26368735
26396594
26412837
26416088
26422226
26422718
26422776
26424231
26424614
26426827
26429494
26430080
26432118
26432936
26433687
26435385
26437568
26439458
26442213
26444226
26445428
26447126
26448677
26449119
26449549
26450868
26452959
26454753
26456528
26457903
26461377
26465004
26469090
26476246
26479028
26483208
26490579
26495122
26497777
26497995
26498063
26501406
26503236
26506362
26508195
26510401
26511083
26511261
26512749
26514844
26517964
26518316
26518489
26518779
26518903
26520186
26528798
26530521
26533288
26534915
26536147
26538726
26540475
26542499
26553267
26554728
26557967
26558808
26567117
26578467
26579319
26580573
26589667
26602047
26604311
26607572
26607914
26624588
26633248
26642745
26643092
26644687
26645541
26646067
26647772
26650834
26663768
26666001
26668318
26670569
26671580
26676101
26676512
26678806
26681009
26683143
26693520
26697587
26703723
26703735
26704108
26707605
26709454
26709704
26710629
26711677
26715983
26729073
26732612
26736117
26739376
26739919
26740513
26741030
26742560
26746321
26746357
26750161
26751414
26751779
26757065
26758206
26759702
26761332
26763254
26764123
26765093
26766282
26769977
26771449
26774465
26774944
26776805
26777138
26777248
26779418
26785370
26786508
26798031
26807870
26810599
26811332
26812970
26819401
26819406
26826933
26842881
26845496
26847125
26851527
26854119
26856562
26857776
26860743
26869217
26870630
26876125
26877303
26877989
26880912
26883580
26894347
26897658
26905036
26907774
26908131
26908512
26913318
26916960
26921286
26921466
26923284
26928015
26932934
26937200
26948034
26952991
26953048
26953837
26954520
26958066
26960904
26960983
26970128
26980152
26983858
26984954
26986891
26990837
26992028
26995261
26997799
26998640
27001409
27004199
27004330
27009014
27020143
27022361
27024395
27029655
27032092
27034560
27043230
27044107
27044493
27045114
27045327
27048771
27050494
27051692
27052757
27055478
27058255
27066270
27069065
27077026
27078246
27080994
27082658
27084324
27085997
27086190
27087326
27088741
27089937
27096617
27099901
27100264
27102466
27102810
27104562
27109021
27110532
27113900
27118281
27130501
27133629
27135232
27135602
27137062
27139899
27147688
27150601
27150639
27154308
27154743
27157325
27162598
27162858
27164222
27167203
27172692
27175807
27178761
27184483
27188148
27189852
27191378
27194724
27196163
27196876
27198365
27201056
27202285
27204862
27211586
27211999
27213405
27214131
27216753
27222517
27230911
27232212
27236407
27236729
27236910
27238237
27241460
27241606
27242741
27245816
27249445
27249607
27250961
27252973
27258647
27259359
27259841
27260918
27264218
27266762
27270267
27270669
27272138
27273353
27278608
27279203
27280882
27281636
27285825
27286957
27289651
27294805
27295680
27297386
27306611
27320284
27320687
27322316
27323995
27326779
27335982
27348541
27351868
27357337
27358178
27359585
27361512
27363937
27369628
27370211
27375288
27377395
27378147
27378540
27387633
27390569
27394123
27402311
27402372
27404004
27404408
27405891
27409628
27410558
27411522
27412108
27415707
27416471
27418130
27419637
27422103
27426450
27427568
27434202
27434609
27436919
27443372
27444430
27445416
27445494
27448267
27451357
27455128
27457541
27460177
27465530
27469235
27470079
27474440
27482490
27483687
27492132
27494867
27499690
27500895
27502940
27503497
27507368
27508462
27508784
27511489
27515470
27517893
27518579
27520863
27526881
27527997
27530947
27531612
27536085
27537083
27540913
27541923
27542593
27543695
27546655
27553393
27554712
27555533
27556970
27560232
27560915
27561855
27561865
27562216
27563400
27572331
27580825
27591706
27592896
27598339
27603425
27604538
27620441
27622790
27627255
27636600
27637170
27640599
27644861
27647446
27649153
27649522
27651029
27654911
27655968
27657119
27661348
27662631
27663410
27663659
27666016
27666140
27668700
27671725
27673656
27677821
27679079
27680334
27681824
27686367
27690626
27691026
27704195
27705007
27708870
27710644
27714525
27716246
27716990
27727784
27732163
27733270
27736030
27736232
27738684
27742194
27744695
27754543
27757684
27759964
27761536
27763703
27763793
27773042
27773287
27774787
27778248
27782019
27785026
27788307
27792408
27793136
27798526
27799466
27804821
27807088
27816607
27819679
27823981
27824682
27830743
27833077
27836692
27838171
27845528
27847272
27848768
27849770
27854700
27856309
27857559
27858203
27861415
27871171
27873110
27873934
27875233
27880789
27881624
27887043
27890548
27894334
27898932
27901398
27904481
27905259
27911308
27911770
27912011
27912605
27920735
27923927
27924775
27928800
27929524
27929527
27940791
27942600
27943746
27944163
27944812
27944916
27955402
27963338
27963766
27967864
27968681
27975612
27978325
27979294
27985058
27986483
27989278
27989998
27992237
27997173
28001337
28007934
28015628
28025341
28025471
28029440
28029555
28030486
28034014
28040648
28043026
28058569
28069416
28082687
28084854
28087616
28088154
28099231
28099783
28101178
28107893
28117340
28120007
28121137
28123231
28126898
28127589
28129828
28131781
28132763
28136464
28142085
28142405
28151550
28153138
28160093
28166687
28172107
28172216
28178000
28181514
28181979
28182770
28187185
28190531
28193111
28193324
28196820
28197356
28207528
28211468
28211931
28217171
28221449
28223901
28224115
28227484
28237978
28241268
28241518
28247363
28251669
28253792
28254914
28257021
28257091
28258531
28263305
28264784
28268950
28270967
28271186
28274606
28280625
28283736
28287317
28292018
28292163
28294113
28294378
28295744
28296530
28299848
28312400
28315243
28322847
28323823
28328476
28329861
28338377
28340204
28349635
28349741
28351273
28358194
28359848
28360293
28369671
28370315
28373471
28374444
28376940
28379927
28381202
28381616
28389267
28392780
28399416
28399586
28402789
28411447
28412239
28419159
28425190
28427491
28430950
28433623
28434006
28437247
28438359
28442536
28442648
28449678
28450038
28452226
28452410
28456159
28459873
28463940
28467135
28469076
28469983
28471392
28474400
28474435
28476339
28477638
28478396
28478589
28483580
28485704
28485912
28485965
28487125
28488350
28490486
28493770
28496595
28497074
28502082
28510864
28519025
28520169
28522428
28531408
28533365
28535339
28542623
28548249
28554732
28555033
28561673
28563321
28565944
28568504
28568853
28571233
28571989
28573766
28575367
28576485
28579994
28581822
28584865
28590813
28593367
28593899
28595496
28595559
28598921
28598981
28599909
28603035
28605677
28608255
28610142
28615232
28619059
28622034
28622777
28626914
28632816
28634398
28636791
28647270
28649308
28652007
28652427
28654735
28656216
28659070
28662142
28670149
28675233
28683313
28683408
28686548
28687045
28688638
28692621
28694082
28695885
28700251
28702230
28702455
28704694
28707773
28711342
28711440
28715589
28717559
28719165
28722155
28724825
28730751
28734239
28739098
28741669
28741848
28746567
28751349
28753900
28754614
28758975
28761248
28765357
28769982
28773756
28773977
28774051
28787112
28793925
28795839
28796814
28797993
28799267
28800616
28810749
28812102
28826186
28827348
28829386
28830779
28831090
28837804
28845430
28846571
28851805
28856565
28860818
28866778
28866871
28867424
28871546
28872610
28875870
28877415
28879610
28881827
28881871
28891721
28893952
28896581
28907893
28909955
28916220
28916867
28923118
28924222
28929284
28940955
28942424
28943040
28949331
28951402
28952080
28952785
28959979
28961652
28965545
28971318
28971392
28971746
28974219
28975980
28979247
28979561
28980972
28985039
28986859
28987469
28990443
29000390
29016570
29017220
29017950
29023050
29024611
29024805
29025447
29026144
29027141
29028463
29033898
29037060
29039522
29041550
29041945
29047908
29051065
29051248
29051396
29056984
29063064
29063992
29064008
29068339
29070425
29073133
29074327
29080253
29080422
29082815
29083762
29083952
29084400
29085236
29086148
29087960
29089627
29090739
29091043
29098578
29102498
29102600
29102847
29103583
29106185
29110054
29111364
29111514
29116124
29121014
29121432
29123439
29124831
29125040
29130862
29131908
29136159
29136906
29137221
29152247
29153616
29155184
29155896
29157690
29157921
29158592
29171633
29173352
29174957
29176753
29193302
29197348
29198471
29201484
29202226
29202510
29203077
29204094
29204095
29213576
29215907
29219196
29221829
29223022
29229341
29232748
29234125
29241914
29250117
29250356
29258496
29259684
29260092
29263411
29263930
29266660
29267023
29268564
29271116
29272087
29274102
29280446
29282986
29283879
29285892
29286040
29288693
29294985
29296222
29296625
29298045
29302204
29314627
29319814
29321601
29324160
29328471
29329739
29330011
29333490
29336121
29336880
29337231
29337302
29346570
29346798
29348807
29353973
29355739
29356749
29360784
29363627
29365535
29366429
29369135
29370045
29370727
29371419
29374968
29375192
29378987
29380215
29381094
29381865
29382352
29383307
29383914
29386397
29389010
29391717
29396488
29398865
29399170
29399395
29399588
29401181
29405568
29405727
29407601
29408085
29414699
29415427
29418253
29418808
29419528
29422807
29423970
29428267
29429176
29433068
29434428
29443320
29460459
29465302
29465832
29467253
29467951
29480960
29481905
29485459
29486457
29487149
29488748
29489078
29490476
29496065
29501106
29502712
29504342
29505473
29505599
29510318
29510983
29511364
29512143
29519295
29520690
29522833
29527643
29527733
29530940
29534076
29534472
29535839
29544504
29545650
29547197
29547886
29552667
29554077
29559545
29560072
29562454
29565751
29572869
29582471
29583181
29587378
29589775
29596376
29597768
29601932
29612327
29612342
29613750
29617204
29618425
29620797
29621561
29621868
29625581
29628288
29633492
29634519
29638734
29644494
29644568
29650036
29652461
29653110
29655890
29659314
29664697
29665358
29666854
29666857
29675522
29685924
29688867
29694665
29696906
29704007
29706307
29713496
29721915
29725063
29729998
29733357
29735265
29735319
29741184
29742805
29745590
29746024
29749681
29755377
29759333
29759691
29760519
29769933
29771946
29774490
29778079
29782757
29783646
29784489
29786006
29790693
29791006
29792908
29794409
29794755
29795927
29796426
29796479
29797226
29799980
29809332
29811943
29811958
29813510
29825045
29825432
29825467
29828186
29832979
29834881
29837413
29840753
29847843
29848887
29849316
29850261
29858662
29870055
29871755
29874831
29878093
29879606
29879754
29883148
29883187
29883969
29889247
29890276
29892108
29894280
29898162
29898911
29901937
29903540
29903796
29904585
29904606
29918655
29920460
29925648
29926466
29926564
29929853
29930420
29934170
29935071
29935440
29936399
29949294
29952450
29957304
29963989
29964381
29965788
29970729
29970981
29973179
29975671
29982254
29983419
29985919
30001231
30003436
30004814
30004887
30011088
30019085
30022029
30022834
30031640
30036626
30037085
30039157
30041178
30041820
30044942
30045998
30046585
30047352
30047726
30050161
30054216
30059697
30061928
30072329
30072386
30072607
30073957
30075977
30083875
30086177
30087007
30088062
30092753
30097114
30098098
30098213
30107313
30108308
30117578
30119088
30119698
30120151
30120627
30126578
30132093
30133299
30134489
30139024
30142731
30144329
30145211
30146140
30147901
30150333
30151383
30158560
30158818
30173365
30176368
30181079
30181198
30186866
30187953
30188409
30197446
30203570
30203774
30209908
30211708
30214498
30219887
30227309
30228860
30229535
30231158
30234067
30239702
30240187
30240860
30242550
30242663
30245107
30250175
30250665
30253659
30258156
30260209
30270766
30274514
30274601
30282998
30286572
30289789
30290739
30292802
30296123
30298324
30300997
30301087
30301397
30302115
30304205
30306144
30309055
30313356
30313772
30315611
30319185
30319309
30321533
30323970
30325300
30325743
30327638
30329483
30330309
30331029
30335473
30337083
30337815
30338238
30340654
30341795
30344695
30350007
30353983
30354846
30355019
30358252
30359517
30373506
30385427
30387260
30387791
30393807
30396089
30396321
30398968
30400943
30407221
30407418
30418337
30418435
30419965
30422178
30423223
