136
144
376
396
440
489
517
614
698
749
754
950
1069
1114
1154
1218
1250
1423
1446
1610
1621
1692
1731
1872
1875
1892
1928
2129
2174
2244
2278
2447
2543
2704
2829
2951
3026
3314
3418
3718
3756
3804
3820
3821
3940
3957
3980
4220
4222
4314
4539
4561
4805
4813
4987
5051
5075
5142
5195
5250
5323
5512
5584
5679
5788
5809
5931
6083
6118
6143
6192
6262
6287
6410
6423
6510
6554
7211
7508
7549
7573
7586
7646
7734
7751
7877
8322
8456
8580
8611
8689
8690
8839
8902
9281
9333
9346
9353
9358
9525
9581
9794
9799
10202
10393
10592
10898
11001
11258
11280
11419
11429
11903
11929
11974
12019
12134
12162
12656
12718
12723
12763
12809
12811
12812
12860
13054
13147
13151
13298
13345
13358
13394
13440
13448
13694
13702
13804
13843
13888
14028
14168
14192
14209
14462
14466
14510
14574
14592
14717
14950
14975
14999
15034
15043
15140
15193
15324
15375
15611
15676
15778
15867
15967
16038
16141
16151
16238
16252
16306
16325
16555
16561
16696
16823
16945
17049
17170
17178
17275
17582
17659
17782
17934
18021
18047
18099
18173
18241
18254
18338
18443
18543
18607
18927
18989
19269
19428
19533
19719
19795
19800
20030
20089
20128
20340
20477
20729
20859
20940
21043
21052
21324
21359
21385
21523
21638
21647
21698
21702
21826
21936
21991
22099
22132
22185
22220
22286
22317
22412
22457
22638
22883
23065
23126
23185
23306
24112
24280
24549
24627
24690
24696
24968
25211
25233
25334
25341
25411
25425
25441
25463
25669
25772
25948
25998
26296
26496
26673
26851
26895
26989
27081
27161
27233
27324
27403
27461
27504
27578
27591
27688
27887
27890
28135
28193
28257
28389
28390
28508
28824
28888
28903
29015
29119
29359
29379
29385
29425
29434
29458
29589
29669
29835
29959
30501
30566
30673
30697
30766
30869
31037
31430
31510
31677
31771
31807
31811
31967
31984
32117
32354
32372
32397
32399
32642
32697
32701
32958
33067
33142
33150
33204
33320
33347
33536
33541
33767
33891
34006
34015
34024
34207
34318
34418
34468
34520
34819
34860
34885
34954
35012
35014
35133
35148
35337
35509
35640
35643
35848
35869
36199
36248
36264
36280
36481
36517
36567
36584
36676
36771
36907
37014
37165
37242
37271
37618
37643
37918
37934
37955
38153
38253
38395
38738
38794
38837
38883
39083
39102
39255
39413
39428
39437
39443
39520
39522
39594
39679
39790
39904
39921
40188
40210
40246
40374
40383
40718
40736
40758
40956
40993
41132
41245
41264
41293
41504
41637
41660
41676
41739
41888
41921
42050
42207
42342
42547
42601
42862
42995
43097
43369
43454
43620
43729
43732
43837
44009
44121
44171
44605
44659
44736
44819
44878
44879
44931
45148
45301
45321
45552
45805
45924
45973
46318
46424
46492
46523
46873
46944
47182
47197
47241
47254
47260
47315
47505
47650
47805
47907
47912
48049
48098
48101
48154
48174
48210
48244
48375
48376
48446
48842
48870
48872
48952
49102
49326
49476
49491
49514
50057
50069
50081
50132
50159
50401
50452
50736
50770
50917
50952
51090
51112
51514
51562
51600
51671
51740
51782
51898
51936
51964
51972
52011
52022
52068
52106
52236
52390
52401
52521
52775
52867
52906
52976
53049
53139
53154
53195
53414
53509
53706
53729
53783
54071
54080
54209
54218
54298
54374
54375
54388
54587
54635
55044
55052
55120
55326
55329
55332
55409
55448
55666
55706
56222
56321
56359
56383
56384
56431
56492
56786
56883
56946
57048
57061
57241
57308
57492
57588
57610
57613
57636
57683
57738
57742
58067
58459
58669
58713
58732
58806
58855
59155
59228
59236
59328
60200
60330
60463
60554
60648
60747
60782
60792
60869
61000
61056
61073
61111
61217
61326
61356
61480
61529
61553
61595
61982
62012
62108
62113
62175
62223
62318
62426
62450
62880
62949
63074
63131
63146
63191
63361
63385
63436
63439
63451
63456
63461
63544
63613
63617
63653
63763
63793
64071
64306
64494
64737
64763
64793
64831
64849
65156
65280
65314
65412
65451
65475
65491
65593
65886
65993
66034
66062
66100
66122
66191
66356
66646
66740
66741
66833
66989
67030
67083
67252
67281
67462
67561
67573
67752
67840
68001
68372
68552
68586
68654
68702
68750
68926
68947
69067
69160
69223
69446
69602
69624
69646
69707
69721
69770
69807
69824
69969
70118
70125
70292
70404
70557
70648
70668
70725
70785
70812
70897
71053
71247
71294
71577
71693
72041
72062
72222
72303
72340
72484
72575
72699
73025
73075
73095
73245
73278
73425
73541
73548
73692
74004
74012
74109
74607
74610
74632
74640
74647
75041
75070
75158
75353
75355
75615
75759
75786
75913
76068
76164
76191
76199
76236
76278
76304
76382
76396
76485
76812
76819
76932
77033
77052
77238
77291
77398
77417
77458
77505
77556
77772
77878
77922
77975
78109
78198
78246
78449
78504
78538
78612
78791
78860
78878
79107
79114
79332
79501
79544
79556
79576
79619
79678
79742
79746
79825
80124
80277
80382
80561
80587
80631
80651
80704
80890
80992
81202
81274
81479
81593
81597
81637
81727
81814
81838
82054
82068
82201
82328
82479
82831
83034
83127
83136
83215
83315
83359
83409
83608
83618
83689
83695
83810
84311
84429
84583
84645
84806
85268
85360
85361
85537
85590
85597
85793
85871
85933
86466
86469
86552
86653
86725
86747
86768
86794
86903
87141
87171
87176
87373
87406
87412
87417
87590
87661
87681
87755
87921
88042
88117
88346
88553
88640
88959
89075
89174
89182
89243
89286
89294
89375
89627
89665
89785
89822
89999
90106
90122
90329
90330
90349
90360
90484
90519
90560
90607
90641
90678
90825
91002
91081
91119
91134
91163
91320
91445
91459
91476
91525
91587
91611
91702
91708
91822
92066
92117
92162
92707
93038
93108
93115
93195
93272
93616
93650
94001
94031
94146
94196
94228
94296
94400
94662
94668
94885
94949
95001
95043
95212
95228
95467
95512
95564
95570
95661
95844
96120
96184
96251
96259
96314
96333
96454
96696
96705
96724
96874
96880
96883
96936
97010
97111
97117
97178
97221
97295
97345
97490
97789
97945
97978
98009
98677
98685
98811
98835
98851
99146
99193
99196
99312
99480
99505
99620
99669
99689
99708
99716
99799
99859
99877
99894
99903
