7166
9152
11521
12770
13685
14819
16412
27337
27343
29408
40084
41034
41391
46516
47933
48117
67840
67942
69272
69552
71829
72707
75144
76474
76917
78812
80657
81483
82203
86647
88257
88989
89412
91828
92969
96312
99815
101674
109770
110063
113714
113973
117318
117788
123273
135671
146242
146443
147612
154557
159548
160290
165199
165840
168825
169532
173004
175611
184996
185107
186105
188530
188550
190131
193112
193850
198183
199728
203091
203256
204044
205857
212538
216427
216814
218118
220593
221264
221492
224349
228069
229601
232330
233063
234701
241132
241137
242131
249830
253013
255414
255994
265384
268387
273098
273217
276738
277173
279755
285028
285288
286652
296998
297814
302882
304326
313115
318083
319098
319310
323297
324147
326676
330709
332860
333469
335813
336019
343933
351016
359296
361758
363531
377911
382161
382202
386331
386422
393314
394865
395540
397163
400072
406103
408425
409888
411352
419100
421794
423661
424567
433397
440415
446386
451101
451191
453601
468870
478838
483662
484836
494025
496153
498349
500433
505679
508879
509343
512078
512747
513959
526212
531563
532423
535825
538233
543934
553286
557069
557577
557627
572675
577792
579009
584147
584389
597030
598644
600986
606120
609665
615457
615673
617569
617793
626033
628768
633591
634796
636841
639524
639893
641902
642501
647502
655862
660583
666406
666798
668205
673146
673398
675596
678088
684503
687259
688784
688859
694401
694432
701546
705333
710863
714477
716399
724369
725730
726793
728775
730842
731874
733216
734702
737026
737860
738614
741377
743315
743758
744211
744836
750075
750225
750638
752675
753431
753679
755310
757165
761604
762084
770735
771923
775617
778427
781130
784280
785140
785624
795263
796199
804297
808206
811033
822156
828677
830862
831832
832616
833357
834081
838022
838328
841401
846102
848973
849405
854645
870928
873955
880678
887285
889630
889786
890897
892899
901265
901363
902893
905106
906151
920388
920676
922147
926862
936589
937979
939011
946372
950444
954989
956540
965497
967191
968190
975795
981339
982544
986991
988629
993918
995260
995697
996964
1005973
1007473
1008318
1009430
1010935
1013058
1013780
1018872
1020991
1031943
1036764
1039900
1040966
1041702
1046825
1047594
1056089
1058522
1063917
1065930
1066837
1070012
1070756
1072733
1075150
1082482
1083100
1087523
1087880
1088709
1088953
1090412
1091268
1094075
1100024
1109582
1114085
1114784
1116942
1117684
1120658
1126883
1135005
1139383
1140924
1148375
1148595
1151171
1153107
1154361
1162619
1166751
1176991
1178077
1181131
1183641
1183928
1187478
1189917
1190043
1190424
1190578
1195669
1196268
1198376
1198861
1199534
1201224
1201337
1203781
1208849
1209339
1212333
1216830
1224583
1225934
1230402
1244466
1246431
1248485
1254776
1254786
1254989
1255339
1259075
1271432
1271820
1271886
1273378
1275005
1283024
1284181
1285293
1286865
1289877
1289950
1291230
1293294
1303336
1308657
1314406
1315273
1315445
1320607
1322103
1322360
1325382
1327744
1330227
1330454
1330724
1336763
1339934
1345583
1353209
1354350
1367894
1372657
1375634
1377325
1378150
1378916
1383702
1384927
1390405
1397575
1398043
1408837
1411541
1411976
1414630
1421778
1427199
1434256
1434436
1436149
1438925
1445301
1447111
1456268
1457966
1458369
1460546
1461915
1469664
1477714
1478911
1484827
1485111
1492974
1493061
1498771
1499662
1504572
1504600
1504918
1507987
1512947
1515852
1521409
1523972
1524251
1525387
1526207
1529676
1535193
1548162
1550414
1552882
1557745
1560239
1561336
1561970
1564785
1567327
1568886
1573507
1573729
1574497
1580174
1582451
1583132
1584348
1586583
1587584
1587623
1588390
1589791
1597275
1598506
1605002
1605647
1611414
1612483
1612889
1615171
1624194
1628189
1641220
1642670
1642904
1645727
1650968
1658274
1661690
1664523
1666763
1668686
1669700
1670681
1673088
1676350
1682774
1683625
1688441
1696374
1703210
1703249
1704951
1709870
1710871
1711858
1718579
1720568
1725138
1727598
1729552
1730715
1736402
1741636
1742127
1753331
1755004
1755396
1756112
1757925
1758983
1761820
1764032
1769662
1771901
1773806
1777450
1779475
1780827
1783071
1784335
1786770
1789259
1791374
1791761
1792663
1795803
1796232
1797973
1801677
1802174
1802875
1803319
1806256
1809867
1812177
1812680
1814300
1814317
1817840
1820273
1829222
1829858
1835299
1839406
1842871
1848679
1850410
1851130
1860567
1866951
1867053
1873284
1877708
1878530
1878899
1879534
1879785
1882915
1885403
1888049
1889881
1893841
1897022
1897282
1898798
1902818
1904019
1904302
1907194
1909178
1911248
1912008
1917290
1920424
1921571
1921887
1923974
1925956
1926448
1932626
1935586
1936959
1939592
1941291
1942278
1943958
1946982
1952576
1956007
1956058
1957206
1957432
1961851
1962500
1967301
1967571
1975111
1977781
1978911
1981493
1981745
1984282
1992326
1996616
1998446
2000728
2001154
2006055
2006547
2006735
2012316
2012728
2012787
2012816
2013041
2014105
2014979
2015042
2015561
2017923
2018408
2020590
2021838
2023266
2028383
2034239
2036085
2043298
2043896
2047742
2054477
2057543
2058725
2061187
2061533
2070678
2072266
2079221
2082298
2083810
2096589
2096609
2098585
2106351
2108254
2109610
2109641
2109684
2114859
2115347
2116573
2119708
2122760
2124770
2126114
2126269
2129585
2130254
2138056
2141825
2143413
2145335
2148990
2153967
2154578
2155403
2163122
2166047
2173439
2175202
2177214
2182904
2190620
2191072
2195667
2197238
2199511
2201141
2203201
2207641
2214194
2216229
2219673
2235968
2236587
2239103
2241608
2245777
2246345
2246652
2247501
2247601
2250630
2251812
2253262
2253759
2260841
2267948
2269437
2277343
2278435
2284118
2285545
2291788
2293640
2295116
2295141
2296226
2296799
2297172
2300085
2313775
2321701
2322845
2323500
2328492
2331416
2334096
2338788
2341923
2342676
2351129
2353353
2354085
2356420
2367042
2367992
2375853
2376691
2377742
2380837
2381528
2391224
2394860
2395599
2396760
2397055
2397400
2400479
2410853
2411507
2412443
2418571
2418732
2419280
2419875
2422529
2426984
2427336
2427464
2434717
2435385
2436255
2438443
2441472
2441778
2442566
2447350
2447526
2451675
2456953
2458221
2461018
2461413
2461660
2461882
2462188
2465856
2468518
2471576
2471926
2478153
2479958
2483538
2485477
2488388
2492689
2493105
2494944
2498518
2498642
2504966
2507147
2509473
2509910
2510081
2511634
2512470
2517136
2519586
2521983
2526900
2526946
2530074
2530591
2531289
2533689
2536884
2545985
2552811
2552896
2554374
2554901
2561050
2564307
2566212
2571193
2572338
2573943
2575534
2575690
2579589
2581979
2586720
2587525
2588135
2603623
2604119
2611601
2612266
2612647
2613426
2620578
2621973
2624116
2628926
2629016
2631664
2632042
2641715
2645740
2646119
2648639
2656429
2656588
2659316
2662738
2665082
2666766
2672547
2674626
2675144
2675491
2682091
2686058
2686772
2688749
2690866
2693638
2694099
2701596
2704258
2707313
2710196
2711161
2712906
2713640
2715642
2718999
2720054
2722197
2722941
2724458
2729206
2732928
2738353
2740692
2742848
2745047
2748450
2749981
2750010
2753353
2758329
2762927
2765393
2768476
2769254
2772426
2774096
2775047
2776690
2777188
2777759
2778741
2780572
2782911
2783690
2787393
2791214
2791500
2792321
2793056
2797654
2801266
2802806
2805582
2807569
2807842
2808203
2808627
2809737
2812231
2822746
2833339
2841684
2848055
2858655
2858777
2862835
2863902
2868391
2868804
2871490
2877297
2877847
2880636
2884768
2886751
2887048
2889834
2891879
2892158
2894663
2896018
2896073
2896884
2900448
2901879
2902025
2902953
2907432
2918983
2919682
2920698
2922480
2924730
2934335
2936583
2937234
2938562
2940201
2942723
2944360
2947017
2947158
2949536
2949540
2950323
2951106
2955718
2957262
2959142
2962022
2962200
2974818
2977645
2978310
2979652
2981600
2982482
2985810
2988033
2994232
2994449
3006297
3013412
3013461
3013678
3015584
3017064
3023256
3023541
3030317
3038974
3040441
3044411
3054195
3056149
3059560
3070833
3076215
3076621
3078012
3080408
3082442
3083165
3086432
3086762
3088895
3091417
3091677
3093709
3098894
3105707
3107621
3110161
3110427
3113223
3122254
3125564
3131716
3134684
3137604
3144502
3150992
3154152
3154538
3156874
3159028
3165774
3166223
3167086
3167270
3168823
3175481
3182688
3185103
3185129
3186596
3186620
3195569
3196676
3199208
3199730
3204130
3207227
3207511
3207559
3212084
3228014
3229955
3230512
3236223
3237871
3240904
3242652
3245477
3246969
3247971
3248862
3252037
3255075
3256352
3259424
3263368
3263823
3269895
3270677
3273768
3275223
3278874
3278971
3295678
3298834
3303688
3310205
3319724
3323005
3327106
3327834
3333224
3334164
3337929
3339913
3340221
3340442
3341911
3347863
3348448
3348707
3349820
3349900
3351320
3352910
3355788
3358408
3365700
3370409
3373807
3381118
3381833
3382101
3382690
3390452
3391099
3392102
3393095
3395491
3396588
3397576
3399661
3401019
3401651
3402820
3403542
3407629
3411958
3413147
3413438
3415315
3420737
3423327
3429364
3430312
3431338
3436314
3438426
3439049
3442986
3443051
3448829
3455344
3456382
3457296
3458343
3467770
3474968
3477672
3480033
3483248
3488564
3492102
3492476
3494710
3494929
3496200
3498523
3500036
3504518
3505008
3506690
3508417
3513129
3514482
3523287
3523396
3526429
3528430
3537527
3537695
3539177
3539594
3544765
3550254
3553369
3561525
3564103
3566650
3568012
3571039
3575764
3578109
3582237
3588629
3592581
3597568
3598676
3603204
3603587
3606828
3607940
3612117
3612229
3619259
3619619
3621807
3621991
3626290
3632370
3633298
3633314
3642744
3646253
3649429
3653181
3658142
3658403
3659568
3660886
3662319
3666275
3668149
3670458
3675875
3681146
3684920
3685141
3685215
3695472
3699757
3701418
3701719
3702622
3703714
3709633
3715000
3721367
3721595
3725521
3726802
3731990
3736177
3738044
3738925
3741046
3744328
3744866
3745088
3750749
3753286
3753855
3756253
3757018
3757232
3757528
3757790
3759444
3760897
3763874
3765408
3765869
3778269
3779015
3780602
3787801
3788812
3793333
3793744
3796038
3798241
3806011
3806674
3809646
3810159
3811144
3811694
3812203
3812770
3814746
3815253
3827756
3835705
3836859
3837141
3837850
3842862
3854350
3856223
3858246
3859247
3859284
3863810
3867473
3877731
3885429
3889700
3891019
3897634
3898261
3902044
3902338
3904813
3905174
3912265
3913272
3915872
3921594
3923692
3926767
3927577
3932156
3932653
3934311
3934727
3935868
3938753
3941921
3945129
3945256
3945775
3950659
3955936
3956265
3959489
3959733
3965102
3965939
3966084
3968543
3970725
3971689
3974985
3977224
3980972
3984504
3984827
3986130
3987606
3995762
3996596
3997805
3997808
4001282
4006444
4022772
4034247
4034608
4037833
4038662
4045642
4049048
4053591
4059193
4060097
4062230
4065318
4065660
4066263
4069922
4073291
4076000
4079685
4083433
4083977
4084597
4085171
4093418
4094426
4094913
4097211
4099336
4099403
4107786
4113817
4116118
4119577
4124148
4124405
4126158
4128540
4130163
4138778
4145231
4155925
4156226
4157677
4162550
4165592
4166694
4168655
4169081
4169480
4173473
4173568
4175955
4178914
4179184
4182598
4183534
4184021
4185795
4189138
4190869
4195767
4197507
4197628
4198441
4199345
4200203
4204580
4205821
4207006
4207809
4208375
4209151
4212965
4212984
4216185
4218488
4219726
4222765
4222935
4228233
4229327
4235878
4236825
4245692
4246526
4258777
4259925
4260142
4263106
4263430
4264087
4268575
4274840
4275487
4281738
4282842
4290130
4294557
4297893
4299943
4311142
4312042
4312744
4316939
4317717
4320973
4324073
4324137
4329514
4333171
4336889
4337133
4340163
4341411
4348799
4349914
4350100
4354874
4355517
4364617
4380290
4381452
4383490
4384883
4385194
4391076
4391769
4398287
4402384
4403077
4404825
4406403
4413781
4415919
4416762
4425318
4427503
4429771
4434711
4437314
4439386
4442592
4446533
4447110
4448237
4450117
4455434
4464667
4466370
4466608
4467051
4467064
4467313
4468736
4469844
4480478
4480585
4482185
4483728
4487014
4491325
4496968
4497729
4503694
4505095
4507189
4514770
4516786
4530755
4532293
4532633
4534207
4534601
4541044
4541678
4541735
4545247
4551210
4554367
4554550
4554698
4558043
4562208
4563373
4564414
4575560
4576757
4577424
4578482
4578671
4579243
4581204
4582943
4583436
4584495
4584600
4585024
4592017
4592248
4596384
4597275
4597638
4603548
4610984
4619030
4620567
4625472
4627685
4632144
4633655
4637023
4641201
4645439
4646335
4646772
4648741
4651474
4652246
4653803
4654258
4654835
4658536
4661133
4665856
4667508
4670577
4674176
4675104
4675875
4678987
4680860
4681612
4683032
4683686
4685711
4688147
4692871
4695491
4697535
4699904
4703805
4704847
4704995
4706158
4707971
4708740
4709890
4712149
4721129
4723086
4724643
4730989
4739917
4740146
4744103
4744468
4745664
4748989
4757997
4761108
4764689
4769390
4769535
4771485
4771750
4773116
4778365
4781292
4787548
4792868
4794856
4801575
4802446
4804130
4808224
4808284
4809672
4809679
4810656
4813029
4821865
4834085
4837213
4838816
4842835
4847513
4855731
4859724
4860740
4864153
4866131
4872987
4873484
4874503
4874758
4884162
4889163
4889743
4890643
4893644
4896418
4899679
4909649
4910786
4912222
4918102
4918309
4920912
4924612
4926080
4926552
4927371
4930580
4931582
4931748
4932151
4935966
4937264
4938715
4939122
4940647
4946729
4947863
4949802
4952175
4953089
4953320
4961423
4964384
4964819
4964984
4967355
4967548
4974285
4975950
4976698
4983408
4985320
4985567
4986689
4986958
4987587
4987876
4988868
4989406
4990395
4990856
4992137
4992878
4996716
4999386
5001221
5001972
5006637
5007498
5007879
5008873
5010728
5011881
5011898
5012097
5013049
5013592
5017387
5023894
5024450
5024807
5028307
5028788
5030804
5032678
5039955
5046993
5057550
5061298
5061385
5072396
5073616
5076364
5078028
5079694
5081367
5081560
5088582
5100312
5103578
5104836
5112120
5117746
5121377
5123843
5128190
5129308
5135942
5136349
5138659
5153588
5164819
5169446
5169949
5170725
5176342
5176792
5176875
5179685
5180419
5180966
5186294
5187500
5189936
5196951
5198033
5199303
5203510
5210398
5212498
5216004
5219824
5223336
5234523
5236816
5238337
5239694
5252832
5253455
5272891
5272902
5273208
5276664
5280050
5280139
5282738
5282904
5287898
5289314
5290664
5294608
5300053
5307392
5316837
5317652
5320925
5322300
5324953
5327188
5334223
5336746
5356781
5358639
5359137
5359857
5360164
5360428
5361076
5365007
5367313
5370791
5371301
5371857
5371860
5373684
5373841
5377869
5379440
5384596
5390801
5391121
5393205
5395159
5397963
5399173
5403548
5404624
5406404
5409230
5411790
5420336
5431925
5432129
5433748
5452033
5453850
5455990
5456445
5461383
5463506
5465659
5466599
5467857
5474440
5474606
5476828
5477592
5480485
5483138
5485800
5490330
5497211
5500775
5501164
5504194
5504811
5505449
5508989
5512643
5523436
5525866
5530689
5532869
5536188
5539672
5547006
5549856
5556044
5557746
5559124
5561792
5572559
5575870
5590495
5591130
5591802
5595967
5597186
5602650
5604385
5607270
5613305
5613895
5616252
5616966
5617343
5617538
5617715
5618536
5619226
5621421
5621841
5622920
5625312
5626193
5634547
5640835
5648529
5658242
5658372
5664330
5665923
5666330
5668068
5674254
5681816
5683643
5693074
5693180
5694712
5697134
5703309
5704953
5706505
5707883
5708885
5711469
5713485
5713739
5722458
5726951
5736237
5736264
5738722
5739220
5739327
5740433
5745064
5745385
5749528
5750466
5756999
5757020
5757164
5760057
5762527
5764932
5765880
5768848
5771465
5773327
5774635
5777333
5780380
5786372
5796650
5799791
5802071
5803643
5810295
5811454
5811473
5814895
5818992
5832763
5838792
5839255
5846227
5850841
5867547
5873910
5875760
5881563
5882951
5884206
5888660
5889438
5890967
5891972
5893906
5896229
5900668
5901279
5903441
5903970
5904623
5905841
5911481
5916324
5916854
5918275
5918973
5929365
5937665
5938844
5943528
5949475
5960155
5961296
5962792
5964422
5966344
5967213
5968183
5969372
5973067
5973779
5976935
5977908
5980404
5983391
5984666
5985080
5996764
5997646
5998166
5999241
6001744
6003204
6006041
6013830
6016743
6016781
6021605
6023917
6027261
6027337
6027519
6028887
6032290
6042943
6044058
6045092
6046479
6047763
6048484
6050140
6057797
6065636
6072065
6073242
6077282
6079611
6082518
6083552
6091253
6100144
6100645
6101309
6101471
6105766
6111294
6113472
6113555
6116072
6118093
6121093
6121919
6129494
6130052
6137281
6140143
6141372
6143008
6144131
6147144
6147886
6148170
6148737
6149754
6149755
6159236
6161567
6164188
6164867
6166032
6166241
6166622
6167165
6177681
6181426
6181494
6185777
6193176
6195237
6203969
6207723
6207965
6213045
6213993
6214692
6215768
6216314
6216536
6218097
6221274
6222902
6223952
6224382
6225240
6226623
6227865
6228242
6229751
6231692
6232350
6236259
6238086
6238497
6239037
6239670
6243161
6247907
6255474
6257354
6257875
6258359
6259481
6260511
6265561
6269669
6272969
6274372
6275526
6276283
6278158
6279366
6287968
6289846
6292710
6296625
6302929
6306055
6306707
6306851
6309575
6315794
6318258
6329343
6334703
6347374
6350887
6357523
6357693
6359877
6364371
6368670
6368988
6371920
6375876
6376017
6376410
6376694
6379697
6379858
6382815
6384651
6386237
6393368
6405282
6412527
6416857
6418282
6421077
6421797
6424036
6428972
6433136
6435994
6444749
6445059
6451126
6452153
6452637
6461311
6466747
6467990
6471484
6477170
6484080
6484177
6485548
6488209
6492231
6492933
6497587
6499825
6510585
6510706
6512115
6513705
6519148
6523008
6523892
6524148
6526457
6530438
6531010
6536713
6547259
6548162
6549130
6549257
6557000
6560617
6562640
6574028
6575953
6580242
6581641
6586206
6589079
6591974
6592456
6592508
6597145
6599743
6600240
6612893
6620026
6620070
6620646
6624557
6626136
6629735
6637586
6651751
6652133
6658594
6659460
6664775
6665439
6667120
6668178
6670846
6671066
6681631
6701208
6706186
6706726
6717977
6723467
6723634
6728295
6737541
6741116
6757647
6758546
6759575
6761736
6762434
6763711
6765118
6765230
6767580
6770045
6770461
6779116
6784082
6786845
6792615
6794106
6799025
6801451
6808497
6814884
6815869
6817793
6821028
6829117
6830096
6831872
6835674
6836074
6838688
6842437
6844816
6847870
6850243
6854334
6861202
6865040
6867478
6867690
6872826
6875743
6876604
6877665
6881748
6882549
6884211
6885821
6886196
6887279
6887698
6892531
6896488
6896963
6897127
6897544
6898236
6900857
6901627
6902634
6905139
6907234
6908110
6908276
6914996
6915492
6918802
6918912
6920609
6923867
6924662
6928795
6936980
6937491
6938623
6939872
6940113
6947246
6947455
6953277
6954323
6958574
6959321
6959636
6964261
6965718
6968777
6968809
6969822
6971385
6972406
6977097
6983160
6985272
6990460
6999298
6999891
7000198
7000259
7000907
7004126
7005604
7005841
7007559
7007623
7012477
7013001
7013910
7015399
7017142
7021934
7023259
7026675
7027912
7033869
7035310
7038798
7041695
7046709
7047235
7048940
7052002
7064936
7067169
7069486
7082813
7082933
7087218
7088839
7091624
7092058
7095715
7101411
7105367
7105725
7106553
7113002
7115073
7117161
7117323
7123687
7126860
7130691
7137803
7140213
7142039
7143601
7146672
7147130
7149589
7149647
7150060
7154793
7158361
7158678
7165548
7168925
7170422
7173857
7177284
7181424
7184100
7192279
7192427
7198787
7202553
7207203
7208405
7209343
7210224
7218754
7221759
7224310
7225024
7229385
7231658
7235767
7236273
7238375
7244081
7249522
7260703
7265817
7270872
7275876
7284724
7285040
7285653
7285911
7287083
7287114
7290179
7294683
7294696
7294821
7296559
7296836
7297537
7300965
7303860
7307291
7310753
7317489
7324448
7329652
7331991
7335264
7337654
7339947
7340224
7340852
7342669
7347114
7353222
7355204
7358100
7359216
7362773
7368138
7370842
7372296
7375498
7375849
7376356
7380732
7381061
7381577
7383519
7386639
7391510
7392081
7392383
7394517
7405186
7406987
7409007
7422954
7429619
7429843
7431315
7433438
7435743
7436447
7436469
7437481
7444558
7449526
7452987
7456559
7462150
7462201
7464829
7465949
7468983
7472932
7473146
7478567
7481327
7493463
7494922
7499635
7501941
7502260
7502865
7505740
7506082
7507125
7509025
7509846
7512922
7514399
7517431
7520752
7522953
7525626
7525716
7526026
7526744
7530318
7532011
7532212
7533954
7548322
7549803
7555114
7557241
7562826
7579230
7580865
7589679
7589944
7597924
7598874
7602219
7603759
7606587
7609738
7611829
7612569
7616691
7619466
7620746
7620967
7622257
7625435
7628422
7629882
7632716
7633447
7635031
7653548
7656841
7664425
7665963
7667924
7668272
7668937
7671554
7674145
7674270
7679798
7681422
7682059
7682595
7684303
7685600
7688087
7689420
7692938
7694949
7695216
7696162
7699740
7701236
7702413
7702964
7704163
7709085
7709999
7711628
7711927
7714243
7718354
7720272
7721907
7724326
7724760
7736314
7738461
7741730
7748107
7753359
7758692
7758824
7766451
7768950
7772396
7773670
7773923
7774216
7780433
7787500
7787523
7795734
7796474
7802197
7810908
7811480
7816514
7816825
7818529
7820783
7822847
7825471
7830376
7832501
7847446
7853324
7855642
7857152
7858400
7863591
7872006
7884016
7895490
7897299
7898445
7898862
7899511
7899615
7907685
7910467
7914647
7922018
7928646
7928707
7930339
7930743
7932226
7935963
7936893
7937857
7938443
7942042
7942806
7944465
7947597
7949343
7957462
7961771
7964526
7965843
7965918
7966411
7974344
7980955
7981219
7981837
7982225
7994199
7995224
7996262
8000989
8006566
8007402
8012076
8013306
8013427
8014058
8017018
8017984
8033437
8036796
8041163
8041275
8042752
8051702
8055709
8057798
8058285
8058613
8059578
8065105
8066335
8070182
8072216
8077476
8079913
8082381
8091051
8098399
8100143
8101639
8102641
8107571
8109180
8110430
8111074
8116417
8117895
8118108
8118971
8129317
8130725
8139643
8151117
8161155
8164889
8165120
8166190
8172067
8172682
8172975
8186475
8187787
8189639
8192427
8193821
8195928
8203080
8203418
8205512
8208356
8209398
8213821
8215240
8216404
8217255
8218912
8220889
8235313
8235858
8237010
8241247
8241657
8242093
8249151
8252581
8253146
8254559
8258615
8259047
8266197
8268803
8270125
8270467
8270632
8275918
8277969
8279797
8280709
8283451
8285209
8289774
8292582
8293307
8294862
8295338
8297253
8299819
8303665
8304320
8309314
8311035
8311977
8312077
8313408
8318140
8326265
8328962
8329437
8331859
8335564
8336384
8350350
8353889
8354625
8356566
8357473
8358882
8361890
8361925
8363829
8365128
8365886
8366079
8371070
8373194
8373402
8373455
8374615
8375840
8378912
8388859
8401870
8402126
8403551
8415078
8421917
8423647
8424178
8425739
8436277
8440709
8440849
8448705
8450031
8455000
8460703
8464702
8465360
8466759
8467016
8471425
8478749
8483490
8491274
8493909
8500530
8502893
8503242
8510733
8514872
8515375
8516877
8521525
8523147
8523942
8524169
8525152
8533746
8538107
8539091
8539206
8548306
8549301
8552098
8553635
8559322
8564700
8566022
8570618
8573756
8573829
8576713
8576780
8579094
8581099
8586876
8590011
8591433
8592998
8594994
8597697
8599807
8602887
8605420
8607672
8616104
8617777
8624805
8625135
8627292
8638099
8640078
8640355
8641208
8648966
8653135
8656588
8661523
8664478
8666062
8685798
8686113
8691751
8691783
8691785
8692634
8697604
8698677
8698964
8699321
8708481
8708645
8712886
8713254
8716542
8719695
8728832
8733885
8737172
8738087
8738248
8738336
8739392
8740160
8743084
8747517
8748115
8752594
8753833
8758410
8761029
8768009
8768350
8769882
8778130
8779275
8780105
8782336
8793547
8797019
8800042
8801141
8801576
8802156
8802774
8803022
8804452
8815979
8816606
8823203
8823713
8824953
8834580
8835931
8836273
8837590
8838034
8838554
8844142
8844394
8850195
8850693
8853065
8856419
8857561
8875297
8878370
8879485
8884720
8888196
8889144
8893142
8893985
8898572
8898665
8899626
8903206
8909130
8911538
8915828
8917383
8917561
8918362
8925083
8925812
8931198
8937432
8941748
8945198
8947329
8949051
8949554
8961614
8967870
8969105
8969700
8971595
8971784
8972660
8974167
8976216
8977482
8980619
8990092
8994010
9006575
9010689
9015789
9016341
9016882
9024261
9027655
9029797
9030623
9032917
9038042
9040997
9042289
9048934
9050408
9053402
9057589
9060220
9060465
9062483
9067423
9071155
9074884
9078077
9083423
9088824
9090408
9096286
9096872
9104963
9106524
9111123
9116865
9116899
9118620
9124269
9127563
9131217
9134743
9143770
9148928
9154845
9158329
9158530
9161570
9174818
9179900
9180360
9184611
9185101
9195166
9197847
9198585
9200268
9200481
9205354
9205846
9205965
9208839
9209163
9209296
9209347
9215768
9217305
9221566
9236837
9237468
9240237
9244840
9261918
9262070
9263982
9266533
9268113
9270779
9277530
9280040
9280109
9281166
9283800
9284924
9292206
9299276
9306821
9307846
9312339
9320327
9320408
9327969
9330122
9334407
9340220
9342755
9344544
9345760
9347827
9348381
9352753
9364888
9365518
9366320
9369255
9372007
9374703
9374896
9375894
9377623
9377782
9393528
9395767
9395893
9402237
9405433
9411659
9411905
9416272
9418421
9419354
9421687
9425814
9425979
9428061
9429939
9430881
9430998
9431171
9431743
9433010
9438066
9438808
9438868
9444648
9444663
9450191
9451090
9452280
9452637
9457037
9457186
9457705
9459054
9463552
9464451
9465427
9466881
9472818
9474723
9477439
9478581
9482005
9484537
9492830
9493548
9493577
9494062
9494181
9497675
9507248
9510538
9510788
9514392
9517015
9519224
9523728
9524384
9526993
9538512
9541123
9541138
9542690
9555915
9558360
9561639
9563510
9569720
9572854
9583965
9586238
9586426
9588217
9593449
9594234
9595518
9597136
9599395
9600192
9605263
9610514
9616293
9623906
9626986
9628093
9630853
9631055
9633507
9637017
9639518
9642030
9642700
9645650
9648598
9648778
9650920
9651111
9654160
9654583
9655213
9655288
9659118
9660610
9662409
9662442
9670144
9679173
9679599
9689222
9689333
9690373
9692825
9694513
9695663
9700860
9705080
9709630
9715769
9719500
9720512
9723676
9727163
9739935
9741003
9742851
9744135
9749754
9750582
9752243
9752732
9754821
9757030
9762382
9765311
9765549
9767564
9772236
9772918
9773098
9779785
9780172
9780207
9782926
9787719
9789621
9792153
9795129
9796645
9799844
9803915
9817779
9822571
9827754
9838897
9840119
9840645
9841740
9842168
9850862
9851603
9854899
9855507
9856033
9856940
9860454
9863448
9869569
9871016
9872733
9875861
9877827
9884838
9888667
9891006
9900346
9903210
9904513
9910420
9914279
9914964
9916927
9918831
9921677
9924526
9929195
9931160
9931719
9936963
9937666
9942838
9945900
9946563
9955637
9958666
9959437
9960123
9960777
9960801
9965463
9966284
9969780
9971065
9972371
9973894
9983599
9985543
9992613
9995227
9996442
10001697
10002292
10003971
10004725
10008914
10015387
10017817
10018332
10018395
10019702
10028174
10037479
10040792
10044244
10044593
10044679
10047396
10049543
10050039
10051687
10054625
10058170
10059251
10060356
10061171
10063887
10065142
10066632
10071175
10075434
10075834
10090439
10092405
10094276
10098314
10100777
10101506
10102501
10103288
10107807
10107891
10112213
10115367
10117850
10126237
10128344
10128571
10129369
10129630
10137208
10137742
10138443
10139411
10140437
10143458
10143955
10144948
10145971
10149365
10149736
10154229
10155519
10155634
10160093
10162435
10164862
10165107
10168279
10169612
10171332
10174929
10189305
10189602
10191879
10192495
10194215
10199694
10202057
10202790
10204685
10205097
10205138
10206062
10208554
10211018
10211928
10215700
10218515
10222833
10223810
10225009
10234139
10235472
10235688
10240939
10246538
10247748
10248996
10251647
10255233
10256116
10265640
10267538
10270758
10271035
10271284
10273680
10274181
10277027
10277598
10280633
10282659
10283525
10289213
10289248
10289883
10302057
10304224
10306006
10306294
10310043
10313794
10314072
10315630
10319912
10321579
10321675
10322935
10323932
10327945
10341106
10343141
10343251
10344116
10344442
10350532
10353254
10353387
10355333
10355943
10356929
10357762
10358770
10359878
10362967
10363839
10364088
10365188
10365900
10371480
10373252
10379253
10384464
10388744
10391997
10395767
10398126
10399587
10400303
10405117
10409602
10413066
10414598
10415530
10417553
10417844
10421494
10422890
10423585
10428399
10428748
10437011
10442679
10446590
10453537
10454185
10455139
10458453
10460446
10461550
10462542
10466313
10467156
10477741
10482506
10487229
10489983
10493706
10497217
10497445
10499736
10500582
10506446
10507915
10508531
10514822
10516893
10517571
10518276
10520706
10522121
10523317
10529997
10533281
10533644
10535846
10536190
10541262
10547136
10548986
10549481
10550954
10551949
10556145
10556259
10558602
10566497
10574512
10577573
10581108
10581485
10583450
10589745
10590692
10590993
10593184
10597367
10598922
10599196
10604492
10607874
10607962
10611116
10616000
10616624
10618008
10620080
10624021
10624231
10625192
10625302
10626645
10627539
10628289
10628685
10629739
10631163
10635120
10637680
10638029
10640409
10641165
10642942
10644543
10645661
10649170
10650998
10662451
10663049
10664090
10665335
10667000
10668801
10669159
10671128
10673204
10675428
10677439
10680578
10688982
10692457
10693856
10694207
10696231
10702109
10702137
10703965
10706517
10715201
10717153
10722908
10723122
10723173
10724024
10727668
10730032
10732228
10732386
10733936
10739734
10741454
10748478
10752723
10755465
10755957
10756015
10757470
10757853
10760066
10762733
10763319
10765357
10766175
10766926
10768624
10773120
10778562
10785609
10787052
10788360
10790108
10792320
10793175
10795507
10802928
10808903
10813512
10820435
10821895
10829320
10829482
10831245
10832000
10832081
10832741
10834904
10836639
10839256
10843926
10845264
10846924
10851458
10851792
10859493
10860753
10861628
10861688
10869348
10872240
10872698
10878073
10879421
10881873
10883439
10887905
10890142
10901163
10907316
10907356
10908817
10910436
10913071
10914971
10917673
10921119
10929945
10935076
10936732
10937301
10938333
10946341
10949351
10950025
10952602
10952852
10953045
10953591
10956002
10958034
10968636
10973067
10978697
10978735
10988315
10990904
10993638
10994303
10995615
10997064
10997501
11004786
11011998
11014742
11018211
11018243
11019772
11020214
11026887
11028802
11029523
11030839
11034340
11034368
11034749
11038828
11043531
11045467
11053021
11054212
11055269
11057648
11058148
11058164
11059548
11063665
11070683
11073236
11074620
11075575
11077409
11077936
11080318
11083615
11090733
11099708
11104616
11105303
11105980
11116376
11118804
11119126
11119365
11125185
11126734
11126809
11132183
11135979
11137869
11140624
11142637
11143839
11145537
11147088
11147530
11147960
11149279
11151370
11153164
11154939
11158954
11164876
11167631
11169627
11171870
11173333
11176701
11178083
11181499
11181730
11183428
11183981
11185793
11186763
11196720
11197122
11203766
11206099
11206711
11209967
11211410
11214288
11219610
11219632
11224244
11224556
11225153
11227679
11228160
11231333
11237319
11238503
11240496
11240783
11245169
11245447
11250276
11255202
11262260
11264477
11264521
11274371
11276602
11279231
11285603
11288625
11290975
11299413
11300903
11317667
11319305
11324123
11326669
11327351
11328232
11331010
11333449
11333565
11333950
11336429
11342235
11349070
11349396
11350561
11351818
11354773
11355562
11359963
11360826
11361501
11361578
11361940
11362384
11369081
11374335
11375667
11376807
11377462
11381876
11383607
11384538
11386235
11387279
11387341
11387370
11388741
11389363
11389599
11392262
11394258
11399041
11404135
11404744
11407011
11410186
11413053
11414088
11417080
11417848
11419170
11419465
11419852
11420130
11421583
11422640
11423250
11430881
11430923
11432836
11433382
11433960
11436389
11441959
11456479
11456668
11459452
11461015
11462082
11462446
11462653
11468971
11471432
11473696
11476237
11480103
11484261
11490605
11493145
11494038
11496051
11496199
11501225
11504024
11504580
11506777
11509305
11519670
11520989
11522530
11524761
11524973
11531754
11531964
11532360
11532700
11533703
11533710
11539157
11542665
11553054
11557174
11558935
11562202
11562516
11563927
11567994
11569814
11570424
11572383
11572949
11572967
11575107
11576047
11583014
11589892
11596484
11603539
11603897
11618273
11618762
11619541
11620469
11621124
11624833
11629313
11629599
11630969
11643064
11643221
11648260
11652019
11653853
11657886
11658390
11664096
11666684
11672159
11672759
11672893
11674097
11676789
11682152
11686641
11691792
11695136
11695701
11699826
11704758
11706194
11706322
11709591
11713405
11715498
11717101
11719388
11721151
11723144
11725071
11726939
11733242
11735048
11738432
11738573
11745900
11747349
11750003
11756295
11757532
11757935
11759355
11763514
11774021
11779057
11783295
11784671
11788005
11788737
11792036
11793312
11793823
11794181
11795188
11801152
11804753
11806110
11807411
11807664
11812786
11813477
11815839
11816099
11820450
11826617
11829373
11833103
11840722
11841037
11841273
11847814
11847907
11848460
11852582
11853646
11856906
11858451
11860864
11864482
11870438
11873071
11875304
11875788
11876490
11880173
11883860
11885504
11890531
11896737
11906284
11907718
11909052
11915092
11915721
11918637
11919663
11919837
11927775
11929249
11929332
11929721
11932045
11935183
11935443
11936193
11939120
11946163
11948497
11967305
11975528
11977595
11982039
11982871
11983743
11988122
11991138
11991617
11993478
11993811
11993921
11996091
12002043
12004611
12005535
12009244
12009486
12017065
12018147
12021364
12021460
12028097
12029265
12037675
12041343
12048553
12049054
12056394
12057657
12057952
12058708
12061334
12068125
12068363
12087414
12089225
12098902
12100480
12103960
12116243
12116449
12119452
12122001
12122966
12126950
12128275
12135652
12136220
12153188
12155062
12156786
12162575
12166089
12166554
12167345
12171760
12175106
12177686
12177899
12181395
12181931
12185463
12191307
12194377
12195618
12196892
12199708
12203553
12210277
12210690
12212096
12212822
12224589
12224942
12229045
12229521
12230606
12230816
12232079
12234383
12235603
12240347
12240642
12243281
12245631
12246249
12248380
12250506
12251002
12253301
12263920
12267860
12268323
12281979
12283692
12284667
12288104
12296390
12296536
12297081
12298536
12299524
12306750
12310806
12313432
12317839
12327255
12330114
12338887
12340297
12342458
12351450
12355725
12358572
12361386
12363966
12368070
12369525
12370085
12370223
12376541
12379290
12381366
12382011
12382172
12391721
12396693
12396921
12398930
12404096
12405862
12406872
12410907
12413750
12415658
12416552
12417049
12428843
12432900
12433972
12437729
12438052
12438790
12440117
12446320
12447381
12449562
12450931
12453932
12454429
12455875
12456511
12459297
12462771
12466398
12470484
12473883
12475203
12491764
12492349
12496843
12498082
12503750
12503787
12511162
12513404
12517409
12519802
12519942
12520291
12520709
12520898
12521206
12521572
12522668
12522718
12523450
12524980
12525447
12530487
12538838
12557894
12565558
12566128
12569557
12573819
12576404
12588779
12597457
12599449
12602575
12609097
12610381
12614946
12616869
12624002
12624978
12629631
12631016
12635445
12639939
12644492
12647043
12656118
12657833
12658493
12660440
12664267
12665867
12670962
12673881
12680890
12686292
12686331
12687113
12692391
12693420
12695252
12697424
12701306
12703068
12708913
12712905
12714091
12716877
12717734
12722973
12723603
12725435
12728036
12728740
12736669
12747533
12748286
12748732
12751659
12756842
12758294
12758626
12764345
12764931
12765025
12766390
12769373
12776978
12777005
12777166
12779355
12781507
12783206
12789346
12789376
12795398
12796798
12798136
12798289
12798328
12803268
12807860
12808051
12808252
12809893
12810688
12813179
12813597
12816639
12817873
12822518
12826478
12828846
12831844
12832996
12834909
12840763
12848563
12852277
12856344
12859466
12862631
12872871
12875141
12886116
12888315
12888370
12894940
12895276
12896357
12899850
12900165
12903730
12908292
12913879
12928400
12931958
12932698
12942218
12942384
12947583
12957975
12958777
12959894
12967607
12978888
12979292
12980970
12981815
12987059
12990387
12990601
12991180
12992264
12993294
12994512
12996606
12997409
12998723
13003506
13011477
13014947
13016043
13020919
13021011
13022335
13029217
13033313
13034520
13035634
13037204
13038847
13041995
13046241
13057591
13064233
13065277
13066341
13069146
13075935
13079350
13079549
13084597
13085478
13086276
13092092
13092144
13095885
13096215
13097613
13103202
13108243
13109849
13111479
13112610
13112736
13115397
13116260
13122914
13124859
13126610
13127240
13127975
13128273
13133057
13135300
13139698
13141560
13143610
13143733
13145103
13150516
13150591
13152834
13156719
13157038
13164435
13170990
13175962
13180055
13181365
13181515
13186125
13191015
13191433
13193440
13196426
13209654
13210995
13212500
13221597
13222720
13224230
13228223
13230872
13247965
13251308
13254087
13257023
13260577
13265646
13265977
13267414
13270537
13272453
13273228
13274936
13275977
13277165
13279392
13281109
13285076
13294776
13302020
13306748
13308628
13309804
13310116
13310662
13311325
13316017
13319963
13321154
13324387
13326925
13327766
13329458
13331353
13332070
13337481
13337853
13340959
13344502
13353551
13366109
13374583
13375996
13381491
13382669
13383355
13387077
13387537
13387580
13390357
13401390
13404765
13407438
13408471
13408666
13409421
13409517
13410350
13414549
13420379
13420522
13422958
13430786
13432848
13439781
13439981
13448196
13448824
13448897
13449468
13454838
13457064
13458242
13458472
13458819
13459773
13461995
13468770
13471671
13476704
13487155
13487456
13494096
13495744
13503938
13505115
13506613
13506702
13515856
13516810
13517218
13520262
13521102
13525198
13527314
13528723
13529597
13541121
13542548
13547410
13548109
13549231
13553579
13560567
13567098
13567990
13573857
13578173
13583644
13586738
13590869
13593203
13593491
13594618
13598939
13604775
13605512
13611257
13611260
13612677
13613534
13614494
13616473
13617467
13620362
13634558
13635805
13636829
13637978
13638102
13638538
13643038
13645204
13647616
13648469
13652705
13653877
13657107
13659638
13662451
13662595
13662625
13676999
13678859
13684957
13690234
13692523
13699241
13699644
13701273
13702952
13705736
13708824
13710961
13714111
13716812
13729563
13738955
13744605
13750687
13751388
13758081
13763972
13764521
13767545
13772994
13773224
13776186
13782667
13786104
13786879
13788445
13789278
13794317
13802290
13802558
13805725
13810133
13811358
13812235
13814545
13821898
13824769
13826200
13828152
13828901
13829857
13830653
13836891
13842782
13851836
13862137
13868130
13875338
13875898
13875911
13877875
13880428
13884052
13886484
13887534
13894711
13894969
13902616
13912224
13916419
13917348
13922169
13923533
13925370
13925437
13929509
13930170
13939027
13939431
13944275
13947438
13949851
13952487
13957840
13961545
13962389
13964083
13968936
13969976
13971169
13971797
13973173
13974572
13976048
13976093
13984554
13985679
13986044
13986301
13988157
13988513
13992815
13994385
13997049
13998686
13999261
14000518
14004042
14006155
14009307
14013679
14013683
14018925
14019298
14019741
14020083
14042410
14045222
14046540
14048492
14048591
14049551
14056279
14064787
14065860
14066112
14066595
14081762
14089759
14089937
14090461
14098095
14098157
14099046
14101798
14109612
14113840
14116363
14120668
14124577
14125524
14127168
14130633
14131349
14131793
14142082
14147577
14148812
14149235
14152631
14155114
14156816
14156945
14162417
14170654
14178167
14179674
14182086
14187210
14189887
14189917
14193000
14194490
14194790
14198635
14198764
14201420
14205876
14210268
14211586
14211953
14217388
14223662
14225626
14226772
14228143
14228328
14236673
14237568
14238796
14241981
14242249
14244970
14245208
14247483
14247693
14252602
14254310
14256230
14263086
14269048
14278588
14278650
14279987
14288161
14288896
14289737
14291182
14296042
14301462
14301571
14306987
14318945
14320899
14323422
14325483
14327105
14330423
14342975
14345818
14351168
14358001
14360510
14362664
14362744
14366677
14367592
14368950
14372443
14379466
14381149
14381812
14382949
14385901
14388669
14389788
14392458
14396965
14400579
14401202
14401251
14401621
14412229
14413086
14414069
14419094
14419599
14422312
14423246
14432215
14432679
14436011
14436807
14436925
14441727
14443312
14449690
14453129
14455345
14457453
14459880
14461426
14480292
14482425
14483868
14486034
14486640
14488316
14492221
14496099
14497812
14501055
14501101
14501746
14504255
14508684
14509029
14521409
14523673
14526934
14527276
14529376
14530208
14539366
14539797
14540007
14543379
14543838
14555884
14556038
14556733
14559615
14561943
14563643
14572686
14577299
14581434
14584760
14585175
14586590
14588122
14593136
14594593
14595095
14605308
14607601
14607879
14608619
14611420
14612817
14614378
14614965
14618259
14622506
14634650
14640151
14641600
14648853
14666376
14667379
14675073
14676583
14677193
14677646
14678122
14684073
14688188
14690207
14698392
14698990
14716100
14719433
14721098
14724486
14726306
14732046
14732159
14734386
14738532
14739005
14745761
14746693
14746748
14752818
14753436
14761583
14762725
14769158
14770144
14772020
14784940
14789711
14792088
14792393
14792618
14792811
14794404
14799141
14812149
14814838
14816493
14819877
14821346
14822360
14823982
14824139
14826162
14827911
14828043
14828713
14833442
14837592
14844835
14853068
14856589
14857013
14857380
14859685
14859957
14860557
14864996
14869894
14881495
14885069
14885762
14889767
14890434
14891722
14895051
14899290
14903167
14903455
14903800
14904313
14905323
14908448
14912442
14919263
14921923
14930195
14931775
14935950
14948327
14948524
14948642
14952013
14955716
14955860
14958231
14959478
14968653
14979504
14989252
14991747
14995800
14995918
14996367
14998310
15001629
15005083
15005468
15009061
15009641
15013144
15022357
15032381
15036087
15037183
15039356
15040787
15044665
15050917
15053491
15054295
15056114
15059190
15060158
15061419
15061497
15062092
15063205
15069034
15069898
15070733
15070868
15072694
15078515
15079933
15087333
15091594
15097804
15099535
15101314
15102714
15103445
15110080
15110299
15111200
15112377
15114344
15115038
15115133
15122507
15124562
15127293
15127722
15128552
15132371
15134358
15135707
15140342
15141741
15146188
15146799
15148724
15150971
15155938
15157346
15161833
15162155
15163917
15168382
15170350
15172899
15174094
15175483
15175526
15176252
15176331
15177388
15181173
15183643
15186123
15189916
15191611
15198935
15201945
15205393
15205682
15206391
15208469
15210570
15211979
15216400
15217002
15221281
15222813
15227979
15234389
15235307
15237238
15241784
15243903
15246919
15249423
15253224
15255550
15259761
15264415
15268015
15272088
15275137
15280904
15291989
15294613
15302017
15302807
15305119
15305576
15309637
15315299
15316405
15319482
15319524
15321100
15322003
15322133
15330793
15332938
15333904
15334495
15334543
15335965
15337852
15342851
15346939
15350242
15352753
15365929
15367872
15369081
15373185
15379797
15382920
15384232
15387311
15388979
15392778
15393320
15393503
15393894
15399973
15400784
15404505
15406402
15410127
15415500
15415812
15416222
15417159
15420027
15422886
15423060
15424841
15425416
15425601
15427888
15435909
15444571
15450173
15458663
15458794
15460520
15460586
15465069
15469873
15471238
15471376
15477629
15478867
15484431
15487445
15490319
15491160
15499688
15506676
15510395
15511999
15515780
15518263
15520988
15525321
15529219
15530824
15532620
15549169
15561266
15563063
15565182
15573201
15574874
15578767
15584540
15584614
15584968
15585485
15585654
15588047
15588994
15589184
15589632
15590468
15591380
15593192
15594859
15595971
15596275
15598687
15604635
15607189
15607721
15609318
15609381
15612743
15612803
15613731
15616857
15631060
15634044
15640229
15642947
15647763
15649467
15650502
15651233
15652259
15655879
15664969
15666056
15666512
15675549
15678533
15678900
15678935
15679684
15685673
15685749
15687793
15688166
15688477
15689378
15697266
15697505
15705645
15706833
15707241
15710560
15711079
15713809
15714172
15715713
15718265
15719236
15723271
15729333
15729596
15732868
15734704
15734898
15736148
15737326
15737466
15740669
15741267
15742372
15745915
15751823
15752150
15755872
15761441
15761558
15764354
15770379
15773996
15778801
15782321
15786932
15787033
15789490
15791775
15792220
15794336
15794872
15797837
15798043
15800829
15804353
15806538
15808344
15813212
15817249
15819064
15829891
15830101
15830447
15841833
15845705
15849387
15849812
15852767
15853528
15863143
15863196
15863797
15868014
15875308
15878228
15879218
15881366
15886079
15889133
15889200
15890628
15892504
15893607
15894351
15899726
15900989
15903020
15903814
15912148
15912801
15914378
15915545
15920689
15920869
15922687
15927418
15935289
15935370
15937927
15938122
15942860
15947349
15950066
15951278
15951309
15960276
15965027
15967389
15968307
15974922
15975262
15977898
15984334
15985958
15989069
15990761
15993418
15995650
15997372
15999189
15999334
16001094
16009524
16010755
16010966
16016948
16016978
16017975
16020336
16024750
16027549
16029004
16030605
16031878
16035340
16037962
16041087
16043986
16049147
16057317
16057598
16072648
16075380
16076695
16077912
16079897
16079942
16085264
16092951
16110882
16111224
16113343
16114623
16118122
16120757
16120890
16121585
16121973
16131103
16134035
16139607
16140664
16146889
16150934
16160685
16163821
16164217
16165584
16173816
16174243
16184594
16190687
16194572
16195194
16195766
16199478
16203118
16204207
16210952
16212158
16213348
16217883
16221590
16223188
16224070
16224999
16228832
16236576
16239814
16241091
16241133
16244129
16245858
16246714
16246871
16246877
16260317
16262771
16266678
16267284
16271927
16274173
16277649
16278898
16280168
16283265
16288070
16290029
16300103
16302710
16304096
16304129
16305707
16305896
16308078
16308685
16321600
16326957
16327175
16329926
16333195
16337998
16338798
16339027
16340440
16341038
16342320
16355929
16364576
16365259
16366597
16368013
16369494
16381343
16393902
16396808
16396965
16397637
16404283
16404795
16406127
16408507
16411229
16411372
16412041
16417290
16417418
16418913
16426251
16432600
16437595
16438368
16439097
16442512
16445486
16448500
16453504
16454669
16457169
16462817
16462936
16467583
16475644
16484606
16484851
16485187
16491984
16492001
16494007
16495705
16504903
16506605
16513101
16513158
16513429
16514537
16514568
16521720
16523004
16523568
16523943
16529924
16530965
16532424
16537517
16542437
16544960
16547276
16547735
16558399
16558793
16560583
16567844
16576842
16577394
16578789
16585504
16588037
16593102
16594425
16595579
16610410
16611201
16611350
16613786
16628818
16629853
16631272
16638060
16639682
16640307
16641709
16642434
16643236
16645635
16649372
16663666
16663916
16664902
16667197
16667600
16669701
16670548
16670755
16673678
16674398
16675253
16675437
16676408
16676614
16678238
16684179
16693073
16694018
16697572
16698570
16699262
16699542
16699774
16702421
16704396
16710674
16710871
16714854
16715182
16715600
16716374
16716939
16717773
16719722
16720019
16720157
16720415
16721827
16726352
16727582
16727855
16735739
16737345
16737753
16738534
16738620
16748911
16750648
16753687
16755352
16758779
16762829
16764248
16778554
16781686
16782240
16784669
16792763
16793999
16795908
16797583
16802342
16803825
16808621
16811284
16812161
16819024
16822843
16824457
16827270
16836228
16839082
16840725
16844009
16847087
16852922
16868473
16868846
16869476
16875947
16877964
16880056
16882359
16888061
16888148
16892038
16897701
16899849
16906471
16907145
16911643
16912387
16923181
16927669
16928370
16934431
16936765
16940380
16941859
16947659
16952141
16952253
16953283
16962147
16976257
16976825
16976907
16989213
16989278
16991115
16994753
16997986
17001251
17002263
17008475
17008692
17013808
17014276
17014377
17014659
17014847
17017991
17027264
17028683
17032119
17034509
17035148
17036980
17037079
17037965
17047770
17049669
17055162
17056094
17056361
17056800
17057814
17058445
17074063
17074444
17076005
17081290
17082086
17083458
17083819
17088330
17096342
17102038
17106417
17108082
17108970
17109305
17113316
17114027
17122653
17124865
17128690
17133957
17135361
17135687
17136798
17137603
17138878
17141064
17141194
17141885
17143829
17144580
17145049
17147192
17151689
17151993
17152718
17152787
17154116
17162200
17167267
17171357
17174889
17177656
17179400
17180145
17182498
17185053
17185395
17191119
17192817
17206590
17210071
17214096
17215109
17218193
17223269
17225519
17225821
17228927
17232182
17233675
17235322
17237134
17239165
17242461
17242948
17243779
17244360
17244475
17245879
17247076
17256977
17257010
17258797
17260993
17263491
17271714
17275729
17296300
17297353
17301453
17301524
17302808
17303419
17307516
17307778
17308219
17312357
17312755
17315726
17316669
17317601
17320270
17320553
17320852
17323515
17334140
17338446
17340569
17341691
17343798
17343868
17345308
17353364
17357320
17357664
17366010
17366693
17368716
17383229
17388698
17389539
17390946
17392873
17395298
17400989
17401572
17402152
17404845
17407750
17410663
17416012
17417189
17419285
17419476
17423808
17424304
17425455
17429802
17432222
17433221
17436861
17440974
17442261
17442500
17442801
17444570
17445334
17450313
17454335
17454699
17455789
17456355
17456712
17456729
17461455
17462738
17462837
17464720
17466942
17471182
17475766
17481380
17481663
17483229
17484542
17484677
17486428
17487157
17488032
17489709
17490330
17494430
17496638
17499916
17500596
17506740
17511838
17513327
17514922
17515859
17518229
17522113
17523671
17528188
17530006
17532375
17533337
17543873
17545548
17551693
17552615
17553073
17553104
17558180
17559071
17565673
17580701
17581685
17584142
17587009
17590386
17593219
17594817
17595895
17599533
17601898
17603622
17606452
17616871
17629363
17630243
17641392
17645025
17645248
17645701
17648113
17653632
17655088
17660026
17661169
17661485
17664225
17666499
17670206
17670768
17671669
17677596
17677737
17678341
17688212
17688971
17695647
17700156
17700919
17704169
17705128
17707483
17710087
17714353
17724300
17726994
17732148
17733023
17734729
17740495
17748435
17751530
17751588
17754916
17755596
17757737
17758332
17760504
17766921
17770427
17775829
17779835
17792036
17793177
17793994
17795765
17796390
17803701
17813946
17814202
17815697
17819626
17826534
17829664
17831060
17833311
17835857
17841962
17842296
17847418
17851696
17854148
17854362
17857731
17861584
17874490
17875293
17876523
17877975
17878132
17880108
17880906
17883848
17884526
17886249
17886565
17888830
17889635
17891953
17899384
17899966
17900139
17903042
17904900
17909160
17910532
17911994
17923607
17927660
17928792
17929358
17930864
17937226
17937698
17939903
17940417
17942031
17951645
17963337
17964615
17974104
17981087
17982032
17985537
17990257
17991899
17995176
18001768
18002100
18013982
18015009
18018665
18019996
18021619
18024678
18027141
18028790
18037991
18040428
18040567
18040627
18042613
18046256
18048953
18053173
18059893
18063406
18075938
18076735
18080795
18084422
18087174
18089507
18090358
18095077
18102118
18106714
18108484
18111351
18116902
18117713
18121599
18122666
18123481
18132145
18138843
18139295
18153741
18154431
18159041
18182418
18182722
18184835
18185571
18186883
18189104
18191333
18193095
18197529
18199415
18204861
18209027
18210041
18210230
18210789
18212989
18213557
18215254
18216863
18217269
18218193
18218289
18218478
18220566
18226767
18230072
18232069
18238926
18241869
18247667
18249908
18256420
18258536
18266609
18271932
18274784
18289286
18292537
18297434
18297748
18301906
18311397
18316925
18317915
18321786
18322880
18323202
18325907
18329888
18332311
18332997
18335281
18337229
18342047
18350290
18350318
18350823
18352199
18355610
18357989
18364867
18370351
18373677
18382627
18384516
18384598
18387214
18390207
18391054
18391570
18393214
18394107
18400395
18403685
18407272
18412230
18417104
18417939
18419932
18423148
18423765
18424629
18426491
18428022
18431999
18436133
18447342
18449823
18453602
18456861
18457404
18457998
18458515
18460045
18463806
18463842
18467646
18468899
18469264
18471268
18471557
18476993
18478728
18479973
18480958
18483608
18484227
18486146
18487284
18489181
18495340
18499899
18501299
18502768
18504202
18511364
18523678
18524562
18526097
18527577
18528303
18530486
18538330
18541831
18542884
18545525
18550952
18554986
18557450
18558317
18561685
18566216
18573959
18575929
18577535
18580525
18583195
18593799
18595315
18595466
18599674
18602068
18602384
18605722
18609256
18609408
18610417
18613773
18614939
18615165
18627319
18629106
18629778
18629987
18630826
18634169
18635457
18637862
18639912
18648901
18652791
18657624
18657657
18661387
18664123
18668172
18668899
18670658
18675615
18675672
18676461
18677144
18680690
18683528
18683607
18690239
18690310
18691681
18693576
18696365
18698207
18699306
18704161
18707267
18709941
18717808
18718607
18723254
18723488
18728014
18731268
18736122
18737470
18738472
18739990
18740498
18744243
18745953
18748593
18749682
18750499
18751183
18756917
18756935
18761330
18763345
18764199
18764430
18766094
18770615
18772300
18777654
18779777
18782443
18787779
18788143
18791822
18793320
18799571
18800641
18809374
18819114
18820708
18831831
18837259
18841881
18843806
18846300
18852456
18853647
18854436
18860250
18861016
18861465
18861781
18862157
18868333
18869209
18872215
18878255
18883238
18893212
18893671
18895743
18897764
18898406
18901528
18902584
18903171
18903938
18904312
18906747
18910802
18911173
18912974
18915568
18915963
18919829
18922995
18926430
18934935
18936921
18937190
18939016
18946653
18948552
18951170
18952569
18954612
18955468
18959820
18963431
18967919
18969532
18970565
18977337
18977733
18981484
18983279
18987971
18988666
18993451
18994820
19006752
19009514
19014243
19018490
19020928
19021037
19022185
19022436
19033940
19038275
19040156
19044442
19053283
19053365
19053531
19059858
19069614
19071553
19072377
19073676
19081189
19082011
19082835
19091312
19092305
19092668
19094268
19099930
19100134
19106268
19108068
19110858
19116247
19127054
19128754
19131830
19135092
19136605
19136753
19140782
19142898
19145569
19148288
19151451
19152434
19156450
19158388
19158742
19160139
19160726
19161594
19162231
19170202
19174204
19179788
19185745
19190960
19199214
19199329
19200260
19203788
19210422
19212800
19216134
19217133
19220491
19221434
19223839
19227857
19228733
19229184
19229323
19236189
19237604
19244765
19245692
19255182
19257728
19259411
19268846
19273165
19275251
19277959
19279153
19294127
19295265
19296820
19297550
19300746
19304606
19314719
19316680
19318051
19331824
19337756
19340167
19344309
19344399
19346044
19349788
19356607
19358092
19359113
19361140
19361723
19368361
19369393
19370155
19370495
19371460
19376472
19381885
19397128
19399060
19401440
19404755
19407600
19413069
19416413
19418255
19418379
19421233
19421557
19427429
19432522
19436053
19437023
19437409
19438030
19438243
19441687
19443410
19444608
19445673
19448394
19449178
19449607
19451864
19456268
19456386
19457337
19463547
19474717
19480087
19483370
19483474
19486683
19488303
19488537
19491240
19491409
19499460
19500128
19504374
19505566
19506354
19507675
19511757
19515259
19516415
19519050
19521421
19527464
19529695
19540096
19540153
19540374
19541724
19552625
19555292
19556422
19558516
19560207
19563491
19566316
19566795
19571803
19574242
19575624
19577329
19579967
19580322
19584048
19585092
19586072
19592132
19592435
19594425
19597443
19597572
19605869
19607152
19610424
19613218
19614050
19616574
19625037
19629127
19630763
19633155
19635007
19635502
19639224
19640389
19641050
19641753
19651041
19652066
19655091
19657829
19658186
19658567
19663373
19667015
19672188
19674045
19674683
19685695
19686529
19690172
19694541
19696014
19697267
19704839
19716779
19719177
19719578
19720527
19721798
19722917
19723898
19726464
19728656
19731877
19733465
19735022
19738415
19739037
19741711
19745210
19745362
19746961
19748542
19750410
19751197
19751505
19757108
19765947
19766493
19769281
19771829
19774572
19776900
19786918
19787474
19788233
19788558
19789526
19790759
19792490
19795023
19799897
19802706
19808015
19812950
19816309
19818217
19818271
19824628
19826508
19833368
19834845
19836323
19837785
19841149
19843207
19844791
19848745
19852514
19853053
19858205
19861656
19866031
19869825
19870695
19873121
19879058
19884647
19884782
19891133
19891164
19891773
19900453
19902825
19906992
19907715
19909684
19911490
19920291
19925696
19926461
19927185
19928580
19932647
19944250
19944409
19949359
19949881
19957094
19957924
19960903
19962854
19969549
19970930
19973064
19973309
19977507
19979898
19985145
19988031
19993708
19993876
19994252
19995211
19997891
20003464
20007581
20009145
20011104
20012480
20024803
20025783
20026871
20026938
20030487
20030967
20033606
20038408
20055738
20057905
20060667
20061205
20063854
20065691
20066058
20067742
20069683
20072516
20073669
20075810
20082145
20084773
20086259
20089809
20101499
20102006
20103188
20104407
20105694
20107315
20112146
20112764
20113532
20114975
20121282
20126423
20127932
20134027
20135705
20138454
20138646
20139348
20140113
20142008
20143516
20144758
20145431
20147730
20148564
20162345
20166265
20166367
20166614
20167350
20169952
20178899
20181868
20182251
20183151
20187280
20187410
20190439
20192310
20195573
20195780
20200270
20201797
20206995
20218557
20220628
20224505
20226547
20227503
20228921
20229024
20229720
20229854
20229951
20232635
20232939
20233948
20240584
20250701
20250932
20259551
20259646
20262786
20263283
20264876
20268859
20270320
20275448
20277294
20277515
20277977
20278033
20280123
20280841
20281205
20283422
20283923
20283996
20286401
20291191
20295198
20296683
20300765
20300905
20303667
20304060
20304512
20309104
20317056
20319676
20320209
20322330
20323383
20325324
20326996
20331619
20332917
20337052
20341541
20345043
20347007
20347238
20348999
20355471
20357897
20360196
20363556
20368135
20368820
20371655
20381160
20389321
20390194
20400395
20403230
20406828
20409713
20410528
20410613
20412222
20415313
20423723
20424300
20424404
20424815
20425192
20426542
20429565
20431924
20433151
20435130
20435387
20442780
20448647
20454306
20455781
20457412
20457732
20458245
20461376
20461726
20462802
20463073
20465215
20467529
20469480
20469636
20471367
20473225
20474498
20475985
20478527
20479821
20487719
20490021
20490851
20491906
20493857
20496159
20499432
20505121
20506277
20509541
20512639
20522836
20526296
20527100
20529313
20532067
20533883
20537387
20539379
20554184
20557313
20561786
20564995
20565414
20572342
20576255
20578046
20581194
20582278
20585737
20586549
20590412
20592186
20596067
20597334
20604265
20606978
20607947
20613298
20617386
20618504
20621759
20631817
20632123
20636706
20640237
20641855
20644676
20646012
20646504
20649967
20658930
20659205
20660361
20661977
20662007
20666664
20666730
20669065
20670157
20680797
20683064
20692583
20695655
20699296
20699889
20709134
20713915
20714284
20714303
20714538
20722500
20722737
20729434
20735075
20739303
20742145
20748139
20748601
20751707
20752367
20752931
20754191
20755608
20768941
20771919
20778506
20790566
20792027
20795266
20796107
20802418
20804141
20806908
20808535
20809767
20812346
20814095
20816119
20821292
20829289
20832233
20833038
20841844
20848604
20850670
20865419
20868676
20872893
20875797
20876019
20877212
20879402
20883417
20887132
20887311
20888707
20888792
20893295
20894095
20898269
20899457
20902035
20903922
20909012
20912839
20915814
20920348
20920745
20922030
20929180
20932541
20933684
20937674
20938430
20941278
20942979
20948339
20957000
20957961
20965929
20968620
20974884
20978799
20982402
20984781
20984988
20985088
20988131
20994613
20995219
20995870
20996562
21005184
21008712
21013750
21024422
21024909
21026316
21029898
21031755
21036539
21042364
21046532
21047859
21053436
21054232
21054578
21058181
21058963
21060843
21063959
21064065
21064867
21066261
21066328
21071230
21072100
21082370
21084537
21085431
21086227
21087004
21090180
21090682
21091907
21092545
21094312
21094425
21099902
21102754
21103048
21104380
21109659
21114141
21115643
21115868
21122878
21124624
21129759
21143341
21143723
21145640
21149725
21152319
21152570
21152810
21154408
21155196
21165761
21167956
21168736
21169060
21172324
21173790
21181712
21184390
21188908
21192685
21193081
21194780
21196862
21197864
21198890
21211101
21213053
21214938
21217070
21218250
21221931
21224561
21225330
21225649
21226287
21226487
21231095
21231138
21244861
21245381
21247327
21254418
21256372
21258512
21261756
21261863
21267082
21269884
21270799
21271399
21273980
21274207
21274248
21290342
21301189
21301633
21303594
21307038
21317513
21324940
21325588
21328552
21334006
21334569
21335117
21337826
21338133
21340275
21359307
21366600
21366945
21366960
21368368
21371822
21373043
21375415
21376179
21376486
21380199
21382906
21391005
21392940
21395185
21396230
21399600
21406300
21415162
21415804
21416440
21416755
21419388
21423833
21424831
21427271
21428892
21436785
21440119
21446448
21447723
21459431
21459450
21475230
21475880
21476610
21477107
21480519
21485800
21486636
21486718
21489053
21491123
21491969
21496099
21504076
21504255
21507774
21509819
21514458
21516177
21519589
21520923
21521636
21522370
21523968
21524681
21524772
21525192
21527444
21528473
21528737
21530035
21537085
21541290
21542399
21543177
21543358
21549644
21554532
21558992
21562882
21571474
21573512
21575385
21577135
21588810
21593147
21599186
21601868
21602723
21615392
21617530
21621526
21621851
21625443
21626837
21631049
21631945
21634701
21642050
21646196
21648161
21649272
21649494
21649958
21650755
21655924
21658142
21659951
21663010
21670026
21672371
21677098
21677354
21679287
21683300
21684341
21687978
21689119
21694069
21694955
21699712
21700423
21703254
21703523
21704882
21710646
21719040
21720341
21728538
21730646
21731247
21734609
21738474
21738561
21738772
21742740
21746457
21751037
21753515
21753831
21756263
21758036
21762896
21766163
21769915
21772625
21774104
21779838
21784118
21785207
21786907
21787029
21795436
21798230
21798842
21803662
21804730
21808890
21809538
21809657
21817033
21819331
21824603
21827733
21829271
21833918
21834093
21838412
21840142
21843970
21846477
21849045
21852506
21858265
21861152
21863855
21864391
21865230
21870050
21877928
21879233
21884252
21885440
21893513
21904128
21904483
21908110
21908112
21914671
21916276
21916390
21927877
21930599
21934628
21934839
21934996
21941291
21942418
21943678
21947141
21955423
21956902
21961068
21963085
21963304
21966724
21976013
21985510
21985857
21987452
21990465
21998122
22004827
22006487
22010266
22015273
22016759
22020299
22021655
22023454
22029336
22032355
22032796
22044342
22044525
22052156
22054029
22056558
22065324
22074781
22079355
22083853
22087427
22091532
22092450
22095925
22097200
22097277
22099170
22100020
22100308
22103939
22112777
22114883
22114946
22117246
22118993
22120426
22127955
22134000
22139444
22146267
22151363
22152684
22155515
22159353
22160428
22162589
22169677
22170713
22178516
22179376
22179993
22182141
22184163
22184399
22186228
22186273
22189978
22192036
22193603
22199669
22201966
22203537
22210388
22215308
22217433
22221238
22222787
22227450
22234084
22238483
22241301
22242015
22242040
22247020
22250239
22253272
22255585
22256953
22259067
22259981
22260993
22261704
22262867
22265907
22266767
22270370
22275167
22276249
22276491
22277424
22279643
22281621
22282659
22286258
22288981
22289022
22290326
22292299
22292725
22303972
22308732
22312985
22315284
22321420
22321432
22321805
22325302
22327151
22327401
22328326
22329374
22333680
22334875
22336924
22338393
22339546
22349500
22350590
22352314
22353591
22355019
22355862
22356078
22371954
22373269
22373782
22376867
22377756
22378599
22380116
22384803
22385116
22387018
22388519
22388865
22390037
22390536
22390589
22391336
22394090
22397141
22401465
22401473
22404648
22405377
22414360
22415270
22415952
22416644
22420193
22420417
22424212
22425440
22426319
22427090
22427577
22428532
22429139
22431622
22434235
22435184
22444108
22446970
22449019
22452850
22454590
22456102
22463736
22466048
22466834
22474782
22479623
22483816
22484037
22486540
22487242
22489734
22489933
22494438
22494783
22494957
22499318
22499594
22500337
22500778
22502858
22504945
22505030
22505109
22507231
22508723
22508869
22510281
22511831
22511922
22516296
22524357
22527431
22530294
22530973
22531086
22534081
22534424
22534677
22539200
22540420
22542822
22545277
22545682
22549075
22549337
22552299
22560335
22560671
22563155
22565854
22566886
22567837
22567844
22571574
22588701
22596637
22597065
22601163
22604840
22605327
22610871
22613371
22621637
22622159
22623395
22625418
22628456
22630457
22634211
22637303
22637326
22638935
22640076
22645948
22652266
22653124
22658020
22658644
22660439
22660555
22664081
22667143
22669165
22679319
22689014
22690129
22700890
22703901
22709787
22710214
22712504
22717410
22723912
22728996
22734884
22740071
22741858
22744417
22748728
22749996
22750268
22761716
22765154
22767987
22771616
22773728
22775193
22779608
22781190
22781835
22782970
22783096
22784441
22796852
22797705
22799829
22800120
22800917
22806967
22809074
22809826
22810219
22816831
22817040
22824806
22832939
22834735
22836468
22836832
22838587
22839336
22841206
22843250
22847215
22848499
22851782
22862520
22863674
22865194
22870736
22873084
22874354
22876396
22876860
22877097
22878486
22879797
22880443
22881058
22884872
22898176
22899826
22900182
22901601
22902331
22904441
22908217
22908393
22910521
22910544
22911391
22912955
22914127
22914454
22916158
22919130
22919895
22920210
22922857
22924154
22925339
22926330
22930412
22930787
22930886
22935705
22942337
22945481
22947564
22950472
22957347
22960623
22965576
22969069
22969519
22970010
22982954
22983044
22984714
22986897
22987228
22992360
22993620
22994276
22995158
23000691
23004105
23004434
23004576
23004659
23006435
23006900
23008537
23008914
23012107
23013528
23016746
23017613
23019686
23019738
23020762
23021545
23024270
23028091
23028121
23030851
23035175
23040390
23044303
23044710
23047208
23050040
23050088
23056772
23064315
23066111
23069133
23078066
23081489
23082949
23085985
23089793
23090356
23099546
23103170
23103820
23104560
23107013
23109100
23109657
23110084
23116476
23122747
23126131
23131391
23132822
23137899
23139025
23145417
23152507
23153551
23153980
23154925
23163326
23178337
23191959
23192464
23195567
23223782
23225715
23226828
23227565
23228442
23228726
23231858
23234517
23238199
23238334
23238780
23239966
23240560
23246295
23251572
23252525
23260956
23263330
23267015
23267960
23268739
23272674
23276288
23278631
23279736
23281637
23285847
23292710
23294082
23308422
23311153
23311273
23311522
23311650
23313979
23321347
23323016
23331227
23334487
23334496
23334975
23338112
23345344
23346472
23347847
23350573
23354163
23360784
23362345
23362539
23363181
23363878
23364875
23366197
23371632
23374794
23377256
23379284
23382015
23386263
23386607
23387589
23394121
23398487
23400466
23400691
23402930
23406009
23409578
23409676
23412072
23418493
23424503
23425670
23427834
23429408
23434619
23436963
23448517
23454123
23461140
23462494
23464812
23465333
23470034
23474147
23474338
23474900
23478781
23481571
23481702
23486386
23497515
23498937
23499343
23500983
23510614
23513640
23515243
23515499
23516288
23516309
23527236
23532768
23535140
23536647
23539096
23539694
23540033
23542573
23544276
23544284
23545594
23546774
23547383
23551328
23551577
23557412
23560113
23560781
23573315
23573854
23583038
23583689
23585343
23589056
23591495
23594691
23605469
23610629
23614391
23622973
23623324
23628838
23631563
23634360
23635340
23636894
23637916
23638057
23642232
23646237
23647844
23648595
23648698
23653152
23656402
23657223
23663474
23668560
23669673
23678117
23679038
23679947
23688379
23691181
23692642
23695117
23701096
23701866
23705304
23706372
23706668
23716642
23727523
23728713
23734219
23735097
23737965
23740109
23741228
23742099
23742436
23743535
23744064
23747570
23751554
23755149
23755984
23761403
23764908
23767315
23769174
23770442
23782344
23788017
23788411
23791628
23793558
23796194
23796511
23796926
23797555
23799603
23799906
23802276
23802965
23806941
23807646
23813696
23816970
23821059
23821955
23831548
23832010
23832251
23832845
23840975
23844167
23845015
23849040
23849764
23849767
23850267
23850563
23854605
23858255
23858853
23859706
23863894
23867755
23872144
23877866
23881531
23883235
23884761
23888107
23889546
23890259
23891748
23894439
23895668
23901369
23902372
23906449
23910626
23911582
23912649
23915716
23919293
23923494
23924517
23927375
23928678
23929836
23931365
23931402
23933663
23938371
23939246
23939439
23942127
23943538
23944460
23946252
23946738
23947708
23948873
23949177
23953837
23955957
23957087
23961973
23966996
23967162
23970734
23971831
23974114
23975913
23983099
23983350
23986871
23990195
23993304
23995877
23999952
24005477
24007398
24008417
24019657
24020876
24023652
24029347
24030353
24032294
24032925
24033068
24034389
24034563
24035642
24037582
24038366
24045967
24047857
24048461
24054814
24058633
24062967
24064413
24065067
24065548
24077872
24080730
24081369
24086504
24087293
24092135
24094109
24099859
24100961
24102799
24107344
24107496
24109560
24110774
24110797
24116983
24117648
24120211
24124287
24127691
24127963
24130290
24131043
24138016
24138866
24146713
24147062
24147739
24157655
24160993
24171891
24174096
24175474
24175547
24179303
24181351
24181867
24199180
24201662
24201990
24207930
24210375
24212679
24216623
24217035
24224450
24226191
24229403
24230589
24235410
24236031
24236831
24238457
24239753
24241452
24247894
24249342
24253623
24254243
24254313
24261968
24265947
24266269
24266450
24267777
24271000
24271146
24272281
24275356
24278985
24279147
24280501
24282513
24294012
24297952
24297965
24298562
24300963
24301464
24304219
24306186
24310298
24314701
24315142
24316001
24322014
24322195
24323488
24327123
24329842
24329972
24330470
24340683
24342825
24343408
24343453
24345661
24348398
24350018
24359225
24362813
24365190
24367431
24369357
24370156
24370210
24371096
24373789
24375965
24377766
24381459
24388103
24394486
24395714
24400276
24401555
24401974
24406132
24411445
24416144
24418293
24422794
24423914
24430342
24431135
24431368
24432031
24432192
24434657
24436078
24436912
24437718
24442899
24444356
24448029
24451779
24453567
24455748
24457154
24458320
24463591
24465132
24466108
24466355
24467807
24469085
24471597
24494893
24499559
24500001
24501077
24504390
24519903
24523519
24535221
24539672
24543741
24544237
24544526
24545207
24549982
24550753
24550898
24551084
24552505
24553770
24567759
24580426
24582089
24589092
24589328
24590441
24592349
24592657
24594964
24597870
24601152
24603294
24603765
24606351
24607814
24611502
24612089
24618486
24619320
24619672
24620136
24625346
24629796
24640727
24640881
24642217
24645029
24647667
24649319
24655440
24656345
24657789
24658523
24662491
24665322
24665964
24668621
24669258
24669734
24670219
24673085
24675334
24678229
24681269
24681925
24682594
24685858
24692277
24692375
24693278
24696276
24698320
24699282
24700595
24701229
24702396
24705332
24706494
24712089
24712114
24718551
24719029
24721826
24723086
24723967
24725278
24726768
24727873
24730943
24735418
24735518
24742935
24743765
24744751
24745301
24747134
24749565
24762793
24765199
24765547
24768059
24770137
24770507
24771793
24781294
24783768
24785583
24789810
24791741
24799909
24804208
24806013
24811201
24812019
24812117
24815406
24815973
24819723
24820624
24820993
24821952
24824070
24825564
24826234
24828168
24828625
24836282
24836452
24837032
24838090
24840215
24845259
24848594
24849618
24853045
24853744
24855353
24859851
24866661
24872502
24873834
24874752
24875639
24878760
24879577
24884631
24884851
24886543
24891282
24892839
24894530
24898746
24901714
24905301
24908054
24908909
24910929
24914914
24915546
24919962
24920057
24922113
24927665
24929525
24929682
24931039
24936588
24940139
24941479
24942938
24943418
24944406
24945989
24946729
24950279
24952313
24956492
24967197
24989335
24991348
24993892
24997481
25001199
25014327
25016118
25019385
25025726
25026513
25026974
25027464
25035392
25037600
25038239
25038930
25040704
25042690
25042956
25044919
25045998
25046442
25051239
25051748
25052843
25054455
25056348
25059768
25063342
25063725
25064293
25067058
25071993
25076096
25078921
25081201
25084339
25084978
25087977
25088218
25089526
25090495
25091085
25091587
25091740
25094366
25094834
25096583
25097687
25098682
25100293
25100379
25101315
25105729
25108886
25109269
25112418
25113033
25116018
25121821
25126528
25126554
25127352
25136732
25140220
25141986
25146464
25148113
25153727
25158208
25158632
25160034
25163898
25164931
25167964
25174996
25176711
25181837
25189515
25190758
25200979
25206494
25210694
25214003
25225864
25226736
25231491
25232521
25232600
25237169
25237737
25242842
25245210
25248012
25253075
25256470
25267824
25272935
25273037
25278831
25279858
25284073
25289833
25289907
25291214
25292224
25292894
25293996
25296956
25303694
25305013
25305834
25307271
25310533
25311216
25312156
25312166
25312517
25313701
25314211
25316767
25317486
25329049
25329706
25331766
25332505
25333082
25333226
25335974
25335982
25338472
25343575
25344314
25348098
25350786
25350805
25351825
25358538
25361179
25361588
25376320
25378669
25383134
25388461
25391949
25396808
25399379
25399558
25404277
25410027
25412220
25416221
25418241
25420149
25423607
25426387
25427813
25430291
25435136
25436290
25440548
25450209
25451317
25452809
25456064
25467756
25472448
25476368
25481309
25482215
25484483
25489041
25490018
25490823
25492097
25494224
25496810
25497871
25499482
25499906
25504991
25505449
25505514
25508099
25510152
25515655
25515735
25519159
25533219
25534189
25536742
25539812
25540196
25540461
25540716
25541087
25545870
25553670
25558333
25563647
25571460
25577652
25578768
25581718
25582383
25586856
25587854
25594955
25595936
25600934
25610645
25614997
25616448
25619780
25623454
25628286
25638835
25644251
25649098
25649796
25649863
25651307
25653293
25657017
25657625
25662308
25669149
25671417
25671935
25675175
25679312
25685214
25686796
25689189
25695391
25696776
25701057
25705189
25709304
25713928
25718183
25720124
25721372
25725742
25727818
25728068
25731541
25731543
25737294
25748969
25752815
25754789
25755441
25757675
25758149
25763858
25773484
25775478
25777197
25780666
25782681
25786770
25789697
25791106
25791778
25792344
25792432
25801563
25805467
25805521
25805536
25805837
25812065
25824955
25844924
25845362
25853651
25859807
25866448
25867501
25869098
25870014
25872475
25877412
25878706
25880510
25893241
25894610
25896178
25896890
25898684
25898915
25899586
25902527
25908199
25909016
25918668
25919935
25923799
25935324
25936807
25943010
25944325
25945168
25952506
25953879
25955408
25958036
25964707
25966782
25966816
25967436
25968794
25974997
25975653
25977616
25979493
25983937
25984795
25992787
25997420
25999103
26002900
26003353
26003402
26004176
26004633
26005479
26006323
26007021
26014507
26014890
26015393
26016820
26017749
26019098
26020148
26022876
26026307
26027807
26029377
26029442
26029526
26030004
26031228
26036822
26039776
26040892
26041843
26045049
26046918
26050004
26050546
26052867
26060038
26062489
26065232
26070964
26071019
26075472
26076355
26080146
26080366
26082179
26084424
26086996
26088222
26091143
26093739
26095285
26095610
26095657
26097747
26098315
26098345
26101180
26109628
26120564
26122139
26124103
26124452
26126646
26128906
26136413
26136418
26139122
26143428
26145230
26147483
26160857
26165760
26166414
26166482
26168752
26171247
26177978
26178442
26178755
26181565
26185242
26197827
26203654
26205344
26205936
26210149
26214133
26217238
26231365
26235256
26237423
26241830
26242037
26248461
26249339
26254049
26257126
26257296
26266650
26266915
26267933
26274686
26278552
26278677
26286931
26290221
26290817
26298161
26300559
26306036
26306601
26314691
26316788
26320095
26321861
26323231
26325018
26329015
26336579
26338752
26342367
26345981
26348643
26350781
26352299
26353842
26361199
26363944
26365306
26378339
26381913
26385130
26386080
26387811
26394213
26401507
26404268
26406318
26409244
26410659
26414809
26416671
26433645
26437888
26446330
26448688
26452357
26467510
26468902
26473066
26484127
26485620
26486537
26489440
26498515
26501690
26501771
26505506
26511767
26515364
26517101
26518179
26523108
26527779
26532763
26533379
26534323
26534791
26536043
26539202
26542779
26544553
26544800
26545089
26546477
26549067
26550774
26550919
26553089
26554209
26554396
26555165
26561446
26561572
26564161
26564552
26564930
26571499
26586194
26586445
26587803
26587945
26589084
26590751
26590863
26593694
26596099
26598634
26600955
26603149
26603920
26615437
26615761
26617592
26619241
26620477
26625120
26629139
26631035
26638411
26639124
26646597
26648251
26648696
26658074
26658746
26659323
26661987
26662188
26662241
26663143
26671927
26681680
26683552
26688673
26692417
26693554
26695668
26701951
26702078
26703702
26703762
26704454
26704988
26707703
26711936
26711950
26716361
26717611
26718174
26719792
26724611
26725977
26732308
26732574
26738481
26742080
26753603
26762936
26762938
26763857
26770420
26774020
26776894
26777300
26778145
26787280
26791456
26792379
26793297
26799464
26804318
26804506
26812110
26812370
26815963
26818817
26821889
26829896
26834980
26836248
26838863
26840492
26844894
26847486
26849929
26851143
26857187
26857367
26857974
26861308
26867522
26872834
26876810
26877673
26877846
26879868
26880894
26886050
26888164
26888206
26892619
26894651
26895915
26898321
26904823
26907457
26918540
26919922
26921912
26923675
26940770
26941275
26943447
26949032
26949309
26949879
26951364
26952501
26952670
26956932
26962708
26966598
26970379
26973034
26973252
26973320
26976663
26978493
26981619
26983452
26985658
26988683
26989741
26990727
26990805
26993578
26996668
27009165
27009323
27010622
27010818
27014553
27017658
27018416
27024432
27028216
27029574
27038217
27041169
27044540
27049179
27049691
27057636
27058507
27060215
27061846
27065351
27067647
27072531
27074672
27076729
27078676
27080982
27082251
27084649
27086838
27086934
27093676
27094113
27095335
27095471
27096882
27097171
27098979
27100525
27108655
27111226
27111590
27112760
27119575
27121807
27124043
27133566
27134600
27141057
27152354
27152639
27161016
27164758
27169191
27173872
27174509
27176596
27176680
27179448
27194460
27195424
27196277
27201973
27206032
27207938
27218872
27219459
27219826
27221185
27226779
27231318
27231496
27231684
27233933
27236520
27242530
27243463
27248752
27249385
27250687
27251615
27256312
27258179
27259883
27260367
27262953
27263743
27268728
27269646
27270629
27271441
27274639
27277234
27280738
27281332
27285414
27289087
27291428
27291806
27292680
27294438
27296132
27300080
27300117
27302697
27302919
27303182
27314177
27319081
27319096
27323626
27325720
27325780
27326444
27330783
27337795
27338139
27338784
27342008
27342860
27344114
27353937
27358309
27362615
27362653
27364668
27369820
27383113
27383454
27395954
27396439
27402652
27406072
27407157
27414674
27415910
27415954
27420237
27427610
27427788
27429276
27431371
27434491
27434843
27435016
27435306
27435430
27436713
27444209
27449437
27450062
27451693
27453147
27453781
27459384
27462723
27463856
27464270
27464929
27467603
27467939
27472346
27472534
27474701
27478050
27480365
27483663
27486075
27487613
27489070
27490987
27491439
27495577
27497483
27497822
27501883
27502553
27504151
27510771
27516418
27517686
27526112
27527486
27540183
27541168
27544129
27550858
27553036
27555414
27556732
27558154
27559889
27564692
27564770
27571727
27572437
27576634
27579031
27588777
27591404
27596501
27596641
27598712
27600920
27602986
27604862
27607926
27608359
27610684
27613159
27615538
27616658
27616973
27617874
27618018
27627656
27634562
27639248
27639424
27641967
27642968
27645426
27651596
27659743
27660522
27660771
27663128
27663252
27665812
27668837
27670768
27674933
27678704
27680512
27683111
27683872
27687585
27691677
27696005
27698864
27699118
27701656
27705805
27707115
27713495
27721959
27724537
27724855
27729215
27732321
27734273
27736371
27737532
27747051
27755060
27757893
27761685
27771928
27772619
27774858
27776811
27777793
27781494
27787115
27790128
27791158
27796731
27796973
27804131
27806389
27809569
27810207
27814822
27816903
27817657
27818659
27820366
27820756
27830976
27839472
27860300
27861691
27863322
27864568
27865481
27867218
27868741
27870139
27875816
27878336
27880554
27880692
27882607
27887482
27888079
27891672
27892196
27900370
27900829
27903826
27906081
27914293
27914322
27918421
27919978
27924015
27928958
27931383
27932032
27934812
27938236
27943619
27944280
27945776
27945779
27948882
27953138
27954134
27957455
27970125
27972163
27974862
27975282
27977590
27983386
27987236
27991062
28006714
28008316
28010394
28016720
28017221
28017547
28017679
28023999
28024280
28024397
28026109
28027295
28030394
28031055
28032075
28032631
28035674
28035846
28036006
28038334
28043718
28044598
28046323
28049987
28050295
28057615
28064473
28064493
28068219
28072708
28074190
28076660
28083599
28083820
28086467
28087123
28089075
28094306
28100078
28108451
28108543
28110447
28111747
28117849
28118551
28119800
28121455
28122437
28126254
28136794
28140957
28144822
28163783
28173563
28175215
28176656
28176665
28177940
28178331
28180227
28183165
28198080
28199591
28203106
28206544
28207393
28213394
28216365
28217785
28218496
28219050
28231517
28240428
28244119
28245859
28252549
28259661
28263492
28263786
28264084
28264763
28268387
28281618
28283878
28289310
28293203
28304802
28305587
28307593
28310738
28312284
28312328
28313753
28315271
28320999
28321283
28324456
28330190
28333561
28335724
28336875
28338623
28341357
28342802
28354455
28356041
28367759
28368296
28368699
28369555
28372561
28376451
28382260
28383168
28384656
28397529
28398044
28413479
28415412
28417241
28417638
28419416
28421882
28422323
28422634
28422896
28433178
28434779
28439527
28440636
28440791
28440993
28442315
28443564
28446174
28457806
28458886
28463439
28467443
28467688
28469813
28473406
28476202
28476334
28481099
28481281
28482094
28482235
28492112
28495697
28498008
28498752
28507968
28509657
28510772
28513362
28514140
28521613
28523371
28524417
28525564
28529533
28532080
28543774
28544893
28544996
28550933
28552426
28558508
28564278
28566349
28567805
28580473
28580495
28581531
28582408
28588459
28589117
28591546
28591636
28600885
28601130
28602630
28606091
28609862
28614403
28614466
28616282
28625548
28625578
28630409
28647435
28652583
28659310
28661143
28661674
28667690
28671187
28678139
28679139
28679674
28683600
28684212
28685889
28698000
28708377
28714879
28716157
28716581
28727813
28730285
28733070
28736583
28739113
28743947
28744795
28745039
28746109
28746783
28747599
28752635
28755054
28755689
28759949
28764638
28765703
28769263
28770465
28772256
28775929
28780591
28781070
28784795
28785752
28790221
28798778
28808283
28809615
28810020
28810858
28812279
28814079
28814331
28817015
28817177
28817740
28818894
28821684
28824205
28827100
28827333
28830414
28830780
28831805
28839661
28848319
28849111
28855811
28866058
28868801
28876578
28881309
28883129
28887862
28890520
28898035
28902048
28906959
28913014
28916058
28919601
28919996
28921124
28921874
28923186
28928425
28938871
28939046
28940182
28940871
28943517
28944047
28945695
28951547
28958536
28959175
28962979
28966226
28967952
28970675
28973989
28974454
28977123
28977944
28979818
28979962
28982144
28986808
28987196
28989392
28999272
29001928
29011649
29013353
29023926
29025194
29026355
29026581
29028082
29031054
29054071
29055645
29058264
29059608
29063114
29063936
29065336
29065937
29074296
29080688
29082701
29090535
29093092
29094292
29099438
29104722
29116988
29121250
29125252
29127242
29128575
29129442
29129588
29134382
29142722
29152500
29154350
29154637
29156024
29162037
29162787
29164516
29165040
29167941
29168322
29172363
29172913
29176800
29178383
29179162
29185078
29193093
29195888
29199909
29203428
29203769
29204750
29204986
29205385
29207017
29207708
29208474
29212185
29215163
29215951
29216361
29219085
29221716
29222475
29222826
29222897
29234780
29236025
29238183
29238900
29241707
29242303
29242467
29247357
29247863
29251411
29253065
29258167
29260307
29262169
29263094
29265467
29269236
29271869
29273062
29279381
29282788
29284165
29287938
29290278
29294792
29299434
29305362
29307668
29312634
29318326
29318735
29321246
29321688
29322125
29322731
29332914
29333987
29337020
29338711
29347822
29359486
29359514
29360327
29362219
29362706
29364671
29366906
29370307
29373692
29375468
29375978
29378596
29378828
29387548
29388760
29395077
29406138
29419209
29420113
29421334
29422221
29425359
29429582
29431294
29444048
29447410
29449629
29450147
29454505
29459059
29459317
29460912
29461573
29465734
29474272
29488341
29489653
29490619
29490807
29492032
29494229
29494681
29495362
29496816
29503549
29521664
29524259
29525725
29527553
29528382
29528537
29530572
29531655
29538583
29541131
29542353
29543565
29550750
29551476
29558287
29563227
29565999
29568817
29570820
29575692
29577558
29581150
29583252
29584563
29584577
29590208
29596250
29608961
29609953
29618111
29627576
29628440
29630113
29631424
29633795
29639163
29639240
29641870
29643799
29647512
29651524
29652801
29654002
29656302
29663491
29671910
29674506
29676121
29676790
29678580
29679394
29681281
29684884
29691170
29692862
29694869
29702710
29706630
29707032
29708276
29713225
29718472
29720145
29725054
29728589
29731997
29732525
29733438
29736764
29737399
29738099
29738231
29744947
29746148
29748292
29750777
29755525
29755953
29759291
29762227
29765920
29767712
29768333
29771477
29783180
29785532
29785586
29793938
29801215
29801316
29801861
29810460
29810513
29811742
29814433
29816771
29818269
29819350
29823761
29828698
29836955
29840395
29846998
29851916
29855474
29862839
29868816
29870962
29873052
29874858
29876037
29877311
29878660
29888793
29890146
29904822
29905643
29919650
29924150
29931100
29934700
29939848
29949883
29955063
29964618
29972042
29972411
29973105
29974387
29975792
29976846
29982488
29993830
29994446
29994796
29994806
29995393
29995818
30004989
30011532
30013470
30014075
30016034
30017698
30020247
30021438
30021493
30022721
30022737
30024674
30025386
30025868
30026945
30030245
30032789
30036294
30036696
30037967
30040301
30040398
30041302
30049674
30050241
30059081
30062278
30063424
30064971
30065660
30070441
30071851
30076578
30076737
30078611
30079095
30085709
30086437
30089263
30089818
30090538
30094640
30098090
30099099
30100598
30101441
30102730
30104546
30105779
30109170
30109234
30116474
30117044
30117121
30117655
30117668
30121851
30135414
30135958
30162855
30163142
30163425
30167657
30170112
30170702
30176879
30179464
30179833
30181340
30185222
30186279
30187430
30191659
30194253
30197178
30207040
30211040
30211272
30211752
30211947
30228112
30232264
30244058
30247780
30248658
30249930
30253515
30257419
30260836
30261870
30264977
30270125
30274136
30280914
30282625
30294221
30297954
30299431
30303150
30310744
30311498
30315499
30318387
30320700
30321230
30324778
30326633
30327348
30327450
30330123
30331286
30335583
30336492
30340384
30341744
30350834
30354719
30358936
30368917
30369855
30372552
30375316
30378575
30382638
30391461
30392402
30395172
30401212
30403061
30406786
30407571
30408823
30409174
30412417
30415128
30415810
30416385
30424382
30425027
